id,action,start_way,container_attr,container_way,queue_time,create_time,rent_time,inter_start,inter_end,end-to-end,container_start,container_end,exeuction
d26fdbaddd5a4babb82f44f47e083cec,k-means,cold,exec,create,0.029341459274291992,10.508686780929565,0.0,1609700834.53627,1609700846.0685096,11.53223967552185,1609700845.124413,1609700845.1450858,0.02067279815673828
88731decb68449898fe7319fe19bffb9,k-means,warm,exec,queue,10.60148024559021,4.76837158203125e-07,2.384185791015625e-07,1609700834.5418055,1609700846.3472464,11.805440902709961,1609700845.1956036,1609700845.1998618,0.004258155822753906
08fd34db11d24bb58648a23a825e4b98,k-means,warm,exec,queue,10.612463474273682,4.76837158203125e-07,0.0,1609700834.5444589,1609700846.0655482,11.521089315414429,1609700845.207266,1609700845.2127323,0.0054662227630615234
1789cf48e9454c25ab8238dd760df902,k-means,warm,exec,queue,10.627492189407349,4.76837158203125e-07,4.76837158203125e-07,1609700834.5462341,1609700846.1601217,11.613887548446655,1609700845.222264,1609700845.228648,0.0063838958740234375
3f3269b0c55f4c4fa77ec4ae7a07eef0,k-means,warm,exec,queue,10.64398741722107,2.384185791015625e-07,2.384185791015625e-07,1609700834.5478344,1609700846.184899,11.637064695358276,1609700845.2394493,1609700845.2451372,0.0056879520416259766
7ed474678eaf4d4984465b6cccd71c04,k-means,warm,exec,queue,10.660189151763916,4.76837158203125e-07,2.384185791015625e-07,1609700834.5494351,1609700846.1613948,11.61195969581604,1609700845.2563527,1609700845.2618206,0.005467891693115234
d58ec63b55944f4e9257466c5f91ed7f,k-means,warm,exec,queue,10.676282405853271,2.384185791015625e-07,4.76837158203125e-07,1609700834.5510352,1609700846.3378024,11.78676724433899,1609700845.2726352,1609700845.2786944,0.006059169769287109
411dc86808a64b2297239daa6df4781e,k-means,warm,exec,queue,10.692424535751343,4.76837158203125e-07,2.384185791015625e-07,1609700834.5527565,1609700849.3108273,14.758070707321167,1609700845.2891383,1609700845.2934532,0.004314899444580078
ed36a34a841b494d8b07fb102d63497b,k-means,warm,exec,queue,10.702795267105103,2.384185791015625e-07,2.384185791015625e-07,1609700834.554373,1609700846.3334444,11.77907133102417,1609700845.3001103,1609700845.3052838,0.005173444747924805
5d67c1b00fed4bcda838a00b8bc29a42,k-means,warm,exec,queue,10.590791463851929,4.76837158203125e-07,2.384185791015625e-07,1609700834.5559688,1609700846.0681615,11.512192726135254,1609700845.18427,1609700845.1886914,0.0044214725494384766
6750a93f32aa49a08cdd54d6ca6b3340,k-means,warm,exec,queue,10.567373275756836,2.384185791015625e-07,2.384185791015625e-07,1609700834.5588245,1609700846.163629,11.604804515838623,1609700845.156747,1609700845.162946,0.006198883056640625
09b335f8bace4328bdc34f2f11ff0701,k-means,warm,exec,queue,10.582714557647705,4.76837158203125e-07,2.384185791015625e-07,1609700834.5608327,1609700846.163359,11.602526187896729,1609700845.1726322,1609700845.1773763,0.004744052886962891
6ebfd21259234f658428119f80f1b775,k-means,warm,exec,queue,10.717430114746094,2.384185791015625e-07,2.384185791015625e-07,1609700834.5624495,1609700847.1698198,12.607370376586914,1609700845.3153894,1609700845.3210013,0.005611896514892578
dd9058c3a1ae4e35b7b1c2074d6ce27d,matmul,cold,exec,create,0.05998563766479492,17.3476345539093,2.384185791015625e-07,1609700834.5641577,1609700856.032219,21.468061208724976,1609700852.0049534,1609700852.2000213,0.1950678825378418
d408aa86d25348ab936520b4cb29fa07,map_reduce,cold,exec,create,0.06508946418762207,10.353715896606445,2.384185791015625e-07,1609700834.5658176,1609700846.0699387,11.50412106513977,1609700845.0176787,1609700845.2245345,0.20685577392578125
47d26db1530c4895a210f45c14927c61,disk,cold,exec,create,0.07006621360778809,14.555517673492432,0.0,1609700834.5674136,1609700849.6194506,15.052037000656128,1609700849.2245817,1609700849.2482219,0.023640155792236328
6263dd07cf7a46568dbcebbb2df96ef3,image,cold,exec,create,0.07546043395996094,19.286823511123657,2.384185791015625e-07,1609700834.5691051,1609700856.5819292,22.012824058532715,1609700853.968347,1609700854.3670275,0.3986804485321045
3bd6f32bc58c4fd48382bfb8b7a7d456,network,cold,exec,create,0.08101534843444824,17.472076177597046,4.76837158203125e-07,1609700834.5707047,1609700856.038746,21.46804141998291,1609700852.1545324,1609700852.2038078,0.04927539825439453
fae67c2006d24905ae3424f993607fab,linpack,cold,exec,create,0.08581662178039551,21.090487957000732,0.0,1609700834.572303,1609700860.0184233,25.446120262145996,1609700855.7772117,1609700855.821285,0.04407334327697754
7ac15977283b4bdca6a238a35c6df2b3,k-means,warm,exec,queue,9.818905115127563,2.384185791015625e-07,2.384185791015625e-07,1609700835.482228,1609700846.3221102,10.839882135391235,1609700845.3318803,1609700845.336084,0.0042035579681396484
d25284dc31864fa2b5e0fa736c23d691,k-means,warm,exec,queue,9.859095573425293,2.384185791015625e-07,2.384185791015625e-07,1609700835.4867015,1609700846.3374312,10.850729703903198,1609700845.4091735,1609700845.4124024,0.003228902816772461
91af6bdc2b6a4f9e8a7096ffa72d4f4c,k-means,warm,exec,queue,9.869952917098999,2.384185791015625e-07,2.384185791015625e-07,1609700835.4897068,1609700846.32615,10.836443185806274,1609700845.4208004,1609700845.4241908,0.0033903121948242188
eaf9af195e7e46b4bd5a8d3efe2f2d34,k-means,warm,exec,queue,9.879914045333862,4.76837158203125e-07,2.384185791015625e-07,1609700835.4924264,1609700848.8570223,13.364595890045166,1609700845.4319015,1609700845.4355378,0.0036363601684570312
a56d0706314d42cfb093dd00004ebb51,k-means,warm,exec,queue,9.807055711746216,4.76837158203125e-07,0.0,1609700835.4941852,1609700846.329762,10.83557677268982,1609700845.3534849,1609700845.3574698,0.003984928131103516
ee87cf5b066044e089c0e4068ebaec5e,k-means,warm,exec,queue,9.817792177200317,4.76837158203125e-07,2.384185791015625e-07,1609700835.495905,1609700846.3376255,10.841720581054688,1609700845.3650634,1609700845.36901,0.003946542739868164
d173825250ae49fda2b1df3c713d5102,k-means,warm,exec,queue,9.828299760818481,2.384185791015625e-07,2.384185791015625e-07,1609700835.497587,1609700851.7377458,16.240158796310425,1609700845.3760588,1609700845.3792863,0.0032274723052978516
720036f991084c68bbf7c9100bc3ec32,k-means,warm,exec,queue,9.839130163192749,2.384185791015625e-07,2.384185791015625e-07,1609700835.499228,1609700848.122961,12.623733043670654,1609700845.3878207,1609700845.3920016,0.004180908203125
1a69f7ca75704dca90e537ba96f93c2c,k-means,warm,exec,queue,9.849066495895386,4.76837158203125e-07,2.384185791015625e-07,1609700835.5009513,1609700848.1246562,12.62370491027832,1609700845.3990083,1609700845.4028778,0.0038695335388183594
d32e881f758a4f448ecd3307ca12efb5,k-means,warm,exec,queue,9.796660900115967,4.76837158203125e-07,4.76837158203125e-07,1609700835.5025547,1609700848.8571787,13.354624032974243,1609700845.3426313,1609700845.346204,0.003572702407836914
ff413ed761e64a519766554c2a052720,k-means,warm,exec,queue,8.901407480239868,2.384185791015625e-07,2.384185791015625e-07,1609700836.5014548,1609700846.3259454,9.824490547180176,1609700845.4431906,1609700845.4469676,0.003777027130126953
7b21eafaf4bf4dec9287dad0b6e94bd4,k-means,warm,exec,queue,8.907133340835571,2.384185791015625e-07,2.384185791015625e-07,1609700836.5059285,1609700851.2142859,14.708357334136963,1609700845.4543762,1609700845.45796,0.003583669662475586
e8f184bd734246b0888732199a4d6e5f,k-means,warm,exec,queue,9.005383729934692,7.152557373046875e-07,2.384185791015625e-07,1609700836.5088615,1609700848.1308506,11.621989011764526,1609700845.5908337,1609700845.594553,0.003719329833984375
e3954f0a82db48348d60c444c6e108e2,k-means,warm,exec,queue,9.015796899795532,2.384185791015625e-07,2.384185791015625e-07,1609700836.511552,1609700848.8568578,12.345305681228638,1609700845.602031,1609700845.6059484,0.0039174556732177734
df9dcc6d1f5547629917e6bae4dbb688,k-means,warm,exec,queue,9.02657151222229,4.76837158203125e-07,0.0,1609700836.5135539,1609700848.1275208,11.613966941833496,1609700845.6135144,1609700845.6172092,0.003694772720336914
8abd37ea97d14ac5aaa9658618990f5a,k-means,warm,exec,queue,8.892669916152954,2.384185791015625e-07,2.384185791015625e-07,1609700836.5152824,1609700846.3428123,9.827529907226562,1609700845.465598,1609700845.4694972,0.003899097442626953
a42272a58b00412283ac874c7d8e879b,k-means,warm,exec,queue,8.903358936309814,7.152557373046875e-07,2.384185791015625e-07,1609700836.516932,1609700846.349511,9.832578897476196,1609700845.477056,1609700845.4805534,0.0034973621368408203
f9e718679d564b2395bbc1acde73461f,k-means,warm,exec,queue,8.913645505905151,2.384185791015625e-07,2.384185791015625e-07,1609700836.5185635,1609700851.213355,14.694791555404663,1609700845.4881306,1609700845.4924662,0.004335641860961914
da2703a90ce24999a2f11f3639c397df,k-means,warm,exec,queue,8.923519611358643,2.384185791015625e-07,2.384185791015625e-07,1609700836.520318,1609700851.2124767,14.692158699035645,1609700845.4986215,1609700845.5022337,0.0036122798919677734
84df624ee60649d6bb1cb99880760a1a,k-means,warm,exec,queue,8.93387222290039,2.384185791015625e-07,2.384185791015625e-07,1609700836.5219944,1609700851.7491405,15.22714614868164,1609700845.509643,1609700845.5132713,0.003628253936767578
cfac04e2cf7d412fab3b199cdbb5a6e4,k-means,warm,exec,queue,8.946927785873413,2.384185791015625e-07,2.384185791015625e-07,1609700836.5236137,1609700849.32447,12.800856351852417,1609700845.523891,1609700845.5280974,0.004206418991088867
ee4d0389ec93479c810ea32258c750eb,k-means,warm,exec,queue,8.995303392410278,2.384185791015625e-07,2.384185791015625e-07,1609700836.526229,1609700846.3426404,9.81641149520874,1609700845.5797224,1609700845.583338,0.0036156177520751953
53d0156fb96047d8bf41af0602993b63,k-means,warm,exec,queue,8.956932306289673,2.384185791015625e-07,0.0,1609700836.5278344,1609700851.2116358,14.683801412582397,1609700845.5347412,1609700845.5387077,0.003966569900512695
73090cb3d041433aa22a03de4f77fc68,k-means,warm,exec,queue,8.967835903167725,4.76837158203125e-07,2.384185791015625e-07,1609700836.5294716,1609700846.342971,9.813499450683594,1609700845.5460548,1609700845.5512297,0.005174875259399414
2752e301bb5b4fb6a21c9c9a912b3c55,k-means,warm,exec,queue,8.978175640106201,2.384185791015625e-07,2.384185791015625e-07,1609700836.532241,1609700846.326322,9.794080972671509,1609700845.557528,1609700845.5626886,0.00516057014465332
8c9a043f96fa40d2b3d7c5d7c5d92d7b,k-means,warm,exec,queue,8.988678455352783,2.384185791015625e-07,2.384185791015625e-07,1609700836.5338485,1609700851.7482896,15.214441061019897,1609700845.5689588,1609700845.5724175,0.003458738327026367
56cac39a36924200bf6093d93d019568,video,cold,exec,create,1.9448425769805908,22.912514448165894,2.384185791015625e-07,1609700836.5354493,1609700862.3311512,25.79570198059082,1609700861.4384484,1609700861.4710414,0.0325930118560791
aae85a7bc862433bad0fd66e0785cca5,k-means,warm,exec,queue,8.108213663101196,2.384185791015625e-07,2.384185791015625e-07,1609700837.4942594,1609700851.7506888,14.256429433822632,1609700845.6244168,1609700845.6279616,0.0035448074340820312
e2a8228fc982493da941763f461df758,k-means,warm,exec,queue,8.066179752349854,2.384185791015625e-07,2.384185791015625e-07,1609700837.5296652,1609700848.1339436,10.604278326034546,1609700845.6355045,1609700845.6392958,0.003791332244873047
39f37b57a39b4d81989e30d4e6788c09,k-means,warm,exec,queue,8.127513408660889,2.384185791015625e-07,4.76837158203125e-07,1609700837.5340035,1609700848.1343112,10.600307703018188,1609700845.7013712,1609700845.7052836,0.003912448883056641
2829a520157b4c639a8ea394a10998c1,k-means,warm,exec,queue,8.137643098831177,4.76837158203125e-07,2.384185791015625e-07,1609700837.5367362,1609700849.31606,11.779323816299438,1609700845.712002,1609700845.7160583,0.004056215286254883
13a244caf6ce4bccadcddc73a07eae1a,k-means,warm,exec,queue,8.147830486297607,2.384185791015625e-07,0.0,1609700837.5389705,1609700849.3231013,11.784130811691284,1609700845.722456,1609700845.7264588,0.004002809524536133
3e48caf865aa4872814b6234d5b1a814,k-means,warm,exec,queue,8.159262657165527,2.384185791015625e-07,4.76837158203125e-07,1609700837.5413423,1609700851.7487466,14.207404375076294,1609700845.7337365,1609700845.7373648,0.003628253936767578
89e38662d68942f983930c924655f729,k-means,warm,exec,queue,8.085694789886475,4.76837158203125e-07,4.76837158203125e-07,1609700837.5442908,1609700846.3424718,8.798181056976318,1609700845.6571968,1609700845.6606374,0.0034406185150146484
3fde95580b5d43c08190794aefb10b7c,k-means,warm,exec,queue,8.096193313598633,4.76837158203125e-07,2.384185791015625e-07,1609700837.545971,1609700851.2151642,13.669193267822266,1609700845.668163,1609700845.671964,0.0038008689880371094
c6638775a23d40e1b4a752f4ae07b8a9,k-means,warm,exec,queue,8.107090473175049,4.76837158203125e-07,2.384185791015625e-07,1609700837.5481083,1609700849.3425531,11.794444799423218,1609700845.6794813,1609700845.6835632,0.0040819644927978516
4c54e5672304402d85900ac4ca55ce5b,k-means,warm,exec,queue,8.117321968078613,4.76837158203125e-07,2.384185791015625e-07,1609700837.549825,1609700848.859143,11.30931806564331,1609700845.690232,1609700845.6944234,0.004191398620605469
41ffb1c35856459d81fc6e1b520e2aea,k-means,warm,exec,queue,8.074889659881592,2.384185791015625e-07,2.384185791015625e-07,1609700837.551889,1609700846.337961,8.786072015762329,1609700845.645675,1609700845.6496634,0.003988504409790039
d047e227f4b04829a4560a8e9ad4fe80,k-means,warm,exec,queue,8.142003059387207,2.384185791015625e-07,2.384185791015625e-07,1609700837.5542278,1609700846.3469107,8.792682886123657,1609700845.755897,1609700845.7597528,0.0038557052612304688
b51fc75667624e3ba8d37a8ccba98fc7,k-means,warm,exec,queue,8.152501344680786,2.384185791015625e-07,2.384185791015625e-07,1609700837.5573897,1609700848.8480136,11.290623903274536,1609700845.7672138,1609700845.7712579,0.004044055938720703
4cfe347051ca4938be658d3ea80f288f,k-means,warm,exec,queue,8.131483316421509,2.384185791015625e-07,2.384185791015625e-07,1609700837.559211,1609700846.3294268,8.7702157497406,1609700845.7447078,1609700845.7486343,0.003926515579223633
6a1c19aeb8074ac1af31e431395cddf7,k-means,warm,exec,queue,7.256028413772583,2.384185791015625e-07,2.384185791015625e-07,1609700838.4915314,1609700846.3295956,7.838064193725586,1609700845.778595,1609700845.7825663,0.0039713382720947266
fad95e3018e646178cdc7765ed683ccd,k-means,warm,exec,queue,7.297755479812622,2.384185791015625e-07,2.384185791015625e-07,1609700838.4958346,1609700846.3422766,7.846441984176636,1609700845.8275633,1609700845.831418,0.0038547515869140625
dff8e09f27aa4b6d8adf5fe055ab86c9,k-means,warm,exec,queue,7.307546138763428,2.384185791015625e-07,0.0,1609700838.4984949,1609700848.1270225,9.628527641296387,1609700845.8825328,1609700845.887768,0.005235195159912109
f348b110c44c47178ed2dcb32c8b23d3,k-means,warm,exec,queue,7.363966226577759,2.384185791015625e-07,0.0,1609700838.500749,1609700846.3467171,7.845968008041382,1609700845.8955038,1609700845.8989832,0.003479480743408203
4d40d9bd6daa468bb433fb0062143267,k-means,warm,exec,queue,7.373547554016113,2.384185791015625e-07,2.384185791015625e-07,1609700838.5022159,1609700846.3470778,7.84486198425293,1609700845.9051836,1609700845.9088025,0.003618955612182617
12689f2a99b7473da030a8b556da3c91,k-means,warm,exec,queue,7.384024620056152,2.384185791015625e-07,2.384185791015625e-07,1609700838.5037637,1609700846.3337696,7.830005884170532,1609700845.916451,1609700845.920507,0.004055976867675781
1073dc789538467e9bf4fe46d6258ade,k-means,warm,exec,queue,7.394352912902832,2.384185791015625e-07,2.384185791015625e-07,1609700838.5052395,1609700846.3332372,7.82799768447876,1609700845.9267843,1609700845.9306993,0.003915071487426758
6fe0b1e2246c4a599f142eab5eb4d519,k-means,warm,exec,queue,7.405129909515381,2.384185791015625e-07,2.384185791015625e-07,1609700838.5066998,1609700848.1304948,9.62379503250122,1609700845.93803,1609700845.9417634,0.003733396530151367
3cc595e6e1694abd9d95e2651a155565,k-means,warm,exec,queue,7.287224531173706,2.384185791015625e-07,2.384185791015625e-07,1609700838.508244,1609700851.7495298,13.241285800933838,1609700845.8162014,1609700845.819956,0.0037546157836914062
2897213753dc47c5ada232205058c29e,k-means,warm,exec,queue,7.277019500732422,4.76837158203125e-07,0.0,1609700838.5097337,1609700849.3154788,10.805745124816895,1609700845.8053188,1609700845.8089,0.0035812854766845703
552689f718c94460b878f5f5090625be,k-means,warm,exec,queue,7.264576196670532,2.384185791015625e-07,2.384185791015625e-07,1609700838.5111954,1609700846.3292167,7.818021297454834,1609700845.7904525,1609700845.796693,0.0062406063079833984
baae4635af15419cbdc6df42d8ef2324,video,warm,exec,queue,22.954204559326172,2.384185791015625e-07,2.384185791015625e-07,1609700838.5134592,1609700861.8941658,23.380706548690796,1609700861.4812615,1609700861.4971132,0.015851736068725586
6a7d4969703e4279b3bae0928e64949a,k-means,warm,exec,queue,6.420800685882568,2.384185791015625e-07,2.384185791015625e-07,1609700839.495412,1609700849.3236501,9.828238010406494,1609700845.949449,1609700845.9536402,0.004191160202026367
ee1307476aa34b5fb6593e865bdf6f0c,k-means,warm,exec,queue,6.50112247467041,2.384185791015625e-07,4.76837158203125e-07,1609700839.4998372,1609700851.217751,11.71791386604309,1609700846.0416994,1609700846.054382,0.012682676315307617
861cbac06f5c4e5fb789e5710a384441,k-means,warm,exec,queue,6.526177644729614,4.76837158203125e-07,2.384185791015625e-07,1609700839.5025973,1609700851.2036047,11.70100736618042,1609700846.0689754,1609700846.0771546,0.008179187774658203
eb57e0c2dbb4457aa2847d923dc59c70,k-means,cold,exec,create,-4.92705225944519,11.466675281524658,2.384185791015625e-07,1609700839.505187,1609700848.8563042,9.351117134094238,1609700846.0779538,1609700846.1021745,0.024220705032348633
9d1109624f7a42bbbb13d4de17829f5f,k-means,warm,exec,queue,6.548307657241821,4.76837158203125e-07,4.76837158203125e-07,1609700839.5068092,1609700848.1301105,8.623301267623901,1609700846.0857882,1609700846.094153,0.008364677429199219
850801670d5d41449ae4b45cec0cb609,k-means,warm,exec,queue,6.565758466720581,4.76837158203125e-07,2.384185791015625e-07,1609700839.508443,1609700851.211985,11.703541994094849,1609700846.1058393,1609700846.1122253,0.0063860416412353516
a24befa2e9b8460bb75c96c0bf5a0719,k-means,warm,exec,queue,6.485679388046265,7.152557373046875e-07,2.384185791015625e-07,1609700839.5101604,1609700851.2182722,11.708111763000488,1609700846.020337,1609700846.025908,0.005570888519287109
12e9cca0959c47c487c14038f11e0be5,k-means,warm,exec,queue,6.470778226852417,4.76837158203125e-07,2.384185791015625e-07,1609700839.5118036,1609700846.333612,6.821808338165283,1609700846.0051062,1609700846.0112627,0.006156444549560547
b73c3f60c1224f788ddd97b0fdba3f5a,k-means,warm,exec,queue,6.455393075942993,2.384185791015625e-07,2.384185791015625e-07,1609700839.5134447,1609700848.1336894,8.62024474143982,1609700845.9879448,1609700845.9938776,0.005932807922363281
5072496eccc848bd910b0e50df18f573,k-means,warm,exec,queue,6.445464134216309,4.76837158203125e-07,2.384185791015625e-07,1609700839.5151596,1609700848.8565304,9.341370820999146,1609700845.9772,1609700845.9811041,0.003904104232788086
f52565b5475b481d88748a39b6c75092,k-means,warm,exec,queue,6.43008279800415,2.384185791015625e-07,2.384185791015625e-07,1609700839.516769,1609700848.1341305,8.617361545562744,1609700845.9612691,1609700845.9664826,0.005213499069213867
823b6ad0dfb34533b9a6960f87dc5619,matmul,warm,exec,queue,15.038992881774902,7.152557373046875e-07,4.76837158203125e-07,1609700839.5183597,1609700858.3156884,18.79732871055603,1609700854.578503,1609700854.5874095,0.00890660285949707
03982d2ed7fc4e0fbc918847bde239a8,k-means,warm,exec,queue,5.576519727706909,4.76837158203125e-07,2.384185791015625e-07,1609700840.4973302,1609700851.7499185,11.252588272094727,1609700846.1116488,1609700846.1177301,0.006081342697143555
3af31f42b6dc4c1caf7e6ac4d4d2e871,k-means,warm,exec,queue,5.590857028961182,2.384185791015625e-07,0.0,1609700840.502053,1609700849.3112175,8.80916452407837,1609700846.1662695,1609700846.171169,0.004899501800537109
3754082370884f97ad234026a82b8cd6,k-means,warm,exec,queue,5.601221084594727,2.384185791015625e-07,0.0,1609700840.5048509,1609700847.165862,6.661011219024658,1609700846.171181,1609700846.175932,0.004750967025756836
1fa7941ff8fb47eeaeb2ec4544c65160,k-means,warm,exec,queue,5.60696005821228,4.76837158203125e-07,0.0,1609700840.5075204,1609700851.2147892,10.707268714904785,1609700846.1777062,1609700846.181895,0.0041887760162353516
6bae0606fe3043c5b8f11c765a9e8963,k-means,warm,exec,queue,5.612273216247559,4.76837158203125e-07,0.0,1609700840.509612,1609700849.315785,8.806172847747803,1609700846.1887326,1609700846.1933098,0.004577159881591797
a5c699e92fd340eb9512932cd0e4c6b7,k-means,warm,exec,queue,5.559823751449585,4.76837158203125e-07,2.384185791015625e-07,1609700840.511279,1609700849.3051345,8.793855428695679,1609700846.1207838,1609700846.1247928,0.0040090084075927734
f682abbe82964fa4aaa52690b4905f81,k-means,warm,exec,queue,5.564325332641602,2.384185791015625e-07,2.384185791015625e-07,1609700840.5129406,1609700849.310368,8.797427415847778,1609700846.125923,1609700846.1299503,0.004027366638183594
daa3d61476fc44b28b4b7bfc261ce20f,k-means,warm,exec,queue,5.569329261779785,2.384185791015625e-07,4.76837158203125e-07,1609700840.5146828,1609700848.135158,7.6204752922058105,1609700846.1315544,1609700846.1357899,0.004235506057739258
046ffb403c1b4db09ce3b7737c39fc5d,k-means,warm,exec,queue,5.573797702789307,2.384185791015625e-07,2.384185791015625e-07,1609700840.5163255,1609700851.218092,10.70176649093628,1609700846.1365845,1609700846.1405418,0.003957271575927734
91278d0f492e49e1bfc8a2990480459b,k-means,warm,exec,queue,5.579051733016968,4.76837158203125e-07,2.384185791015625e-07,1609700840.5180342,1609700848.8459702,8.327935934066772,1609700846.1446683,1609700846.1488926,0.004224300384521484
afca60614d1e4b0899ebb5229efd24f3,k-means,warm,exec,queue,5.5839738845825195,4.76837158203125e-07,2.384185791015625e-07,1609700840.5197153,1609700851.7503045,11.230589151382446,1609700846.1491609,1609700846.1537979,0.004637002944946289
f767d4290e0d4ac9bc1ea6a00ecb81d7,k-means,warm,exec,queue,5.589622735977173,4.76837158203125e-07,2.384185791015625e-07,1609700840.5213323,1609700847.1692884,6.647956132888794,1609700846.1548083,1609700846.1589484,0.004140138626098633
268b31c302e648cf8095cad042f2e942,video,warm,exec,queue,20.940126419067383,4.76837158203125e-07,4.76837158203125e-07,1609700840.522945,1609700861.6831994,21.16025447845459,1609700861.508959,1609700861.52422,0.015260934829711914
a5c6ec175dfe4238883b9f978c16fafa,k-means,warm,exec,queue,4.675075054168701,2.384185791015625e-07,2.384185791015625e-07,1609700841.489873,1609700849.3420484,7.85217547416687,1609700846.1900444,1609700846.1939971,0.003952741622924805
9c8bbaa56fde4dbe9eb95d07291a794b,k-means,warm,exec,queue,4.718084335327148,2.384185791015625e-07,4.76837158203125e-07,1609700841.4942572,1609700849.340067,7.845809698104858,1609700846.2366912,1609700846.2404609,0.0037696361541748047
3bf6ad2dcdbc4c1ca16f52ce7f3d7ec1,k-means,warm,exec,queue,4.708320379257202,2.384185791015625e-07,0.0,1609700841.4970098,1609700851.2190077,9.7219979763031,1609700846.226929,1609700846.2310293,0.004100322723388672
99db96e1dd7f4533bcd9bfccf94a4d92,k-means,warm,exec,queue,4.703891038894653,2.384185791015625e-07,2.384185791015625e-07,1609700841.4996817,1609700855.773277,14.273595333099365,1609700846.2217624,1609700846.2277226,0.005960226058959961
b6b0acead8d34feea479f340ccddc88a,k-means,warm,exec,queue,4.698951244354248,2.384185791015625e-07,2.384185791015625e-07,1609700841.5025923,1609700851.2137961,9.711203813552856,1609700846.2166004,1609700846.221025,0.004424571990966797
b311015d60f149db8e96d4289ac87f08,k-means,warm,exec,queue,4.684124708175659,2.384185791015625e-07,2.384185791015625e-07,1609700841.50424,1609700849.343313,7.839072942733765,1609700846.200789,1609700846.2052543,0.004465341567993164
a1ec74cdefc240ffbfbe32945712dfa9,k-means,warm,exec,queue,4.688530206680298,2.384185791015625e-07,2.384185791015625e-07,1609700841.5058937,1609700849.341543,7.835649251937866,1609700846.2045455,1609700846.2093868,0.004841327667236328
16b15a5250664082bb69d5f96dd2e7fc,k-means,warm,exec,queue,3.6858971118927,2.384185791015625e-07,4.76837158203125e-07,1609700842.5183623,1609700855.7723656,13.254003286361694,1609700846.2432952,1609700846.2485812,0.005285978317260742
872997b433194bd689aa3fdd243b5265,k-means,warm,exec,queue,3.829561233520508,4.76837158203125e-07,2.384185791015625e-07,1609700842.5229256,1609700851.2184322,8.695506572723389,1609700846.3980303,1609700846.4020991,0.004068851470947266
6fd80f75d7f3410298a534462587dc68,k-means,warm,exec,queue,3.709981679916382,4.76837158203125e-07,2.384185791015625e-07,1609700842.525109,1609700849.340663,6.815553903579712,1609700846.2706974,1609700846.2749755,0.0042781829833984375
13482519e01b45b9be03d3ac7985fc7b,k-means,warm,exec,queue,3.7408649921417236,4.76837158203125e-07,2.384185791015625e-07,1609700842.5265794,1609700852.7350197,10.20844030380249,1609700846.3048813,1609700846.3091908,0.004309415817260742
98159707c0214f6db6254d31ed9455e7,k-means,warm,exec,queue,3.736196994781494,4.76837158203125e-07,2.384185791015625e-07,1609700842.5281513,1609700852.716057,10.18790578842163,1609700846.3033688,1609700846.3097365,0.006367683410644531
d0a20668afa74631abfbc009acebc9b4,k-means,warm,exec,queue,3.7255938053131104,4.76837158203125e-07,2.384185791015625e-07,1609700842.5296326,1609700847.1719673,4.642334699630737,1609700846.2888148,1609700846.2943258,0.005511045455932617
4cafd540780e43e0a45b0b8146987733,k-means,warm,exec,queue,3.720649480819702,9.5367431640625e-07,2.384185791015625e-07,1609700842.531124,1609700851.2109237,8.679799556732178,1609700846.2834663,1609700846.2875822,0.0041158199310302734
851fb1bdd66d4ff686ac75261abae826,k-means,warm,exec,queue,3.704861640930176,2.384185791015625e-07,2.384185791015625e-07,1609700842.5327187,1609700851.2175589,8.684840202331543,1609700846.2652972,1609700846.2714996,0.0062024593353271484
cdc68395c5cc43ab9ae933e6dabcc01b,k-means,warm,exec,queue,3.699934720993042,2.384185791015625e-07,0.0,1609700842.5341969,1609700849.3241615,6.78996467590332,1609700846.2598853,1609700846.264429,0.004543781280517578
92f038f7b9064981bcb72c5af0fdf22e,k-means,warm,exec,queue,3.689910411834717,2.384185791015625e-07,2.384185791015625e-07,1609700842.5356526,1609700851.7514517,9.21579909324646,1609700846.249076,1609700846.2533963,0.004320383071899414
ec16e94a2dba459cb3cda87120b482ca,k-means,warm,exec,queue,3.7558064460754395,4.76837158203125e-07,2.384185791015625e-07,1609700842.5372355,1609700852.7344549,10.197219371795654,1609700846.3515656,1609700846.3587518,0.007186174392700195
5b0a08efd776451f9d02c99fde59947b,k-means,warm,exec,queue,3.784426212310791,4.76837158203125e-07,2.384185791015625e-07,1609700842.5387003,1609700851.2072523,8.668551921844482,1609700846.3545167,1609700846.3608477,0.006330966949462891
6316d38da7f049128f915c523ec690fa,k-means,warm,exec,queue,3.8065741062164307,4.76837158203125e-07,2.384185791015625e-07,1609700842.5401878,1609700849.6161299,7.075942039489746,1609700846.3699245,1609700846.3754568,0.005532264709472656
75417d3f5c624fd28509483082603113,k-means,warm,exec,queue,3.8113012313842773,4.76837158203125e-07,2.384185791015625e-07,1609700842.5416734,1609700852.7338774,10.192203998565674,1609700846.375453,1609700846.3802874,0.004834413528442383
fd8690879ef74966a704efb6bce08da7,k-means,warm,exec,queue,3.8220326900482178,2.384185791015625e-07,2.384185791015625e-07,1609700842.5432422,1609700851.2179265,8.674684286117554,1609700846.386953,1609700846.3909,0.003946781158447266
4242f28336814087b1f4cc7ef06cd7a8,k-means,warm,exec,queue,3.826875925064087,2.384185791015625e-07,0.0,1609700842.5447235,1609700853.3305383,10.785814762115479,1609700846.3923857,1609700846.3988836,0.006497859954833984
6c897051f55e4ef59f6e28a632d56cc4,video,warm,exec,queue,20.012895345687866,4.76837158203125e-07,2.384185791015625e-07,1609700842.5462265,1609700863.0472546,20.501028060913086,1609700862.595039,1609700862.6118097,0.01677083969116211
ba29d5b225ff48ed9ca9bdfe37864b40,k-means,warm,exec,queue,2.777893304824829,2.384185791015625e-07,0.0,1609700843.5976055,1609700855.7844572,12.186851739883423,1609700846.4536815,1609700846.4576082,0.003926753997802734
c61ca05a35f0470689bd15db3d9ebcba,k-means,warm,exec,queue,2.782850503921509,2.384185791015625e-07,2.384185791015625e-07,1609700843.600444,1609700848.851286,5.250841856002808,1609700846.4606245,1609700846.467485,0.006860494613647461
4e474c99611a45faa5ea01d9b12d1eca,k-means,warm,exec,queue,2.789311647415161,2.384185791015625e-07,0.0,1609700843.6028578,1609700848.8511252,5.248267412185669,1609700846.4664123,1609700846.470982,0.0045697689056396484
eb20efb44068426a84d6bd75c4b6ae73,k-means,warm,exec,queue,2.799755811691284,2.384185791015625e-07,2.384185791015625e-07,1609700843.605091,1609700851.7510653,8.145974159240723,1609700846.477401,1609700846.481571,0.004169940948486328
71b056652ed94bd7a822acaed1db4b8c,k-means,warm,exec,queue,2.8044474124908447,2.384185791015625e-07,2.384185791015625e-07,1609700843.6072884,1609700849.621678,6.014389753341675,1609700846.4848602,1609700846.4927893,0.007929086685180664
a1ca8ea80c2b4be18bcd9ad855695867,k-means,warm,exec,queue,2.7425777912139893,2.384185791015625e-07,2.384185791015625e-07,1609700843.609491,1609700853.3309352,9.721444129943848,1609700846.4151309,1609700846.4216516,0.006520748138427734
cc5a8382d1284fc7922fbe434c6a3d36,k-means,warm,exec,queue,2.747616767883301,2.384185791015625e-07,2.384185791015625e-07,1609700843.6118052,1609700853.315378,9.703572750091553,1609700846.4202218,1609700846.4242854,0.004063606262207031
689994a4b49540b186d12380b13d9b34,k-means,warm,exec,queue,2.758047580718994,4.76837158203125e-07,2.384185791015625e-07,1609700843.6140234,1609700849.6218693,6.007845878601074,1609700846.4315531,1609700846.4353652,0.003812074661254883
426bb1c6daa541689a54dd5f2d0f43ed,k-means,warm,exec,queue,2.7629544734954834,7.152557373046875e-07,0.0,1609700843.6162634,1609700852.71271,9.096446514129639,1609700846.4371736,1609700846.4431624,0.0059888362884521484
d31c862c161143d3a222545e609fdd5e,k-means,warm,exec,queue,2.767892360687256,2.384185791015625e-07,0.0,1609700843.6185791,1609700848.850753,5.232173919677734,1609700846.4422617,1609700846.446325,0.00406336784362793
974c9828b3f54da5a35ec346da7e287a,k-means,warm,exec,queue,2.7377567291259766,4.76837158203125e-07,2.384185791015625e-07,1609700843.6208053,1609700848.8477607,5.226955413818359,1609700846.4093716,1609700846.4131885,0.003816843032836914
0904dc17f3d34bcda22c261671175dc5,k-means,warm,exec,queue,2.808958053588867,2.384185791015625e-07,2.384185791015625e-07,1609700843.6229975,1609700852.7211108,9.098113298416138,1609700846.4875627,1609700846.4931633,0.005600690841674805
24e59095d9aa4a5699c8bb98367c5a2f,k-means,warm,exec,queue,2.8197107315063477,2.384185791015625e-07,2.384185791015625e-07,1609700843.6264074,1609700848.8509572,5.224549770355225,1609700846.5004191,1609700846.504434,0.0040149688720703125
b9e78b01176e4cc88001c6731699aaaf,k-means,warm,exec,queue,1.9624266624450684,4.76837158203125e-07,0.0,1609700844.5022464,1609700849.6192315,5.116985082626343,1609700846.504352,1609700846.5102155,0.0058634281158447266
4c4b002c7805408999cf608013ead37d,k-means,warm,exec,queue,1.9913461208343506,4.76837158203125e-07,2.384185791015625e-07,1609700844.5071082,1609700848.8573303,4.350222110748291,1609700846.5468776,1609700846.5517566,0.004878997802734375
efd5273e30f74c839382c7f791c20cc5,k-means,warm,exec,queue,2.004870891571045,2.384185791015625e-07,0.0,1609700844.5103347,1609700853.317129,8.806794166564941,1609700846.5524333,1609700846.558849,0.006415843963623047
122ec25befcb44ff917673432d049c6f,k-means,warm,exec,queue,2.0155885219573975,2.384185791015625e-07,2.384185791015625e-07,1609700844.512803,1609700849.6145067,5.101703643798828,1609700846.569026,1609700846.5735843,0.0045583248138427734
e9d94c7cdffb4368b2b66129bb99f7c6,k-means,warm,exec,queue,2.0201187133789062,2.384185791015625e-07,2.384185791015625e-07,1609700844.5143087,1609700849.6214955,5.107186794281006,1609700846.5701404,1609700846.5762155,0.006075143814086914
68c7cd6d9fcf4f8fbacd52229d6a26c6,k-means,warm,exec,queue,2.0311224460601807,2.384185791015625e-07,2.384185791015625e-07,1609700844.515928,1609700853.3316615,8.815733432769775,1609700846.5823874,1609700846.5870056,0.004618167877197266
39c6c0906ee4407887bc5cdec070066c,k-means,warm,exec,queue,2.0357296466827393,2.384185791015625e-07,2.384185791015625e-07,1609700844.5174642,1609700851.2168522,6.699388027191162,1609700846.5855362,1609700846.5915112,0.005975008010864258
d5d001b2dc62472a8710e7b1848286bd,k-means,warm,exec,queue,2.0468862056732178,2.384185791015625e-07,2.384185791015625e-07,1609700844.519009,1609700851.7525177,7.233508586883545,1609700846.599344,1609700846.6051867,0.005842685699462891
51967588f08c4cfd9fc833b4ac19ea0a,k-means,warm,exec,queue,1.9662673473358154,2.384185791015625e-07,0.0,1609700844.5206113,1609700851.2106144,6.690003156661987,1609700846.5102425,1609700846.5141819,0.003939390182495117
bf4c8fea1f494937b44cb66db2079d9d,k-means,warm,exec,queue,1.9715702533721924,2.384185791015625e-07,0.0,1609700844.5221605,1609700852.7166922,8.194531679153442,1609700846.5185857,1609700846.5243013,0.005715608596801758
843b4fde8a044d67b6815cf8cf4e3c95,k-means,warm,exec,queue,1.976017951965332,2.384185791015625e-07,4.76837158203125e-07,1609700844.523676,1609700851.2112494,6.687573432922363,1609700846.5212345,1609700846.5251877,0.003953218460083008
6f9ef26913f44e048dd8813a8ba587c9,k-means,warm,exec,queue,1.9866702556610107,2.384185791015625e-07,2.384185791015625e-07,1609700844.5252917,1609700851.7373376,7.212045907974243,1609700846.5334938,1609700846.5393732,0.005879402160644531
7b15f447c0be429a91985373b98a2881,k-means,warm,exec,queue,2.0502769947052,2.384185791015625e-07,0.0,1609700844.5268173,1609700851.7522483,7.225430965423584,1609700846.6018949,1609700846.608272,0.006377220153808594
7d21cb0497ee4e57a3bcdb2c3de3fef5,video,cold,exec,create,-3.985964059829712,22.68936824798584,2.384185791015625e-07,1609700844.5283382,1609700863.4492452,18.920907020568848,1609700863.2594163,1609700863.3148637,0.05544734001159668
e8839b38a3724b169f9c1f29530329e4,matmul,warm,exec,queue,14.028512001037598,0.0,0.0,1609700844.5299323,1609700860.0181112,15.488178968429565,1609700858.586221,1609700858.5962071,0.009986162185668945
bfb65efdccb8402abed6fd18ec1770f7,map_reduce,warm,exec,queue,10.022872924804688,2.384185791015625e-07,2.384185791015625e-07,1609700844.531438,1609700858.3161063,13.784668207168579,1609700854.579476,1609700854.664631,0.08515477180480957
369ac7fa60034f89aa8c028d6761fb32,k-means,warm,exec,queue,1.0920259952545166,2.384185791015625e-07,0.0,1609700845.4969234,1609700851.7518325,6.254909038543701,1609700846.6170418,1609700846.6221402,0.0050983428955078125
ca163eb84c594ca6bf3e7a80feca2b9c,k-means,warm,exec,queue,1.0975420475006104,2.384185791015625e-07,0.0,1609700845.5011222,1609700849.6165907,4.115468502044678,1609700846.6207466,1609700846.627275,0.006528377532958984
16e031e1b5004bfd9c79cb6aaf33623c,k-means,warm,exec,queue,1.1154096126556396,2.384185791015625e-07,0.0,1609700845.5036843,1609700851.2164907,5.712806463241577,1609700846.6370018,1609700846.6425817,0.005579948425292969
9df7858252af4e97bffdf7d988e62c6a,k-means,warm,exec,queue,1.1215946674346924,2.384185791015625e-07,0.0,1609700845.506293,1609700848.8566997,3.3504066467285156,1609700846.6444101,1609700846.6517375,0.00732731819152832
d41d92b89cdb4b369d70fe6779edce92,k-means,warm,exec,queue,1.1316845417022705,2.384185791015625e-07,2.384185791015625e-07,1609700845.5086076,1609700855.783512,10.274904489517212,1609700846.654308,1609700846.6609728,0.006664752960205078
d6593b0861ca49f3a789e80e3cdf74e4,k-means,warm,exec,queue,1.1366798877716064,4.76837158203125e-07,0.0,1609700845.5101593,1609700852.7205248,7.210365533828735,1609700846.6598523,1609700846.6639743,0.004122018814086914
49c7c4185a1c4247a39e1f4753e3f296,k-means,warm,exec,queue,1.1472861766815186,2.384185791015625e-07,0.0,1609700845.5116155,1609700852.7216828,7.210067272186279,1609700846.6710505,1609700846.675167,0.004116535186767578
06e033acd07b49fb9f35204be0566123,k-means,warm,exec,queue,0.13993477821350098,2.384185791015625e-07,2.384185791015625e-07,1609700846.5040097,1609700849.618911,3.114901304244995,1609700846.6765761,1609700846.6840632,0.007487058639526367
65bf6a18f5bf44dc9e95014a31d4723b,k-means,warm,exec,queue,1.0322649478912354,4.76837158203125e-07,2.384185791015625e-07,1609700846.5073667,1609700851.2062767,4.6989099979400635,1609700847.5759916,1609700847.5802937,0.004302024841308594
f0a105ae3a2a4d1fadb5e71f1369c54c,k-means,warm,exec,queue,1.04246187210083,2.384185791015625e-07,2.384185791015625e-07,1609700846.509989,1609700852.7320976,6.222108602523804,1609700847.5862408,1609700847.5901444,0.003903627395629883
2654051bfd5f4ec5b85dfd02a1cc467a,k-means,warm,exec,queue,1.0480992794036865,2.384185791015625e-07,0.0,1609700846.5119762,1609700852.7315407,6.219564437866211,1609700847.592852,1609700847.5988407,0.005988597869873047
1eccc35adbbd457c808c5f3e2d7e9f3e,k-means,warm,exec,queue,1.052889108657837,4.76837158203125e-07,2.384185791015625e-07,1609700846.5143373,1609700855.7841241,9.269786834716797,1609700847.5978034,1609700847.602159,0.004355669021606445
20d8241ca15741ce90d1b707cb43891e,k-means,warm,exec,queue,1.0629470348358154,2.384185791015625e-07,2.384185791015625e-07,1609700846.5156984,1609700852.730981,6.215282678604126,1609700847.6084862,1609700847.6140187,0.005532503128051758
f329892140454e03bb5fe13a26bfbd62,k-means,warm,exec,queue,0.15287089347839355,2.384185791015625e-07,2.384185791015625e-07,1609700846.517187,1609700851.2044013,4.687214136123657,1609700846.692979,1609700846.696697,0.0037178993225097656
fa02fbb84de0489fadd165bd89b609f6,k-means,warm,exec,queue,1.0081489086151123,4.76837158203125e-07,4.76837158203125e-07,1609700846.5185544,1609700851.2156692,4.697114706039429,1609700847.5500052,1609700847.5579848,0.007979631423950195
ed0bf218c7574b528549e5c2c8b9f758,k-means,warm,exec,queue,1.0131525993347168,2.384185791015625e-07,0.0,1609700846.5202699,1609700853.3259315,6.805661678314209,1609700847.5550256,1609700847.5622728,0.007247209548950195
fc048523bda9429e85d57bd6c6636f78,k-means,warm,exec,queue,1.023911952972412,2.384185791015625e-07,0.0,1609700846.5216172,1609700851.2192025,4.697585344314575,1609700847.565426,1609700847.5696452,0.00421905517578125
54508d70be044151929fe530e6d04bed,k-means,warm,exec,queue,1.0291969776153564,2.384185791015625e-07,2.384185791015625e-07,1609700846.523006,1609700853.3248038,6.801797866821289,1609700847.5709383,1609700847.5767746,0.0058362483978271484
41d8b0ebb84f4842878ebfa9f3815c16,k-means,warm,exec,queue,0.1435556411743164,2.384185791015625e-07,2.384185791015625e-07,1609700846.5243938,1609700851.2159967,4.691602945327759,1609700846.6811984,1609700846.685448,0.00424957275390625
79266c50827a4089b18bcb145ab358dc,video,cold,exec,create,-9.965273380279541,26.920257329940796,4.76837158203125e-07,1609700846.5276535,1609700863.6088617,17.08120822906494,1609700863.5093157,1609700863.5426486,0.03333282470703125
8c8558dcc44e420d8daa3b89673c6461,k-means,warm,exec,queue,0.0757451057434082,2.384185791015625e-07,0.0,1609700847.5034995,1609700853.3215806,5.8180811405181885,1609700847.6140647,1609700847.62061,0.006545305252075195
142bb90c07ed4a8eb8c9f22e43bdbb9a,k-means,warm,exec,queue,1.0660374164581299,4.76837158203125e-07,4.76837158203125e-07,1609700847.5077047,1609700851.2057283,3.698023557662964,1609700848.6270292,1609700848.6362126,0.009183406829833984
fcad74db95654db9816891c6e5d1ba23,k-means,warm,exec,queue,1.0973007678985596,4.76837158203125e-07,2.384185791015625e-07,1609700847.5103207,1609700851.2067742,3.69645357131958,1609700848.6589515,1609700848.6654074,0.006455898284912109
7b31ec4c7abf468eba4f938e46329f14,k-means,warm,exec,queue,1.104071855545044,4.76837158203125e-07,7.152557373046875e-07,1609700847.512899,1609700851.2047403,3.6918413639068604,1609700848.6597643,1609700848.67004,0.010275602340698242
65c9355515af47a8812a0ea655926694,k-means,warm,exec,queue,1.1121571063995361,2.384185791015625e-07,0.0,1609700847.5159419,1609700855.7728682,8.25692629814148,1609700848.6607406,1609700848.6672544,0.006513833999633789
930422072b3247ec909e9700e405582a,k-means,warm,exec,queue,1.0569803714752197,4.76837158203125e-07,4.76837158203125e-07,1609700847.5175576,1609700853.3320146,5.814456939697266,1609700848.6248796,1609700848.6327162,0.007836580276489258
c832058aecdf4867bc36a6680332cdbd,k-means,warm,exec,queue,1.0429117679595947,9.5367431640625e-07,4.76837158203125e-07,1609700847.5190287,1609700855.38325,7.8642213344573975,1609700848.6238549,1609700848.6313775,0.0075225830078125
44c12764e06e4911ab91db5e654a3788,k-means,cold,exec,create,-12.952403783798218,13.284882545471191,2.384185791015625e-07,1609700847.520541,1609700853.3313022,5.810761213302612,1609700847.8758621,1609700847.8912568,0.01539468765258789
be565f96fb57481e8c817f5b616ac9fc,k-means,warm,exec,queue,0.09553074836730957,4.76837158203125e-07,2.384185791015625e-07,1609700847.522094,1609700851.2102702,3.688176155090332,1609700847.6369648,1609700847.642134,0.0051691532135009766
af12c0536a6248bfa912a4df72be38bc,k-means,warm,exec,queue,0.0801548957824707,4.76837158203125e-07,4.76837158203125e-07,1609700847.523568,1609700852.7304218,5.206853866577148,1609700847.620249,1609700847.6240587,0.003809690475463867
4d97905813d842f786ccce346ed2d421,k-means,warm,exec,queue,1.1235787868499756,2.384185791015625e-07,2.384185791015625e-07,1609700847.5250566,1609700855.7831984,8.25814175605774,1609700848.6772563,1609700848.686417,0.009160757064819336
395c638247d84cbfa1b1d445e96df226,k-means,warm,exec,queue,0.09102201461791992,2.384185791015625e-07,2.384185791015625e-07,1609700847.5266063,1609700853.332397,5.805790662765503,1609700847.6312337,1609700847.6350265,0.0037927627563476562
8048f1e116d54123aee19603681327de,k-means,warm,exec,queue,1.1291658878326416,2.384185791015625e-07,0.0,1609700847.5280771,1609700852.897782,5.369704961776733,1609700848.6780891,1609700848.6844606,0.006371498107910156
7efb977f9444442aa12344aff333cc9c,k-means,warm,exec,queue,0.10011076927185059,2.384185791015625e-07,2.384185791015625e-07,1609700848.5142379,1609700855.7822802,7.268042325973511,1609700848.684105,1609700848.691181,0.0070760250091552734
0e144ddfb70d4d0082573ec58d7aa642,k-means,warm,exec,queue,0.11084198951721191,4.76837158203125e-07,2.384185791015625e-07,1609700848.517499,1609700855.3826818,6.865182876586914,1609700848.7015643,1609700848.7077324,0.0061681270599365234
96c2f9d3fcce4c64a4d88315697e8060,k-means,warm,exec,queue,0.11520981788635254,2.384185791015625e-07,2.384185791015625e-07,1609700848.5214481,1609700855.7819624,7.260514259338379,1609700848.7075293,1609700848.7145202,0.006990909576416016
17e147f576ee49118815bfe489987e22,k-means,warm,exec,queue,0.12071633338928223,4.76837158203125e-07,2.384185791015625e-07,1609700848.5262637,1609700855.381207,6.85494327545166,1609700848.7198017,1609700848.725809,0.00600743293762207
97f1a2d070724905b16c1f8e1ab0885e,k-means,warm,exec,queue,0.12506341934204102,7.152557373046875e-07,2.384185791015625e-07,1609700848.5295708,1609700852.7298357,4.200264930725098,1609700848.7253582,1609700848.7331636,0.007805347442626953
d3b92215cccf426289f66c847f571b9b,k-means,warm,exec,queue,0.1295781135559082,2.384185791015625e-07,2.384185791015625e-07,1609700848.5327294,1609700853.3333867,4.800657272338867,1609700848.7260144,1609700848.7334013,0.007386922836303711
64978e80aa75484892c0ddb017fecf4e,k-means,cold,exec,create,-13.97091817855835,14.655637979507446,2.384185791015625e-07,1609700848.5358717,1609700856.0406396,7.504767894744873,1609700849.281614,1609700849.2977817,0.016167640686035156
2174e1ff6c784a2297dd3a3b182ddb01,k-means,warm,exec,queue,0.9452309608459473,2.384185791015625e-07,0.0,1609700848.5390208,1609700851.7368453,3.197824478149414,1609700849.5428889,1609700849.5490565,0.00616765022277832
f3c47136831640f0b1eb50d075873edb,k-means,warm,exec,queue,0.9494681358337402,2.384185791015625e-07,2.384185791015625e-07,1609700848.5423317,1609700851.2130203,2.6706886291503906,1609700849.5480494,1609700849.5553682,0.007318735122680664
6756e32ecf66499d8ecc5d659c35df6b,k-means,warm,exec,queue,0.9543442726135254,2.384185791015625e-07,2.384185791015625e-07,1609700848.5454366,1609700855.3818166,6.8363800048828125,1609700849.553663,1609700849.561487,0.007823944091796875
0df3ad58ccae46ee9c39a1a484749ac3,k-means,warm,exec,queue,0.9585740566253662,4.76837158203125e-07,0.0,1609700848.548537,1609700856.0399826,7.491445541381836,1609700849.559221,1609700849.5665631,0.007342100143432617
69c1191f2b6f4b58829508e736e8407b,k-means,warm,exec,queue,0.10898137092590332,2.384185791015625e-07,0.0,1609700848.5517392,1609700855.3808093,6.829070091247559,1609700848.6974905,1609700848.7057886,0.008298158645629883
275aa3f7188f40abbd6e7a17a2792777,k-means,warm,exec,queue,0.957526445388794,4.76837158203125e-07,2.384185791015625e-07,1609700848.5548236,1609700852.898128,4.343304395675659,1609700849.563296,1609700849.5690053,0.005709171295166016
72fbcf5b481a4e42b34a577a9b5bc68d,k-means,warm,exec,queue,0.961658239364624,2.384185791015625e-07,2.384185791015625e-07,1609700848.5578918,1609700857.1047537,8.54686188697815,1609700849.5686028,1609700849.5742512,0.005648374557495117
ad4620638d504b50a912588b46472712,k-means,warm,exec,queue,0.9658238887786865,2.384185791015625e-07,4.76837158203125e-07,1609700848.5609841,1609700857.111859,8.550874948501587,1609700849.5750792,1609700849.5813103,0.006231069564819336
54901d55553945cbb4a91bed63095667,video,warm,exec,queue,15.976709127426147,9.5367431640625e-07,2.384185791015625e-07,1609700848.564178,1609700864.9811676,16.41698956489563,1609700864.6074362,1609700864.6275628,0.0201265811920166
fa76933769fb43b9bdfeee6e5b4b4275,k-means,warm,exec,queue,0.04525947570800781,2.384185791015625e-07,0.0,1609700849.502774,1609700852.9901993,3.4874253273010254,1609700849.5797634,1609700849.5854383,0.005674839019775391
b8a8d4c125144b4b82da491040db84fa,k-means,warm,exec,queue,0.06331634521484375,2.384185791015625e-07,2.384185791015625e-07,1609700849.5061214,1609700852.9923575,3.486236095428467,1609700849.6020885,1609700849.6086276,0.006539106369018555
51a7c26cedec4eafa37bb9292d829483,k-means,warm,exec,queue,0.99906325340271,7.152557373046875e-07,2.384185791015625e-07,1609700849.5080018,1609700855.7828987,6.274896860122681,1609700850.5485878,1609700850.55604,0.007452249526977539
d323ed7e1bbb431f85a682631179cf9a,k-means,warm,exec,queue,1.0085339546203613,4.76837158203125e-07,2.384185791015625e-07,1609700849.5094647,1609700855.3821056,5.87264084815979,1609700850.5483496,1609700850.5544715,0.00612187385559082
840972448e534aa1b13d5669a4bc8e9f,k-means,warm,exec,queue,1.0137317180633545,4.76837158203125e-07,2.384185791015625e-07,1609700849.5113854,1609700853.3210058,3.8096203804016113,1609700850.5540142,1609700850.5611315,0.007117271423339844
8b7690c4238d45628fa8f1c18fe4d24c,k-means,warm,exec,queue,1.0183703899383545,4.76837158203125e-07,2.384185791015625e-07,1609700849.5129297,1609700855.7825923,6.269662618637085,1609700850.567549,1609700850.574766,0.007216930389404297
9d91bfac94ce47688d467a16be64b44d,k-means,warm,exec,queue,1.0247995853424072,4.76837158203125e-07,2.384185791015625e-07,1609700849.5143144,1609700856.0390596,6.524745225906372,1609700850.569401,1609700850.5754766,0.006075620651245117
8937a6ff9fae43aabb14bb654cbbc8e9,k-means,warm,exec,queue,1.0301711559295654,2.384185791015625e-07,0.0,1609700849.5156367,1609700855.3815155,5.8658788204193115,1609700850.5710585,1609700850.5773723,0.006313800811767578
6fd99dc6c9dc4718b4a7816a7f0d7552,k-means,warm,exec,queue,1.0356264114379883,4.76837158203125e-07,0.0,1609700849.5169852,1609700855.3823926,5.865407466888428,1609700850.5772092,1609700850.5850296,0.007820367813110352
7493fe53fb154b4c96013572b6b59deb,k-means,warm,exec,queue,0.058821678161621094,7.152557373046875e-07,4.76837158203125e-07,1609700849.5201359,1609700855.3829622,5.862826347351074,1609700849.6006365,1609700849.6082795,0.007642984390258789
8c4d8357bbcc420e9c12b1c76279691c,k-means,warm,exec,queue,0.0498197078704834,2.384185791015625e-07,2.384185791015625e-07,1609700849.5214288,1609700852.9919598,3.4705309867858887,1609700849.585695,1609700849.5909994,0.0053043365478515625
413e2a82747a4a44b13c3d80c18f9240,k-means,warm,exec,queue,0.05446195602416992,4.76837158203125e-07,2.384185791015625e-07,1609700849.522676,1609700855.7838142,6.261138200759888,1609700849.5957613,1609700849.601751,0.005989789962768555
da9f6b404e52402880fd900187843f18,matmul,cold,exec,create,-10.004392862319946,21.6687114238739,2.384185791015625e-07,1609700849.524149,1609700861.967955,12.443806171417236,1609700861.2076755,1609700861.238654,0.03097844123840332
d770c6d7c16a4798b43ad2ed05965b47,k-means,warm,exec,queue,0.04543495178222656,2.384185791015625e-07,2.384185791015625e-07,1609700850.5069013,1609700857.1114452,6.604543924331665,1609700850.5831656,1609700850.5879607,0.004795074462890625
872a23a631b142b994629a04ce645841,video,cold,exec,create,-7.973538875579834,22.419548749923706,2.384185791015625e-07,1609700850.5110106,1609700865.3706222,14.859611511230469,1609700864.9879687,1609700865.0252235,0.03725481033325195
b9025792d0994de0b344a1660ee42d9b,k-means,warm,exec,queue,0.04739236831665039,2.384185791015625e-07,2.384185791015625e-07,1609700850.5136395,1609700853.3253946,2.8117551803588867,1609700850.5874622,1609700850.5929093,0.0054471492767333984
47a58ff8c4904f34a98d5fd360463a8e,k-means,warm,exec,queue,0.05272030830383301,2.384185791015625e-07,0.0,1609700850.5168273,1609700856.0393715,5.5225441455841064,1609700850.5933795,1609700850.598102,0.00472259521484375
926b380fb413488abfd7dda3b16b5e44,k-means,cold,exec,create,-15.905309200286865,16.08518123626709,2.384185791015625e-07,1609700850.519369,1609700856.0396779,5.520308971405029,1609700850.7252645,1609700850.7360954,0.010830879211425781
5e675986fc324738ae47973f1e4238a6,k-means,cold,exec,create,-15.912436723709106,16.09455132484436,0.0,1609700850.5211937,1609700852.0054634,1.484269618988037,1609700850.7248333,1609700850.7337363,0.008903026580810547
5828506f51c4474a9ab42251c169026c,k-means,warm,exec,queue,1.0070700645446777,4.76837158203125e-07,2.384185791015625e-07,1609700850.522525,1609700858.3034096,7.780884504318237,1609700851.5568206,1609700851.5640228,0.0072021484375
732df16a011f4dca88caf2a99f671745,k-means,warm,exec,queue,1.0115270614624023,4.76837158203125e-07,2.384185791015625e-07,1609700850.5239186,1609700855.3841107,4.860192060470581,1609700851.556756,1609700851.564357,0.007601022720336914
91565a8c005849dba7c57b5f3483fcb6,k-means,warm,exec,queue,1.0168790817260742,2.384185791015625e-07,0.0,1609700850.5252829,1609700853.9637337,3.438450813293457,1609700851.5617986,1609700851.5691454,0.0073468685150146484
95a0cb9736e34d74868a60c8bf45f5ef,k-means,warm,exec,queue,1.0221776962280273,4.76837158203125e-07,2.384185791015625e-07,1609700850.526566,1609700858.3133047,7.786738634109497,1609700851.5705144,1609700851.5780272,0.007512807846069336
7e1905024df34574a1eba804d624225c,k-means,warm,exec,queue,1.0266480445861816,2.384185791015625e-07,2.384185791015625e-07,1609700850.5278847,1609700853.9674227,3.43953800201416,1609700851.5732546,1609700851.581085,0.007830381393432617
2dab7f3280634658a6a3f5411b74fb8c,k-means,warm,exec,queue,0.03508472442626953,2.384185791015625e-07,2.384185791015625e-07,1609700851.508976,1609700853.3185716,1.8095955848693848,1609700851.5776687,1609700851.5828342,0.005165576934814453
ccfbcf1bcac0486089631a9ac74af387,k-means,warm,exec,queue,1.0113873481750488,4.76837158203125e-07,2.384185791015625e-07,1609700851.513217,1609700854.3865366,2.873319625854492,1609700852.5652425,1609700852.5711052,0.005862712860107422
f3501684ad0c471ab35ecd84ee1eafc8,k-means,warm,exec,queue,0.048903465270996094,2.384185791015625e-07,2.384185791015625e-07,1609700851.5157368,1609700853.9652588,2.449522018432617,1609700851.5950067,1609700851.60378,0.008773326873779297
aff12adc5b754afe83be27163a242d50,k-means,warm,exec,queue,0.05335211753845215,7.152557373046875e-07,2.384185791015625e-07,1609700851.5184257,1609700857.1089869,5.590561151504517,1609700851.6022289,1609700851.608269,0.006040096282958984
04597c74bf4746a0a9613b4f8da539de,k-means,warm,exec,queue,0.05789041519165039,4.76837158203125e-07,2.384185791015625e-07,1609700851.521444,1609700853.9692237,2.447779655456543,1609700851.6098337,1609700851.6175773,0.0077435970306396484
86a5022fda6e457fb8f9004ed144ca40,k-means,warm,exec,queue,1.016683578491211,4.76837158203125e-07,2.384185791015625e-07,1609700851.5228846,1609700855.3835397,3.8606550693511963,1609700852.5712764,1609700852.577976,0.006699562072753906
4162e6715b114199b58c54f362374eb4,k-means,warm,exec,queue,0.06349873542785645,4.76837158203125e-07,7.152557373046875e-07,1609700851.5243979,1609700855.3660762,3.8416783809661865,1609700851.618965,1609700851.6270795,0.00811457633972168
f9aec993a266447fa62a37c6656ff9a5,k-means,warm,exec,queue,0.06833958625793457,7.152557373046875e-07,2.384185791015625e-07,1609700851.5258687,1609700855.383828,3.857959270477295,1609700851.6197116,1609700851.6262467,0.006535053253173828
d642be16b09d432381f025d9b80874f6,k-means,cold,exec,create,-16.90245008468628,17.348902940750122,2.384185791015625e-07,1609700851.5274131,1609700857.1093433,5.581930160522461,1609700851.9957986,1609700852.0042212,0.008422613143920898
8ed620ab580a413eaf19d61ce25e1e16,k-means,warm,exec,queue,1.0092010498046875,4.76837158203125e-07,2.384185791015625e-07,1609700851.528997,1609700854.3842912,2.8552942276000977,1609700852.5630195,1609700852.5707984,0.00777888298034668
9b75007f2c68409e99696b3d8bb27610,k-means,warm,exec,queue,0.043697357177734375,2.384185791015625e-07,0.0,1609700851.5304341,1609700858.3149405,6.784506320953369,1609700851.5887678,1609700851.5937393,0.004971504211425781
f5a0a1facd814a3e8fe98d156e328f51,k-means,warm,exec,queue,0.03891468048095703,2.384185791015625e-07,2.384185791015625e-07,1609700851.5318763,1609700853.9678922,2.4360158443450928,1609700851.5857024,1609700851.5919917,0.006289243698120117
789ce5b0e9694344aa5d0361268d0380,k-means,warm,exec,queue,1.0216147899627686,4.76837158203125e-07,2.384185791015625e-07,1609700851.5335183,1609700856.0403273,4.5068089962005615,1609700852.5888488,1609700852.5958161,0.006967306137084961
ee1e31ee6517490e92b9015af35d50ed,k-means,warm,exec,queue,0.029675960540771484,4.76837158203125e-07,2.384185791015625e-07,1609700852.5219746,1609700856.0384169,3.51644229888916,1609700852.5907505,1609700852.5969255,0.006175041198730469
44c6f9df768a4469addd17e7316b118a,k-means,warm,exec,queue,1.0088450908660889,2.384185791015625e-07,0.0,1609700852.5248313,1609700857.826173,5.301341772079468,1609700853.5718336,1609700853.5786166,0.006783008575439453
230a491e26864c4a8d8fe9621154b1e8,k-means,warm,exec,queue,1.004185676574707,4.76837158203125e-07,2.384185791015625e-07,1609700852.526648,1609700859.7300887,7.2034406661987305,1609700853.5666811,1609700853.57385,0.007168769836425781
637013cde7f14bbd95230b21bb7919e6,k-means,warm,exec,queue,0.0339963436126709,4.76837158203125e-07,0.0,1609700852.5285227,1609700857.824369,5.295846223831177,1609700852.5915394,1609700852.5978386,0.006299257278442383
e495438fd45c49158fb482e66c12dba8,k-means,warm,exec,queue,0.03921198844909668,2.384185791015625e-07,0.0,1609700852.5311441,1609700857.8240461,5.292901992797852,1609700852.5939379,1609700852.6001024,0.00616455078125
ba1842374f9f469baba713736825cfbe,k-means,warm,exec,queue,0.04464268684387207,2.384185791015625e-07,2.384185791015625e-07,1609700852.5329847,1609700856.0380292,3.505044460296631,1609700852.6057172,1609700852.6126642,0.006947040557861328
9c98f2f8638949199bf2f7484625e182,k-means,warm,exec,queue,0.04976177215576172,2.384185791015625e-07,2.384185791015625e-07,1609700852.534791,1609700857.823327,5.288536071777344,1609700852.6071198,1609700852.6117811,0.0046613216400146484
3b94c467fc6a4a6abb5781c9f1800068,k-means,warm,exec,queue,0.05600905418395996,2.384185791015625e-07,2.384185791015625e-07,1609700852.536588,1609700854.3847442,1.848156213760376,1609700852.6139932,1609700852.6204736,0.00648045539855957
d6ebbe126b0d410b800fdd0eaf4bca81,k-means,warm,exec,queue,0.059468746185302734,4.76837158203125e-07,2.384185791015625e-07,1609700852.5378847,1609700856.0312102,3.4933254718780518,1609700852.622585,1609700852.6295314,0.0069463253021240234
e36cbba08b9d4311a9ee26e958101000,k-means,warm,exec,queue,0.06483197212219238,4.76837158203125e-07,2.384185791015625e-07,1609700852.5392578,1609700856.0318646,3.4926068782806396,1609700852.6236007,1609700852.6285627,0.004961967468261719
d500ad7db41644c2b30a54d64f6ac4b7,k-means,cold,exec,create,-17.93936800956726,18.277079105377197,0.0,1609700852.5405977,1609700858.3168747,5.7762770652771,1609700852.8971064,1609700852.90668,0.009573698043823242
25998339c2214686807fbb6174eafd0e,k-means,warm,exec,queue,1.0015785694122314,4.76837158203125e-07,2.384185791015625e-07,1609700852.5418875,1609700856.9138186,4.371931076049805,1609700853.5622072,1609700853.5688097,0.00660252571105957
519e9eaed1ba47f2a4de80d54000072b,video,cold,exec,create,-8.009361982345581,20.45233964920044,2.384185791015625e-07,1609700852.543184,1609700865.2685835,12.725399494171143,1609700865.007237,1609700865.0601504,0.05291342735290527
f825e6c5b7a2442cb3aa4b77204e0de4,k-means,warm,exec,queue,0.0273587703704834,2.384185791015625e-07,2.384185791015625e-07,1609700853.5088525,1609700858.3136466,4.804794073104858,1609700853.5775955,1609700853.5831637,0.005568265914916992
10f97688368e4e769041d9092dd4c4df,k-means,warm,exec,queue,0.08084487915039062,0.0,2.384185791015625e-07,1609700853.5121498,1609700858.3129086,4.8007588386535645,1609700853.6387248,1609700853.643285,0.004560232162475586
4ba24c29b47247f2bd4a478544c928ba,k-means,warm,exec,queue,0.0756537914276123,2.384185791015625e-07,2.384185791015625e-07,1609700853.5141027,1609700857.8258188,4.311716079711914,1609700853.6327415,1609700853.6374276,0.004686117172241211
7a7e08effb154c5ea9a6ed380e7d2523,k-means,warm,exec,queue,0.07010030746459961,2.384185791015625e-07,4.76837158203125e-07,1609700853.5160258,1609700859.730523,6.214497327804565,1609700853.627093,1609700853.6315677,0.004474639892578125
e3eeb69b60b34c82a201d93bd3e340ca,k-means,warm,exec,queue,0.06482934951782227,2.384185791015625e-07,2.384185791015625e-07,1609700853.5216582,1609700855.7812474,2.259589195251465,1609700853.6205993,1609700853.6266654,0.006066083908081055
93942623b06f4498a0a352a971dcf015,k-means,warm,exec,queue,0.05993485450744629,4.76837158203125e-07,2.384185791015625e-07,1609700853.5230865,1609700856.915089,3.3920023441314697,1609700853.615095,1609700853.6204314,0.0053365230560302734
06fe73a158ba44d384733bd4dbf5fef5,k-means,warm,exec,queue,0.0551142692565918,2.384185791015625e-07,0.0,1609700853.5245361,1609700856.9108806,3.3863444328308105,1609700853.6095397,1609700853.614641,0.005101203918457031
3ea64c2c72594fc6b9413ec060676df3,k-means,warm,exec,queue,0.05039811134338379,2.384185791015625e-07,4.76837158203125e-07,1609700853.5259604,1609700855.7816253,2.255664825439453,1609700853.6067357,1609700853.6131222,0.006386518478393555
3664be2aef0a43e6bb2ebea4844326c5,k-means,warm,exec,queue,0.04562973976135254,4.76837158203125e-07,2.384185791015625e-07,1609700853.527387,1609700856.9134498,3.3860628604888916,1609700853.6011574,1609700853.6073363,0.006178855895996094
0078f933ce304b50b7943a142054bd93,k-means,warm,exec,queue,0.03180336952209473,2.384185791015625e-07,0.0,1609700853.5289562,1609700856.9141457,3.3851895332336426,1609700853.5841286,1609700853.5895607,0.00543212890625
4e578f51ec98481e8c9ec914941f4a68,k-means,warm,exec,queue,0.03630805015563965,7.152557373046875e-07,2.384185791015625e-07,1609700853.5303903,1609700856.030801,2.500410795211792,1609700853.5894637,1609700853.5953627,0.005898952484130859
abcd55efdcf1495a9176f5d3fe73d3cb,k-means,warm,exec,queue,0.04109334945678711,2.384185791015625e-07,2.384185791015625e-07,1609700853.531811,1609700858.316454,4.784642934799194,1609700853.5949094,1609700853.6008015,0.005892038345336914
781b4deb7d43465a9e82441b1a8a2995,k-means,warm,exec,queue,0.0858759880065918,2.384185791015625e-07,2.384185791015625e-07,1609700853.5333486,1609700857.823725,4.290376424789429,1609700853.6448283,1609700853.6490629,0.0042345523834228516
144232bed8424456b0acfb6be84c23bd,k-means,cold,exec,create,-18.907318592071533,19.162892818450928,2.384185791015625e-07,1609700853.534778,1609700857.8268871,4.29210901260376,1609700853.8162432,1609700853.8255439,0.009300708770751953
d175db56ccfe489695b61fd507556024,k-means,cold,exec,create,-18.957351684570312,19.28246235847473,0.0,1609700853.5362177,1609700856.0315359,2.4953181743621826,1609700853.8862288,1609700853.896633,0.010404109954833984
271feaba8f794a8ab3739b8a4fde8e69,k-means,warm,exec,queue,0.9848260879516602,2.384185791015625e-07,2.384185791015625e-07,1609700853.537693,1609700857.8254654,4.2877724170684814,1609700854.5492055,1609700854.556393,0.007187366485595703
d77ebe03cd7543e18f49808386bdad58,k-means,warm,exec,queue,0.012018203735351562,4.76837158203125e-07,0.0,1609700854.5101745,1609700859.7339864,5.223811864852905,1609700854.5520701,1609700854.5580204,0.005950212478637695
7e97672680594353b44aefd07b8c990c,video,cold,exec,create,-5.927732944488525,17.718282222747803,2.384185791015625e-07,1609700854.51332,1609700866.4375386,11.924218654632568,1609700866.3403552,1609700866.3753853,0.03503012657165527
c97661e4294647dcbd09f683a79747b5,k-means,warm,exec,queue,0.9881186485290527,7.152557373046875e-07,2.384185791015625e-07,1609700854.51507,1609700858.3040178,3.788947820663452,1609700855.5410054,1609700855.5468152,0.005809783935546875
1b1c16d0613d4ccba263a9c6668fbdad,k-means,warm,exec,queue,0.052186012268066406,2.384185791015625e-07,2.384185791015625e-07,1609700854.5168478,1609700859.7335224,5.216674566268921,1609700854.600031,1609700854.606647,0.006616115570068359
4821b0aa833546cc90f4eec1144078af,k-means,warm,exec,queue,0.016303300857543945,4.76837158203125e-07,2.384185791015625e-07,1609700854.5191498,1609700859.7344139,5.215264081954956,1609700854.558097,1609700854.5651531,0.007056236267089844
b176c5d94b29484496a2f999f193fbe8,k-means,warm,exec,queue,0.023960351943969727,4.76837158203125e-07,2.384185791015625e-07,1609700854.5208383,1609700859.729598,5.208759784698486,1609700854.577914,1609700854.5846536,0.006739616394042969
35755ad865074017993d4308a9cf4cd8,k-means,warm,exec,queue,0.0306851863861084,7.152557373046875e-07,2.384185791015625e-07,1609700854.5220447,1609700856.581031,2.0589864253997803,1609700854.5787187,1609700854.5857663,0.0070476531982421875
4ca44068fd2e45a2aa8eaa8e126c01a0,k-means,warm,exec,queue,0.03525567054748535,2.384185791015625e-07,4.76837158203125e-07,1609700854.5232515,1609700857.815441,3.292189359664917,1609700854.5794754,1609700854.5852897,0.005814313888549805
692218cded044af0a38c7b3100e42f81,k-means,warm,exec,queue,0.039557695388793945,2.384185791015625e-07,2.384185791015625e-07,1609700854.5244524,1609700857.8247645,3.300312042236328,1609700854.5842335,1609700854.592757,0.00852346420288086
fa723009cf46452088d93ec858fe0f66,k-means,warm,exec,queue,0.04502582550048828,4.76837158203125e-07,2.384185791015625e-07,1609700854.525745,1609700857.8265285,3.300783634185791,1609700854.595905,1609700854.6034594,0.007554292678833008
87d99b1f31bd4b9fb548e54def2eadd8,k-means,warm,exec,queue,0.04980134963989258,2.384185791015625e-07,2.384185791015625e-07,1609700854.526869,1609700856.5779612,2.0510921478271484,1609700854.5963428,1609700854.6021554,0.005812644958496094
6c526c38a02d4c4b917a9fddf6360223,matmul,cold,exec,create,-9.986461639404297,17.899775981903076,2.384185791015625e-07,1609700854.5280364,1609700862.7411783,8.213141918182373,1609700862.4610686,1609700862.5137627,0.052694082260131836
f85a68339cf84e839fa57b6aa5677b73,map_reduce,cold,exec,create,-9.984349012374878,16.73367929458618,2.384185791015625e-07,1609700854.5295,1609700861.7647588,7.2352588176727295,1609700861.3008924,1609700861.413906,0.11301374435424805
187d240ea576464b958d5a912af80209,k-means,warm,exec,queue,0.00917363166809082,4.76837158203125e-07,2.384185791015625e-07,1609700855.5076456,1609700857.9635565,2.4559109210968018,1609700855.542932,1609700855.5518985,0.008966445922851562
94b914aed95047df9843b521b47e0266,k-means,warm,exec,queue,1.036485195159912,2.384185791015625e-07,0.0,1609700855.511719,1609700858.313966,2.8022470474243164,1609700856.5883965,1609700856.5946217,0.006225109100341797
cf9cb602096244faa5ff018e6433bdee,k-means,warm,exec,queue,0.0397038459777832,4.76837158203125e-07,2.384185791015625e-07,1609700855.5142646,1609700856.5831842,1.0689196586608887,1609700855.579112,1609700855.584386,0.005274057388305664
ca1ae804108140178a3ae281435156ff,k-means,warm,exec,queue,0.03440403938293457,2.384185791015625e-07,2.384185791015625e-07,1609700855.5165803,1609700857.8251195,2.3085391521453857,1609700855.5740876,1609700855.578416,0.004328489303588867
ebcc3b52f1de42d3aaf57a66e61885b2,k-means,warm,exec,queue,0.013263702392578125,2.384185791015625e-07,2.384185791015625e-07,1609700855.5185513,1609700858.3145947,2.7960433959960938,1609700855.5478911,1609700855.554796,0.0069048404693603516
eda0fd86c8f44ff1862fc4d1006a582f,k-means,warm,exec,queue,0.017662763595581055,2.384185791015625e-07,0.0,1609700855.5198734,1609700859.7259793,4.206105947494507,1609700855.554285,1609700855.561197,0.0069119930267333984
69a1866374bd4c44bec5ad2bf5ed8347,k-means,warm,exec,queue,0.022563457489013672,2.384185791015625e-07,2.384185791015625e-07,1609700855.521285,1609700857.959369,2.4380838871002197,1609700855.561929,1609700855.568265,0.0063359737396240234
26c4971824704519b6a0bbab98cc605c,k-means,warm,exec,queue,0.0269167423248291,2.384185791015625e-07,4.76837158203125e-07,1609700855.5226436,1609700856.5814939,1.0588502883911133,1609700855.562645,1609700855.5670455,0.004400491714477539
85d1145224db45fab0686a11e9f6e655,k-means,warm,exec,queue,0.03152012825012207,2.384185791015625e-07,2.384185791015625e-07,1609700855.5240176,1609700860.0187316,4.494714021682739,1609700855.5677373,1609700855.5735526,0.005815267562866211
0fb8f1cd48e8470daacd7ac3ab9513a8,k-means,warm,exec,queue,0.0241391658782959,2.384185791015625e-07,2.384185791015625e-07,1609700856.5184062,1609700859.1256297,2.6072235107421875,1609700856.5984292,1609700856.6068685,0.008439302444458008
6f41d4485ffa4d9099d789383c5b8a2f,k-means,warm,exec,queue,0.022295236587524414,2.384185791015625e-07,4.76837158203125e-07,1609700856.522771,1609700857.3516803,0.8289093971252441,1609700856.6052642,1609700856.6122508,0.0069866180419921875
eb0b66cb9f574d6f83436f5cc38ee9c1,k-means,warm,exec,queue,0.029587984085083008,2.384185791015625e-07,2.384185791015625e-07,1609700856.5254536,1609700859.1262403,2.6007866859436035,1609700856.6184301,1609700856.6259465,0.007516384124755859
b2051297320c4f7198a736946d63be7c,k-means,warm,exec,queue,0.03464174270629883,7.152557373046875e-07,4.76837158203125e-07,1609700856.5280626,1609700858.3153582,1.7872955799102783,1609700856.6180577,1609700856.6246057,0.0065479278564453125
2f368b6adfb74908aedad14315601b97,k-means,warm,exec,queue,0.043534278869628906,2.384185791015625e-07,0.0,1609700856.5305173,1609700861.1488218,4.618304491043091,1609700856.6212516,1609700856.628317,0.007065534591674805
670edf771d1a4bd995b09f35df8f3828,k-means,warm,exec,queue,0.04889702796936035,2.384185791015625e-07,0.0,1609700856.5320354,1609700861.1448839,4.612848520278931,1609700856.6210933,1609700856.6281147,0.007021427154541016
9d8f756c01a3489d92a18934dfc03ddb,k-means,warm,exec,queue,0.05338788032531738,4.76837158203125e-07,2.384185791015625e-07,1609700856.5335078,1609700858.3142815,1.780773639678955,1609700856.6339226,1609700856.641801,0.007878541946411133
588a88bb67f84c34a08ed6d8494bc54e,k-means,warm,exec,queue,0.059555768966674805,7.152557373046875e-07,2.384185791015625e-07,1609700856.5350003,1609700859.1172273,2.5822269916534424,1609700856.6413906,1609700856.6503289,0.008938312530517578
5a6578305dfa4fd08b8fcce6f76e5584,k-means,warm,exec,queue,0.06864666938781738,4.76837158203125e-07,4.76837158203125e-07,1609700856.536464,1609700860.0178056,3.481341600418091,1609700856.643851,1609700856.6518242,0.007973194122314453
cedb89f0658049d5940403ccc0c300c4,k-means,warm,exec,queue,0.0773015022277832,4.76837158203125e-07,4.76837158203125e-07,1609700856.5380483,1609700861.1491601,4.611111879348755,1609700856.6566987,1609700856.6625226,0.005823850631713867
fcc8f6a2367441ec92c623a509cae766,k-means,warm,exec,queue,0.08232975006103516,4.76837158203125e-07,2.384185791015625e-07,1609700856.5394893,1609700859.1243453,2.5848560333251953,1609700856.6712275,1609700856.6775963,0.006368875503540039
0022f02739df416699d3a0322d199527,k-means,warm,exec,queue,0.08985280990600586,4.76837158203125e-07,4.76837158203125e-07,1609700856.5409546,1609700857.962994,1.42203950881958,1609700856.6751242,1609700856.6841273,0.009003162384033203
2a95443d730d4cd091218b4e8ffc2442,k-means,warm,exec,queue,0.09736251831054688,4.76837158203125e-07,2.384185791015625e-07,1609700856.542469,1609700860.0174997,3.4750306606292725,1609700856.675779,1609700856.682408,0.006628990173339844
f2671ec862354480b1708e71856e64ba,k-means,warm,exec,queue,0.9412670135498047,4.76837158203125e-07,2.384185791015625e-07,1609700856.5440423,1609700861.377555,4.833512544631958,1609700857.5227907,1609700857.5294538,0.006663084030151367
5276990072a14e0b8cdec38c7e592362,video,warm,exec,queue,9.993128061294556,2.384185791015625e-07,0.0,1609700856.5455446,1609700866.7168214,10.171276807785034,1609700866.5726924,1609700866.5892477,0.016555309295654297
902f384bfe2042078a697676fa13c202,k-means,warm,exec,queue,0.00612640380859375,4.76837158203125e-07,2.384185791015625e-07,1609700857.4976845,1609700858.8021195,1.3044350147247314,1609700857.5239406,1609700857.5312586,0.007318019866943359
fbff5a0845ea400fb255173825460442,k-means,warm,exec,queue,0.01317143440246582,2.384185791015625e-07,0.0,1609700857.5004103,1609700859.1164975,1.6160871982574463,1609700857.5333734,1609700857.5401149,0.006741523742675781
76735305127c485fa523df905e682b49,k-means,warm,exec,queue,0.018111705780029297,2.384185791015625e-07,2.384185791015625e-07,1609700857.5023792,1609700859.1268442,1.624464988708496,1609700857.5400093,1609700857.5473094,0.007300138473510742
7d7e4d0c2d3d4860b83d0e5a3d350f8b,k-means,cold,exec,create,-22.878834009170532,23.584740161895752,2.384185791015625e-07,1609700857.504327,1609700861.139539,3.635211944580078,1609700858.227693,1609700858.2371173,0.009424209594726562
097d0fe126c047fda998c280a9303736,k-means,warm,exec,queue,0.008801460266113281,4.76837158203125e-07,2.384185791015625e-07,1609700857.506262,1609700858.8009415,1.2946794033050537,1609700857.5277472,1609700857.5344844,0.006737232208251953
cafee7d4b1d44a438bd90338d5ce774e,k-means,warm,exec,queue,0.00313568115234375,7.152557373046875e-07,2.384185791015625e-07,1609700858.5161633,1609700861.376558,2.8603947162628174,1609700858.5683525,1609700858.5759678,0.007615327835083008
857ba24d39464b8bbdfd0798605c5d3b,k-means,warm,exec,queue,0.02855372428894043,2.384185791015625e-07,0.0,1609700858.5206301,1609700860.0190377,1.4984076023101807,1609700858.5894415,1609700858.59551,0.00606846809387207
23421ed78657431086969777b0e55735,k-means,warm,exec,queue,0.033514976501464844,2.384185791015625e-07,4.76837158203125e-07,1609700858.523211,1609700861.3762286,2.853017568588257,1609700858.5952306,1609700858.6012976,0.006067037582397461
f0b3f1ef24a04ba1af147306435176e5,k-means,warm,exec,queue,0.03835177421569824,4.76837158203125e-07,0.0,1609700858.5257714,1609700860.0168643,1.4910929203033447,1609700858.603247,1609700858.6105828,0.0073359012603759766
5cabc794cbd34c8c9f3fb4811330e0d2,k-means,warm,exec,queue,0.04333162307739258,2.384185791015625e-07,0.0,1609700858.5290308,1609700861.6821434,3.1531126499176025,1609700858.608127,1609700858.6144345,0.006307363510131836
e31375360512440bbea001614f2e6dbb,k-means,warm,exec,queue,0.04833221435546875,2.384185791015625e-07,2.384185791015625e-07,1609700858.5304866,1609700860.0165286,1.4860420227050781,1609700858.6192238,1609700858.6278903,0.008666515350341797
eebc4769514e4949b93285677dcb995e,k-means,warm,exec,queue,0.05336332321166992,4.76837158203125e-07,2.384185791015625e-07,1609700858.5319207,1609700861.7391949,3.2072741985321045,1609700858.6203916,1609700858.627393,0.007001399993896484
d12b4d31ef01471b8e5ae1b649e58f42,k-means,warm,exec,queue,0.060106754302978516,2.384185791015625e-07,2.384185791015625e-07,1609700858.5333943,1609700861.1484027,2.6150083541870117,1609700858.6248424,1609700858.6307006,0.005858182907104492
452404ad4cd5490e9c56ef48ecb08a08,k-means,warm,exec,queue,0.023192882537841797,2.384185791015625e-07,2.384185791015625e-07,1609700858.534891,1609700860.0160983,1.4812073707580566,1609700858.5859728,1609700858.5922925,0.006319761276245117
4db3e21dfd8f4d18b8f8e73b33b5c2f0,k-means,warm,exec,queue,0.010942220687866211,2.384185791015625e-07,0.0,1609700858.5365329,1609700860.2891233,1.7525904178619385,1609700858.5686462,1609700858.5751987,0.006552457809448242
e74198716eee4c219f3980df9e6db439,k-means,warm,exec,queue,0.01605987548828125,4.76837158203125e-07,2.384185791015625e-07,1609700858.5380306,1609700861.679993,3.1419622898101807,1609700858.5737472,1609700858.5808694,0.0071222782135009766
c46330b48fea4fa5bc57a84824fee642,k-means,warm,exec,queue,0.02061629295349121,4.76837158203125e-07,4.76837158203125e-07,1609700858.5395088,1609700859.1250088,0.5855000019073486,1609700858.57924,1609700858.5865474,0.007307291030883789
b233aaf2dff747dfa087bcb641dcf1a5,k-means,warm,exec,queue,0.06496620178222656,2.384185791015625e-07,2.384185791015625e-07,1609700858.5410202,1609700860.017188,1.476167917251587,1609700858.630992,1609700858.637994,0.007002115249633789
b538948319e248a79b146e5c506685d8,video,cold,exec,create,-12.01930546760559,20.037160634994507,2.384185791015625e-07,1609700858.5426242,1609700866.7405639,8.19793963432312,1609700866.584478,1609700866.619055,0.034577131271362305
099ea5d4463a45778548d9fe5dc01bec,matmul,cold,exec,create,-9.010917663574219,14.86009931564331,0.0,1609700858.5441244,1609700864.5193894,5.975265026092529,1609700864.4294977,1609700864.4573858,0.027888059616088867
cd8f62b820e64d54adfb4f44ed2e5dda,k-means,warm,exec,queue,0.007349252700805664,2.384185791015625e-07,0.0,1609700859.5099561,1609700861.3754416,1.865485429763794,1609700859.5552526,1609700859.562118,0.006865501403808594
24d5a60436624a4caf2278752201e5f3,k-means,warm,exec,queue,0.026005268096923828,4.76837158203125e-07,2.384185791015625e-07,1609700859.5133293,1609700861.3771002,1.8637709617614746,1609700859.579347,1609700859.5861604,0.006813526153564453
3a90c3f21f1440869318f77dc65e9f13,k-means,warm,exec,queue,0.03136324882507324,2.384185791015625e-07,0.0,1609700859.515626,1609700861.1440318,1.6284058094024658,1609700859.5835812,1609700859.5892339,0.005652666091918945
04184f0b65bd41d99dd477cd7ad480cc,k-means,warm,exec,queue,0.03685259819030762,2.384185791015625e-07,0.0,1609700859.5177445,1609700860.2902725,0.7725279331207275,1609700859.5899222,1609700859.5958123,0.0058901309967041016
ddcdf65f17ef4cfe938441d1455b9e69,k-means,warm,exec,queue,0.042611122131347656,2.384185791015625e-07,0.0,1609700859.5204341,1609700860.2898905,0.7694563865661621,1609700859.595039,1609700859.5993116,0.0042726993560791016
2fafbfcae9b142709f2cd53e0f6e9e03,k-means,warm,exec,queue,0.04751086235046387,4.76837158203125e-07,0.0,1609700859.5225224,1609700860.1108842,0.5883617401123047,1609700859.6024323,1609700859.6085074,0.006075143814086914
5326fabfed5d420a9f3ae05a29d677f4,k-means,warm,exec,queue,0.0528111457824707,2.384185791015625e-07,2.384185791015625e-07,1609700859.5246327,1609700861.671104,2.1464712619781494,1609700859.6066785,1609700859.6113398,0.0046613216400146484
c943736b406a4aafacc7a4929dc616e2,k-means,warm,exec,queue,0.05803966522216797,4.76837158203125e-07,2.384185791015625e-07,1609700859.5273812,1609700861.247264,1.7198827266693115,1609700859.6145644,1609700859.621852,0.007287502288818359
5d661b69e60a4ca69a75b0b72ac82814,k-means,warm,exec,queue,0.010938405990600586,2.384185791015625e-07,0.0,1609700859.5305846,1609700861.6826537,2.152069091796875,1609700859.5609088,1609700859.5676575,0.006748676300048828
949379e126b447fe8f0e8f4bd70613af,k-means,warm,exec,queue,0.015604496002197266,2.384185791015625e-07,2.384185791015625e-07,1609700859.5330868,1609700860.2895432,0.7564563751220703,1609700859.5671067,1609700859.5736692,0.006562471389770508
181b5c4ba6e54fd59cddcafe7cc22017,k-means,warm,exec,queue,0.02063584327697754,2.384185791015625e-07,0.0,1609700859.5350947,1609700861.375886,1.8407912254333496,1609700859.5735493,1609700859.580398,0.006848812103271484
1de4f9b622e4459681b72c80ec269972,k-means,warm,exec,queue,8.058547973632812e-05,4.76837158203125e-07,4.76837158203125e-07,1609700860.526654,1609700861.6809094,1.1542553901672363,1609700860.5706964,1609700860.5800786,0.009382247924804688
85389dc8867e477ba377bf5d1fb1f5f5,k-means,warm,exec,queue,0.004901409149169922,2.384185791015625e-07,0.0,1609700860.5302382,1609700861.1431632,0.6129250526428223,1609700860.572333,1609700860.581568,0.009234905242919922
adeb04bbd6fe487d832bb1f3c01dd69f,video,cold,exec,create,-10.004103660583496,16.36161971092224,4.76837158203125e-07,1609700860.5322337,1609700867.0258994,6.49366569519043,1609700866.9251258,1609700866.9611416,0.03601574897766113
f3916b51c0ad45e88b26492b6532582b,k-means,warm,exec,queue,0.014842510223388672,7.152557373046875e-07,2.384185791015625e-07,1609700860.5341651,1609700861.9694746,1.4353094100952148,1609700860.5874026,1609700860.59695,0.00954747200012207
f0080dde35ca463fa334efd7e7f01965,k-means,warm,exec,queue,0.020795583724975586,2.384185791015625e-07,2.384185791015625e-07,1609700860.536898,1609700862.3238525,1.786954641342163,1609700860.5927877,1609700860.5998864,0.007098674774169922
94d6828d1e9140b3b77183755e78b414,k-means,warm,exec,queue,0.02581191062927246,2.384185791015625e-07,2.384185791015625e-07,1609700860.5388412,1609700862.3306072,1.7917659282684326,1609700860.5945177,1609700860.6028295,0.008311748504638672
824c5efe1291452ab61adbd5a476448e,k-means,warm,exec,queue,0.0316770076751709,7.152557373046875e-07,2.384185791015625e-07,1609700860.5407538,1609700861.740313,1.199559211730957,1609700860.624056,1609700860.6312284,0.007172346115112305
04bc5674efaf47c1badeb8700e6f6fd8,k-means,warm,exec,queue,0.04409480094909668,4.76837158203125e-07,4.76837158203125e-07,1609700860.5428383,1609700862.3209581,1.7781198024749756,1609700860.625944,1609700860.6331532,0.007209300994873047
69e883cc4087423d9be0a541d997a553,k-means,warm,exec,queue,0.055220603942871094,4.76837158203125e-07,7.152557373046875e-07,1609700860.5448234,1609700861.6816087,1.1367852687835693,1609700860.626915,1609700860.6328676,0.005952596664428711
038c0e4e7c2346fe8cc71fc35838e684,k-means,warm,exec,queue,0.05748724937438965,2.384185791015625e-07,2.384185791015625e-07,1609700860.5469344,1609700861.7659388,1.2190043926239014,1609700860.627713,1609700860.6348176,0.007104635238647461
4342d4a525954d699260b0326c8df477,k-means,warm,exec,queue,0.010388851165771484,4.76837158203125e-07,2.384185791015625e-07,1609700860.5488982,1609700862.3331,1.7842018604278564,1609700860.5870297,1609700860.5955577,0.008527994155883789
de957cab4ca846fba519814879e793fe,k-means,warm,exec,queue,0.005215644836425781,2.384185791015625e-07,0.0,1609700861.5116057,1609700862.3244483,0.812842607498169,1609700861.5479102,1609700861.5552583,0.007348060607910156
ad060d399f1942129900220c2803616d,k-means,warm,exec,queue,0.0563197135925293,2.384185791015625e-07,2.384185791015625e-07,1609700861.5143278,1609700861.8996537,0.38532590866088867,1609700861.6030486,1609700861.6078873,0.004838705062866211
605144d803a9451cb5a2f35810c4191e,k-means,warm,exec,queue,0.05171060562133789,7.152557373046875e-07,2.384185791015625e-07,1609700861.515911,1609700861.9002483,0.3843371868133545,1609700861.6025157,1609700861.610324,0.007808208465576172
2f84fa6e715e40deb41a9263ee094d73,k-means,warm,exec,queue,0.046155691146850586,2.384185791015625e-07,0.0,1609700861.5174665,1609700861.9008543,0.38338780403137207,1609700861.5909364,1609700861.595145,0.004208564758300781
de768381eb5e4f119d717a9738e41922,k-means,warm,exec,queue,0.04123377799987793,2.384185791015625e-07,0.0,1609700861.5216246,1609700862.6533997,1.131775140762329,1609700861.587227,1609700861.593277,0.0060498714447021484
b9e701665abf40a0805e108c3cf6971b,k-means,warm,exec,queue,0.03587841987609863,2.384185791015625e-07,2.384185791015625e-07,1609700861.5241146,1609700862.3300376,0.8059229850769043,1609700861.5796387,1609700861.584432,0.0047931671142578125
e4fe6e8e4a9f4f939d9ea3f62d75c698,k-means,warm,exec,queue,0.031140565872192383,7.152557373046875e-07,4.76837158203125e-07,1609700861.5258064,1609700862.3293364,0.8035299777984619,1609700861.5761092,1609700861.5811481,0.0050389766693115234
efdbad60fc554f58a34c09f24486d09e,k-means,warm,exec,queue,0.02639293670654297,4.76837158203125e-07,2.384185791015625e-07,1609700861.5273817,1609700862.653903,1.126521348953247,1609700861.5727372,1609700861.5784886,0.005751371383666992
23f9ff9ea70b457fac98f17ab1e1e5b1,k-means,warm,exec,queue,0.010241985321044922,2.384185791015625e-07,0.0,1609700861.528961,1609700862.4506156,0.9216547012329102,1609700861.5550635,1609700861.5622754,0.007211923599243164
3e9c2c19dcc6492682a1b38e4e7a2e46,k-means,warm,exec,queue,0.014992952346801758,2.384185791015625e-07,2.384185791015625e-07,1609700861.5306282,1609700862.4908898,0.9602615833282471,1609700861.5582736,1609700861.5655742,0.007300615310668945
f60d371bf202448ba4501513fdc21d58,k-means,warm,exec,queue,0.020431995391845703,1.1920928955078125e-06,4.76837158203125e-07,1609700861.5321429,1609700861.9014187,0.3692758083343506,1609700861.5660286,1609700861.5734363,0.007407665252685547
88d1279be86e4b7687553b9991052b9b,k-means,warm,exec,queue,0.0075833797454833984,7.152557373046875e-07,2.384185791015625e-07,1609700862.5248506,1609700863.1704798,0.6456291675567627,1609700862.5611598,1609700862.569127,0.007967233657836914
ad704581abe9479496b35049ba2ae74a,video,cold,exec,create,-7.989547252655029,12.461239099502563,2.384185791015625e-07,1609700862.5275068,1609700867.117339,4.589832067489624,1609700867.0264528,1609700867.05802,0.03156733512878418
6b8a0782c3b44d59a6a0a23b4a6a336f,k-means,warm,exec,queue,0.010742425918579102,7.152557373046875e-07,2.384185791015625e-07,1609700862.528943,1609700862.9700346,0.44109153747558594,1609700862.5654426,1609700862.5723343,0.006891727447509766
6702561fc4c948e987ab46735a718d79,k-means,warm,exec,queue,0.015058279037475586,4.76837158203125e-07,4.76837158203125e-07,1609700862.530631,1609700863.0131748,0.4825437068939209,1609700862.5729437,1609700862.5807838,0.007840156555175781
546e8c917e734155919aa28129605672,k-means,warm,exec,queue,0.01962900161743164,4.76837158203125e-07,2.384185791015625e-07,1609700862.533795,1609700863.171991,0.6381959915161133,1609700862.5885248,1609700862.5945978,0.006072998046875
8d1cdf82b4a6472d8edf73c29eb0a827,k-means,warm,exec,queue,0.026849746704101562,7.152557373046875e-07,2.384185791015625e-07,1609700862.536435,1609700863.2573826,0.7209477424621582,1609700862.5945039,1609700862.6019533,0.00744938850402832
ba31f22affba44d59364cc5e93679bdb,k-means,warm,exec,queue,0.0314791202545166,4.76837158203125e-07,4.76837158203125e-07,1609700862.538426,1609700862.968787,0.4303610324859619,1609700862.5957024,1609700862.602537,0.006834506988525391
b51cccc477e0403d8c1ccd29567f511d,k-means,warm,exec,queue,0.03617382049560547,4.76837158203125e-07,2.384185791015625e-07,1609700862.539806,1609700863.0628953,0.5230894088745117,1609700862.596918,1609700862.6046224,0.007704257965087891
45b6e2820a0e43e0b61ba38ac657c3c7,k-means,warm,exec,queue,0.04096651077270508,7.152557373046875e-07,4.76837158203125e-07,1609700862.5417635,1609700863.0149274,0.4731638431549072,1609700862.6039855,1609700862.6110516,0.007066011428833008
679ea85a169d432eb7f28a4c7924cedc,k-means,warm,exec,queue,0.012995004653930664,2.384185791015625e-07,2.384185791015625e-07,1609700863.518543,1609700863.6612198,0.14267683029174805,1609700863.5749335,1609700863.5816014,0.0066678524017333984
fa623b2132f74eadae17d74dba45707a,k-means,warm,exec,queue,0.012779951095581055,9.5367431640625e-07,2.384185791015625e-07,1609700863.522176,1609700863.7708406,0.24866461753845215,1609700863.5857637,1609700863.5922964,0.0065326690673828125
eb41d4dcd68f449197f3b66719c1d831,k-means,warm,exec,queue,0.018944978713989258,4.76837158203125e-07,2.384185791015625e-07,1609700863.5245671,1609700863.7211587,0.19659161567687988,1609700863.5954654,1609700863.6022716,0.006806135177612305
6aa52505a63f4ea99d6139f065292955,k-means,warm,exec,queue,0.023408889770507812,2.384185791015625e-07,4.76837158203125e-07,1609700863.5280056,1609700863.7217546,0.19374895095825195,1609700863.6010745,1609700863.6074688,0.006394386291503906
ce12b9554d0c4b5a824a71682096fa49,k-means,warm,exec,queue,0.028374433517456055,7.152557373046875e-07,5.1021575927734375e-05,1609700863.5300035,1609700863.7181635,0.18815994262695312,1609700863.6046078,1609700863.6124477,0.00783991813659668
8ad2c34808e14e728432412cadbd5ab2,k-means,warm,exec,queue,0.03404569625854492,2.384185791015625e-07,2.384185791015625e-07,1609700863.5314674,1609700864.1357634,0.6042959690093994,1609700863.6071877,1609700863.614659,0.007471323013305664
15b83d85f6da41999859777000306900,k-means,warm,exec,queue,0.0382232666015625,2.384185791015625e-07,4.76837158203125e-07,1609700863.5329788,1609700863.9505303,0.41755151748657227,1609700863.613023,1609700863.620337,0.007313966751098633
6610dc65009e415099a01ade531050ae,k-means,warm,exec,queue,0.043174028396606445,2.384185791015625e-07,2.384185791015625e-07,1609700863.535255,1609700863.8215928,0.28633785247802734,1609700863.6177263,1609700863.6246014,0.006875038146972656
5f096c87827d4b9791c880145629b26c,k-means,warm,exec,queue,0.047899484634399414,4.76837158203125e-07,4.76837158203125e-07,1609700863.5375314,1609700863.8199813,0.28244996070861816,1609700863.6261246,1609700863.6330876,0.006963014602661133
94a81750168f4feb87b0ccc5a9e95129,k-means,warm,exec,queue,0.05566215515136719,7.152557373046875e-07,2.384185791015625e-07,1609700863.5400584,1609700863.8965585,0.35650014877319336,1609700863.6309109,1609700863.6368995,0.005988597869873047
68009cd515344b04a2b95125ca0f944b,k-means,warm,exec,queue,0.061672210693359375,2.384185791015625e-07,4.76837158203125e-07,1609700863.5423064,1609700864.1351864,0.5928800106048584,1609700863.641114,1609700863.647817,0.006702899932861328
386412af57a84e6ca642ac339d8d5395,k-means,warm,exec,queue,0.0693047046661377,2.384185791015625e-07,0.0,1609700863.5439596,1609700864.0408206,0.49686098098754883,1609700863.649463,1609700863.6559756,0.006512641906738281
212e2ad3e11d4cd3910a71c4e54e45be,k-means,warm,exec,queue,0.07691216468811035,7.152557373046875e-07,2.384185791015625e-07,1609700863.5454211,1609700864.1325724,0.587151288986206,1609700863.6580186,1609700863.6651947,0.00717616081237793
49dfe85937264528b89732bfe370db72,k-means,warm,exec,queue,0.08158421516418457,2.384185791015625e-07,2.384185791015625e-07,1609700863.5470767,1609700863.772892,0.2258152961730957,1609700863.657429,1609700863.6635141,0.00608515739440918
f76e53b1bfcd45ce968b48393cff5f46,k-means,warm,exec,queue,0.08921313285827637,4.76837158203125e-07,2.384185791015625e-07,1609700863.548552,1609700863.823243,0.2746908664703369,1609700863.6644616,1609700863.6734037,0.008942127227783203
4bc4558f6063444094e8d3fe4424e9fe,k-means,warm,exec,queue,0.010959863662719727,4.76837158203125e-07,2.384185791015625e-07,1609700864.5259745,1609700864.7707765,0.24480199813842773,1609700864.6064982,1609700864.6151652,0.0086669921875
d12cf2bb0e7d405b99e7a4e68d133547,video,cold,exec,create,-12.00589632987976,14.536225318908691,2.384185791015625e-07,1609700864.5296357,1609700867.2166185,2.6869828701019287,1609700867.1188226,1609700867.1587343,0.039911746978759766
288e2d8870604b5486372c9e35ace6d6,k-means,warm,exec,queue,0.018586158752441406,4.76837158203125e-07,2.384185791015625e-07,1609700864.5328183,1609700864.7311728,0.19835448265075684,1609700864.6138115,1609700864.622436,0.008624553680419922
55e6fcc2d97242a2a87c37e04110b974,k-means,warm,exec,queue,0.022968053817749023,4.76837158203125e-07,2.384185791015625e-07,1609700864.5359828,1609700864.729153,0.19317007064819336,1609700864.6169195,1609700864.6244786,0.007559061050415039
9659b275b5004fddb175a45c05b900f6,k-means,warm,exec,queue,0.027639389038085938,9.5367431640625e-07,2.384185791015625e-07,1609700864.5395026,1609700864.7727447,0.23324203491210938,1609700864.6367953,1609700864.6437492,0.0069539546966552734
60183baf897d406cab95eac429393cd6,k-means,warm,exec,queue,0.03816986083984375,7.152557373046875e-07,0.0,1609700864.5428836,1609700864.8911793,0.3482956886291504,1609700864.6546688,1609700864.6634421,0.008773326873779297
ee1e4756c85a47c792d9655f2152c630,k-means,warm,exec,queue,0.04190325736999512,4.76837158203125e-07,2.384185791015625e-07,1609700864.5460494,1609700864.857469,0.3114197254180908,1609700864.6571763,1609700864.6641924,0.007016181945800781
0acc02b7aecf455b8ed137335cd13750,k-means,warm,exec,queue,0.050240278244018555,2.384185791015625e-07,2.384185791015625e-07,1609700864.5490122,1609700864.9215188,0.37250661849975586,1609700864.6579885,1609700864.668908,0.010919570922851562
2742cfc3b38248c5b1a8d0ae746eddd0,k-means,warm,exec,queue,0.05837392807006836,4.76837158203125e-07,2.384185791015625e-07,1609700864.5521474,1609700864.89062,0.3384726047515869,1609700864.6589873,1609700864.6670275,0.008040189743041992
35f016aed263422198c0c8b116ad91f7,k-means,warm,exec,queue,0.06287693977355957,2.384185791015625e-07,2.384185791015625e-07,1609700864.555525,1609700864.812497,0.2569718360900879,1609700864.6606731,1609700864.6677089,0.007035732269287109
76ec73a50ef240a380efa78df2afbb92,k-means,warm,exec,queue,0.013501405715942383,4.76837158203125e-07,2.384185791015625e-07,1609700864.5586543,1609700864.8144214,0.2557671070098877,1609700864.6089668,1609700864.620435,0.011468172073364258
ff567c45fd234126a9e85015567f763e,matmul,warm,exec,queue,0.03087162971496582,2.384185791015625e-07,7.152557373046875e-07,1609700864.5618105,1609700865.3030946,0.7412841320037842,1609700864.6457474,1609700864.657875,0.01212763786315918
0a7dc87247af474b96fa6dad37f3576a,map_reduce,warm,exec,queue,0.04223275184631348,2.384185791015625e-07,2.384185791015625e-07,1609700864.566703,1609700865.200777,0.6340739727020264,1609700864.661603,1609700864.7463808,0.08477783203125
7a24630c461c4d94b23ae3f3f690a0a6,disk,warm,exec,queue,0.042867183685302734,2.384185791015625e-07,2.384185791015625e-07,1609700864.5702748,1609700864.8601015,0.2898266315460205,1609700864.6568642,1609700864.6696174,0.01275324821472168
3df2d8707c7642b18ab189451f7def46,k-means,warm,exec,queue,0.004358768463134766,4.76837158203125e-07,2.384185791015625e-07,1609700865.5172653,1609700865.639335,0.1220695972442627,1609700865.567183,1609700865.574065,0.0068819522857666016
5a8e71a68afe4878b0588e3b5c7513d4,k-means,warm,exec,queue,0.03159213066101074,4.76837158203125e-07,2.384185791015625e-07,1609700865.52112,1609700865.7071028,0.18598270416259766,1609700865.600733,1609700865.6068227,0.006089687347412109
36d8488dde7e45b89c903d9c735d9bea,k-means,warm,exec,queue,0.03652620315551758,4.76837158203125e-07,0.0,1609700865.5232244,1609700865.8682384,0.3450140953063965,1609700865.6025941,1609700865.608752,0.006157875061035156
27bf89ad72914c208f98bef8128fb3be,k-means,warm,exec,queue,0.04190826416015625,4.76837158203125e-07,0.0,1609700865.5253696,1609700865.7107801,0.1854104995727539,1609700865.6070976,1609700865.613511,0.006413459777832031
ed7c2d0fb5e447bfa6ec994624cbcbbe,k-means,warm,exec,queue,0.04689311981201172,2.384185791015625e-07,2.384185791015625e-07,1609700865.5279589,1609700865.8269997,0.2990407943725586,1609700865.6176827,1609700865.6255565,0.007873773574829102
3c36c8e4a21a42a9aebb062fef4855f9,k-means,warm,exec,queue,0.05221819877624512,2.384185791015625e-07,4.76837158203125e-07,1609700865.530115,1609700865.9012856,0.3711707592010498,1609700865.6249208,1609700865.6322188,0.007297992706298828
3dbae4fea87e4e4db04801cc8690127d,k-means,warm,exec,queue,0.057265520095825195,7.152557373046875e-07,2.384185791015625e-07,1609700865.532278,1609700865.8667963,0.3345181941986084,1609700865.6251369,1609700865.63146,0.006323099136352539
dc12854b021b4c75b073c99892306049,k-means,warm,exec,queue,0.01286625862121582,2.384185791015625e-07,0.0,1609700865.5343566,1609700865.8297331,0.2953765392303467,1609700865.5718353,1609700865.5784798,0.006644487380981445
e5bfc350974b45368b52af90ad99e673,k-means,warm,exec,queue,0.017963886260986328,4.76837158203125e-07,2.384185791015625e-07,1609700865.536468,1609700865.8302486,0.2937805652618408,1609700865.584431,1609700865.592149,0.007718086242675781
badd7acabfc44f2e962f112c304b34ef,k-means,warm,exec,queue,0.023247480392456055,2.384185791015625e-07,2.384185791015625e-07,1609700865.5385797,1609700865.6644776,0.12589788436889648,1609700865.5858169,1609700865.59211,0.006293058395385742
dd778918597a4014b79110f0414413ac,k-means,warm,exec,queue,0.028471946716308594,4.76837158203125e-07,2.384185791015625e-07,1609700865.540561,1609700865.708651,0.1680901050567627,1609700865.5901601,1609700865.596478,0.006317853927612305
9a0e2abd31d24bff8ec3f342dda07e4a,k-means,warm,exec,queue,0.008020639419555664,2.384185791015625e-07,2.384185791015625e-07,1609700865.5425491,1609700865.6408014,0.0982522964477539,1609700865.5673172,1609700865.5734997,0.006182432174682617
b4c535cbfa65462a887f47416d02c237,k-means,warm,exec,queue,0.06214618682861328,2.384185791015625e-07,2.384185791015625e-07,1609700865.5446086,1609700865.711221,0.1666123867034912,1609700865.632792,1609700865.6395698,0.006777763366699219
468913be1a3244779383c4cff1f710bc,k-means,warm,exec,queue,7.295608520507812e-05,2.384185791015625e-07,0.0,1609700866.5151784,1609700866.6690109,0.15383243560791016,1609700866.5559025,1609700866.5633414,0.0074388980865478516
62f15380c04f4c54bce4bdd5a6391ccd,k-means,warm,exec,queue,0.0060155391693115234,4.76837158203125e-07,4.76837158203125e-07,1609700866.5190716,1609700866.6140215,0.09494996070861816,1609700866.5552175,1609700866.5616906,0.006473064422607422
3ca66194a8fb466eb39fd2879610170d,k-means,warm,exec,queue,0.010587930679321289,4.76837158203125e-07,2.384185791015625e-07,1609700866.5212204,1609700866.6640809,0.14286041259765625,1609700866.55993,1609700866.5665174,0.00658726692199707
7a8ea499d9144da6a3aafa83f9a74fa4,k-means,warm,exec,queue,0.015424966812133789,2.384185791015625e-07,0.0,1609700866.522778,1609700866.6407056,0.11792755126953125,1609700866.5651379,1609700866.572067,0.006929159164428711
1417b53e997b4e2999fccc27a882e252,k-means,warm,exec,queue,0.020129919052124023,2.384185791015625e-07,0.0,1609700866.5246005,1609700866.6378376,0.11323714256286621,1609700866.5724282,1609700866.5794249,0.006996631622314453
6314b2e716734488932b9fefc7609602,k-means,warm,exec,queue,0.025575637817382812,2.384185791015625e-07,7.152557373046875e-07,1609700866.5261128,1609700866.6412537,0.11514091491699219,1609700866.576907,1609700866.5828986,0.005991697311401367
d5cf1f3351af45e8a3e32a741c403414,k-means,warm,exec,queue,0.030396223068237305,2.384185791015625e-07,2.384185791015625e-07,1609700866.5276363,1609700866.7900565,0.2624201774597168,1609700866.5837917,1609700866.591344,0.007552385330200195
c21ac9a3185a4a59a09ae8c878d0cf21,k-means,warm,exec,queue,0.035602569580078125,2.384185791015625e-07,0.0,1609700866.5291932,1609700866.714102,0.18490886688232422,1609700866.588252,1609700866.5954335,0.007181406021118164
5b417bd5c99c41bcb305a26a362b2ca5,k-means,warm,exec,queue,0.04103899002075195,2.384185791015625e-07,2.384185791015625e-07,1609700866.5307102,1609700866.669637,0.13892674446105957,1609700866.5930412,1609700866.599276,0.006234884262084961
aafda975d5544ab892669b9694d1df6f,k-means,warm,exec,queue,0.0463261604309082,2.384185791015625e-07,0.0,1609700866.5325933,1609700866.7914894,0.2588961124420166,1609700866.5987928,1609700866.6048517,0.006058931350708008
c80f57a743444905b379f40c2fcca5c6,k-means,warm,exec,queue,0.051431894302368164,2.384185791015625e-07,0.0,1609700866.53405,1609700866.7174022,0.18335223197937012,1609700866.6062644,1609700866.6128948,0.006630420684814453
92cacf41f69b4e189b98cfb362b32a5c,video,cold,exec,create,-9.943835735321045,10.604026079177856,2.384185791015625e-07,1609700866.5354898,1609700867.317251,0.7817611694335938,1609700867.2158382,1609700867.2487497,0.03291153907775879
a66c7de064fa4f578037637e265f272a,k-means,warm,exec,queue,0.004996299743652344,2.384185791015625e-07,4.76837158203125e-07,1609700867.5204964,1609700867.6505725,0.13007616996765137,1609700867.5704877,1609700867.5775714,0.0070836544036865234
7cb592617fc94914871f2eb697c4f95a,k-means,warm,exec,queue,0.036988019943237305,2.384185791015625e-07,0.0,1609700867.5241377,1609700867.9977796,0.47364187240600586,1609700867.6032715,1609700867.607692,0.00442051887512207
c2b07d39354b4f689b27e436db8e85c6,k-means,warm,exec,queue,0.04232978820800781,2.384185791015625e-07,2.384185791015625e-07,1609700867.526148,1609700867.9948533,0.4687051773071289,1609700867.611292,1609700867.6180587,0.006766796112060547
10481990f74c4d12b9d017eb94f6e6fa,k-means,warm,exec,queue,0.04737448692321777,2.384185791015625e-07,0.0,1609700867.528155,1609700867.7779922,0.24983716011047363,1609700867.6149616,1609700867.6193078,0.004346132278442383
375a8347557f494481c43e816c78c7d8,k-means,warm,exec,queue,0.052214860916137695,4.76837158203125e-07,4.76837158203125e-07,1609700867.530367,1609700867.7347298,0.2043628692626953,1609700867.6205719,1609700867.6266458,0.006073951721191406
1c504e753ee54cd28f18df9f9a76d3b0,k-means,warm,exec,queue,0.01897740364074707,7.152557373046875e-07,0.0,1609700867.5323696,1609700867.8185308,0.2861611843109131,1609700867.5815654,1609700867.5884402,0.006874799728393555
7b7631c138ad4b4f84a4ad7d078c7504,k-means,warm,exec,queue,0.0244448184967041,2.384185791015625e-07,2.384185791015625e-07,1609700867.5342307,1609700867.694722,0.1604912281036377,1609700867.5880063,1609700867.5928738,0.0048675537109375
44ea7143753a4e95a7920192bb23ef4b,k-means,warm,exec,queue,0.029069900512695312,2.384185791015625e-07,2.384185791015625e-07,1609700867.5360456,1609700867.6932359,0.15719032287597656,1609700867.591763,1609700867.5973902,0.005627155303955078
9d0a8e6ec3814763a7340636e351825c,k-means,warm,exec,queue,0.034044742584228516,2.384185791015625e-07,4.76837158203125e-07,1609700867.5379303,1609700867.736144,0.19821381568908691,1609700867.5990264,1609700867.6052265,0.006200075149536133
ff7fc4b5f4764c47b7e7305ca033d00f,k-means,warm,exec,queue,0.013768434524536133,2.384185791015625e-07,2.384185791015625e-07,1609700867.5398445,1609700867.8200939,0.28024935722351074,1609700867.5755124,1609700867.5823827,0.006870269775390625
2afa893e6eac4fb1b25ae08fc83f28f9,k-means,warm,exec,queue,0.009070396423339844,2.384185791015625e-07,2.384185791015625e-07,1609700867.5417573,1609700867.652037,0.11027956008911133,1609700867.5708652,1609700867.5784464,0.007581233978271484
da6677a7035144049e9d074d0c77ad4a,k-means,warm,exec,queue,0.057203054428100586,2.384185791015625e-07,0.0,1609700867.5435877,1609700867.996557,0.4529693126678467,1609700867.6254802,1609700867.629987,0.004506826400756836
79e109bcc1384db5affd21cf04b61b2c,k-means,warm,exec,queue,0.06282210350036621,2.384185791015625e-07,2.384185791015625e-07,1609700867.5455086,1609700867.9186742,0.3731656074523926,1609700867.634187,1609700867.6409435,0.00675654411315918
fddd90998bb8482d9fa893534a286fc4,k-means,warm,exec,queue,0.06820154190063477,2.384185791015625e-07,4.76837158203125e-07,1609700867.5485756,1609700867.776528,0.227952241897583,1609700867.6370199,1609700867.6411326,0.004112720489501953
b96dab47a97549e19088e9c88f528337,k-means,warm,exec,queue,0.006165266036987305,7.152557373046875e-07,2.384185791015625e-07,1609700868.522204,1609700868.649341,0.1271371841430664,1609700868.5753477,1609700868.582885,0.007537364959716797
82c05f819d494f7bbe37c7ca3ff31b39,k-means,warm,exec,queue,0.0454866886138916,2.384185791015625e-07,4.76837158203125e-07,1609700868.525883,1609700868.7048466,0.17896366119384766,1609700868.6169775,1609700868.623222,0.006244659423828125
236ca499be33464d9bb16455c47880f0,k-means,warm,exec,queue,0.05010175704956055,2.384185791015625e-07,0.0,1609700868.5278451,1609700868.7575932,0.22974801063537598,1609700868.620664,1609700868.6269963,0.0063323974609375
f91fff3ad1b94aa88058caab6e187096,k-means,warm,exec,queue,0.05510902404785156,2.384185791015625e-07,0.0,1609700868.5298421,1609700868.7580352,0.22819304466247559,1609700868.6251001,1609700868.6306272,0.005527019500732422
8a69e5b57a6c45e58eed2308eae4aff4,k-means,warm,exec,queue,0.05946087837219238,2.384185791015625e-07,2.384185791015625e-07,1609700868.5320017,1609700868.7553964,0.22339463233947754,1609700868.6306217,1609700868.6365747,0.005953073501586914
e99252d1d2124c31a6571103571ac0eb,k-means,warm,exec,queue,0.016163110733032227,2.384185791015625e-07,0.0,1609700868.5339656,1609700868.7592788,0.2253131866455078,1609700868.5794494,1609700868.5869656,0.007516145706176758
c8b1a5753a5b433eae40511203fc6211,k-means,warm,exec,queue,0.021322250366210938,0.0,2.384185791015625e-07,1609700868.5359373,1609700868.858525,0.3225877285003662,1609700868.5850303,1609700868.5923333,0.007302999496459961
8693bcb8637c4e618e5510001095e839,k-means,warm,exec,queue,0.0287020206451416,0.0,2.384185791015625e-07,1609700868.5377414,1609700868.9059706,0.3682291507720947,1609700868.5938895,1609700868.599974,0.006084442138671875
481b685f37ff4a9b8f4554a759c6a7bd,k-means,warm,exec,queue,0.033074140548706055,2.384185791015625e-07,2.384185791015625e-07,1609700868.5395348,1609700868.7063475,0.16681265830993652,1609700868.5984652,1609700868.6043253,0.005860090255737305
842f78f7174c4c618057f7567e46e9cb,k-means,warm,exec,queue,0.038266897201538086,2.384185791015625e-07,2.384185791015625e-07,1609700868.5414438,1609700868.8580222,0.31657838821411133,1609700868.6040587,1609700868.6103508,0.006292104721069336
2f6c645e00554ddfb0de1334cb8d87c5,k-means,warm,exec,queue,0.04337191581726074,2.384185791015625e-07,2.384185791015625e-07,1609700868.5431747,1609700868.931433,0.3882582187652588,1609700868.610194,1609700868.6163614,0.006167411804199219
53e4542281a4480abba988790dd92332,k-means,warm,exec,queue,0.011233806610107422,4.76837158203125e-07,2.384185791015625e-07,1609700868.5450273,1609700868.6467755,0.10174822807312012,1609700868.5755,1609700868.5831523,0.00765228271484375
f8bbdbfccc2646228b9bc5219d001c72,k-means,warm,exec,queue,0.06376409530639648,2.384185791015625e-07,0.0,1609700868.5467448,1609700868.7306993,0.18395447731018066,1609700868.6365995,1609700868.64334,0.006740570068359375
2b0b96b1c60b47c69a45e14e943b741a,video,warm,exec,queue,0.01769542694091797,2.384185791015625e-07,2.384185791015625e-07,1609700868.5486453,1609700868.7322657,0.18362045288085938,1609700868.5945258,1609700868.6108413,0.016315460205078125
b53dbe47bd954bd1b51c7bedb3d0e9de,k-means,warm,exec,queue,0.003169536590576172,4.76837158203125e-07,4.76837158203125e-07,1609700869.5235627,1609700869.7583923,0.23482966423034668,1609700869.574846,1609700869.5836916,0.00884556770324707
8f292a1f76f142ce967de7182b10807b,k-means,warm,exec,queue,0.02231121063232422,2.384185791015625e-07,2.384185791015625e-07,1609700869.5272317,1609700869.7038682,0.1766364574432373,1609700869.5964236,1609700869.6032684,0.006844758987426758
ba9dcc6d1a55425fbd826d6f57cbad22,k-means,warm,exec,queue,0.027714014053344727,2.384185791015625e-07,0.0,1609700869.5292501,1609700869.7602842,0.2310340404510498,1609700869.5980012,1609700869.6048498,0.006848573684692383
ff114ceb8bf94798be8bad1984c08a99,k-means,warm,exec,queue,0.032636165618896484,2.384185791015625e-07,4.76837158203125e-07,1609700869.5312145,1609700869.7025378,0.17132329940795898,1609700869.6009667,1609700869.60661,0.005643367767333984
d1d3a0b8f7474d5b95c5ef73c3aebf33,k-means,warm,exec,queue,0.03792691230773926,2.384185791015625e-07,0.0,1609700869.5334332,1609700869.6997566,0.16632342338562012,1609700869.6098902,1609700869.6167672,0.006876945495605469
6485c5148956447a9378cf5261ea2d54,k-means,warm,exec,queue,0.043211936950683594,2.384185791015625e-07,2.384185791015625e-07,1609700869.5353847,1609700869.8012788,0.26589417457580566,1609700869.6143548,1609700869.619279,0.00492405891418457
bfb4b08812ef42aaa1141426e77e6c5a,k-means,warm,exec,queue,0.04807019233703613,2.384185791015625e-07,2.384185791015625e-07,1609700869.5374587,1609700869.874954,0.3374953269958496,1609700869.6188278,1609700869.6254137,0.006585836410522461
7137a7f7b2fc4677a392106337bef10c,k-means,warm,exec,queue,0.052622318267822266,2.384185791015625e-07,2.384185791015625e-07,1609700869.5393074,1609700869.8046508,0.26534342765808105,1609700869.6246688,1609700869.6305358,0.00586700439453125
a44871cfd62f4da0aaa4b3b75bcdbbaf,k-means,warm,exec,queue,0.058054208755493164,4.76837158203125e-07,2.384185791015625e-07,1609700869.5413253,1609700869.8763354,0.3350100517272949,1609700869.631325,1609700869.6377218,0.006396770477294922
38cf392dacee44f0994dd5332a2bb5e1,k-means,warm,exec,queue,0.00991678237915039,2.384185791015625e-07,2.384185791015625e-07,1609700869.543442,1609700869.7020788,0.15863680839538574,1609700869.574846,1609700869.5837724,0.0089263916015625
4a419e17195448ed8b46519a62b8be94,k-means,warm,exec,queue,0.014713764190673828,2.384185791015625e-07,2.384185791015625e-07,1609700869.5454624,1609700869.657338,0.11187553405761719,1609700869.5793734,1609700869.5868795,0.007506132125854492
a0031993e3d6417c84f3b10a8939ff08,k-means,warm,exec,queue,0.019977092742919922,2.384185791015625e-07,2.384185791015625e-07,1609700869.5473838,1609700869.9082234,0.3608396053314209,1609700869.5853467,1609700869.5924962,0.007149457931518555
e771572d07a14f4181b04e4ea91fcf1a,matmul,warm,exec,queue,0.020579814910888672,2.384185791015625e-07,0.0,1609700869.5493972,1609700869.804238,0.2548408508300781,1609700869.5984838,1609700869.6083972,0.009913444519042969
3016869cd83b4463a7847c57f63d8ae5,k-means,warm,exec,queue,0.009230613708496094,7.152557373046875e-07,4.76837158203125e-07,1609700870.5243785,1609700871.0427651,0.5183866024017334,1609700870.5682638,1609700870.5758014,0.0075376033782958984
9e1bba61284542c2945fae5645084d1e,k-means,warm,exec,queue,0.02892279624938965,2.384185791015625e-07,0.0,1609700870.5284283,1609700871.0444946,0.516066312789917,1609700870.5908473,1609700870.5963025,0.0054552555084228516
83fe258083b4487894e11af5122b2eed,k-means,warm,exec,queue,0.03422904014587402,2.384185791015625e-07,0.0,1609700870.5309079,1609700871.1118708,0.5809628963470459,1609700870.5960922,1609700870.6023808,0.0062885284423828125
346275c0e084403f9863dcada4b0bfed,k-means,warm,exec,queue,0.03867983818054199,7.152557373046875e-07,2.384185791015625e-07,1609700870.5333908,1609700871.1165438,0.5831530094146729,1609700870.6022375,1609700870.6087103,0.00647282600402832
9c0cc882dfe54f5c8a1a943d0b5bf1a6,k-means,warm,exec,queue,0.04317951202392578,2.384185791015625e-07,0.0,1609700870.536142,1609700871.036485,0.500342845916748,1609700870.6081424,1609700870.6146533,0.00651097297668457
0d6d057c36e64ffbadedb8e89ea1d408,k-means,warm,exec,queue,0.04765582084655762,4.76837158203125e-07,2.384185791015625e-07,1609700870.5376327,1609700871.1073196,0.5696868896484375,1609700870.6112547,1609700870.6167307,0.0054759979248046875
2a8887101cf64ec5868049ef4cb381d9,k-means,warm,exec,queue,0.05243682861328125,2.384185791015625e-07,0.0,1609700870.539075,1609700871.1130254,0.5739505290985107,1609700870.6166947,1609700870.6227906,0.00609588623046875
87470f9fded24d2c909db6910687e215,k-means,warm,exec,queue,0.059207916259765625,2.384185791015625e-07,2.384185791015625e-07,1609700870.5405,1609700871.2364693,0.6959693431854248,1609700870.6243174,1609700870.6293309,0.005013465881347656
752c113352964bf9a8a3376dba0c64b8,k-means,warm,exec,queue,0.06510400772094727,2.384185791015625e-07,2.384185791015625e-07,1609700870.5419202,1609700871.116177,0.5742568969726562,1609700870.6306467,1609700870.6362832,0.005636453628540039
2d194140bef34f06b5f635fbc0967b24,k-means,warm,exec,queue,0.024612903594970703,4.76837158203125e-07,2.384185791015625e-07,1609700870.5434496,1609700871.0433233,0.49987363815307617,1609700870.5871542,1609700870.5929813,0.005827188491821289
7f17cd13514e4a18b343cace52fbba58,k-means,warm,exec,queue,0.013369321823120117,2.384185791015625e-07,0.0,1609700870.544886,1609700871.0438585,0.49897241592407227,1609700870.5734117,1609700870.5810857,0.007673978805541992
c82d3668c00943a08e82db02efb8714c,k-means,warm,exec,queue,0.017781734466552734,2.384185791015625e-07,0.0,1609700870.5463123,1609700871.1124725,0.5661602020263672,1609700870.5787756,1609700870.58561,0.006834268569946289
a0fec6c6331e404aa05dabcae644c257,video,warm,exec,queue,0.0160977840423584,7.152557373046875e-07,2.384185791015625e-07,1609700870.5477424,1609700871.1781127,0.6303703784942627,1609700870.5873644,1609700870.6042652,0.01690077781677246
2e7d02c36f55477a8ebb5eefa19c322a,k-means,warm,exec,queue,7.772445678710938e-05,4.76837158203125e-07,2.384185791015625e-07,1609700871.5246065,1609700871.662589,0.13798260688781738,1609700871.568834,1609700871.5762541,0.007420063018798828
76a6c18c9e7c45849a16a63d34077ebd,k-means,warm,exec,queue,0.006328582763671875,2.384185791015625e-07,2.384185791015625e-07,1609700871.5287266,1609700871.7092876,0.18056106567382812,1609700871.5687668,1609700871.5756803,0.006913423538208008
d1b449dab8f749b29d7c0e8e7aa9d20c,k-means,warm,exec,queue,0.01135110855102539,2.384185791015625e-07,2.384185791015625e-07,1609700871.5312145,1609700871.6329806,0.10176610946655273,1609700871.573962,1609700871.5814214,0.007459402084350586
2a2e7e10e9ca4d51b775e8da3fb50887,k-means,warm,exec,queue,0.016607046127319336,2.384185791015625e-07,2.384185791015625e-07,1609700871.5337133,1609700871.847411,0.31369757652282715,1609700871.5796714,1609700871.5870216,0.00735020637512207
0b19c5274861467f8edbfb672e418d93,k-means,warm,exec,queue,0.021743297576904297,2.384185791015625e-07,2.384185791015625e-07,1609700871.5365272,1609700871.6611304,0.124603271484375,1609700871.5853581,1609700871.5906198,0.005261659622192383
0a5edb20c8d44a16bc852215d4c20550,k-means,warm,exec,queue,0.0262451171875,2.384185791015625e-07,0.0,1609700871.5380225,1609700871.657995,0.11997246742248535,1609700871.589988,1609700871.5954995,0.00551152229309082
33d6cdfad41545bbb823d43953ea6339,k-means,warm,exec,queue,0.031215667724609375,2.384185791015625e-07,0.0,1609700871.5394506,1609700871.7515767,0.2121260166168213,1609700871.5964851,1609700871.6016843,0.0051991939544677734
0500988797e14941b6beb7d5c502d168,k-means,warm,exec,queue,0.03661704063415527,2.384185791015625e-07,4.76837158203125e-07,1609700871.5408819,1609700871.8459733,0.30509138107299805,1609700871.6014266,1609700871.606954,0.005527496337890625
33673f62e733435b935ed476fac50174,k-means,warm,exec,queue,0.041290998458862305,7.152557373046875e-07,2.384185791015625e-07,1609700871.542318,1609700871.7119563,0.16963815689086914,1609700871.6087918,1609700871.6155648,0.0067729949951171875
dc7a968febbd4faca5244775fd2dc8aa,k-means,warm,exec,queue,0.04607534408569336,2.384185791015625e-07,0.0,1609700871.5438612,1609700871.8454437,0.30158257484436035,1609700871.6126373,1609700871.618463,0.00582575798034668
6517abdf570747df92f83076f3fa51c9,k-means,warm,exec,queue,0.05072951316833496,2.384185791015625e-07,0.0,1609700871.5452867,1609700871.7125947,0.16730809211730957,1609700871.6169536,1609700871.622999,0.006045341491699219
a74ea615d68f4bb5bf9dd0256a89ba7f,k-means,warm,exec,queue,0.05530691146850586,2.384185791015625e-07,2.384185791015625e-07,1609700871.5467176,1609700871.8426714,0.29595375061035156,1609700871.6229403,1609700871.6280391,0.005098819732666016
252606350f434cdd99c900669ea10736,video,warm,exec,queue,0.014999151229858398,2.384185791015625e-07,2.384185791015625e-07,1609700871.548149,1609700871.6605785,0.11242938041687012,1609700871.585804,1609700871.6021283,0.016324281692504883
eae40ddc7b424ea5bec41d45a3d95688,k-means,warm,exec,queue,0.004750251770019531,7.152557373046875e-07,2.384185791015625e-07,1609700872.5197427,1609700872.618255,0.09851217269897461,1609700872.5526774,1609700872.5589268,0.006249427795410156
19ae35ef8ddd4c64a8bfb7a7630d0813,k-means,warm,exec,queue,0.04213595390319824,4.76837158203125e-07,2.384185791015625e-07,1609700872.5237422,1609700872.736059,0.21231675148010254,1609700872.5958717,1609700872.6019263,0.00605463981628418
431c6060c9ae443e828654059afa5bc2,k-means,warm,exec,queue,0.037210702896118164,2.384185791015625e-07,2.384185791015625e-07,1609700872.5262578,1609700872.762457,0.23619914054870605,1609700872.590981,1609700872.5979016,0.006920576095581055
2b3535b300544818bc35b5272bfe0de2,k-means,warm,exec,queue,0.00908517837524414,4.76837158203125e-07,2.384185791015625e-07,1609700872.5287457,1609700872.6516597,0.12291407585144043,1609700872.558316,1609700872.5658736,0.00755763053894043
237c7a9e40594a21bfa4446601901234,k-means,warm,exec,queue,0.013555765151977539,4.76837158203125e-07,4.76837158203125e-07,1609700872.531221,1609700872.6530643,0.12184333801269531,1609700872.566931,1609700872.5736713,0.0067403316497802734
8585ecd5a81e41b5915d69e669602864,k-means,warm,exec,queue,0.017951011657714844,4.76837158203125e-07,4.76837158203125e-07,1609700872.5333953,1609700872.7386749,0.20527958869934082,1609700872.5687566,1609700872.5754774,0.006720781326293945
399a98a806984098878f18489a32c3fa,k-means,warm,exec,queue,0.023045063018798828,2.384185791015625e-07,2.384185791015625e-07,1609700872.5348141,1609700872.7392106,0.20439648628234863,1609700872.5728261,1609700872.5774198,0.004593610763549805
c9eb756c7d6448b3a4e9a9831f99efab,k-means,warm,exec,queue,0.028237342834472656,4.76837158203125e-07,4.76837158203125e-07,1609700872.53624,1609700872.6941051,0.15786504745483398,1609700872.5813155,1609700872.58823,0.006914377212524414
64510d37477d4a698096a6271ff99696,k-means,warm,exec,queue,0.03323984146118164,2.384185791015625e-07,0.0,1609700872.5376687,1609700872.7608042,0.22313547134399414,1609700872.5839221,1609700872.5892158,0.005293607711791992
400c47d5a4f14fe3ba642977c58f25d1,k-means,warm,exec,queue,0.0006070137023925781,4.76837158203125e-07,2.384185791015625e-07,1609700873.5250978,1609700873.6370554,0.11195755004882812,1609700873.5664747,1609700873.5742106,0.0077359676361083984
3a735ac39dd346198bbe7f712a9b8ca5,k-means,warm,exec,queue,0.02207159996032715,2.384185791015625e-07,2.384185791015625e-07,1609700873.5290928,1609700873.7237937,0.1947009563446045,1609700873.586203,1609700873.5933747,0.007171630859375
6b79f3d416ae46aab009fd376a97d292,k-means,warm,exec,queue,0.03078317642211914,2.384185791015625e-07,2.384185791015625e-07,1609700873.5315728,1609700873.7209995,0.18942666053771973,1609700873.5960214,1609700873.6016307,0.005609273910522461
df2c481663b043a993d0f70c71189662,k-means,warm,exec,queue,0.0360414981842041,2.384185791015625e-07,2.384185791015625e-07,1609700873.534071,1609700873.7224946,0.18842363357543945,1609700873.6015882,1609700873.6070366,0.005448341369628906
bd6279f1b494484c939b14cc541fa31a,k-means,warm,exec,queue,0.04154324531555176,2.384185791015625e-07,0.0,1609700873.5368905,1609700873.7472286,0.21033811569213867,1609700873.607716,1609700873.6122277,0.004511594772338867
efee1fdfe97d4a6c80d9dbe43b84a898,k-means,warm,exec,queue,0.027097463607788086,2.384185791015625e-07,2.384185791015625e-07,1609700873.5393755,1609700873.8574803,0.31810474395751953,1609700873.5910954,1609700873.59599,0.0048944950103759766
577fca05f66d44e3937e2de1ec17981f,k-means,warm,exec,queue,0.0463407039642334,2.384185791015625e-07,0.0,1609700873.5413604,1609700873.6960723,0.15471196174621582,1609700873.6127002,1609700873.6172059,0.004505634307861328
7145d83e8c894590814b1c16f1253f79,k-means,warm,exec,queue,0.004080057144165039,2.384185791015625e-07,2.384185791015625e-07,1609700873.542781,1609700873.638775,0.0959939956665039,1609700873.5661929,1609700873.5725932,0.006400346755981445
b439c4b6defb4dcc95b680e825f51a7a,k-means,warm,exec,queue,0.00860738754272461,7.152557373046875e-07,2.384185791015625e-07,1609700873.5442185,1609700873.6974883,0.15326976776123047,1609700873.571271,1609700873.5792575,0.00798654556274414
419c649ca68844209f5b031c8cd80460,k-means,warm,exec,queue,0.013195991516113281,2.384185791015625e-07,7.152557373046875e-07,1609700873.545758,1609700873.7456937,0.1999356746673584,1609700873.5764313,1609700873.5837204,0.00728917121887207
9687052a02804c239342e61c88df1562,k-means,warm,exec,queue,0.01756596565246582,4.76837158203125e-07,2.384185791015625e-07,1609700873.547187,1609700873.7716823,0.22449517250061035,1609700873.5813358,1609700873.5860848,0.0047490596771240234
877e1c1f3ae143d283740a01faf3e378,k-means,warm,exec,queue,0.007344484329223633,2.384185791015625e-07,2.384185791015625e-07,1609700874.5280087,1609700874.6404557,0.11244702339172363,1609700874.5683866,1609700874.575624,0.007237434387207031
5885c49b13d64d9c92e046cc31062f54,video,warm,exec,queue,0.017029285430908203,2.384185791015625e-07,2.384185791015625e-07,1609700874.5321379,1609700874.6731744,0.1410365104675293,1609700874.583926,1609700874.6001475,0.01622152328491211
ea879b513bab42a7af4bb09ea3df2c8b,k-means,warm,exec,queue,0.030602455139160156,2.384185791015625e-07,0.0,1609700874.5347075,1609700874.7922533,0.25754570960998535,1609700874.5953028,1609700874.6009462,0.005643367767333984
0e05bc1d2db64e108a6e7d732608adbe,k-means,warm,exec,queue,0.03522801399230957,4.76837158203125e-07,0.0,1609700874.5369365,1609700874.9355674,0.39863085746765137,1609700874.6014407,1609700874.607793,0.006352424621582031
b28d82bab1804e179366725e41c6f42b,k-means,warm,exec,queue,0.04048967361450195,2.384185791015625e-07,2.384185791015625e-07,1609700874.5385277,1609700874.727419,0.18889117240905762,1609700874.6069796,1609700874.6132276,0.006247997283935547
32be0a213ff349ef9e3fbffa176a81e7,k-means,warm,exec,queue,0.046038150787353516,2.384185791015625e-07,0.0,1609700874.539945,1609700874.8552587,0.31531381607055664,1609700874.6134732,1609700874.61982,0.006346940994262695
1c2ec6a83f2c436f98efcef8330e0348,k-means,warm,exec,queue,0.05081963539123535,2.384185791015625e-07,2.384185791015625e-07,1609700874.5413764,1609700874.7942684,0.25289201736450195,1609700874.6184983,1609700874.6244946,0.005996227264404297
4e4e472f273c452f873aa8ad195d802f,k-means,warm,exec,queue,0.02545785903930664,2.384185791015625e-07,2.384185791015625e-07,1609700874.5427918,1609700874.8563092,0.31351733207702637,1609700874.5896568,1609700874.5954592,0.0058023929595947266
ae09a89fed0f423289590a50d173e44a,k-means,warm,exec,queue,0.019939899444580078,2.384185791015625e-07,0.0,1609700874.5442336,1609700874.7241073,0.17987370491027832,1609700874.5832806,1609700874.5889099,0.005629301071166992
630f8679a9bf4512af101d64c1356545,k-means,warm,exec,queue,0.011278390884399414,2.384185791015625e-07,2.384185791015625e-07,1609700874.545773,1609700874.6422455,0.09647250175476074,1609700874.5737822,1609700874.5812666,0.00748443603515625
2101376191104f7db7a91e3f042ae0d4,k-means,warm,exec,queue,0.01594686508178711,4.76837158203125e-07,2.384185791015625e-07,1609700874.5472069,1609700874.8557873,0.3085803985595703,1609700874.5786648,1609700874.5862036,0.007538795471191406
5422694ea67f415bb6b620f85d12c350,matmul,warm,exec,queue,0.025008440017700195,2.384185791015625e-07,2.384185791015625e-07,1609700874.548645,1609700874.7268677,0.17822265625,1609700874.5901546,1609700874.5989063,0.008751630783081055
6b2b2faefe884130b2ef288dbd67e2c1,map_reduce,warm,exec,queue,0.025558948516845703,2.384185791015625e-07,0.0,1609700874.5500877,1609700874.8518791,0.3017914295196533,1609700874.5954914,1609700874.6806285,0.08513712882995605
20cde4d5c01f420daf1791718391430b,k-means,warm,exec,queue,0.0017573833465576172,2.384185791015625e-07,2.384185791015625e-07,1609700875.5312054,1609700875.7021613,0.17095589637756348,1609700875.5790713,1609700875.585776,0.006704807281494141
9fe2d265925e421bb40c85f8b15b67c4,k-means,warm,exec,queue,0.025324344635009766,4.76837158203125e-07,0.0,1609700875.5353212,1609700875.8020298,0.2667086124420166,1609700875.601426,1609700875.6085975,0.007171630859375
e4ef302da85041a4befb5c9798c65112,k-means,warm,exec,queue,0.02996969223022461,4.76837158203125e-07,0.0,1609700875.5379176,1609700875.7042305,0.16631293296813965,1609700875.6122007,1609700875.6186104,0.006409645080566406
e56f28312cce49e9b4ec0cb93ece9d82,k-means,warm,exec,queue,0.035869598388671875,2.384185791015625e-07,0.0,1609700875.5403986,1609700875.767094,0.22669529914855957,1609700875.6145875,1609700875.6210008,0.00641322135925293
a897ce8ca74f455dbcabbdc1b98e4dbf,k-means,warm,exec,queue,0.04106545448303223,2.384185791015625e-07,2.384185791015625e-07,1609700875.5432181,1609700875.7337608,0.19054269790649414,1609700875.6171691,1609700875.62311,0.005940914154052734
c1588480bf7b4953b08ff0f035d15367,k-means,warm,exec,queue,0.04674029350280762,4.76837158203125e-07,7.152557373046875e-07,1609700875.545217,1609700875.9006348,0.35541772842407227,1609700875.629372,1609700875.6363497,0.00697779655456543
a2ac5c5725fa4a9fb4a3995bb3306657,k-means,warm,exec,queue,0.05249905586242676,2.384185791015625e-07,2.384185791015625e-07,1609700875.5466757,1609700876.2724423,0.725766658782959,1609700875.6304963,1609700875.6348746,0.004378318786621094
94a89c69caeb4345ace8ba7c4bcf714d,k-means,warm,exec,queue,0.05739760398864746,2.384185791015625e-07,2.384185791015625e-07,1609700875.5480945,1609700876.2718022,0.7237076759338379,1609700875.6345534,1609700875.6401126,0.005559206008911133
6eb3712306364baa9e1bf6c21e594a22,k-means,warm,exec,queue,0.06221342086791992,4.76837158203125e-07,2.384185791015625e-07,1609700875.5495229,1609700876.2685008,0.7189779281616211,1609700875.6453264,1609700875.652025,0.0066986083984375
60e6a962cd1e4d958bc5ef1bde32c07f,k-means,warm,exec,queue,0.06767725944519043,2.384185791015625e-07,2.384185791015625e-07,1609700875.5510821,1609700875.7653973,0.21431517601013184,1609700875.6472085,1609700875.6518207,0.0046122074127197266
c3d6e8677fa8472fb9415c88fa8dc4a0,k-means,warm,exec,queue,0.07268667221069336,2.384185791015625e-07,2.384185791015625e-07,1609700875.552518,1609700876.318263,0.7657451629638672,1609700875.6511028,1609700875.6570585,0.005955696105957031
877588bc40684d4b938ba0be8222d297,k-means,warm,exec,queue,0.005789279937744141,2.384185791015625e-07,0.0,1609700875.5539353,1609700875.7319317,0.17799639701843262,1609700875.5800657,1609700875.587244,0.007178306579589844
f92c2f9c93c04eae828493311ea0e883,k-means,warm,exec,queue,0.010789871215820312,4.76837158203125e-07,0.0,1609700875.555357,1609700875.6636326,0.1082756519317627,1609700875.5867715,1609700875.5954611,0.008689641952514648
472e407115c946cd8045066775dcf36d,k-means,warm,exec,queue,0.015630483627319336,4.76837158203125e-07,2.384185791015625e-07,1609700875.5569403,1609700875.6988518,0.14191150665283203,1609700875.5940766,1609700875.6012776,0.007200956344604492
227008ad11c348f4a30fe63752502b00,k-means,warm,exec,queue,0.0202786922454834,2.384185791015625e-07,0.0,1609700875.5583637,1609700875.7026742,0.14431047439575195,1609700875.5946593,1609700875.600116,0.005456686019897461
6d99e4dd843943dd8f2b9f41d0dfab71,k-means,warm,exec,queue,0.0006113052368164062,2.384185791015625e-07,4.76837158203125e-07,1609700876.5291326,1609700876.6625173,0.13338470458984375,1609700876.5706685,1609700876.5780952,0.007426738739013672
68c0ad27ac2c4d6088d9f36eb548eed8,k-means,warm,exec,queue,0.04896116256713867,2.384185791015625e-07,2.384185791015625e-07,1609700876.5333083,1609700876.7334504,0.20014214515686035,1609700876.6195679,1609700876.625158,0.005590200424194336
a23c030b0e5e4a7599f09628b3afabe9,k-means,warm,exec,queue,0.05398726463317871,2.384185791015625e-07,0.0,1609700876.5358558,1609700876.8706396,0.33478379249572754,1609700876.6263967,1609700876.63257,0.006173372268676758
8184bf7e735c4d21aa4316f0b7f59f98,k-means,warm,exec,queue,0.0037043094635009766,2.384185791015625e-07,0.0,1609700876.537515,1609700876.66286,0.12534499168395996,1609700876.570788,1609700876.5782692,0.00748133659362793
8e97a16fe76f470fa51231c3baa87bf3,k-means,warm,exec,queue,0.009215831756591797,2.384185791015625e-07,2.384185791015625e-07,1609700876.5391543,1609700876.730032,0.19087767601013184,1609700876.5749335,1609700876.5822837,0.00735020637512207
92c550494f3141899ba47c4a0a681649,k-means,warm,exec,queue,0.014778852462768555,2.384185791015625e-07,0.0,1609700876.5406232,1609700876.6604693,0.11984610557556152,1609700876.5807548,1609700876.5887756,0.008020877838134766
b4196d17e3364db28b6384fda3ee8172,k-means,warm,exec,queue,0.021129608154296875,2.384185791015625e-07,2.384185791015625e-07,1609700876.5420954,1609700876.7609441,0.21884870529174805,1609700876.5899696,1609700876.5963583,0.006388664245605469
5e3eca29ee204a42aedf5ac77a9adbda,k-means,warm,exec,queue,0.02585124969482422,2.384185791015625e-07,2.384185791015625e-07,1609700876.543574,1609700876.762503,0.21892881393432617,1609700876.591694,1609700876.5975018,0.005807638168334961
30550c6b467346f68b76916e5940737e,k-means,warm,exec,queue,0.031080007553100586,2.384185791015625e-07,2.384185791015625e-07,1609700876.545056,1609700876.733072,0.18801593780517578,1609700876.5971727,1609700876.6022618,0.0050890445709228516
636bebf3cfbd4be6ba1404a3ec7cd356,k-means,warm,exec,queue,0.035948753356933594,4.76837158203125e-07,2.384185791015625e-07,1609700876.5466146,1609700876.8729012,0.32628655433654785,1609700876.6043696,1609700876.6096323,0.005262613296508789
fc8ba4ca679649919b938988b63f43a7,k-means,warm,exec,queue,0.04111671447753906,0.0,2.384185791015625e-07,1609700876.548105,1609700876.8744044,0.32629942893981934,1609700876.608068,1609700876.6139503,0.00588226318359375
c093a7f2f67c4aef899a5f475b66b1aa,k-means,warm,exec,queue,0.04581093788146973,2.384185791015625e-07,2.384185791015625e-07,1609700876.549586,1609700876.8369875,0.2874014377593994,1609700876.614505,1609700876.6204398,0.005934715270996094
cfa4733f7383467b8234c5ca32322973,video,warm,exec,queue,0.013783454895019531,2.384185791015625e-07,2.384185791015625e-07,1609700876.5510561,1609700876.6940207,0.14296460151672363,1609700876.5901818,1609700876.6068099,0.016628026962280273
97e34c99ef434883abf9912bf100fe5e,k-means,warm,exec,queue,0.00409388542175293,2.384185791015625e-07,0.0,1609700877.5299177,1609700877.7183177,0.1884000301361084,1609700877.5668728,1609700877.5744967,0.007623910903930664
337819cf3e5c4e07a9a1c82c96937233,k-means,warm,exec,queue,0.026015043258666992,2.384185791015625e-07,2.384185791015625e-07,1609700877.5339482,1609700877.8903658,0.3564176559448242,1609700877.5905228,1609700877.595304,0.004781246185302734
40e335413f0f48a4b9324ae6479d9562,k-means,warm,exec,queue,0.03126835823059082,2.384185791015625e-07,0.0,1609700877.5364664,1609700877.8886347,0.35216832160949707,1609700877.5979395,1609700877.6033971,0.005457639694213867
a4218529c5c9451e8f6da0f25987ed7b,k-means,warm,exec,queue,0.03688359260559082,2.384185791015625e-07,2.384185791015625e-07,1609700877.5379944,1609700877.7135744,0.17558002471923828,1609700877.6019533,1609700877.606392,0.004438638687133789
e9ac6f7ca19b479b83e838a58200c271,k-means,warm,exec,queue,0.04239320755004883,2.384185791015625e-07,2.384185791015625e-07,1609700877.5395958,1609700877.9916515,0.4520556926727295,1609700877.6096838,1609700877.616814,0.007130146026611328
97713a3e54664a01bf5715b0e93e3412,k-means,warm,exec,queue,0.048055171966552734,2.384185791015625e-07,2.384185791015625e-07,1609700877.5410852,1609700877.718829,0.17774367332458496,1609700877.6141396,1609700877.618695,0.004555463790893555
9db25c2565364740829bf027f3a20f37,k-means,warm,exec,queue,0.05369710922241211,4.76837158203125e-07,2.384185791015625e-07,1609700877.5425825,1609700878.107947,0.5653645992279053,1609700877.622005,1609700877.6289756,0.006970643997192383
87f5837f2cc547a093a8995605b40c00,k-means,warm,exec,queue,0.058905601501464844,2.384185791015625e-07,0.0,1609700877.5439992,1609700877.9646707,0.4206714630126953,1609700877.6262403,1609700877.630724,0.004483699798583984
dcd45c24a23d4d9b8304ce6f466604ef,k-means,warm,exec,queue,0.01114654541015625,2.384185791015625e-07,2.384185791015625e-07,1609700877.5454464,1609700877.922731,0.37728452682495117,1609700877.573715,1609700877.5808277,0.007112741470336914
f4b61f138e974e04ae993cc5fa43ec25,k-means,warm,exec,queue,0.016427278518676758,2.384185791015625e-07,0.0,1609700877.5469832,1609700878.1236677,0.5766844749450684,1609700877.5821476,1609700877.5896409,0.007493257522583008
15c3a09e6912471b8f87cdc3eba56d4d,k-means,warm,exec,queue,0.02211737632751465,4.76837158203125e-07,2.384185791015625e-07,1609700877.5484495,1609700877.720345,0.17189550399780273,1609700877.5865023,1609700877.5920582,0.005555868148803711
5f50dbdc11024c71a17d82a02fb162f3,k-means,warm,exec,queue,0.006729841232299805,4.76837158203125e-07,2.384185791015625e-07,1609700877.5498726,1609700877.7195616,0.16968894004821777,1609700877.5689688,1609700877.5763664,0.007397651672363281
d6aceb19031d4488861f39405102dcb4,k-means,warm,exec,queue,5.9604644775390625e-05,2.384185791015625e-07,2.384185791015625e-07,1609700878.528404,1609700878.6410723,0.11266827583312988,1609700878.5628085,1609700878.5702012,0.0073926448822021484
dc2cf5b7e9a7406eb577ff8a3f40f0f8,video,warm,exec,queue,0.019270658493041992,2.384185791015625e-07,2.384185791015625e-07,1609700878.5324128,1609700878.7699134,0.23750066757202148,1609700878.5826719,1609700878.5986495,0.01597762107849121
211aa76cec794e5e92bd67943085ed1b,k-means,warm,exec,queue,0.0038118362426757812,2.384185791015625e-07,0.0,1609700878.5349135,1609700878.6431024,0.10818886756896973,1609700878.5631237,1609700878.5706806,0.007556915283203125
984a1bb09bb7417bb4815529d54244a7,k-means,warm,exec,queue,0.00870203971862793,2.384185791015625e-07,2.384185791015625e-07,1609700878.5371037,1609700878.6435344,0.1064307689666748,1609700878.5676265,1609700878.574484,0.006857633590698242
8e762083cdd74f45b98d709b239c6fde,k-means,warm,exec,queue,0.013427019119262695,4.76837158203125e-07,2.384185791015625e-07,1609700878.5385196,1609700878.829128,0.29060840606689453,1609700878.5809984,1609700878.5879743,0.006975889205932617
78f1f0d0a8e14dc1a0f374fa70983eba,k-means,warm,exec,queue,0.019927263259887695,4.76837158203125e-07,2.384185791015625e-07,1609700878.5401115,1609700878.7343912,0.19427967071533203,1609700878.5821326,1609700878.5885746,0.006442070007324219
a41c7a70222342c085579a0e0aa8490e,k-means,warm,exec,queue,0.02524423599243164,2.384185791015625e-07,2.384185791015625e-07,1609700878.5415459,1609700878.8297515,0.288205623626709,1609700878.585056,1609700878.5911963,0.006140232086181641
9edda5119dcf454da679943ac0356931,k-means,warm,exec,queue,0.0306546688079834,4.76837158203125e-07,2.384185791015625e-07,1609700878.5429647,1609700878.8682153,0.32525062561035156,1609700878.5988042,1609700878.6058333,0.007029056549072266
2dfc4e7b70e9499281ae48958e7df8a5,k-means,warm,exec,queue,0.03648734092712402,2.384185791015625e-07,0.0,1609700878.544402,1609700878.7010188,0.1566169261932373,1609700878.5990167,1609700878.6048665,0.0058498382568359375
30611f3fd9414a2a92e776fc72b5e236,k-means,warm,exec,queue,0.04170489311218262,2.384185791015625e-07,2.384185791015625e-07,1609700878.5459278,1609700878.7679436,0.2220158576965332,1609700878.6039348,1609700878.6098897,0.0059549808502197266
fb854ea008d34786b9ed25815eb3b386,k-means,warm,exec,queue,5.936622619628906e-05,4.76837158203125e-07,2.384185791015625e-07,1609700879.538508,1609700879.698519,0.16001105308532715,1609700879.594967,1609700879.6016629,0.006695985794067383
663e33d7254c4d3b84ed8908bac1fc0d,k-means,warm,exec,queue,0.010699272155761719,4.76837158203125e-07,2.384185791015625e-07,1609700879.54221,1609700879.6996303,0.15742015838623047,1609700879.5963216,1609700879.603366,0.007044315338134766
3c4afc0d213c4d72909ccac86e4d3772,k-means,warm,exec,queue,0.015167236328125,2.384185791015625e-07,2.384185791015625e-07,1609700879.5445576,1609700879.896427,0.3518693447113037,1609700879.6017795,1609700879.6091857,0.0074062347412109375
eadf02b30a7f46b09701bd8ff1047272,k-means,warm,exec,queue,0.01975226402282715,2.384185791015625e-07,0.0,1609700879.546841,1609700879.9754212,0.42858028411865234,1609700879.6119156,1609700879.6193461,0.007430553436279297
ab0b510f049b4445af0eb355ab5835fa,k-means,warm,exec,queue,0.024867773056030273,2.384185791015625e-07,0.0,1609700879.5494037,1609700880.0354302,0.4860265254974365,1609700879.6119,1609700879.6179633,0.006063222885131836
2ec4a06f58814c29bd0e7d1955059783,k-means,warm,exec,queue,0.02997612953186035,4.76837158203125e-07,2.384185791015625e-07,1609700879.5516963,1609700879.7956731,0.24397683143615723,1609700879.617367,1609700879.6226606,0.005293607711791992
3e9fc6213bab404684d4912cc6d0e89f,k-means,warm,exec,queue,0.034670352935791016,4.76837158203125e-07,0.0,1609700879.5535007,1609700879.9765685,0.4230678081512451,1609700879.6246912,1609700879.6310935,0.006402254104614258
135429e6200b4ce48a436cdcd5ec9cd8,k-means,warm,exec,queue,0.03904843330383301,2.384185791015625e-07,0.0,1609700879.5549135,1609700879.7583604,0.2034468650817871,1609700879.6282396,1609700879.6335647,0.0053250789642333984
e8d2143dcfbb46feace025842facc878,k-means,warm,exec,queue,0.044310569763183594,2.384185791015625e-07,2.384185791015625e-07,1609700879.5563486,1609700879.9703465,0.4139978885650635,1609700879.6323423,1609700879.637502,0.005159616470336914
b9bcce2a9e3849c99bda2953a5ca8e61,k-means,warm,exec,queue,0.04914736747741699,4.76837158203125e-07,2.384185791015625e-07,1609700879.5578737,1609700879.760242,0.20236825942993164,1609700879.6390991,1609700879.6434255,0.004326343536376953
668e207524b149d6bda486cafd08617c,k-means,warm,exec,queue,0.05382251739501953,4.76837158203125e-07,2.384185791015625e-07,1609700879.5592911,1609700880.0736847,0.5143935680389404,1609700879.643183,1609700879.646962,0.0037789344787597656
f9cdc70092224dc09a2bab57682f0793,k-means,warm,exec,queue,0.05915975570678711,2.384185791015625e-07,2.384185791015625e-07,1609700879.560715,1609700880.0716877,0.5109727382659912,1609700879.6491709,1609700879.6532958,0.004124879837036133
f5d81996e4b143dabe138e9f4ea54f47,k-means,warm,exec,queue,0.06426239013671875,4.76837158203125e-07,2.384185791015625e-07,1609700879.5622306,1609700879.8504074,0.2881767749786377,1609700879.655012,1609700879.6590474,0.004035472869873047
65251c32f54d4f4089a223ef7982d297,k-means,warm,exec,queue,0.06947064399719238,2.384185791015625e-07,2.384185791015625e-07,1609700879.5636482,1609700879.9760177,0.4123694896697998,1609700879.6612916,1609700879.66543,0.004138469696044922
8e1af1d043b84d03bfb59d07510a80f5,k-means,warm,exec,queue,0.07456111907958984,4.76837158203125e-07,2.384185791015625e-07,1609700879.5650678,1609700880.0740201,0.5089523792266846,1609700879.6670313,1609700879.6722186,0.005187273025512695
4f05b4c1ea474e3d955c1b89ee6531f2,k-means,warm,exec,queue,0.07945847511291504,2.384185791015625e-07,2.384185791015625e-07,1609700879.5664845,1609700879.9775968,0.41111230850219727,1609700879.6723049,1609700879.6766644,0.00435948371887207
f55c48e20d0f4de3a6d7e3889f96743e,k-means,warm,exec,queue,0.08459162712097168,2.384185791015625e-07,4.76837158203125e-07,1609700879.5679803,1609700879.7919445,0.22396421432495117,1609700879.677849,1609700879.6829894,0.0051403045654296875
3b2efc503b8642cfb882ac1f132aac6a,matmul,warm,exec,queue,0.014404773712158203,2.384185791015625e-07,2.384185791015625e-07,1609700879.5694175,1609700879.795267,0.22584962844848633,1609700879.6126769,1609700879.6223466,0.009669780731201172
77093da03d634a56a939dfaa0d756685,k-means,warm,exec,queue,0.004061460494995117,4.76837158203125e-07,0.0,1609700880.5315993,1609700880.6356597,0.10406041145324707,1609700880.5711868,1609700880.5783906,0.007203817367553711
86df312f4d134babb2904dcf93fd625e,k-means,warm,exec,queue,0.022766590118408203,4.76837158203125e-07,2.384185791015625e-07,1609700880.5356328,1609700880.795579,0.2599461078643799,1609700880.5935094,1609700880.5994349,0.005925416946411133
ed7d145fbce148c3898cd68e885fb102,k-means,warm,exec,queue,0.02742767333984375,2.384185791015625e-07,2.384185791015625e-07,1609700880.5382507,1609700880.7656322,0.22738146781921387,1609700880.5984776,1609700880.6046433,0.006165742874145508
888a8198ea55428cad83eff7591c87ec,k-means,warm,exec,queue,0.03239727020263672,2.384185791015625e-07,2.384185791015625e-07,1609700880.540748,1609700880.7650857,0.22433781623840332,1609700880.6026976,1609700880.6084898,0.005792140960693359
b4670795db834220829f2a901afc98a9,k-means,warm,exec,queue,0.03753995895385742,2.384185791015625e-07,2.384185791015625e-07,1609700880.5436127,1609700880.7199774,0.17636466026306152,1609700880.610358,1609700880.6164706,0.006112575531005859
0dc4c8b217884cd3912c2e8b2e8b2d41,k-means,warm,exec,queue,0.04253029823303223,4.76837158203125e-07,2.384185791015625e-07,1609700880.5455117,1609700880.829547,0.28403520584106445,1609700880.6147456,1609700880.6206236,0.005877971649169922
b1b2ce2a131e47e4a0e44551836b2178,k-means,warm,exec,queue,0.047312021255493164,2.384185791015625e-07,2.384185791015625e-07,1609700880.5469773,1609700880.85445,0.30747270584106445,1609700880.6184647,1609700880.6244822,0.006017446517944336
075e4d90b6f743aa80f08cee8abe3daa,k-means,warm,exec,queue,0.05363011360168457,2.384185791015625e-07,2.384185791015625e-07,1609700880.5484238,1609700880.8313837,0.2829599380493164,1609700880.6268747,1609700880.6328752,0.006000518798828125
cad3d91f7e124ca4a06fd9bf8b83399f,k-means,warm,exec,queue,0.007123708724975586,2.384185791015625e-07,0.0,1609700880.5498655,1609700880.7035682,0.1537027359008789,1609700880.5751104,1609700880.5826435,0.007533073425292969
5203a8470098408ea9fb8586a58504aa,k-means,warm,exec,queue,0.012040853500366211,2.384185791015625e-07,0.0,1609700880.5515625,1609700880.6816268,0.1300642490386963,1609700880.579853,1609700880.5876355,0.007782459259033203
3a9b37bc67e84db88ba302160fd5126b,k-means,warm,exec,queue,0.01891946792602539,2.384185791015625e-07,0.0,1609700880.5530562,1609700880.6785312,0.1254749298095703,1609700880.5867074,1609700880.5922804,0.0055730342864990234
aa6db2b41aaa45f4a9cc795e10a0a699,video,warm,exec,queue,0.018787145614624023,2.384185791015625e-07,2.384185791015625e-07,1609700880.5544784,1609700880.6810522,0.12657380104064941,1609700880.588408,1609700880.604354,0.015945911407470703
be0d230c5e774cb9986a2bcd44d04acc,k-means,warm,exec,queue,0.0010142326354980469,4.76837158203125e-07,2.384185791015625e-07,1609700881.5340397,1609700882.1750734,0.6410336494445801,1609700881.5800881,1609700881.5862448,0.0061566829681396484
7d050859d7a742349e78228bebca009c,k-means,warm,exec,queue,0.011308431625366211,2.384185791015625e-07,2.384185791015625e-07,1609700881.5383341,1609700882.3532174,0.8148832321166992,1609700881.5854979,1609700881.5931067,0.007608890533447266
6a7f56f317cb4c17a2498f3e568a12c3,k-means,warm,exec,queue,0.009009122848510742,2.384185791015625e-07,2.384185791015625e-07,1609700881.5409737,1609700882.1190584,0.5780847072601318,1609700881.5806887,1609700881.587677,0.0069882869720458984
eebb00a9cd0349ae81cd492b00042e82,k-means,warm,exec,queue,0.0215451717376709,4.76837158203125e-07,2.384185791015625e-07,1609700881.5435188,1609700882.3188515,0.7753326892852783,1609700881.596535,1609700881.602199,0.00566411018371582
5566eaaba6574576904ae1e25cf84cde,k-means,warm,exec,queue,0.02631974220275879,2.384185791015625e-07,0.0,1609700881.5464227,1609700882.1163628,0.5699400901794434,1609700881.6016884,1609700881.606788,0.00509953498840332
87d09d685af64061bd87d6e1ba408d58,k-means,warm,exec,queue,0.0313258171081543,4.76837158203125e-07,2.384185791015625e-07,1609700881.548726,1609700882.1404943,0.5917682647705078,1609700881.608631,1609700881.6146393,0.0060083866119384766
64293bf624d745f2a21f2d9c29d9510e,k-means,warm,exec,queue,0.036301374435424805,2.384185791015625e-07,2.384185791015625e-07,1609700881.5502331,1609700882.1211047,0.5708715915679932,1609700881.6125283,1609700881.6178145,0.005286216735839844
d52e39646c4448f293258c77a84a4272,k-means,warm,exec,queue,0.04174542427062988,2.384185791015625e-07,0.0,1609700881.5517423,1609700882.1767447,0.625002384185791,1609700881.6203399,1609700881.6264215,0.006081581115722656
2c260af6a4fe40879ab447f858af3b62,k-means,warm,exec,queue,0.04648995399475098,2.384185791015625e-07,2.384185791015625e-07,1609700881.5532734,1609700882.2863495,0.7330760955810547,1609700881.6234465,1609700881.6277812,0.004334688186645508
d63e35d222ab45dea3e92c8e9e39f0a4,k-means,warm,exec,queue,0.05118680000305176,2.384185791015625e-07,2.384185791015625e-07,1609700881.5548968,1609700882.1196263,0.5647294521331787,1609700881.6291668,1609700881.636353,0.007186174392700195
8ba7133e83d3408f860e45c6dd1990df,k-means,warm,exec,queue,0.0557856559753418,2.384185791015625e-07,0.0,1609700881.5564034,1609700882.2884786,0.7320752143859863,1609700881.633449,1609700881.6377866,0.0043375492095947266
b28c795c78c0405d9153baae19882c34,k-means,warm,exec,queue,0.016558170318603516,2.384185791015625e-07,2.384185791015625e-07,1609700881.557893,1609700882.3221025,0.764209508895874,1609700881.5932546,1609700881.6002848,0.0070302486419677734
9b47675fdffe4054aed96ad62f87505b,k-means,warm,exec,queue,0.061293840408325195,2.384185791015625e-07,2.384185791015625e-07,1609700881.5593824,1609700882.3215234,0.7621409893035889,1609700881.6407394,1609700881.6462295,0.00549006462097168
fd508d4a906246ac97f856055caadfa2,k-means,warm,exec,queue,0.000640869140625,4.76837158203125e-07,2.384185791015625e-07,1609700882.5330455,1609700882.6735046,0.1404590606689453,1609700882.5737252,1609700882.580839,0.00711369514465332
fc5b338723a64c2c8d170215f1c6e4d3,k-means,warm,exec,queue,0.023094892501831055,4.76837158203125e-07,2.384185791015625e-07,1609700882.5371923,1609700882.875675,0.3384826183319092,1609700882.594831,1609700882.5996687,0.004837751388549805
ca6e4f5ad282488a8340ec0686246816,k-means,warm,exec,queue,0.027879953384399414,2.384185791015625e-07,2.384185791015625e-07,1609700882.5396903,1609700882.801011,0.2613208293914795,1609700882.600046,1609700882.6058455,0.005799531936645508
77cabc30175d46e4ad4f1c4acbf197b1,k-means,warm,exec,queue,0.03348207473754883,2.384185791015625e-07,2.384185791015625e-07,1609700882.5415077,1609700882.799117,0.25760936737060547,1609700882.6068377,1609700882.6124456,0.0056078433990478516
24f8a1a892b5422586ca6672db6d387a,k-means,warm,exec,queue,0.039394378662109375,4.76837158203125e-07,2.384185791015625e-07,1609700882.5431027,1609700882.8773882,0.3342854976654053,1609700882.614306,1609700882.619976,0.005670070648193359
62fe903686a84cbca53c5fe573c394a6,k-means,warm,exec,queue,0.045302391052246094,2.384185791015625e-07,0.0,1609700882.5445297,1609700883.0428941,0.4983644485473633,1609700882.6183758,1609700882.6229172,0.0045413970947265625
7972fc9651ba45f8a26c0885eec56e1d,k-means,warm,exec,queue,0.049698829650878906,4.76837158203125e-07,2.384185791015625e-07,1609700882.5459404,1609700882.982474,0.43653368949890137,1609700882.6281135,1609700882.6349552,0.0068416595458984375
68ef6e6e19e84b4885e8282b52774a91,k-means,warm,exec,queue,0.0036516189575195312,4.76837158203125e-07,2.384185791015625e-07,1609700882.5473576,1609700882.9251518,0.3777942657470703,1609700882.5738873,1609700882.5812328,0.007345438003540039
f5a44e5bf67740dc9b213dbe89dfe92f,k-means,warm,exec,queue,0.007938146591186523,2.384185791015625e-07,0.0,1609700882.5487905,1609700882.6717367,0.12294626235961914,1609700882.5755732,1609700882.5826306,0.0070574283599853516
b4b072a157ea43ee96f38840aca107f2,k-means,warm,exec,queue,0.013099193572998047,2.384185791015625e-07,0.0,1609700882.5504365,1609700882.7397046,0.1892681121826172,1609700882.5814757,1609700882.5883071,0.00683140754699707
273baee2ec3c413685b2f26e1d0e79af,k-means,warm,exec,queue,0.02046966552734375,2.384185791015625e-07,2.384185791015625e-07,1609700882.5518537,1609700882.7415504,0.1896967887878418,1609700882.5910983,1609700882.5976305,0.006532192230224609
652549c8c578485089ee382cc5b5f1db,video,warm,exec,queue,0.01754927635192871,2.384185791015625e-07,2.384185791015625e-07,1609700882.5533063,1609700882.873736,0.32042956352233887,1609700882.5922148,1609700882.6074376,0.015222787857055664
32437f60125d41fa91a1fbfa66814350,k-means,warm,exec,queue,0.006091594696044922,4.76837158203125e-07,2.384185791015625e-07,1609700883.5292099,1609700884.1388457,0.6096358299255371,1609700883.5596387,1609700883.565511,0.005872249603271484
4f1610b8b6d2470a8a2a24eefb10c21f,k-means,warm,exec,queue,0.07032299041748047,4.76837158203125e-07,2.384185791015625e-07,1609700883.531719,1609700884.2035067,0.6717877388000488,1609700883.6302452,1609700883.6362965,0.006051301956176758
bd6aa1593a5742d99ab5a279a1339c95,k-means,warm,exec,queue,0.06537532806396484,2.384185791015625e-07,2.384185791015625e-07,1609700883.5332437,1609700884.3324068,0.7991631031036377,1609700883.623448,1609700883.629576,0.006128072738647461
56fadd3f557c421890e9473dff3f01bc,k-means,warm,exec,queue,0.06001853942871094,2.384185791015625e-07,0.0,1609700883.534683,1609700884.0932803,0.5585973262786865,1609700883.6178167,1609700883.6243842,0.006567478179931641
8d45824e7cb841439d179a963a8df58e,k-means,warm,exec,queue,0.05461001396179199,4.76837158203125e-07,0.0,1609700883.536118,1609700884.0447898,0.508671760559082,1609700883.6114447,1609700883.6197019,0.008257150650024414
e3213f0ad242461eacd2b9e504c3e473,k-means,warm,exec,queue,0.010829448699951172,2.384185791015625e-07,2.384185791015625e-07,1609700883.5381896,1609700884.0426095,0.5044198036193848,1609700883.5648453,1609700883.5722494,0.0074040889739990234
ef6c2b46fd09452593abafa00e14545b,k-means,warm,exec,queue,0.015971660614013672,2.384185791015625e-07,2.384185791015625e-07,1609700883.5401154,1609700884.1394987,0.5993833541870117,1609700883.6025195,1609700883.6096702,0.0071506500244140625
267a82b5fc27402ebe2564c305eed822,k-means,warm,exec,queue,0.04467129707336426,2.384185791015625e-07,2.384185791015625e-07,1609700883.5420344,1609700884.0437303,0.5016958713531494,1609700883.6020436,1609700883.6095424,0.007498741149902344
f93a515706224921896073a8741b9e16,k-means,warm,exec,queue,0.049361467361450195,2.384185791015625e-07,0.0,1609700883.5437129,1609700884.1356347,0.5919218063354492,1609700883.6050487,1609700883.6107025,0.005653858184814453
202d07b1b42c41e89c0652ac5c4508b1,k-means,warm,exec,queue,0.0032961368560791016,4.76837158203125e-07,2.384185791015625e-07,1609700884.558867,1609700884.7198658,0.16099882125854492,1609700884.6500244,1609700884.6577365,0.007712125778198242
ed307ed03b5445348c09dd3567404078,k-means,warm,exec,queue,0.007787466049194336,2.384185791015625e-07,0.0,1609700884.5635502,1609700884.8819523,0.3184020519256592,1609700884.6503408,1609700884.6580591,0.007718324661254883
cd95f508fff94136bb32073bc6a3c2fd,k-means,warm,exec,queue,0.014094114303588867,2.384185791015625e-07,2.384185791015625e-07,1609700884.5656083,1609700884.8055403,0.23993206024169922,1609700884.654498,1609700884.662018,0.007519960403442383
5ac11d15585e4f47aef27b3bac6acf64,k-means,warm,exec,queue,0.018980026245117188,7.152557373046875e-07,2.384185791015625e-07,1609700884.5671263,1609700884.8060784,0.2389521598815918,1609700884.662202,1609700884.669618,0.0074160099029541016
64c9539acab7480ca2bf9268c495029e,k-means,warm,exec,queue,0.026813507080078125,7.152557373046875e-07,2.384185791015625e-07,1609700884.568916,1609700885.155319,0.5864028930664062,1609700884.6822183,1609700884.6902905,0.008072137832641602
126a97b9d8e5474ca7a0ce46756edd2b,k-means,warm,exec,queue,0.03840923309326172,2.384185791015625e-07,0.0,1609700884.5704532,1609700884.8028536,0.23240041732788086,1609700884.6836534,1609700884.6911922,0.007538795471191406
f6b5e20ab6924dcf8535ea67c253eda2,k-means,warm,exec,queue,0.043383121490478516,2.384185791015625e-07,2.384185791015625e-07,1609700884.5719736,1609700884.8788912,0.306917667388916,1609700884.6913867,1609700884.7046645,0.013277769088745117
4f235545bc4548e0bff6583e19547017,k-means,warm,exec,queue,0.0485529899597168,7.152557373046875e-07,7.152557373046875e-07,1609700884.5734973,1609700884.9964128,0.4229154586791992,1609700884.6931243,1609700884.700507,0.007382631301879883
1b9c3bdba0f842e8ab03baebdb7af676,k-means,warm,exec,queue,0.05331254005432129,4.76837158203125e-07,2.384185791015625e-07,1609700884.5751529,1609700885.2038953,0.6287424564361572,1609700884.7034683,1609700884.7108781,0.007409811019897461
43cacadbc1814776a062bb516d2cf319,k-means,warm,exec,queue,0.05877971649169922,4.76837158203125e-07,2.384185791015625e-07,1609700884.576674,1609700885.2023745,0.6257004737854004,1609700884.7083132,1609700884.7160416,0.0077283382415771484
33318c4e6e6249d8a9b1d1a9ed7f0de1,k-means,warm,exec,queue,0.06421136856079102,0.0,4.76837158203125e-07,1609700884.5782619,1609700884.993058,0.4147961139678955,1609700884.70881,1609700884.7159739,0.0071637630462646484
e41305cd5e37439e811e853b67b7f5f4,k-means,warm,exec,queue,0.0697782039642334,4.76837158203125e-07,2.384185791015625e-07,1609700884.579804,1609700885.2806065,0.7008025646209717,1609700884.72041,1609700884.7323565,0.011946439743041992
bd9825c2aabb4b38b4f389f80db03558,k-means,warm,exec,queue,0.0744011402130127,4.76837158203125e-07,2.384185791015625e-07,1609700884.5818362,1609700884.9377503,0.3559141159057617,1609700884.7222712,1609700884.7291698,0.006898641586303711
cf97b854d3f4488a9ead06accdf6363e,k-means,warm,exec,queue,0.07912182807922363,2.384185791015625e-07,0.0,1609700884.583362,1609700884.9949293,0.41156721115112305,1609700884.7246935,1609700884.7314906,0.006797075271606445
883faf85b16a46f8abc15b79d5f48da8,k-means,warm,exec,queue,0.08378863334655762,2.384185791015625e-07,4.76837158203125e-07,1609700884.5849378,1609700885.1531832,0.5682454109191895,1609700884.729557,1609700884.7363143,0.006757259368896484
69c8daae981d43a7972c9d4d58bb022e,k-means,warm,exec,queue,0.08851838111877441,4.76837158203125e-07,2.384185791015625e-07,1609700884.586506,1609700885.060581,0.4740750789642334,1609700884.7440271,1609700884.7508996,0.006872415542602539
c71cd72baff4482c9e967d26dc5d0275,k-means,warm,exec,queue,0.09685635566711426,4.76837158203125e-07,2.384185791015625e-07,1609700884.6160245,1609700885.2786956,0.6626710891723633,1609700884.7472444,1609700884.754595,0.0073506832122802734
d03a7702dcdf49ca91394a7706f01680,video,warm,exec,queue,0.015831708908081055,2.384185791015625e-07,2.384185791015625e-07,1609700884.6178577,1609700885.1536727,0.5358150005340576,1609700884.6825497,1609700884.698486,0.01593637466430664
4788c5322def42fc8d93589e4cb3faef,matmul,warm,exec,queue,0.0242769718170166,2.384185791015625e-07,2.384185791015625e-07,1609700884.6194038,1609700885.0586839,0.43928003311157227,1609700884.6838286,1609700884.6933205,0.009491920471191406
d965db56244c47d79ac4f21c9d61de06,map_reduce,warm,exec,queue,0.02782273292541504,2.384185791015625e-07,2.384185791015625e-07,1609700884.6210303,1609700884.8824596,0.2614293098449707,1609700884.6844788,1609700884.7698777,0.08539891242980957
69d1fee4e5d342598b5a3e07f6e4940d,k-means,warm,exec,queue,0.0046765804290771484,4.76837158203125e-07,0.0,1609700885.5270703,1609700886.6584108,1.131340503692627,1609700885.5571907,1609700885.5647843,0.007593631744384766
67c7533e085d4b6b9473a7013815a321,k-means,warm,exec,queue,0.009283065795898438,4.76837158203125e-07,2.384185791015625e-07,1609700885.5311801,1609700886.6599119,1.1287317276000977,1609700885.5619247,1609700885.5684676,0.00654292106628418
89bffe2c1ab9426cbab34d99b346b905,k-means,warm,exec,queue,0.013736248016357422,2.384185791015625e-07,0.0,1609700885.5339522,1609700887.3186383,1.7846860885620117,1609700885.5673277,1609700885.575104,0.0077762603759765625
0d55979fc3b041fbb3ce3befdc281164,k-means,warm,exec,queue,0.019618511199951172,7.152557373046875e-07,2.384185791015625e-07,1609700885.5366926,1609700887.0962687,1.5595760345458984,1609700885.5784485,1609700885.584733,0.006284475326538086
c43fcfa37d744b87950c12452973e5a4,k-means,warm,exec,queue,0.023988008499145508,2.384185791015625e-07,0.0,1609700885.5393906,1609700887.5003388,1.9609482288360596,1609700885.5810096,1609700885.5866342,0.005624532699584961
b1633ae1cb624769b80f2d415e0f6ead,k-means,warm,exec,queue,0.028795480728149414,2.384185791015625e-07,0.0,1609700885.5414844,1609700887.1377592,1.5962748527526855,1609700885.5833297,1609700885.5891924,0.005862712860107422
7248a9084ad147b6913f1c3ff33f112d,k-means,warm,exec,queue,0.033910274505615234,2.384185791015625e-07,2.384185791015625e-07,1609700885.5430567,1609700887.4973562,1.9542994499206543,1609700885.5951073,1609700885.6019351,0.006827831268310547
fb3a7085a7f84f3b97ac00ace8b1fd8b,k-means,warm,exec,queue,0.0007050037384033203,4.76837158203125e-07,2.384185791015625e-07,1609700886.5406153,1609700887.3166234,0.776008129119873,1609700886.591151,1609700886.5970573,0.005906343460083008
deb41283861647f09853520165d09702,k-means,warm,exec,queue,0.026641368865966797,2.384185791015625e-07,2.384185791015625e-07,1609700886.5452254,1609700887.200009,0.6547837257385254,1609700886.6146803,1609700886.620467,0.0057866573333740234
ab232eeb11d44c12a680d2aff28dd636,k-means,warm,exec,queue,0.03187751770019531,2.384185791015625e-07,2.384185791015625e-07,1609700886.547964,1609700887.319701,0.7717368602752686,1609700886.6227117,1609700886.6283739,0.005662202835083008
63b670fcf5114d2784f08c355578f98b,k-means,warm,exec,queue,0.0366971492767334,2.384185791015625e-07,4.76837158203125e-07,1609700886.55072,1609700887.2584734,0.7077534198760986,1609700886.6282847,1609700886.6353962,0.007111549377441406
730dc2a652a1497082723e1d8c28e166,k-means,warm,exec,queue,0.0420680046081543,2.384185791015625e-07,2.384185791015625e-07,1609700886.5531633,1609700887.1978438,0.6446805000305176,1609700886.6324198,1609700886.6386704,0.006250619888305664
ed6101ea9cfa4e8593ff4f52569f6868,k-means,warm,exec,queue,0.04721260070800781,2.384185791015625e-07,2.384185791015625e-07,1609700886.5547156,1609700887.4654577,0.9107420444488525,1609700886.6374393,1609700886.6440003,0.0065610408782958984
351aeffba87d4d4cbe0ad2b991326971,k-means,warm,exec,queue,0.05208778381347656,2.384185791015625e-07,0.0,1609700886.5562654,1609700887.46594,0.9096746444702148,1609700886.6448958,1609700886.6516888,0.006793022155761719
15a2ca40feee4792a8d53d6dc6166acf,k-means,warm,exec,queue,0.05709242820739746,2.384185791015625e-07,2.384185791015625e-07,1609700886.5578113,1609700887.094853,0.5370416641235352,1609700886.6509745,1609700886.657242,0.006267547607421875
64dcfbfa37a84f1994f3ddf97642e5bd,k-means,warm,exec,queue,0.004287004470825195,7.152557373046875e-07,0.0,1609700886.5594501,1609700887.3182783,0.7588281631469727,1609700886.5923016,1609700886.6006155,0.008313894271850586
1bd91a0cd7134048afd8ff271bb0a487,k-means,warm,exec,queue,0.009074926376342773,2.384185791015625e-07,0.0,1609700886.5610058,1609700887.0976133,0.5366075038909912,1609700886.5923572,1609700886.6000059,0.0076487064361572266
de3463e4fe23435583a328074df9e14e,k-means,warm,exec,queue,0.01395416259765625,2.384185791015625e-07,2.384185791015625e-07,1609700886.5625544,1609700887.4632368,0.9006824493408203,1609700886.5977652,1609700886.6062455,0.008480310440063477
5c8a9e9ec7ea4fa3b57c4c8646ad4fe8,k-means,warm,exec,queue,0.019165992736816406,4.76837158203125e-07,2.384185791015625e-07,1609700886.5641108,1609700887.1996944,0.6355836391448975,1609700886.6090426,1609700886.6153646,0.006321907043457031
2adc7da1ccce41a383e5e98cbb5672fe,k-means,warm,exec,queue,0.025345802307128906,4.76837158203125e-07,2.384185791015625e-07,1609700886.5657566,1609700887.0990162,0.5332596302032471,1609700886.6107874,1609700886.6166983,0.0059108734130859375
b27bad69b42a406e833c20e8802ca5a5,video,warm,exec,queue,0.0202939510345459,2.384185791015625e-07,2.384185791015625e-07,1609700886.567301,1609700887.2010477,0.6337466239929199,1609700886.6093569,1609700886.624025,0.01466822624206543
43c30577617a4b3da4fa3232680b0024,k-means,warm,exec,queue,0.0030808448791503906,4.76837158203125e-07,2.384185791015625e-07,1609700887.5372822,1609700887.7772048,0.23992252349853516,1609700887.582701,1609700887.5890946,0.0063936710357666016
d23b1699b30844b78993618e3126cafb,k-means,warm,exec,queue,0.03251028060913086,4.76837158203125e-07,2.384185791015625e-07,1609700887.5408285,1609700887.97837,0.43754148483276367,1609700887.611789,1609700887.6173797,0.005590677261352539
3207097b0eb141ff8ce9f632a1896052,k-means,warm,exec,queue,0.037743568420410156,4.76837158203125e-07,2.384185791015625e-07,1609700887.5429838,1609700887.9295352,0.3865513801574707,1609700887.6171825,1609700887.6222398,0.005057334899902344
b9ed50f0831844c1915f4fab7ae35846,k-means,warm,exec,queue,0.04306197166442871,7.152557373046875e-07,2.384185791015625e-07,1609700887.5451407,1609700887.7734535,0.22831273078918457,1609700887.6222317,1609700887.6278977,0.005666017532348633
946c20382e734b01ad93af6b5f158292,k-means,warm,exec,queue,0.04824709892272949,2.384185791015625e-07,0.0,1609700887.5477514,1609700887.7740743,0.22632288932800293,1609700887.6282823,1609700887.6341708,0.005888462066650391
5dd2b0255fd640e5a21a48601fee4a4d,k-means,warm,exec,queue,0.05364561080932617,2.384185791015625e-07,0.0,1609700887.549502,1609700888.7893555,1.2398536205291748,1609700887.6338272,1609700887.6396372,0.0058100223541259766
db89025daf844a8e940a8e6926870d86,k-means,warm,exec,queue,0.0583500862121582,2.384185791015625e-07,2.384185791015625e-07,1609700887.5509286,1609700888.051898,0.500969409942627,1609700887.6396697,1609700887.6456783,0.006008625030517578
606d457053fd4deab2270115fbf12181,k-means,warm,exec,queue,0.026584386825561523,2.384185791015625e-07,2.384185791015625e-07,1609700887.5523846,1609700887.7768705,0.2244858741760254,1609700887.6032372,1609700887.6087067,0.005469560623168945
319256b7a29d46a79b67d487147d2817,k-means,warm,exec,queue,0.0219571590423584,2.384185791015625e-07,2.384185791015625e-07,1609700887.5538197,1609700887.9301612,0.3763415813446045,1609700887.5995066,1609700887.6050253,0.005518674850463867
77a337034dda4e209bd1c3d0e9b1a61e,k-means,warm,exec,queue,0.008879899978637695,2.384185791015625e-07,0.0,1609700887.5553548,1609700887.976311,0.4209561347961426,1609700887.5822713,1609700887.5884187,0.0061473846435546875
35ca1fb3facc472daac6b8f3b091197b,k-means,warm,exec,queue,0.014160633087158203,2.384185791015625e-07,0.0,1609700887.5567877,1609700888.1472816,0.59049391746521,1609700887.587513,1609700887.593569,0.006056070327758789
9dcc226214124ef7ab55cd3538d851e7,k-means,warm,exec,queue,0.019405603408813477,2.384185791015625e-07,0.0,1609700887.5582113,1609700888.1466136,0.588402271270752,1609700887.5963504,1609700887.602976,0.006625652313232422
4b6aa37b50e64834a32663bab51dbef7,k-means,warm,exec,queue,0.06295442581176758,4.76837158203125e-07,2.384185791015625e-07,1609700887.5596337,1609700888.1435091,0.5838754177093506,1609700887.6444337,1609700887.6504397,0.006006002426147461
9619f82eb31a4c04a40a0e1e8386dad3,k-means,warm,exec,queue,0.06794333457946777,4.76837158203125e-07,2.384185791015625e-07,1609700887.5611675,1609700888.7875664,1.2263989448547363,1609700887.6485784,1609700887.653499,0.004920482635498047
211271d8f16a4470a6cd69e33306929c,k-means,warm,exec,queue,0.00501704216003418,4.76837158203125e-07,2.384185791015625e-07,1609700888.5402634,1609700888.8800528,0.33978939056396484,1609700888.585897,1609700888.5933337,0.0074367523193359375
ca1ba1af111c42adaee293ed5f463cfa,k-means,warm,exec,queue,0.057785987854003906,2.384185791015625e-07,0.0,1609700888.5442266,1609700888.9646935,0.42046689987182617,1609700888.64173,1609700888.6482553,0.006525278091430664
cbee9572fdef49589feaab00821e1293,k-means,warm,exec,queue,0.05270075798034668,2.384185791015625e-07,2.384185791015625e-07,1609700888.5463915,1609700889.0550392,0.5086476802825928,1609700888.635683,1609700888.6421201,0.006437063217163086
89973de2b2954411a6eb6d2d945e0a70,k-means,warm,exec,queue,0.04797816276550293,2.384185791015625e-07,0.0,1609700888.548567,1609700889.602825,1.054257869720459,1609700888.6318974,1609700888.6381333,0.006235837936401367
d06a5c8828db496ab62a919690e53969,k-means,warm,exec,queue,0.04217362403869629,2.384185791015625e-07,2.384185791015625e-07,1609700888.5510948,1609700889.5184925,0.9673976898193359,1609700888.6279788,1609700888.6340282,0.006049394607543945
6ba87b1da17a418784af7cbf68ed49e5,k-means,warm,exec,queue,0.037545204162597656,2.384185791015625e-07,2.384185791015625e-07,1609700888.5532615,1609700889.2823586,0.7290971279144287,1609700888.6193235,1609700888.624799,0.005475521087646484
02639bcff58c428b8040f4d86c0e86d8,k-means,warm,exec,queue,0.008641719818115234,4.76837158203125e-07,4.76837158203125e-07,1609700888.5554032,1609700888.966797,0.4113938808441162,1609700888.586478,1609700888.5941017,0.0076236724853515625
d116b7c11d1d4446a45755c7e5240ea2,k-means,warm,exec,queue,0.013758659362792969,2.384185791015625e-07,2.384185791015625e-07,1609700888.5573065,1609700888.8819466,0.32464003562927246,1609700888.592157,1609700888.5995147,0.00735783576965332
297fb5541d3245e8bc6e999d9da4b80c,k-means,warm,exec,queue,0.018959999084472656,2.384185791015625e-07,0.0,1609700888.5587285,1609700888.967285,0.4085564613342285,1609700888.597551,1609700888.6054034,0.007852315902709961
6ae6743d9e904afe98811efb0189c327,k-means,warm,exec,queue,0.02478480339050293,4.76837158203125e-07,2.384185791015625e-07,1609700888.5602744,1609700889.2811835,0.7209091186523438,1609700888.6053689,1609700888.6112804,0.005911588668823242
f9c1bce4ea124199993dc056636804b2,k-means,warm,exec,queue,0.02931666374206543,4.76837158203125e-07,4.76837158203125e-07,1609700888.5616965,1609700888.9630675,0.4013710021972656,1609700888.6094809,1609700888.6161966,0.0067157745361328125
77a1f99cdf4f470686ca7062d70b0967,k-means,warm,exec,queue,0.03398323059082031,4.76837158203125e-07,2.384185791015625e-07,1609700888.5631423,1609700888.9292111,0.36606884002685547,1609700888.6137896,1609700888.6195283,0.005738735198974609
8bbc424bb2ea4a2c89e73e9ef21f4d35,video,warm,exec,queue,0.015486955642700195,2.384185791015625e-07,0.0,1609700888.5646377,1609700889.5861614,1.0215237140655518,1609700888.604901,1609700888.621373,0.01647186279296875
4d1393d191b44e00905181235cbbe6c9,k-means,warm,exec,queue,0.002640247344970703,2.384185791015625e-07,2.384185791015625e-07,1609700889.530212,1609700889.7675257,0.23731374740600586,1609700889.5524938,1609700889.5597327,0.007238864898681641
82e5b258f4a64070abad288a45ed3ef5,matmul,warm,exec,queue,0.019504547119140625,0.0,0.0,1609700889.5329287,1609700889.8386552,0.3057265281677246,1609700889.5723577,1609700889.5827487,0.010390996932983398
7222793e92c1429c8a010b5f016df6ab,k-means,warm,exec,queue,0.006652355194091797,2.384185791015625e-07,2.384185791015625e-07,1609700889.534511,1609700889.6766615,0.1421504020690918,1609700889.556981,1609700889.56317,0.006188869476318359
3ef5f3136cec4793b656822392c8a836,k-means,warm,exec,queue,0.011179685592651367,4.76837158203125e-07,2.384185791015625e-07,1609700889.5360844,1609700889.8822381,0.34615373611450195,1609700889.5625641,1609700889.5699372,0.00737309455871582
0691cf20ec604799b26b3cfdc0cebf0d,k-means,warm,exec,queue,0.015706777572631836,2.384185791015625e-07,0.0,1609700889.537695,1609700889.8828812,0.3451862335205078,1609700889.5710812,1609700889.5770736,0.005992412567138672
f2108ad526924fb9ad324c6fa41e61d6,k-means,warm,exec,queue,0.020838022232055664,4.76837158203125e-07,0.0,1609700889.5396135,1609700889.7021837,0.16257023811340332,1609700889.5728717,1609700889.5795627,0.00669097900390625
b96d8e64b476465f8eb7905561f1c013,video,warm,exec,queue,0.00318145751953125,4.76837158203125e-07,2.384185791015625e-07,1609700890.5207555,1609700890.634386,0.11363053321838379,1609700890.535826,1609700890.552299,0.016473054885864258
27f4a37a5e0c43a58ae1963b3c976e00,video,warm,exec,queue,0.00011420249938964844,2.384185791015625e-07,2.384185791015625e-07,1609700892.5236666,1609700892.6156151,0.0919485092163086,1609700892.5338447,1609700892.5502868,0.016442060470581055
e15d8f3da80e4387a19f453969792b43,k-means,warm,exec,queue,0.0011827945709228516,4.76837158203125e-07,4.76837158203125e-07,1609700894.5540965,1609700894.6828353,0.1287388801574707,1609700894.6006365,1609700894.6088433,0.008206844329833984
4bbadfcad7e44d8184a31017cb0540a1,k-means,warm,exec,queue,8.416175842285156e-05,1.1920928955078125e-06,4.76837158203125e-07,1609700894.5582263,1609700895.3928585,0.834632158279419,1609700894.6229315,1609700894.6299098,0.006978273391723633
bf50be318eec4d91be14cad24ae1c673,k-means,warm,exec,queue,0.01425623893737793,2.384185791015625e-07,2.384185791015625e-07,1609700894.5607743,1609700894.7728252,0.2120509147644043,1609700894.623438,1609700894.629398,0.005960226058959961
45f20b8c792a4dd8b3162a2c24b9ff76,k-means,warm,exec,queue,0.01900196075439453,2.384185791015625e-07,2.384185791015625e-07,1609700894.563291,1609700894.7748885,0.21159744262695312,1609700894.6348615,1609700894.642379,0.007517576217651367
6a3db7be87bf4cf58807279914213feb,k-means,warm,exec,queue,0.023352622985839844,4.76837158203125e-07,2.384185791015625e-07,1609700894.5661016,1609700895.3909593,0.8248577117919922,1609700894.6448014,1609700894.6514509,0.006649494171142578
02ff3524e18644ca93c7fdc8e16d5f2a,k-means,warm,exec,queue,0.03178691864013672,2.384185791015625e-07,0.0,1609700894.5684783,1609700895.6915915,1.1231131553649902,1609700894.6526346,1609700894.660046,0.007411479949951172
acac97af05104c8e968b369d1dd944e6,k-means,warm,exec,queue,0.0390622615814209,2.384185791015625e-07,2.384185791015625e-07,1609700894.5699182,1609700897.0949945,2.525076389312744,1609700894.6540956,1609700894.66121,0.007114410400390625
4a7cd09d6fd2435fb78969cfc13b3a3a,k-means,warm,exec,queue,0.04440450668334961,2.384185791015625e-07,2.384185791015625e-07,1609700894.571358,1609700895.622069,1.050710916519165,1609700894.6606936,1609700894.667257,0.006563425064086914
b06335c593a94a0299bec1751281c254,k-means,warm,exec,queue,0.048732757568359375,4.76837158203125e-07,2.384185791015625e-07,1609700894.5728395,1609700897.1768484,2.604008913040161,1609700894.6626358,1609700894.669189,0.006553173065185547
7a5ad0982ab440e899e71b7e3ffc3dcb,k-means,warm,exec,queue,0.05583333969116211,2.384185791015625e-07,0.0,1609700894.5743918,1609700897.1810327,2.6066408157348633,1609700894.6697543,1609700894.6767924,0.007038116455078125
e1c4d0f59a7f45d2bb88c0536d98f6cb,k-means,warm,exec,queue,0.06129574775695801,4.76837158203125e-07,4.76837158203125e-07,1609700894.575898,1609700895.5706015,0.9947035312652588,1609700894.6770823,1609700894.6829944,0.005912065505981445
65e7df1306cb4a94ab3b4ff8bd6c213b,k-means,warm,exec,queue,0.009907960891723633,2.384185791015625e-07,2.384185791015625e-07,1609700894.5774057,1609700894.7739134,0.19650769233703613,1609700894.622919,1609700894.629954,0.007035017013549805
64c1bfb8478b4ac5ab695760d2881a4f,k-means,warm,exec,queue,0.06644058227539062,4.76837158203125e-07,2.384185791015625e-07,1609700894.5788934,1609700895.68965,1.1107566356658936,1609700894.684375,1609700894.6907496,0.0063745975494384766
5b25db744d98441fa277f76e11b919f6,k-means,warm,exec,queue,0.07203173637390137,4.76837158203125e-07,4.76837158203125e-07,1609700894.581565,1609700897.1801999,2.598634958267212,1609700894.6900303,1609700894.6975055,0.007475137710571289
cc8e9ea9d61e427ebc61bb0d5043705e,k-means,warm,exec,queue,0.07667398452758789,4.76837158203125e-07,2.384185791015625e-07,1609700894.583056,1609700897.177466,2.594409942626953,1609700894.693648,1609700894.700136,0.006487846374511719
f1e154dca91a4cbdb58a56f6b3a2f1ad,video,warm,exec,queue,0.004894256591796875,2.384185791015625e-07,0.0,1609700894.5844967,1609700897.0894094,2.5049126148223877,1609700894.6238647,1609700894.639181,0.015316247940063477
a0282ccbcb8e4efd90735b41b969174e,matmul,warm,exec,queue,0.022168397903442383,2.384185791015625e-07,0.0,1609700894.5860436,1609700895.5717232,0.9856796264648438,1609700894.6535223,1609700894.6610348,0.007512569427490234
b4f942547d1849a6aca924e4c0446ec3,map_reduce,warm,exec,queue,0.022934913635253906,2.384185791015625e-07,2.384185791015625e-07,1609700894.587483,1609700897.173782,2.586299180984497,1609700894.6535432,1609700894.7392695,0.08572626113891602
2ab1407ad3bb4d5eb79952604a928cb1,disk,warm,exec,queue,0.02360367774963379,0.0,2.384185791015625e-07,1609700894.5889397,1609700897.0944128,2.5054731369018555,1609700894.6529605,1609700894.6600666,0.00710606575012207
50168313d09147699a54e7892f3c4df5,image,cold,exec,create,0.029666900634765625,7.7551774978637695,2.384185791015625e-07,1609700894.5904703,1609700903.2190008,8.628530502319336,1609700902.4034376,1609700902.4230123,0.019574642181396484
1aeb049ad40b46b7ae941bbffe680911,k-means,warm,exec,queue,5.340576171875e-05,2.384185791015625e-07,2.384185791015625e-07,1609700895.5412385,1609700898.4481483,2.906909704208374,1609700895.5838866,1609700895.5911555,0.0072689056396484375
638ce51c8dc1489cb687773c35b2dec7,k-means,warm,exec,queue,0.004167318344116211,7.152557373046875e-07,2.384185791015625e-07,1609700895.5452542,1609700898.4406488,2.8953945636749268,1609700895.5831327,1609700895.590315,0.00718235969543457
c2a69959ff7a43c8acd4f78ba34dd2d9,k-means,warm,exec,queue,0.009252548217773438,2.384185791015625e-07,2.384185791015625e-07,1609700895.5478764,1609700895.7623003,0.21442389488220215,1609700895.5886095,1609700895.5949934,0.0063838958740234375
94009b471c004a7a94b5560641c90e64,k-means,warm,exec,queue,0.014248371124267578,2.384185791015625e-07,0.0,1609700895.5504932,1609700897.3032815,1.7527883052825928,1609700895.5950873,1609700895.602485,0.007397651672363281
29d104d42a7c426da92795170abcd2e7,k-means,warm,exec,queue,0.01954507827758789,2.384185791015625e-07,2.384185791015625e-07,1609700895.553129,1609700898.4457908,2.8926618099212646,1609700895.6006951,1609700895.606595,0.005899906158447266
3c2ffa6cbe7c461e82d17a4af209ab3a,k-means,warm,exec,queue,0.024654626846313477,4.76837158203125e-07,2.384185791015625e-07,1609700895.5562425,1609700895.7591856,0.2029430866241455,1609700895.6049619,1609700895.6107042,0.005742311477661133
52663bb7842549a5b8aeb16899d92bb5,k-means,warm,exec,queue,0.029569149017333984,2.384185791015625e-07,2.384185791015625e-07,1609700895.558008,1609700898.4463565,2.8883485794067383,1609700895.6110926,1609700895.615812,0.00471949577331543
579fca5570f24defbc326c951ce83091,k-means,warm,exec,queue,0.03424859046936035,2.384185791015625e-07,0.0,1609700895.5596116,1609700895.7628746,0.2032630443572998,1609700895.616484,1609700895.6228187,0.006334781646728516
415f36e5eb21499daa1229507a84e8f0,k-means,warm,exec,queue,0.03896665573120117,2.384185791015625e-07,2.384185791015625e-07,1609700895.5624752,1609700897.0937498,1.5312745571136475,1609700895.6227446,1609700895.630062,0.007317543029785156
78656e32443c484f9cda80cac72f512d,k-means,warm,exec,queue,0.0444793701171875,2.384185791015625e-07,2.384185791015625e-07,1609700895.5640895,1609700898.4451919,2.8811023235321045,1609700895.6264296,1609700895.6312943,0.004864692687988281
e20f9217703d49f0b4cb924b0007c349,k-means,warm,exec,queue,0.0043756961822509766,4.76837158203125e-07,2.384185791015625e-07,1609700896.5449667,1609700899.2958765,2.7509098052978516,1609700896.585486,1609700896.5932028,0.0077168941497802734
f331e18ce9f844f69ada3ed203485e7d,video,warm,exec,queue,0.01547098159790039,2.384185791015625e-07,2.384185791015625e-07,1609700896.5492055,1609700897.245175,0.6959693431854248,1609700896.6069958,1609700896.6223423,0.015346527099609375
df67f6e89ac6484ab27a62263f6cc190,k-means,warm,exec,queue,0.039825439453125,4.76837158203125e-07,4.76837158203125e-07,1609700896.5518208,1609700897.3062086,0.7543878555297852,1609700896.631878,1609700896.6386275,0.006749629974365234
5c12efc9384d4e9bb36cdd24ae31adb2,k-means,warm,exec,queue,0.03520798683166504,4.76837158203125e-07,2.384185791015625e-07,1609700896.5543962,1609700899.300849,2.746452808380127,1609700896.6244223,1609700896.6320205,0.007598161697387695
50c422df33284886b454be58e04cb702,k-means,warm,exec,queue,0.03012704849243164,4.76837158203125e-07,2.384185791015625e-07,1609700896.5567365,1609700897.113208,0.556471586227417,1609700896.6134186,1609700896.6198337,0.006415128707885742
f81ab227c67f42698a5b8176acd63ec7,k-means,warm,exec,queue,0.008647918701171875,7.152557373046875e-07,2.384185791015625e-07,1609700896.5587566,1609700897.0967665,0.5380098819732666,1609700896.5855858,1609700896.592694,0.007108211517333984
15830e95b92c4298878272f3422310d8,k-means,warm,exec,queue,0.013504743576049805,2.384185791015625e-07,2.384185791015625e-07,1609700896.560314,1609700897.3058522,0.7455382347106934,1609700896.5910287,1609700896.5982606,0.007231950759887695
998f85ebd74747e7a4c7772d51b9ec15,k-means,warm,exec,queue,0.018049955368041992,4.76837158203125e-07,2.384185791015625e-07,1609700896.5618427,1609700898.8793128,2.317470073699951,1609700896.5961077,1609700896.603584,0.007476329803466797
3593d768b5954d908e60affb27901ab4,k-means,warm,exec,queue,0.023469924926757812,2.384185791015625e-07,0.0,1609700896.5633645,1609700899.3014996,2.7381350994110107,1609700896.6070776,1609700896.6142652,0.007187604904174805
f8697a64476944b19cdd865d10b1319c,k-means,warm,exec,queue,0.027934789657592773,2.384185791015625e-07,4.76837158203125e-07,1609700896.5650318,1609700898.8814776,2.316445827484131,1609700896.6132178,1609700896.620716,0.007498264312744141
cf7a9b05568442d6b2b9a44764bf1ff5,k-means,warm,exec,queue,7.2479248046875e-05,4.76837158203125e-07,2.384185791015625e-07,1609700897.553969,1609700899.301198,1.7472290992736816,1609700897.6093311,1609700897.616977,0.007645845413208008
476f1e3f73cf4594978caf672e18947c,k-means,warm,exec,queue,0.010062694549560547,2.384185791015625e-07,2.384185791015625e-07,1609700897.5583026,1609700898.254325,0.6960222721099854,1609700897.6100302,1609700897.617847,0.007816791534423828
0c5bc15136ff48d8b9f2ca900eeb1a6b,k-means,warm,exec,queue,0.014531850814819336,2.384185791015625e-07,2.384185791015625e-07,1609700897.560919,1609700898.196079,0.635159969329834,1609700897.6147397,1609700897.622015,0.00727534294128418
0259a937191943c19228684005ee36c6,k-means,warm,exec,queue,0.01975703239440918,4.76837158203125e-07,2.384185791015625e-07,1609700897.5634665,1609700898.873024,1.3095574378967285,1609700897.6209254,1609700897.6283872,0.0074617862701416016
e56c28e8f9af4f8e8c3782a4dedf4120,k-means,warm,exec,queue,0.024155378341674805,2.384185791015625e-07,0.0,1609700897.566592,1609700898.1930392,0.6264472007751465,1609700897.627069,1609700897.633561,0.006491899490356445
8d162c3d49484228b29fc93ad4ab1777,k-means,warm,exec,queue,0.028920650482177734,2.384185791015625e-07,0.0,1609700897.5689244,1609700898.3046753,0.7357509136199951,1609700897.6302228,1609700897.6348472,0.004624366760253906
cc83f5c6c446445a94c0c01e90fb711a,k-means,warm,exec,queue,0.033583641052246094,2.384185791015625e-07,0.0,1609700897.5704098,1609700898.5731084,1.0026986598968506,1609700897.635571,1609700897.6399221,0.004351139068603516
eb7c06e36a34417ca8263e37502315af,k-means,warm,exec,queue,0.038155317306518555,2.384185791015625e-07,2.384185791015625e-07,1609700897.5718853,1609700898.1937416,0.6218562126159668,1609700897.6408763,1609700897.6454737,0.00459742546081543
8774aa271ca24dcd9d6840d1042354de,k-means,warm,exec,queue,0.043016910552978516,2.384185791015625e-07,2.384185791015625e-07,1609700897.5735445,1609700898.7234223,1.1498777866363525,1609700897.6464756,1609700897.6508884,0.00441288948059082
c410aee529a84f9bac45d89ca727103b,k-means,warm,exec,queue,0.047629356384277344,2.384185791015625e-07,2.384185791015625e-07,1609700897.5750728,1609700898.8747735,1.2997007369995117,1609700897.651534,1609700897.6557307,0.004196643829345703
2ca095f7eaae4669b515ad5d0b03ba40,k-means,warm,exec,queue,0.05263686180114746,2.384185791015625e-07,2.384185791015625e-07,1609700897.5765634,1609700898.7261384,1.1495749950408936,1609700897.657418,1609700897.662868,0.005450010299682617
d9682b6a0b3d4d38a5acc7a03b9ab4db,k-means,warm,exec,queue,0.057665109634399414,2.384185791015625e-07,0.0,1609700897.5780938,1609700899.3017988,1.7237050533294678,1609700897.663068,1609700897.6671305,0.0040624141693115234
3c7f835198954fbca2e28cd3d1dc2106,k-means,warm,exec,queue,0.06213641166687012,2.384185791015625e-07,0.0,1609700897.5796914,1609700898.5739887,0.9942972660064697,1609700897.6684391,1609700897.6738212,0.005382061004638672
7117a9a40bf34f27a7aba97c86a6746f,k-means,warm,exec,queue,0.06643271446228027,2.384185791015625e-07,2.384185791015625e-07,1609700897.581161,1609700898.9271655,1.3460044860839844,1609700897.6740375,1609700897.6784308,0.004393339157104492
ae9d8c7ccc8f4c3881c6192f01093eaa,k-means,warm,exec,queue,0.07126998901367188,2.384185791015625e-07,2.384185791015625e-07,1609700897.5826278,1609700899.4128256,1.830197811126709,1609700897.6792443,1609700897.683387,0.00414276123046875
fec901a9e67c47028caaca1addec2d5d,k-means,warm,exec,queue,0.07683396339416504,2.384185791015625e-07,2.384185791015625e-07,1609700897.584091,1609700899.0830154,1.4989244937896729,1609700897.6854339,1609700897.6901264,0.004692554473876953
7d63e77a8c34437988fcd9c53484b6b3,k-means,warm,exec,queue,6.961822509765625e-05,4.76837158203125e-07,2.384185791015625e-07,1609700898.5457323,1609700899.1776934,0.6319611072540283,1609700898.582304,1609700898.5883298,0.006025791168212891
f704a644f91e42e2b7b92518e614a188,video,warm,exec,queue,0.014235496520996094,2.384185791015625e-07,2.384185791015625e-07,1609700898.5498168,1609700899.4134002,0.8635833263397217,1609700898.5993922,1609700898.6143458,0.01495361328125
5357a8a25c554e26ad29ce2e89503b76,k-means,warm,exec,queue,0.03458452224731445,2.384185791015625e-07,0.0,1609700898.5518568,1609700898.87987,0.32801318168640137,1609700898.6167748,1609700898.6213698,0.004595041275024414
04242c6ee3b740c9ae50e9a5cf89f31a,k-means,warm,exec,queue,0.029172182083129883,4.76837158203125e-07,2.384185791015625e-07,1609700898.553903,1609700899.0493615,0.49545836448669434,1609700898.6160488,1609700898.6227498,0.006700992584228516
bb50b33346dc411199cf0be60c45227a,k-means,warm,exec,queue,0.02369976043701172,4.76837158203125e-07,2.384185791015625e-07,1609700898.5559006,1609700899.1759162,0.6200156211853027,1609700898.6045473,1609700898.6091483,0.004601001739501953
e04ce84b81784e73868d87f23eda7ebe,k-means,warm,exec,queue,0.018284320831298828,2.384185791015625e-07,0.0,1609700898.5582676,1609700899.4099748,0.8517072200775146,1609700898.60008,1609700898.6070702,0.006990194320678711
8b196bec4d9a493d8cda336ebf5e725f,k-means,warm,exec,queue,0.013352394104003906,2.384185791015625e-07,2.384185791015625e-07,1609700898.5602922,1609700899.091749,0.531456708908081,1609700898.5990438,1609700898.6059248,0.006880998611450195
71e59075fa574fa4b8b52319eecd29f3,k-means,warm,exec,queue,0.0034346580505371094,2.384185791015625e-07,2.384185791015625e-07,1609700898.561986,1609700898.8765051,0.31451916694641113,1609700898.5833979,1609700898.59005,0.006652116775512695
a2bf6d51f1e14debb723d7ea68b0c590,k-means,warm,exec,queue,0.008476018905639648,2.384185791015625e-07,0.0,1609700898.5642622,1609700900.7423182,2.178056001663208,1609700898.5894084,1609700898.5970092,0.0076007843017578125
434b0d1e48c24b28828e33138ec10ac6,k-means,warm,exec,queue,0.0018630027770996094,4.76837158203125e-07,0.0,1609700899.5501454,1609700900.4622455,0.912100076675415,1609700899.6051228,1609700899.6112716,0.006148815155029297
c73d0a51a0914f259a70143948e84f92,k-means,warm,exec,queue,0.04742741584777832,2.384185791015625e-07,2.384185791015625e-07,1609700899.5544033,1609700900.9189916,1.3645882606506348,1609700899.6494265,1609700899.656027,0.006600618362426758
5cfe4c8e8bad4eb1aa25d1a6362c3cd3,k-means,warm,exec,queue,0.05288100242614746,2.384185791015625e-07,2.384185791015625e-07,1609700899.5573766,1609700900.738944,1.1815674304962158,1609700899.6573594,1609700899.6640563,0.006696939468383789
faa0195ded4c4e7692bf59aede1a164b,k-means,warm,exec,queue,0.03149986267089844,2.384185791015625e-07,2.384185791015625e-07,1609700899.5601268,1609700900.3047493,0.7446224689483643,1609700899.6288562,1609700899.6343513,0.0054950714111328125
a3ead184969f4245ba7b723c61a9cd1f,k-means,warm,exec,queue,0.036676645278930664,4.76837158203125e-07,2.384185791015625e-07,1609700899.5621681,1609700900.9185765,1.3564083576202393,1609700899.6337442,1609700899.6404016,0.00665736198425293
7a9543ab8dfa4e19ad76ab61264cdb5a,k-means,warm,exec,queue,0.04123330116271973,2.384185791015625e-07,0.0,1609700899.5635848,1609700902.163752,2.6001672744750977,1609700899.6405466,1609700899.646462,0.005915403366088867
e5a72ca443f442109e35defcc8a10252,k-means,warm,exec,queue,0.04604363441467285,4.76837158203125e-07,2.384185791015625e-07,1609700899.5650296,1609700902.1666217,2.6015920639038086,1609700899.6455905,1609700899.6516137,0.0060231685638427734
f6156c5ca71a4fd29942488820e96393,k-means,warm,exec,queue,0.02628350257873535,2.384185791015625e-07,0.0,1609700899.5664644,1609700900.740562,1.1740975379943848,1609700899.6279876,1609700899.6355426,0.0075550079345703125
aec15bf249154f00a0a33830cdaef6c6,k-means,warm,exec,queue,0.021523475646972656,4.76837158203125e-07,2.384185791015625e-07,1609700899.5678856,1609700900.9154503,1.347564697265625,1609700899.624832,1609700899.63231,0.007477998733520508
7a90c427d39e45ba9580504bad184a42,k-means,warm,exec,queue,0.01646280288696289,2.384185791015625e-07,2.384185791015625e-07,1609700899.5700827,1609700900.6094983,1.0394155979156494,1609700899.6114242,1609700899.6187458,0.007321596145629883
9d777cc936a648a2a52b5e4de394fafd,k-means,warm,exec,queue,0.011548757553100586,4.76837158203125e-07,0.0,1609700899.571513,1609700900.3063462,0.7348332405090332,1609700899.6064897,1609700899.6134436,0.0069539546966552734
84d626a738a74a9f8761b384ad6e4a41,k-means,warm,exec,queue,0.007771730422973633,2.384185791015625e-07,2.384185791015625e-07,1609700899.5729485,1609700900.9166656,1.343717098236084,1609700899.6063292,1609700899.6132538,0.006924629211425781
01fc57ffc66643b4a71957e7c3ca8a71,k-means,warm,exec,queue,0.05735182762145996,0.0,2.384185791015625e-07,1609700899.5744653,1609700900.3029509,0.7284855842590332,1609700899.6622512,1609700899.6689274,0.006676197052001953
e32dd86b5b904d9fa44619730d01dba3,k-means,warm,exec,queue,0.062077999114990234,4.76837158203125e-07,2.384185791015625e-07,1609700899.5758858,1609700900.6103172,1.0344314575195312,1609700899.6674585,1609700899.6738205,0.006361961364746094
e24348d34b0040a496d54ae8c05434f4,k-means,warm,exec,queue,0.06697750091552734,7.152557373046875e-07,2.384185791015625e-07,1609700899.5773268,1609700902.1686394,2.5913126468658447,1609700899.6745918,1609700899.6807432,0.006151437759399414
129cf4a767f94f42a3728c78358037ad,matmul,warm,exec,queue,0.014860153198242188,2.384185791015625e-07,0.0,1609700899.5787485,1609700900.9141836,1.335435152053833,1609700899.6280127,1609700899.6371734,0.009160757064819336
adb8b203b0e949f7942a974a835218d8,k-means,warm,exec,queue,0.004978656768798828,4.76837158203125e-07,2.384185791015625e-07,1609700900.5530684,1609700900.9107125,0.35764408111572266,1609700900.6075242,1609700900.6150384,0.007514238357543945
2d9b9c07fe2047359ab28b035ee2abe3,k-means,warm,exec,queue,0.015255928039550781,2.384185791015625e-07,0.0,1609700900.557237,1609700900.9220178,0.36478090286254883,1609700900.6113682,1609700900.6176853,0.006317138671875
d7d5a665b92844dcbcd69303c36843af,k-means,warm,exec,queue,0.020737648010253906,9.5367431640625e-07,2.384185791015625e-07,1609700900.559775,1609700902.1670778,1.6073026657104492,1609700900.6177473,1609700900.624878,0.007130622863769531
1f9a638c15404b9094e0b73933ac5d3f,k-means,warm,exec,queue,0.026075363159179688,2.384185791015625e-07,2.384185791015625e-07,1609700900.562308,1609700902.040708,1.4783999919891357,1609700900.6253352,1609700900.6319199,0.006584644317626953
81240a2eb74e400abf550a8fc8ee035a,k-means,warm,exec,queue,0.060044050216674805,2.384185791015625e-07,0.0,1609700900.5653746,1609700901.5176697,0.9522950649261475,1609700900.663257,1609700900.6689253,0.0056684017181396484
584cb54c34094ca3ba02b25533412008,k-means,warm,exec,queue,0.03098607063293457,2.384185791015625e-07,0.0,1609700900.5678787,1609700900.9224253,0.35454654693603516,1609700900.628082,1609700900.6339219,0.005839824676513672
b48c686fc76241b3b82310120843ffeb,k-means,warm,exec,queue,0.03629016876220703,2.384185791015625e-07,2.384185791015625e-07,1609700900.5696602,1609700900.8353274,0.265667200088501,1609700900.6347342,1609700900.6410258,0.006291627883911133
c556cca411574f808f3e5fcd170b13b7,k-means,warm,exec,queue,0.041054487228393555,2.384185791015625e-07,0.0,1609700900.5711,1609700901.516848,0.9457480907440186,1609700900.642715,1609700900.6495845,0.00686955451965332
aafb5bd357c94d53a769d6f3b6f159c1,k-means,warm,exec,queue,0.010324716567993164,4.76837158203125e-07,2.384185791015625e-07,1609700900.5727925,1609700900.763274,0.19048142433166504,1609700900.6074145,1609700900.6147103,0.007295846939086914
f58e77215d9a49de92f3d608843607e7,k-means,warm,exec,queue,0.0549163818359375,2.384185791015625e-07,4.76837158203125e-07,1609700900.5743287,1609700900.9093328,0.3350040912628174,1609700900.656546,1609700900.6622815,0.0057353973388671875
3707467c94544730b43d380e083ed81e,k-means,warm,exec,queue,0.04920196533203125,2.384185791015625e-07,2.384185791015625e-07,1609700900.575836,1609700902.1674535,1.5916175842285156,1609700900.6505723,1609700900.6563015,0.005729198455810547
f6fdba7f758e44019e3febdf0a27e7d7,k-means,warm,exec,queue,0.04378318786621094,2.384185791015625e-07,2.384185791015625e-07,1609700900.5772917,1609700901.517305,0.9400131702423096,1609700900.6496468,1609700900.65554,0.005893230438232422
29ff27f01c3849e8a4d396ec1e29ec95,k-means,warm,exec,queue,0.06457829475402832,2.384185791015625e-07,0.0,1609700900.5788105,1609700901.0265055,0.4476950168609619,1609700900.6692212,1609700900.6755486,0.006327390670776367
43e31b38b2264546bb6f93e612b67599,k-means,warm,exec,queue,0.06981778144836426,2.384185791015625e-07,2.384185791015625e-07,1609700900.5802252,1609700900.9215987,0.3413734436035156,1609700900.6748657,1609700900.6815782,0.006712436676025391
1f5f9ae552854030895ed0df3c4cd286,k-means,warm,exec,queue,0.07500767707824707,2.384185791015625e-07,2.384185791015625e-07,1609700900.5816486,1609700901.0278738,0.4462251663208008,1609700900.6802697,1609700900.6858616,0.005591869354248047
206ec9a797f24206a48e188d3c692bd4,video,warm,exec,queue,0.01627635955810547,0.0,2.384185791015625e-07,1609700900.5831516,1609700902.4251425,1.8419909477233887,1609700900.6258721,1609700900.641579,0.015706777572631836
0b38c6fb24db4474a517c526c7442bcf,k-means,warm,exec,queue,0.0031538009643554688,2.384185791015625e-07,0.0,1609700901.5475166,1609700902.852224,1.3047075271606445,1609700901.5914285,1609700901.5986564,0.007227897644042969
7834a2b8a09b4edd89439668b6177f5d,k-means,warm,exec,queue,0.06430578231811523,4.76837158203125e-07,2.384185791015625e-07,1609700901.5508676,1609700902.6023316,1.0514640808105469,1609700901.6616411,1609700901.667423,0.005781888961791992
285f5de27b904facaa344d4b17d335cf,k-means,warm,exec,queue,0.05785036087036133,2.384185791015625e-07,0.0,1609700901.5527954,1609700902.4237878,0.8709924221038818,1609700901.6482682,1609700901.6544504,0.006182193756103516
9a2a47e408b44678bb65f109429a6717,k-means,warm,exec,queue,0.05252861976623535,7.152557373046875e-07,2.384185791015625e-07,1609700901.554685,1609700902.32439,0.7697048187255859,1609700901.6433272,1609700901.649869,0.006541728973388672
d0728b6451864306887587403768b310,k-means,warm,exec,queue,0.0478973388671875,2.384185791015625e-07,2.384185791015625e-07,1609700901.5570612,1609700902.749336,1.192274808883667,1609700901.6403384,1609700901.6468022,0.006463766098022461
ab7839406d8642a594f3029fcc420511,k-means,warm,exec,queue,0.04175519943237305,4.76837158203125e-07,2.384185791015625e-07,1609700901.558909,1609700902.0741627,0.5152537822723389,1609700901.630354,1609700901.636287,0.005933046340942383
03deb24d33464d909a23b056220aa3ac,k-means,warm,exec,queue,0.036542654037475586,4.76837158203125e-07,2.384185791015625e-07,1609700901.5607703,1609700902.6048539,1.044083595275879,1609700901.625032,1609700901.630835,0.005803108215332031
d3732928e2d44799b879976fad8619c6,k-means,warm,exec,queue,0.006862640380859375,2.384185791015625e-07,2.384185791015625e-07,1609700901.5626276,1609700902.3222284,0.7596008777618408,1609700901.5921469,1609700901.599619,0.007472038269042969
5d3f1f6bf3aa42079638f480d1e376fe,k-means,warm,exec,queue,0.012865781784057617,4.76837158203125e-07,0.0,1609700901.5645447,1609700902.3248384,0.76029372215271,1609700901.5986893,1609700901.605952,0.007262706756591797
a489cd71b02043cd94b137dcf9d7ac96,k-means,warm,exec,queue,0.01704263687133789,2.384185791015625e-07,2.384185791015625e-07,1609700901.5663528,1609700902.8467617,1.2804088592529297,1609700901.6026835,1609700901.610022,0.007338523864746094
2c1ac19573064130b81319687b608882,k-means,warm,exec,queue,0.025870561599731445,4.76837158203125e-07,2.384185791015625e-07,1609700901.568073,1609700902.8506446,1.28257155418396,1609700901.6167655,1609700901.6232107,0.006445169448852539
77d7280a571d454d8b933f11cffa87f2,k-means,warm,exec,queue,0.031524658203125,0.0,0.0,1609700901.56985,1609700902.7488012,1.1789512634277344,1609700901.6172137,1609700901.6232493,0.006035566329956055
cf007016fa8c44e3a9e63368ea7276bb,k-means,warm,exec,queue,0.06992053985595703,0.0,2.384185791015625e-07,1609700901.5716255,1609700902.6043892,1.0327637195587158,1609700901.661844,1609700901.6674585,0.005614519119262695
b5085ed0e29b4129ba2a3c580949228f,k-means,warm,exec,queue,7.224082946777344e-05,4.76837158203125e-07,4.76837158203125e-07,1609700902.550839,1609700902.7816224,0.23078346252441406,1609700902.5979722,1609700902.6056294,0.007657289505004883
8886c2c75f2d4cb9bfe91a02a5c70455,k-means,warm,exec,queue,0.006199836730957031,2.384185791015625e-07,2.384185791015625e-07,1609700902.55404,1609700903.2196245,0.6655845642089844,1609700902.5981333,1609700902.6056106,0.007477283477783203
bc7d1be0969740c28446c848453a09f5,k-means,warm,exec,queue,0.01076817512512207,2.384185791015625e-07,4.76837158203125e-07,1609700902.5559099,1609700902.7050664,0.1491565704345703,1609700902.6042857,1609700902.6102233,0.0059375762939453125
9f989fbfe4054195b28fb307c3a586e7,k-means,warm,exec,queue,0.015270471572875977,4.76837158203125e-07,2.384185791015625e-07,1609700902.5578384,1609700902.9790895,0.4212510585784912,1609700902.615271,1609700902.6224518,0.007180690765380859
093a46510bfa4277b3375ad9852587ab,k-means,warm,exec,queue,0.022524595260620117,4.76837158203125e-07,2.384185791015625e-07,1609700902.5601797,1609700903.0234828,0.4633030891418457,1609700902.61843,1609700902.6251905,0.006760597229003906
a91510f30fb24e1e80b358b00b84dc45,k-means,warm,exec,queue,0.0276792049407959,2.384185791015625e-07,2.384185791015625e-07,1609700902.56205,1609700902.7460864,0.1840362548828125,1609700902.6208029,1609700902.6265016,0.005698680877685547
6cc53e0a85c5420580d6c47e55bc57bb,k-means,warm,exec,queue,0.032827138900756836,2.384185791015625e-07,2.384185791015625e-07,1609700902.563922,1609700902.8888855,0.3249635696411133,1609700902.6332073,1609700902.639827,0.006619691848754883
45be30f3b6a941e5890be0aa2b691e9a,k-means,warm,exec,queue,0.03862929344177246,4.76837158203125e-07,2.384185791015625e-07,1609700902.5660014,1609700902.974765,0.4087636470794678,1609700902.6357322,1609700902.641271,0.0055389404296875
aaf19054390043a39ccad2c943db7a9f,k-means,warm,exec,queue,0.04417991638183594,2.384185791015625e-07,0.0,1609700902.5679047,1609700902.9784873,0.4105825424194336,1609700902.6452274,1609700902.6519399,0.006712436676025391
2a50533a75874ea689e81b77d4eafb9d,k-means,warm,exec,queue,0.05091500282287598,2.384185791015625e-07,0.0,1609700902.5707319,1609700902.7797668,0.20903491973876953,1609700902.6484632,1609700902.6548603,0.0063970088958740234
575c89f928e0407fb343df2e7725fccf,k-means,warm,exec,queue,0.057294368743896484,2.384185791015625e-07,2.384185791015625e-07,1609700902.572626,1609700902.9795947,0.4069685935974121,1609700902.6547542,1609700902.660289,0.0055348873138427734
6f9dd3da35164ffc84a067f611b2e100,k-means,warm,exec,queue,0.06251049041748047,2.384185791015625e-07,4.76837158203125e-07,1609700902.574444,1609700903.2160668,0.64162278175354,1609700902.663321,1609700902.6694343,0.006113290786743164
dc9053755e3248a1be4fd7013c99fa70,video,warm,exec,queue,0.01607060432434082,4.76837158203125e-07,4.76837158203125e-07,1609700902.5762625,1609700902.8500617,0.27379918098449707,1609700902.6183941,1609700902.6336396,0.015245437622070312
c6426c66f761499ea0a2e84581c71aa5,k-means,warm,exec,queue,0.004909992218017578,4.76837158203125e-07,4.76837158203125e-07,1609700903.5499153,1609700904.1197455,0.5698301792144775,1609700903.5899513,1609700903.597493,0.007541656494140625
1eb7700bd5ad4f798029891294d24acc,k-means,warm,exec,queue,0.052835941314697266,2.384185791015625e-07,2.384185791015625e-07,1609700903.5541215,1609700904.2268674,0.672745943069458,1609700903.6444557,1609700903.650629,0.006173372268676758
402907cf3e8e448582632bebdd411805,k-means,warm,exec,queue,0.047319889068603516,4.76837158203125e-07,2.384185791015625e-07,1609700903.5568533,1609700904.179512,0.6226587295532227,1609700903.6366754,1609700903.6418378,0.005162477493286133
35a14b66eeab479abd19e75cff4071f8,k-means,warm,exec,queue,0.04200100898742676,2.384185791015625e-07,0.0,1609700903.55953,1609700904.382306,0.8227760791778564,1609700903.6313126,1609700903.6378465,0.00653386116027832
f9f2b1f3e24a4521bd9a2b886776a34f,k-means,warm,exec,queue,0.0363461971282959,4.76837158203125e-07,2.384185791015625e-07,1609700903.5625718,1609700904.1766958,0.614124059677124,1609700903.624936,1609700903.6299314,0.0049953460693359375
0db92d459af642cfa5745c11d2737d5f,k-means,warm,exec,queue,0.008720159530639648,2.384185791015625e-07,2.384185791015625e-07,1609700903.5649676,1609700904.061083,0.49611544609069824,1609700903.5927129,1609700903.5994055,0.006692647933959961
d43e7f4408064c2ebd711b5b46e6b458,k-means,warm,exec,queue,0.013045787811279297,2.384185791015625e-07,2.384185791015625e-07,1609700903.566502,1609700904.1800942,0.6135921478271484,1609700903.5980437,1609700903.605273,0.007229328155517578
4c6430e24b0747739d75c0a89d703b0c,k-means,warm,exec,queue,0.018238306045532227,2.384185791015625e-07,4.76837158203125e-07,1609700903.568043,1609700904.059329,0.491286039352417,1609700903.608563,1609700903.6158526,0.0072896480560302734
6844c8a56bc44e18b824aad1543394f6,k-means,warm,exec,queue,0.02351665496826172,2.384185791015625e-07,2.384185791015625e-07,1609700903.569606,1609700904.1180298,0.5484237670898438,1609700903.609827,1609700903.614878,0.0050508975982666016
61a2093de7be4bfdb2fe222a59e7d666,k-means,warm,exec,queue,0.028001785278320312,2.384185791015625e-07,0.0,1609700903.5712585,1609700904.3800812,0.8088226318359375,1609700903.61391,1609700903.6187975,0.004887580871582031
5ba54fbcbfed4b2d88ffd951b1ecf9f0,k-means,warm,exec,queue,0.03291010856628418,2.384185791015625e-07,2.384185791015625e-07,1609700903.5728292,1609700904.29493,0.7221007347106934,1609700903.622339,1609700903.6289966,0.006657600402832031
79ee36a6d5df4b8c90461f274cbf2827,k-means,warm,exec,queue,7.319450378417969e-05,4.76837158203125e-07,2.384185791015625e-07,1609700904.5487564,1609700904.7267618,0.17800545692443848,1609700904.586635,1609700904.594256,0.007620811462402344
fcace42dd381475496493ae989158c66,k-means,warm,exec,queue,0.006506443023681641,4.76837158203125e-07,2.384185791015625e-07,1609700904.5527136,1609700904.9462092,0.3934955596923828,1609700904.5867972,1609700904.5944738,0.007676601409912109
38786440919a4b6fba084c639b839c30,map_reduce,warm,exec,queue,0.032564401626586914,2.384185791015625e-07,4.76837158203125e-07,1609700904.5552514,1609700904.9444866,0.389235258102417,1609700904.6164923,1609700904.701817,0.08532476425170898
e2fead5aafaf4c3f9c06e1c7ad876e24,k-means,warm,exec,queue,0.00995016098022461,4.76837158203125e-07,0.0,1609700904.5573285,1609700904.851757,0.29442858695983887,1609700904.59142,1609700904.5987475,0.007327556610107422
361720f1259e415182ef00143f269b9c,k-means,warm,exec,queue,0.014516353607177734,2.384185791015625e-07,0.0,1609700904.5587912,1609700904.7261527,0.16736149787902832,1609700904.5959995,1609700904.6021051,0.006105661392211914
f56d67b810e44e429000fa92136e5f4c,k-means,warm,exec,queue,0.021416187286376953,2.384185791015625e-07,2.384185791015625e-07,1609700904.5604365,1609700904.8542297,0.2937932014465332,1609700904.614319,1609700904.6207657,0.0064465999603271484
58aebf1b54114a5088b11122bb118207,k-means,warm,exec,queue,0.02606034278869629,2.384185791015625e-07,2.384185791015625e-07,1609700904.5618546,1609700904.7282526,0.1663980484008789,1609700904.6151488,1609700904.621224,0.006075143814086914
b218646a8eda4d958de332ff13314b92,k-means,warm,exec,queue,0.03137922286987305,2.384185791015625e-07,2.384185791015625e-07,1609700904.563268,1609700904.7234292,0.16016125679016113,1609700904.6167314,1609700904.6236584,0.006927013397216797
6bdcc2fc8c464b90bf96680555740f4e,video,warm,exec,queue,0.016993284225463867,4.76837158203125e-07,2.384185791015625e-07,1609700904.5647056,1609700905.1634717,0.5987660884857178,1609700904.61492,1609700904.630455,0.015535116195678711
5d5daa96f33849288024ff6534e02b9f,matmul,warm,exec,queue,0.027309894561767578,2.384185791015625e-07,2.384185791015625e-07,1609700904.5662377,1609700904.8523831,0.2861454486846924,1609700904.6157374,1609700904.62581,0.010072469711303711
5be432e32c8d446b82fd42088fdb1ff7,k-means,warm,exec,queue,0.0060083866119384766,4.76837158203125e-07,2.384185791015625e-07,1609700905.5507972,1609700906.25035,0.6995527744293213,1609700905.588727,1609700905.5960848,0.00735783576965332
9b129f97fdcf4704aa81b94332ad9c43,k-means,warm,exec,queue,0.05380964279174805,2.384185791015625e-07,2.384185791015625e-07,1609700905.5548754,1609700906.4220424,0.8671669960021973,1609700905.6456013,1609700905.650497,0.004895687103271484
2173611d6cf042a7ba864498285645dc,k-means,warm,exec,queue,0.04794502258300781,4.76837158203125e-07,2.384185791015625e-07,1609700905.5576706,1609700906.4223914,0.8647208213806152,1609700905.634784,1609700905.639915,0.0051310062408447266
112c7ef8ccaf46449c3dee765cd3cc8a,k-means,warm,exec,queue,0.0433497428894043,2.384185791015625e-07,2.384185791015625e-07,1609700905.560175,1609700906.45622,0.8960449695587158,1609700905.631006,1609700905.636067,0.005060911178588867
7a6052777e054b43a2f9f278e83e7ffd,k-means,warm,exec,queue,0.03848433494567871,2.384185791015625e-07,2.384185791015625e-07,1609700905.5630255,1609700906.4233332,0.8603076934814453,1609700905.626258,1609700905.6338537,0.00759577751159668
fd4336477969438bb06a454d3fd75d77,k-means,warm,exec,queue,0.03386664390563965,4.76837158203125e-07,2.384185791015625e-07,1609700905.5651867,1609700906.3781369,0.8129501342773438,1609700905.6191278,1609700905.6243644,0.005236625671386719
aa2a5f29b5d14232af25fd6170499c32,k-means,warm,exec,queue,0.029313325881958008,4.76837158203125e-07,0.0,1609700905.5666118,1609700906.4534159,0.8868041038513184,1609700905.6174674,1609700905.6233523,0.005884885787963867
e813379ecaf042dd9abb51573ebce2d7,k-means,warm,exec,queue,0.02462005615234375,4.76837158203125e-07,4.76837158203125e-07,1609700905.5680504,1609700906.4566336,0.8885831832885742,1609700905.6139128,1609700905.6197796,0.0058667659759521484
3d7aa300bef44de09133d4786a87dcec,k-means,warm,exec,queue,0.01030278205871582,2.384185791015625e-07,2.384185791015625e-07,1609700905.5694904,1609700906.252442,0.6829514503479004,1609700905.593777,1609700905.6008625,0.007085561752319336
52c64c7942bd45acaf6e69ef85a270f3,k-means,warm,exec,queue,0.014967203140258789,4.76837158203125e-07,2.384185791015625e-07,1609700905.5710318,1609700906.2514205,0.6803886890411377,1609700905.599132,1609700905.605971,0.00683903694152832
f3ffec2ff3804f3eaf50365f08c1cdb5,k-means,warm,exec,queue,0.019576549530029297,2.384185791015625e-07,0.0,1609700905.5724936,1609700906.4196374,0.8471438884735107,1609700905.6040487,1609700905.610959,0.0069103240966796875
707452dace4d4c27af4f139a209846f4,k-means,warm,exec,queue,0.005046367645263672,4.76837158203125e-07,0.0,1609700906.5586946,1609700906.69992,0.14122533798217773,1609700906.6099727,1609700906.618007,0.008034229278564453
38acf7f6be484016b2ef5922e3e8f61d,k-means,warm,exec,queue,0.0542144775390625,2.384185791015625e-07,2.384185791015625e-07,1609700906.5611718,1609700907.0252283,0.46405649185180664,1609700906.6619484,1609700906.6679316,0.005983114242553711
c88489985db941e9a2af9f691116a2f2,k-means,warm,exec,queue,0.04969310760498047,2.384185791015625e-07,2.384185791015625e-07,1609700906.5633295,1609700906.8665602,0.30323076248168945,1609700906.6575134,1609700906.6641212,0.006607770919799805
b2a45436013e4cc58706da7e5a4a97f3,k-means,warm,exec,queue,0.0453338623046875,2.384185791015625e-07,2.384185791015625e-07,1609700906.5654843,1609700906.8112586,0.2457742691040039,1609700906.6489224,1609700906.6544724,0.005549907684326172
63c22058490e420baf9eef1a181a5acb,k-means,warm,exec,queue,0.040795326232910156,2.384185791015625e-07,2.384185791015625e-07,1609700906.5679321,1609700907.1666102,0.5986781120300293,1609700906.6435678,1609700906.6492915,0.005723714828491211
c8488fc09cd142d9b7ba8d34449e74e4,k-means,warm,exec,queue,0.012256145477294922,2.384185791015625e-07,2.384185791015625e-07,1609700906.5695004,1609700906.701536,0.132035493850708,1609700906.6098838,1609700906.6176438,0.007760047912597656
bd653c5d22d8488ca7853eca8e45e84e,k-means,warm,exec,queue,0.016824007034301758,2.384185791015625e-07,2.384185791015625e-07,1609700906.5709217,1609700906.7528653,0.18194365501403809,1609700906.6145864,1609700906.6218,0.007213592529296875
1ea91e922ca14f56a30d801ab2a74aa6,k-means,warm,exec,queue,0.0221254825592041,4.76837158203125e-07,0.0,1609700906.572348,1609700906.920321,0.3479728698730469,1609700906.6207242,1609700906.6283832,0.007658958435058594
58f682702f984053b3ceaa9fb1565094,k-means,warm,exec,queue,0.027767658233642578,4.76837158203125e-07,0.0,1609700906.5737653,1609700907.0285122,0.45474696159362793,1609700906.629015,1609700906.634856,0.00584101676940918
96c43d9955824f80b6c1181283f5e43d,k-means,warm,exec,queue,0.03315162658691406,2.384185791015625e-07,2.384185791015625e-07,1609700906.5753007,1609700906.7510536,0.17575287818908691,1609700906.6353984,1609700906.641097,0.005698680877685547
d4a837cafcbb4d4bb20cadf66f900cb7,k-means,warm,exec,queue,0.058687448501586914,2.384185791015625e-07,2.384185791015625e-07,1609700906.5767324,1609700906.8610723,0.28433990478515625,1609700906.6639977,1609700906.6698558,0.005858182907104492
2a8051bb53394d6bbcabe0def0e04d41,k-means,warm,exec,queue,0.0384063720703125,2.384185791015625e-07,0.0,1609700906.5781634,1609700906.8659754,0.2878119945526123,1609700906.641144,1609700906.6469932,0.005849123001098633
6e202db7c2594780bdb7e77db9a7d994,k-means,warm,exec,queue,0.06311869621276855,2.384185791015625e-07,0.0,1609700906.5796235,1609700906.8653202,0.28569674491882324,1609700906.6725268,1609700906.6768267,0.00429987907409668
42bbeb05f2ef4553a48a3cdd86a0df97,k-means,warm,exec,queue,0.06738948822021484,2.384185791015625e-07,2.384185791015625e-07,1609700906.5832381,1609700907.2012439,0.6180057525634766,1609700906.6784353,1609700906.6842725,0.005837202072143555
2ae90d2d2e804134abd36b695fc54a19,video,warm,exec,queue,0.016103506088256836,2.384185791015625e-07,0.0,1609700906.5846746,1609700907.0280569,0.44338226318359375,1609700906.630316,1609700906.6471627,0.016846656799316406
56aa82d6cd714a0288a8247f32c6d7c9,k-means,warm,exec,queue,0.002888917922973633,4.76837158203125e-07,2.384185791015625e-07,1609700907.5573237,1609700908.1117043,0.5543806552886963,1609700907.601364,1609700907.6092327,0.007868766784667969
9d3adbf754c447e1b89aab1b9945690e,k-means,warm,exec,queue,0.05977797508239746,2.384185791015625e-07,2.384185791015625e-07,1609700907.5598779,1609700908.3814092,0.8215312957763672,1609700907.657526,1609700907.6629634,0.005437374114990234
38dbe3381c6b4fdd8e479d0cdd2e6907,k-means,warm,exec,queue,0.0538330078125,4.76837158203125e-07,2.384185791015625e-07,1609700907.5613363,1609700908.1650288,0.6036925315856934,1609700907.6534946,1609700907.6607566,0.007261991500854492
0b46c9e1a05a4518980807b6c7be5670,k-means,warm,exec,queue,0.04870939254760742,2.384185791015625e-07,2.384185791015625e-07,1609700907.5627723,1609700908.3313048,0.7685325145721436,1609700907.6446095,1609700907.6501648,0.005555391311645508
be170ea45ede492985782570cd14ddc3,k-means,warm,exec,queue,0.04401445388793945,2.384185791015625e-07,2.384185791015625e-07,1609700907.564388,1609700908.0462358,0.48184776306152344,1609700907.6399739,1609700907.6460462,0.006072282791137695
23b8a9faee8549e9a969ea4031aef50a,k-means,warm,exec,queue,0.03882861137390137,4.76837158203125e-07,2.384185791015625e-07,1609700907.5658398,1609700908.1623569,0.5965170860290527,1609700907.6400301,1609700907.647634,0.007603883743286133
a3752e7586fe460c976634711b896f6f,k-means,warm,exec,queue,0.03434586524963379,4.76837158203125e-07,2.384185791015625e-07,1609700907.5672612,1609700908.1131084,0.5458471775054932,1609700907.630412,1609700907.6371229,0.00671076774597168
3c9e4a1f9aa7491bb22dca9c50ca0039,k-means,warm,exec,queue,0.029117584228515625,2.384185791015625e-07,2.384185791015625e-07,1609700907.5686982,1609700908.3842857,0.8155875205993652,1609700907.6256824,1609700907.6312268,0.005544424057006836
a0dcbc6d71224b37a2fa44831f262cc1,k-means,warm,exec,queue,0.023815631866455078,2.384185791015625e-07,7.152557373046875e-07,1609700907.5701458,1609700908.2293177,0.6591718196868896,1609700907.6229498,1609700907.6294856,0.006535768508911133
01fe2b771e6541c1a7af0516f267493f,k-means,warm,exec,queue,0.0102691650390625,2.384185791015625e-07,2.384185791015625e-07,1609700907.5716884,1609700908.0691202,0.49743175506591797,1609700907.6018388,1609700907.6098704,0.008031606674194336
c12d1f4b695c46e9a0ac92fcc3f386fe,k-means,warm,exec,queue,0.015093326568603516,4.76837158203125e-07,2.384185791015625e-07,1609700907.5731401,1609700908.0449414,0.4718012809753418,1609700907.6063192,1609700907.6154513,0.009132146835327148
64bac9db0d35411aaf463897c84210f3,k-means,warm,exec,queue,0.020247697830200195,7.152557373046875e-07,4.76837158203125e-07,1609700907.5745587,1609700908.1632893,0.5887305736541748,1609700907.6124384,1609700907.6202972,0.007858753204345703
8577d28ea32c49ad888439e06ec6699e,k-means,warm,exec,queue,0.06482958793640137,2.384185791015625e-07,0.0,1609700907.5760126,1609700908.1612737,0.5852611064910889,1609700907.6632614,1609700907.6701515,0.006890058517456055
085e02e955334b89bd2a969d3815d86c,k-means,warm,exec,queue,0.07053327560424805,4.76837158203125e-07,2.384185791015625e-07,1609700907.577546,1609700908.384871,0.8073251247406006,1609700907.669269,1609700907.6740994,0.004830360412597656
fffbdb108c964105a2ab0512de218eeb,k-means,warm,exec,queue,0.0038280487060546875,4.76837158203125e-07,4.76837158203125e-07,1609700908.545543,1609700908.6574085,0.11186552047729492,1609700908.5736635,1609700908.5812407,0.007577180862426758
99dfabcae1ea4d659fc927a7fcaaf719,video,warm,exec,queue,0.019137859344482422,2.384185791015625e-07,0.0,1609700908.5493999,1609700908.9581509,0.4087510108947754,1609700908.5924523,1609700908.6083348,0.015882492065429688
959e4b8f62374969aa643e14781a581e,k-means,warm,exec,queue,0.007662296295166016,0.0,0.0,1609700908.5519066,1609700908.9436002,0.3916935920715332,1609700908.5773845,1609700908.5849347,0.007550239562988281
28bd03d7ad314f23b22f8c30774df329,k-means,warm,exec,queue,0.012680292129516602,2.384185791015625e-07,0.0,1609700908.554422,1609700908.8429155,0.28849363327026367,1609700908.5830677,1609700908.5906663,0.0075986385345458984
12fa12738f474a7fa2837901dd517910,k-means,warm,exec,queue,0.01951432228088379,4.76837158203125e-07,2.384185791015625e-07,1609700908.5569172,1609700908.700094,0.14317679405212402,1609700908.5921159,1609700908.5978565,0.005740642547607422
1c40dfd2c51746eeb1858dfa1b4496d0,k-means,warm,exec,queue,0.02490401268005371,4.76837158203125e-07,2.384185791015625e-07,1609700908.5596879,1609700908.9454901,0.3858022689819336,1609700908.5991254,1609700908.606529,0.00740361213684082
9a7d93744e6e4bf2b4205951219d2667,k-means,warm,exec,queue,0.009634971618652344,4.76837158203125e-07,2.384185791015625e-07,1609700909.5621412,1609700909.8124104,0.25026917457580566,1609700909.6150413,1609700909.6226985,0.007657289505004883
f2c4b6d4253d4a858fc33f3b11f91f11,k-means,warm,exec,queue,0.08208870887756348,2.384185791015625e-07,2.384185791015625e-07,1609700909.5663316,1609700910.0493577,0.48302602767944336,1609700909.698288,1609700909.7040489,0.005760908126831055
87641bb84c7444c4bb56e66b3efc413a,k-means,warm,exec,queue,0.024728059768676758,2.384185791015625e-07,2.384185791015625e-07,1609700909.568863,1609700909.8137476,0.24488472938537598,1609700909.6323879,1609700909.6367693,0.004381418228149414
21a5641b0623420e8e07a87423bd691c,k-means,warm,exec,queue,0.04865407943725586,4.76837158203125e-07,2.384185791015625e-07,1609700909.5713363,1609700910.0533621,0.4820258617401123,1609700909.6580343,1609700909.662327,0.004292726516723633
7fff5b480f8f459793194d26e8a2bfb7,k-means,warm,exec,queue,0.05400896072387695,2.384185791015625e-07,2.384185791015625e-07,1609700909.5740855,1609700910.117234,0.5431485176086426,1609700909.6632075,1609700909.6676908,0.004483222961425781
67ac81ef13a64c7e8c6739839b174c81,k-means,warm,exec,queue,0.04301261901855469,2.384185791015625e-07,0.0,1609700909.576585,1609700909.9806406,0.4040555953979492,1609700909.6511202,1609700909.6563003,0.0051801204681396484
1ee17b7fb55343699ae28bc0f6817a67,k-means,warm,exec,queue,0.03819441795349121,2.384185791015625e-07,2.384185791015625e-07,1609700909.578031,1609700909.9143002,0.3362691402435303,1609700909.6471293,1609700909.6511257,0.003996372222900391
808b6b10e2424cf0af8cb27bba5c92ad,k-means,warm,exec,queue,0.03365802764892578,7.152557373046875e-07,2.384185791015625e-07,1609700909.5794516,1609700909.9824867,0.40303516387939453,1609700909.6429415,1609700909.6491134,0.0061719417572021484
fe46c4f9ada444948ae4417d1a6fdc9b,k-means,warm,exec,queue,0.0291135311126709,2.384185791015625e-07,0.0,1609700909.5808845,1609700910.052793,0.4719085693359375,1609700909.6356347,1609700909.6407871,0.005152463912963867
25d0bad765294252bd9ada0fecb9143d,k-means,warm,exec,queue,0.01870274543762207,2.384185791015625e-07,0.0,1609700909.5824227,1609700909.815564,0.23314118385314941,1609700909.6246283,1609700909.6319466,0.007318258285522461
e2af7fdd5bdf4bf9ac698fcfcfd5efa5,k-means,warm,exec,queue,0.013536453247070312,4.76837158203125e-07,2.384185791015625e-07,1609700909.583839,1609700909.9460888,0.36224985122680664,1609700909.618884,1609700909.626374,0.007489919662475586
b61ce112eb0f4c14a52435c7859602e3,k-means,warm,exec,queue,0.05912446975708008,2.384185791015625e-07,0.0,1609700909.5852757,1609700909.9821513,0.39687561988830566,1609700909.6686165,1609700909.6725173,0.003900766372680664
11d2a75749cc414bab00894f5e4259d6,k-means,warm,exec,queue,0.06408929824829102,2.384185791015625e-07,0.0,1609700909.5866988,1609700910.115346,0.5286471843719482,1609700909.6743712,1609700909.6794825,0.005111217498779297
4386ded82c7e4a5e94e5fe8bee34da15,k-means,warm,exec,queue,0.06928300857543945,4.76837158203125e-07,2.384185791015625e-07,1609700909.5882342,1609700909.9795187,0.3912844657897949,1609700909.6807356,1609700909.685627,0.004891395568847656
82bb578cc3f74466af58e93feb4a2f8a,k-means,warm,exec,queue,0.07460236549377441,2.384185791015625e-07,2.384185791015625e-07,1609700909.5896614,1609700910.119215,0.5295536518096924,1609700909.68688,1609700909.692465,0.0055849552154541016
d6275fec66ae433c8ac7be5e9c12024a,k-means,warm,exec,queue,0.07956767082214355,4.76837158203125e-07,2.384185791015625e-07,1609700909.591083,1609700909.8538709,0.2627878189086914,1609700909.6916127,1609700909.6958098,0.004197120666503906
380b5a8760954abc872b4c4e8d956a0a,matmul,warm,exec,queue,0.01634955406188965,2.384185791015625e-07,2.384185791015625e-07,1609700909.5926237,1609700909.9131994,0.3205757141113281,1609700909.6320078,1609700909.640311,0.008303165435791016
f0958378ccce4d9ba7b8cc3b26ecfef7,k-means,warm,exec,queue,7.343292236328125e-05,7.152557373046875e-07,0.0,1609700910.556506,1609700910.69993,0.14342403411865234,1609700910.6020925,1609700910.6100225,0.00793004035949707
f48151e59f0a41daad5f30b90fcf97b2,k-means,warm,exec,queue,0.00786590576171875,2.384185791015625e-07,0.0,1609700910.5605903,1609700910.702015,0.14142465591430664,1609700910.6033494,1609700910.6139672,0.010617733001708984
69ff328e6fcf47b8b2a1cf36b3668f76,k-means,warm,exec,queue,0.012713432312011719,4.76837158203125e-07,2.384185791015625e-07,1609700910.5630877,1609700910.7010431,0.1379554271697998,1609700910.606293,1609700910.6128175,0.006524562835693359
8b323e708a73458f9b34c8b828a450f1,k-means,warm,exec,queue,0.017911434173583984,4.76837158203125e-07,2.384185791015625e-07,1609700910.565609,1609700910.8010726,0.23546361923217773,1609700910.6143656,1609700910.6213288,0.006963253021240234
e70b444661d04b8e97f86b53cf367f79,k-means,warm,exec,queue,0.025023937225341797,2.384185791015625e-07,2.384185791015625e-07,1609700910.5683446,1609700910.751845,0.1835002899169922,1609700910.6232255,1609700910.6300204,0.006794929504394531
fe7396ae42894e3ba3c989e1440f2cd5,k-means,warm,exec,queue,0.030286312103271484,7.152557373046875e-07,2.384185791015625e-07,1609700910.569761,1609700911.2457664,0.6760053634643555,1609700910.629185,1609700910.6353242,0.006139278411865234
fcb471a78b8f4dfe90ca7f674437e149,k-means,warm,exec,queue,0.03475451469421387,2.384185791015625e-07,2.384185791015625e-07,1609700910.5711858,1609700911.4373648,0.8661789894104004,1609700910.632535,1609700910.6385422,0.006007194519042969
daf542263d9a4239a034c8cfe7c5189c,k-means,warm,exec,queue,0.042062997817993164,4.76837158203125e-07,4.76837158203125e-07,1609700910.5726392,1609700911.2438893,0.6712501049041748,1609700910.6420774,1609700910.6487985,0.006721019744873047
4cc457bcc2584acca420264389339833,k-means,warm,exec,queue,0.046968936920166016,2.384185791015625e-07,2.384185791015625e-07,1609700910.5740654,1609700911.4362674,0.8622019290924072,1609700910.649951,1609700910.6577227,0.007771730422973633
694e14a760084fe79e0337fdca5953fd,k-means,warm,exec,queue,0.05131125450134277,2.384185791015625e-07,2.384185791015625e-07,1609700910.5757465,1609700911.4384587,0.8627121448516846,1609700910.6505098,1609700910.6574526,0.0069427490234375
895f8cf10b314f578f8ddf636839e2e9,k-means,warm,exec,queue,0.05601835250854492,4.76837158203125e-07,2.384185791015625e-07,1609700910.5771837,1609700910.8038921,0.22670841217041016,1609700910.6579952,1609700910.6670518,0.009056568145751953
c80a9174abdf46c08378a12b9f1b5061,k-means,warm,exec,queue,0.06154608726501465,2.384185791015625e-07,0.0,1609700910.5786042,1609700910.804517,0.22591280937194824,1609700910.6636515,1609700910.670849,0.00719761848449707
eb08f5e48503400b9ac4e44d89052a5d,video,warm,exec,queue,0.01708507537841797,2.384185791015625e-07,2.384185791015625e-07,1609700910.5800264,1609700910.7504025,0.17037606239318848,1609700910.6231368,1609700910.6385188,0.015382051467895508
20c13b35c0f54891bafb171bd8608772,k-means,warm,exec,queue,0.008477449417114258,4.76837158203125e-07,2.384185791015625e-07,1609700911.554413,1609700911.8646526,0.3102395534515381,1609700911.5973067,1609700911.6043448,0.007038116455078125
2ce438892d3447ebb5d8c7ab1a6c7c5e,k-means,warm,exec,queue,0.059844970703125,7.152557373046875e-07,2.384185791015625e-07,1609700911.558384,1609700911.9572785,0.3988945484161377,1609700911.65609,1609700911.6615584,0.0054683685302734375
f977657c840a48eea2de29d4c1f8d4fe,k-means,warm,exec,queue,0.0550534725189209,2.384185791015625e-07,2.384185791015625e-07,1609700911.560911,1609700911.9730825,0.4121716022491455,1609700911.6499832,1609700911.6552773,0.005294084548950195
58b882a08dfa4c9cbb5305519a0c123e,k-means,warm,exec,queue,0.050348758697509766,4.76837158203125e-07,4.76837158203125e-07,1609700911.563398,1609700911.8273969,0.26399898529052734,1609700911.6455898,1609700911.6516871,0.006097316741943359
a302e7d6aa754f849cc9a433c7a28791,k-means,warm,exec,queue,0.045861005783081055,2.384185791015625e-07,2.384185791015625e-07,1609700911.566434,1609700911.8243825,0.257948637008667,1609700911.640474,1609700911.6468203,0.006346225738525391
48201ba525544422942694c35c492c9d,k-means,warm,exec,queue,0.041422128677368164,2.384185791015625e-07,2.384185791015625e-07,1609700911.5688548,1609700911.7490044,0.18014955520629883,1609700911.6353865,1609700911.640778,0.005391597747802734
545852c072b742de9bf26bae042457d5,k-means,warm,exec,queue,0.03612542152404785,2.384185791015625e-07,0.0,1609700911.5702868,1609700911.7513764,0.1810896396636963,1609700911.62905,1609700911.6351593,0.0061092376708984375
e71765607d834a5cbad5fbcbba8cb373,k-means,warm,exec,queue,0.031644344329833984,2.384185791015625e-07,2.384185791015625e-07,1609700911.5717201,1609700911.7895856,0.2178654670715332,1609700911.6236928,1609700911.6296248,0.0059320926666259766
480a76a4d82d42ddb79e9fa4b99addcb,k-means,warm,exec,queue,0.012319564819335938,2.384185791015625e-07,0.0,1609700911.5731683,1609700911.71297,0.1398017406463623,1609700911.6020098,1609700911.6103415,0.008331775665283203
568a2a461188401fbaf5c2fe1b42eccb,k-means,warm,exec,queue,0.016745328903198242,4.76837158203125e-07,0.0,1609700911.5747027,1609700911.827871,0.25316834449768066,1609700911.6066883,1609700911.6146972,0.008008956909179688
c503f021e8824bd7affcb10f79598b5a,k-means,warm,exec,queue,0.02196788787841797,4.76837158203125e-07,2.384185791015625e-07,1609700911.5761387,1609700911.7142825,0.13814377784729004,1609700911.6119297,1609700911.6183784,0.0064487457275390625
b1526eedf75c4361893a25773c46427a,k-means,warm,exec,queue,0.026394367218017578,2.384185791015625e-07,2.384185791015625e-07,1609700911.5775769,1609700911.8385835,0.26100659370422363,1609700911.6174548,1609700911.6229813,0.005526542663574219
62db52d2799347d1b42572b37e0b3dae,k-means,warm,exec,queue,0.005379676818847656,4.76837158203125e-07,0.0,1609700912.5547204,1609700913.1036751,0.5489547252655029,1609700912.5904512,1609700912.597712,0.007260799407958984
f54ab47f0d00400bb4f0ccbfef3dd000,video,warm,exec,queue,0.015025615692138672,4.76837158203125e-07,2.384185791015625e-07,1609700912.5586264,1609700913.3544378,0.7958114147186279,1609700912.6067016,1609700912.6247396,0.018038034439086914
6d3297bd0e6e408a8b5bb6218bc53a98,k-means,warm,exec,queue,0.045870065689086914,2.384185791015625e-07,0.0,1609700912.56117,1609700913.2969246,0.7357544898986816,1609700912.6355255,1609700912.6401973,0.004671812057495117
9fa91aa9c4e5441987e1374062f48afa,k-means,warm,exec,queue,0.04099607467651367,4.76837158203125e-07,2.384185791015625e-07,1609700912.5636592,1609700913.3556402,0.7919809818267822,1609700912.6307755,1609700912.6369019,0.00612640380859375
41bf8b83d4bb4fd48315ee076fc57bf4,k-means,warm,exec,queue,0.0354762077331543,2.384185791015625e-07,2.384185791015625e-07,1609700912.5661767,1609700913.300189,0.7340123653411865,1609700912.6225972,1609700912.6272433,0.0046460628509521484
64c8f46294644f24ac963f9c0318f284,k-means,warm,exec,queue,0.010297775268554688,2.384185791015625e-07,2.384185791015625e-07,1609700912.5686924,1609700913.1014068,0.5327143669128418,1609700912.5964673,1609700912.6046324,0.008165121078491211
7add611804624944abb76d4a4b57be80,k-means,warm,exec,queue,0.015243053436279297,4.76837158203125e-07,2.384185791015625e-07,1609700912.5701246,1609700913.1033368,0.5332121849060059,1609700912.601213,1609700912.6085942,0.0073812007904052734
f7b5913b07664edba8d8bc3269f06144,k-means,warm,exec,queue,0.020139694213867188,4.76837158203125e-07,2.384185791015625e-07,1609700912.5715635,1609700913.3006139,0.7290503978729248,1609700912.6064255,1609700912.6132486,0.006823062896728516
3c5306983c354bc08e229fc679947df9,k-means,warm,exec,queue,0.025474071502685547,2.384185791015625e-07,4.76837158203125e-07,1609700912.5730278,1609700913.2383037,0.6652758121490479,1609700912.6115487,1609700912.6165159,0.004967212677001953
5d861f33bf954ead9c31468f2767569d,k-means,warm,exec,queue,0.030440568923950195,2.384185791015625e-07,0.0,1609700912.5745966,1609700913.2366586,0.6620619297027588,1609700912.6184046,1609700912.6255944,0.007189750671386719
c068570e35ee45c8badda3dbbbe0dba4,video,warm,exec,queue,0.0030651092529296875,2.384185791015625e-07,0.0,1609700914.546225,1609700914.6652632,0.11903810501098633,1609700914.5650632,1609700914.581515,0.01645183563232422
e62b0879322f4df3a4f1a229379edd84,map_reduce,warm,exec,queue,0.012645244598388672,2.384185791015625e-07,2.384185791015625e-07,1609700914.5500052,1609700914.7231634,0.1731581687927246,1609700914.5746424,1609700914.6597745,0.08513212203979492
d18193c3f38949f3838f283b9c872960,matmul,warm,exec,queue,0.007664680480957031,2.384185791015625e-07,2.384185791015625e-07,1609700914.552541,1609700914.6640644,0.11152338981628418,1609700914.5693057,1609700914.5786767,0.009371042251586914
0bcb6c48f4384a8aa7371014e574ca9e,video,warm,exec,queue,0.0012083053588867188,4.76837158203125e-07,2.384185791015625e-07,1609700916.5438359,1609700916.638693,0.09485721588134766,1609700916.555053,1609700916.5716088,0.0165557861328125
e6faf41cf0f34e0fb73bcc8a15fcf401,k-means,warm,exec,queue,0.007030487060546875,2.384185791015625e-07,2.384185791015625e-07,1609700918.572847,1609700918.7379308,0.1650838851928711,1609700918.6316736,1609700918.6393807,0.007707118988037109
def67ea72d414ef9ac8bc80dd83ebe4e,k-means,warm,exec,queue,0.06959199905395508,2.384185791015625e-07,0.0,1609700918.577056,1609700918.941519,0.36446309089660645,1609700918.69795,1609700918.7042186,0.006268739700317383
f5fa37122d0b4adda5a0f9e2feea1427,k-means,warm,exec,queue,0.015548944473266602,4.76837158203125e-07,2.384185791015625e-07,1609700918.5795937,1609700918.7409441,0.16135048866271973,1609700918.6378763,1609700918.6445768,0.0067005157470703125
17ab551fa8164691926c935f3ed703da,k-means,warm,exec,queue,0.021670103073120117,4.76837158203125e-07,2.384185791015625e-07,1609700918.5821004,1609700918.9088678,0.3267674446105957,1609700918.6437314,1609700918.6505883,0.0068569183349609375
e788dde797f346adac546f220ca6ba67,k-means,warm,exec,queue,0.028803586959838867,2.384185791015625e-07,0.0,1609700918.5849342,1609700918.8302023,0.2452681064605713,1609700918.6514876,1609700918.6556346,0.004147052764892578
4384ba124a0a43cfa2153cad9de52c61,k-means,warm,exec,queue,0.036652326583862305,4.76837158203125e-07,2.384185791015625e-07,1609700918.5874226,1609700918.831948,0.24452543258666992,1609700918.6656315,1609700918.672455,0.006823539733886719
59b11eba392a423da4c152ee9464936d,k-means,warm,exec,queue,0.04242706298828125,4.76837158203125e-07,2.384185791015625e-07,1609700918.5893185,1609700918.8336265,0.2443079948425293,1609700918.6667464,1609700918.67311,0.006363630294799805
29f0aa4e9d774c17a30ff3c3dae47fce,k-means,warm,exec,queue,0.04744291305541992,4.76837158203125e-07,2.384185791015625e-07,1609700918.590741,1609700919.0551536,0.4644126892089844,1609700918.6714442,1609700918.6771464,0.00570225715637207
5115592bd3d94af19c5764fcae38322d,k-means,warm,exec,queue,0.05226016044616699,2.384185791015625e-07,2.384185791015625e-07,1609700918.5922792,1609700918.7708068,0.1785275936126709,1609700918.6787815,1609700918.6851783,0.006396770477294922
f8401a1553094277a393d1bc3add7955,k-means,warm,exec,queue,0.05903339385986328,2.384185791015625e-07,2.384185791015625e-07,1609700918.5937278,1609700919.0393133,0.4455854892730713,1609700918.6849816,1609700918.6896298,0.0046482086181640625
949ff04f0a694c11aa398869515549e1,k-means,warm,exec,queue,0.06548118591308594,2.384185791015625e-07,0.0,1609700918.595184,1609700919.0418782,0.44669413566589355,1609700918.6918573,1609700918.698109,0.00625157356262207
a0dbaecff8a948f1a35dcfad804ba500,k-means,warm,exec,queue,0.010911703109741211,2.384185791015625e-07,0.0,1609700918.5966148,1609700918.7414103,0.14479541778564453,1609700918.6317918,1609700918.639009,0.0072171688079833984
b29921be145d4cdfb88baf12ffdec93a,k-means,warm,exec,queue,0.07544374465942383,4.76837158203125e-07,2.384185791015625e-07,1609700918.5981627,1609700919.0423534,0.44419074058532715,1609700918.7045546,1609700918.7104216,0.00586700439453125
90d0df2bcec44d0e84a3b3ba625f63bf,k-means,warm,exec,queue,0.08012771606445312,2.384185791015625e-07,2.384185791015625e-07,1609700918.5995996,1609700918.944014,0.34441447257995605,1609700918.712397,1609700918.7184966,0.0060994625091552734
50e221e19ab7437ab174e15502f0272c,k-means,warm,exec,queue,0.0847628116607666,2.384185791015625e-07,0.0,1609700918.6010792,1609700918.8368037,0.23572444915771484,1609700918.7133152,1609700918.7186234,0.0053081512451171875
3adfed55360e40acb8b047c0fe3e02fd,k-means,warm,exec,queue,0.09034299850463867,4.76837158203125e-07,0.0,1609700918.6024978,1609700918.8383753,0.23587751388549805,1609700918.7189593,1609700918.7234964,0.004537105560302734
2a8ff07373794cc5a723cb9395b71f26,k-means,warm,exec,queue,0.09521079063415527,2.384185791015625e-07,2.384185791015625e-07,1609700918.6040313,1609700918.909464,0.3054325580596924,1609700918.7255852,1609700918.7314985,0.005913257598876953
cc3e58ee0aae4b6cacbe9c740be3904c,k-means,warm,exec,queue,0.10079646110534668,4.76837158203125e-07,7.152557373046875e-07,1609700918.6054704,1609700918.9057977,0.3003273010253906,1609700918.730446,1609700918.7349975,0.004551410675048828
cba0c1b5c5af455487e85e30d039c501,video,warm,exec,queue,0.015382766723632812,0.0,2.384185791015625e-07,1609700918.6069183,1609700918.836226,0.2293076515197754,1609700918.6522532,1609700918.668146,0.015892744064331055
0522991a333d40b48a50f5637a83cd80,matmul,warm,exec,queue,6.699562072753906e-05,4.76837158203125e-07,2.384185791015625e-07,1609700919.5478528,1609700919.6241546,0.07630181312561035,1609700919.5581808,1609700919.5677922,0.009611368179321289
40aac26890dd4ca5bb00db01deab66b3,k-means,warm,exec,queue,0.010158061981201172,2.384185791015625e-07,2.384185791015625e-07,1609700920.5759816,1609700920.711784,0.1358022689819336,1609700920.6314445,1609700920.6395752,0.008130788803100586
ba8234d4b02b4748994b1da581d72b25,k-means,warm,exec,queue,0.06505417823791504,2.384185791015625e-07,0.0,1609700920.5804846,1609700920.8286576,0.24817299842834473,1609700920.6935778,1609700920.7008688,0.007291078567504883
c83a627d5ebc43dbbbb3a634f7050058,k-means,warm,exec,queue,0.05841398239135742,2.384185791015625e-07,2.384185791015625e-07,1609700920.5831027,1609700920.8685641,0.28546142578125,1609700920.686181,1609700920.6936643,0.007483243942260742
3f4b650b32d349e89baa2d4f80c7d93f,k-means,warm,exec,queue,0.05268716812133789,2.384185791015625e-07,0.0,1609700920.5857692,1609700921.125892,0.5401227474212646,1609700920.6788197,1609700920.685988,0.007168292999267578
eb321d93f8354df2bc4d0d50282fb6d3,k-means,warm,exec,queue,0.04786252975463867,2.384185791015625e-07,2.384185791015625e-07,1609700920.5886059,1609700920.9117692,0.3231632709503174,1609700920.6781294,1609700920.6845024,0.006372928619384766
f4a11a0072eb42fb878239b84aa5fdf5,k-means,warm,exec,queue,0.041821956634521484,2.384185791015625e-07,0.0,1609700920.590174,1609700920.987099,0.3969249725341797,1609700920.6694267,1609700920.6768894,0.007462739944458008
a432c28ce5dd47cf8c499a0dbbc37088,k-means,warm,exec,queue,0.037071943283081055,2.384185791015625e-07,0.0,1609700920.591757,1609700920.7587888,0.16703176498413086,1609700920.6610239,1609700920.66631,0.005286216735839844
dc1d72c5f5ad4ac2970ff9fdac089318,k-means,warm,exec,queue,0.03075098991394043,2.384185791015625e-07,0.0,1609700920.5933478,1609700920.8270106,0.23366284370422363,1609700920.655106,1609700920.6608102,0.005704164505004883
96f259aebb3a4e8bbc2421228ab8481e,k-means,warm,exec,queue,0.025558948516845703,4.76837158203125e-07,2.384185791015625e-07,1609700920.5949512,1609700920.760649,0.16569781303405762,1609700920.653212,1609700920.659387,0.006175041198730469
5dcb13fd7c134d10ad749fababe1f975,k-means,warm,exec,queue,0.014362335205078125,2.384185791015625e-07,2.384185791015625e-07,1609700920.5966437,1609700920.7090406,0.1123969554901123,1609700920.6361248,1609700920.643717,0.007592201232910156
c141e0103e0a4529b81081b625941381,k-means,warm,exec,queue,0.020897865295410156,2.384185791015625e-07,2.384185791015625e-07,1609700920.5982182,1609700920.9853787,0.3871605396270752,1609700920.643687,1609700920.6515396,0.007852554321289062
5156d86934de4f39b7330700c9c4d840,k-means,warm,exec,queue,0.06952571868896484,2.384185791015625e-07,0.0,1609700920.5997555,1609700921.041873,0.44211745262145996,1609700920.7007544,1609700920.7075417,0.006787300109863281
67bd55764ea645df96b7983c9d2d5c29,k-means,warm,exec,queue,0.07425427436828613,2.384185791015625e-07,0.0,1609700920.601348,1609700921.1864247,0.5850768089294434,1609700920.702167,1609700920.708075,0.005908012390136719
d60487db7ad14bf58244f9908de563a7,k-means,warm,exec,queue,0.07895827293395996,2.384185791015625e-07,0.0,1609700920.6029847,1609700920.8250976,0.22211289405822754,1609700920.7102547,1609700920.7168074,0.006552696228027344
c1deeb36e1484db5a117afdb9c453562,k-means,warm,exec,queue,0.08367919921875,4.76837158203125e-07,2.384185791015625e-07,1609700920.6045501,1609700921.1273744,0.5228242874145508,1609700920.7184162,1609700920.7249358,0.0065195560455322266
069d5bfa79ac45d29deb7843131fd5a5,k-means,warm,exec,queue,0.09014320373535156,2.384185791015625e-07,2.384185791015625e-07,1609700920.6060731,1609700920.8700526,0.263979434967041,1609700920.7195277,1609700920.7250507,0.005522966384887695
9a1353cadde74447899f377ea96e452f,video,warm,exec,queue,0.0164945125579834,2.384185791015625e-07,0.0,1609700920.607732,1609700920.8669145,0.2591824531555176,1609700920.6542244,1609700920.6710587,0.016834259033203125
e7a1168ed5b9464890e0026dd76c8026,k-means,warm,exec,queue,0.0045087337493896484,0.0,0.0,1609700921.5688624,1609700921.7333922,0.16452980041503906,1609700921.6122324,1609700921.6202977,0.008065223693847656
38ee5e2327bd4b53a019de5e848ce451,k-means,warm,exec,queue,0.02375626564025879,4.76837158203125e-07,4.76837158203125e-07,1609700921.5729294,1609700921.8131266,0.24019718170166016,1609700921.6403356,1609700921.6467052,0.006369590759277344
b96ca9e818b742cd8a27c93bfaacb8a5,k-means,warm,exec,queue,0.05691933631896973,4.76837158203125e-07,2.384185791015625e-07,1609700921.575503,1609700921.8120897,0.2365865707397461,1609700921.6739602,1609700921.680526,0.00656580924987793
b6bfe9c076704f21b1e86a2eb9b8600a,k-means,warm,exec,queue,0.0299375057220459,2.384185791015625e-07,2.384185791015625e-07,1609700921.5781722,1609700921.7320359,0.15386366844177246,1609700921.6411047,1609700921.6471667,0.006062030792236328
b8701270337344be8ef83d2f262c6dc3,k-means,warm,exec,queue,0.03541064262390137,2.384185791015625e-07,2.384185791015625e-07,1609700921.5809124,1609700921.7705681,0.18965578079223633,1609700921.6443388,1609700921.6493707,0.0050318241119384766
136dc787904f4210b498a2f96d20d810,k-means,warm,exec,queue,0.04094529151916504,4.76837158203125e-07,2.384185791015625e-07,1609700921.5825148,1609700921.947837,0.3653223514556885,1609700921.6577988,1609700921.6647537,0.00695490837097168
4e1145743c4d4f9488e91bf332d091b0,k-means,warm,exec,queue,0.04631400108337402,2.384185791015625e-07,2.384185791015625e-07,1609700921.584058,1609700921.8793192,0.2952611446380615,1609700921.6581886,1609700921.6651936,0.007004976272583008
d5179f9f322d45aaaf5073d4545e0e36,k-means,warm,exec,queue,0.05142068862915039,4.76837158203125e-07,2.384185791015625e-07,1609700921.5856156,1609700921.972213,0.3865973949432373,1609700921.6616156,1609700921.6676977,0.006082057952880859
e1049b9808e440b985760db2bdd03f0a,k-means,warm,exec,queue,0.006467342376708984,2.384185791015625e-07,2.384185791015625e-07,1609700921.5872304,1609700921.8141139,0.2268834114074707,1609700921.6133132,1609700921.621188,0.007874727249145508
5fe5a108a7994056a66bd9b17ed6285e,k-means,warm,exec,queue,0.011331558227539062,2.384185791015625e-07,4.76837158203125e-07,1609700921.588922,1609700921.7292874,0.1403653621673584,1609700921.618052,1609700921.6259203,0.007868289947509766
31278b443170461098f583c3e8c80ec9,k-means,warm,exec,queue,0.016735315322875977,2.384185791015625e-07,0.0,1609700921.5904653,1609700921.7307222,0.1402568817138672,1609700921.6245303,1609700921.632611,0.008080720901489258
6783434b1a3c41eba5fa4e2bd1399db4,video,warm,exec,queue,0.023202180862426758,4.76837158203125e-07,2.384185791015625e-07,1609700921.592085,1609700921.8458405,0.2537555694580078,1609700921.6402907,1609700921.6558309,0.015540122985839844
e54d89d308774941af6379f7318c2976,k-means,warm,exec,queue,0.004247426986694336,4.76837158203125e-07,2.384185791015625e-07,1609700922.5760112,1609700922.6941893,0.11817812919616699,1609700922.6286454,1609700922.6367433,0.00809788703918457
a6719d7fd7c84a07bfbd3f7aa85f5660,k-means,warm,exec,queue,0.011630535125732422,4.76837158203125e-07,2.384185791015625e-07,1609700922.5801964,1609700922.6923478,0.1121513843536377,1609700922.6285174,1609700922.635495,0.006977558135986328
04e37423e35d425b9957455fbfef6bb5,k-means,warm,exec,queue,0.03285551071166992,2.384185791015625e-07,2.384185791015625e-07,1609700922.582775,1609700922.7495446,0.16676950454711914,1609700922.6607385,1609700922.6668878,0.0061492919921875
f3ae79b4ae7747f0a1c106095b243b67,k-means,warm,exec,queue,0.038477420806884766,2.384185791015625e-07,0.0,1609700922.585352,1609700922.8759205,0.29056859016418457,1609700922.661589,1609700922.6669042,0.005315303802490234
3b74736a2060423f9d6abd611d3773fc,k-means,warm,exec,queue,0.042787790298461914,7.152557373046875e-07,0.0,1609700922.5882413,1609700922.7485006,0.16025924682617188,1609700922.6709747,1609700922.676834,0.005859375
0fcf7b804ac040c38dc3217a879fdc4c,k-means,warm,exec,queue,0.04758143424987793,4.76837158203125e-07,2.384185791015625e-07,1609700922.589877,1609700922.916744,0.32686710357666016,1609700922.6777244,1609700922.6849015,0.007177114486694336
430b8b9083ea4f4eb73631ade1bc6a18,k-means,warm,exec,queue,0.05380725860595703,2.384185791015625e-07,2.384185791015625e-07,1609700922.5914223,1609700922.8017387,0.21031641960144043,1609700922.6792173,1609700922.6862128,0.006995439529418945
83cc488698314d72809e9cc2cbf1edad,k-means,warm,exec,queue,0.058641910552978516,2.384185791015625e-07,0.0,1609700922.5929873,1609700922.7994092,0.2064218521118164,1609700922.6853757,1609700922.6928225,0.007446765899658203
7468a5a26ee74c90b79b7f04b64cea76,k-means,warm,exec,queue,0.06473445892333984,2.384185791015625e-07,2.384185791015625e-07,1609700922.5945415,1609700923.1346662,0.5401246547698975,1609700922.6949546,1609700922.702029,0.0070743560791015625
bd44a28a79614911a1741eab82d097af,k-means,warm,exec,queue,0.015557289123535156,2.384185791015625e-07,2.384185791015625e-07,1609700922.5962503,1609700922.715297,0.11904668807983398,1609700922.6336274,1609700922.641105,0.007477521896362305
f916336bbcdf425e8ee6ac6854fe5fe7,k-means,warm,exec,queue,0.021104097366333008,2.384185791015625e-07,2.384185791015625e-07,1609700922.5978036,1609700922.800584,0.20278048515319824,1609700922.6439734,1609700922.6517978,0.007824420928955078
210665071b7c49ca9fb6092654133a60,k-means,warm,exec,queue,0.02709674835205078,2.384185791015625e-07,7.152557373046875e-07,1609700922.5993574,1609700922.832618,0.2332606315612793,1609700922.6577632,1609700922.6630933,0.005330085754394531
1fe6bfaa16084e2699c9e41254741a4a,k-means,warm,exec,queue,0.025036334991455078,4.76837158203125e-07,0.0,1609700922.6009333,1609700922.7167027,0.1157693862915039,1609700922.6442218,1609700922.6482713,0.004049539566040039
c1277746505942168bf9049d21c29c8b,k-means,warm,exec,queue,0.06978511810302734,4.76837158203125e-07,2.384185791015625e-07,1609700922.6026113,1609700922.978672,0.37606072425842285,1609700922.696461,1609700922.7022812,0.005820274353027344
69bfc3e22e424668bb677f44b0db744b,k-means,warm,exec,queue,0.07548189163208008,2.384185791015625e-07,0.0,1609700922.6041532,1609700923.0598433,0.4556901454925537,1609700922.7024472,1609700922.708246,0.005798816680908203
f7f7cf35d6584e1986bba756901e8ae6,k-means,warm,exec,queue,0.0036630630493164062,4.76837158203125e-07,2.384185791015625e-07,1609700923.5691051,1609700923.6815162,0.1124110221862793,1609700923.6108081,1609700923.6187994,0.007991313934326172
191f1ac99cfe47ff901b18d825c2ec50,k-means,warm,exec,queue,0.04451322555541992,4.76837158203125e-07,2.384185791015625e-07,1609700923.573163,1609700923.9073694,0.33420634269714355,1609700923.6540303,1609700923.659815,0.005784749984741211
2070ba80a6c543da9529a3b9db829af0,k-means,warm,exec,queue,0.03980064392089844,2.384185791015625e-07,2.384185791015625e-07,1609700923.575776,1609700923.7885609,0.2127847671508789,1609700923.648712,1609700923.6546364,0.0059244632720947266
ce7d097c55e3423b9112add1b6f0c92b,k-means,warm,exec,queue,0.03474617004394531,4.76837158203125e-07,2.384185791015625e-07,1609700923.5783982,1609700923.9055595,0.3271613121032715,1609700923.6432312,1609700923.648273,0.005041837692260742
3bf6bcb6148349d09bc2f75b20e7b8c6,k-means,warm,exec,queue,0.029455900192260742,2.384185791015625e-07,2.384185791015625e-07,1609700923.5810199,1609700923.7417703,0.1607503890991211,1609700923.6377804,1609700923.6429727,0.005192279815673828
caa2431b01d248f19a38b246b8ef7ce2,k-means,warm,exec,queue,0.02489328384399414,2.384185791015625e-07,2.384185791015625e-07,1609700923.5839431,1609700923.787031,0.20308780670166016,1609700923.6314507,1609700923.6372516,0.005800962448120117
2e6bc74e179147af9ad3e60de607d2e2,k-means,warm,exec,queue,0.007810354232788086,4.76837158203125e-07,0.0,1609700923.585667,1609700923.6821918,0.09652495384216309,1609700923.6115088,1609700923.6195536,0.008044719696044922
f3cf811b9dfe4e67af9ec3f77aaa6f03,k-means,warm,exec,queue,0.012518167495727539,2.384185791015625e-07,4.76837158203125e-07,1609700923.5872374,1609700923.6789086,0.09167122840881348,1609700923.6153271,1609700923.6225333,0.0072062015533447266
560006ccc55a473fa7a0a8b852faa0ed,k-means,warm,exec,queue,0.017266035079956055,2.384185791015625e-07,2.384185791015625e-07,1609700923.588841,1609700923.7412417,0.15240073204040527,1609700923.620869,1609700923.6300128,0.009143829345703125
a6141592dbd64221a7b41fbd36989cfb,k-means,warm,exec,queue,0.02250814437866211,2.384185791015625e-07,0.0,1609700923.5905309,1609700923.738442,0.14791107177734375,1609700923.6285963,1609700923.6344287,0.0058324337005615234
3debce49d8ac4a41ae3e91d4d1034409,k-means,warm,exec,queue,0.003477811813354492,2.384185791015625e-07,2.384185791015625e-07,1609700924.6086223,1609700924.7414649,0.1328425407409668,1609700924.6580336,1609700924.6666543,0.008620738983154297
06d2e65a13eb413aa218af5b63da3bcb,k-means,warm,exec,queue,0.007896184921264648,4.76837158203125e-07,0.0,1609700924.6128883,1609700925.612475,0.9995865821838379,1609700924.676082,1609700924.6838968,0.007814884185791016
0a95197005704a069c3abe659f0bf34f,k-means,warm,exec,queue,0.014519691467285156,2.384185791015625e-07,0.0,1609700924.6154234,1609700924.9682477,0.35282421112060547,1609700924.6794562,1609700924.6848774,0.005421161651611328
82e7edffb9f64a03b7a8c5f6e17dcadb,k-means,warm,exec,queue,0.019959449768066406,4.76837158203125e-07,0.0,1609700924.6179721,1609700925.9225025,1.304530382156372,1609700924.686363,1609700924.693204,0.006840944290161133
275bde1b8a5c4018a7a7f054c9148e0b,k-means,warm,exec,queue,0.02660202980041504,4.76837158203125e-07,0.0,1609700924.620731,1609700925.5054955,0.8847644329071045,1609700924.695213,1609700924.7019236,0.006710529327392578
386dc59df9d94b33a54dafd097bd6807,k-means,warm,exec,queue,0.031158447265625,2.384185791015625e-07,2.384185791015625e-07,1609700924.6222165,1609700927.4994183,2.877201795578003,1609700924.704799,1609700924.7125506,0.0077517032623291016
ce933a0db8e145e48b976aab2632c728,k-means,warm,exec,queue,0.0372309684753418,4.76837158203125e-07,2.384185791015625e-07,1609700924.6236947,1609700926.0431054,1.4194107055664062,1609700924.7052844,1609700924.7118535,0.0065691471099853516
99a9d2aa2ea64d93b0d01d0109900f10,k-means,warm,exec,queue,0.04236602783203125,2.384185791015625e-07,0.0,1609700924.6251984,1609700927.204861,2.579662561416626,1609700924.7105157,1609700924.7170708,0.006555080413818359
c8b014d9f91c4e0aafafc523c8758cb3,k-means,warm,exec,queue,0.0472407341003418,2.384185791015625e-07,2.384185791015625e-07,1609700924.6266937,1609700925.9482641,1.3215703964233398,1609700924.715001,1609700924.721563,0.006561994552612305
41d68f7439f84906bec6bd97b024710e,k-means,warm,exec,queue,0.05256009101867676,2.384185791015625e-07,4.76837158203125e-07,1609700924.6283135,1609700925.9500415,1.321727991104126,1609700924.7204893,1609700924.7262154,0.0057260990142822266
6d8f82c206694e65b6174b84a5d240ab,k-means,warm,exec,queue,0.05814862251281738,2.384185791015625e-07,0.0,1609700924.6298032,1609700927.5021744,2.872371196746826,1609700924.7275882,1609700924.7340555,0.006467342376708984
50cc6de6507a4e7f99f69cb2b90c7777,k-means,warm,exec,queue,0.06369447708129883,0.0,2.384185791015625e-07,1609700924.6313295,1609700927.348381,2.7170515060424805,1609700924.7320352,1609700924.736521,0.0044858455657958984
a16a8fa0062c452ba314a61442825260,k-means,warm,exec,queue,0.06932258605957031,7.152557373046875e-07,0.0,1609700924.634065,1609700927.4962869,2.8622219562530518,1609700924.7391076,1609700924.7456665,0.006558895111083984
c338f34edff048b598dc5374ad74c8ab,k-means,warm,exec,queue,0.07422304153442383,4.76837158203125e-07,2.384185791015625e-07,1609700924.6355953,1609700927.4956105,2.8600151538848877,1609700924.7431803,1609700924.7476206,0.0044403076171875
74743ccb217242a9969f0a5d50b6d6ae,k-means,warm,exec,queue,0.07977700233459473,2.384185791015625e-07,0.0,1609700924.6371367,1609700925.9001994,1.2630627155303955,1609700924.75196,1609700924.7583573,0.006397247314453125
f365de4590a248f79a048e7eb30b66eb,k-means,warm,exec,queue,0.08501648902893066,2.384185791015625e-07,2.384185791015625e-07,1609700924.6386654,1609700927.3509855,2.71232008934021,1609700924.7552369,1609700924.7600508,0.0048139095306396484
a8fe51a704af40788f49c0c72603ae17,k-means,warm,exec,queue,0.08990263938903809,2.384185791015625e-07,2.384185791015625e-07,1609700924.6403458,1609700925.8987308,1.2583849430084229,1609700924.760344,1609700924.7670145,0.006670475006103516
163241b8c5454446b9f5a19303463c62,video,warm,exec,queue,0.0036194324493408203,2.384185791015625e-07,0.0,1609700924.6418104,1609700927.502791,2.86098051071167,1609700924.6762137,1609700924.692882,0.016668319702148438
9dcc0be3b61f48d9875f570dc1405c92,matmul,warm,exec,queue,0.0189969539642334,2.384185791015625e-07,0.0,1609700924.6432858,1609700925.8970194,1.2537336349487305,1609700924.6962729,1609700924.7060323,0.00975942611694336
104f56952ee5484a9b77e5a7c7389b69,map_reduce,warm,exec,queue,0.02268195152282715,2.384185791015625e-07,0.0,1609700924.6447666,1609700927.4362855,2.7915189266204834,1609700924.6957996,1609700924.7806582,0.08485865592956543
bb6115e25297476cb306ce77030d0a12,disk,cold,exec,create,0.029026269912719727,4.901916742324829,2.384185791015625e-07,1609700924.6463318,1609700929.6727116,5.026379823684692,1609700929.6037762,1609700929.6227503,0.01897406578063965
2ca9d001a14f427e925a00fb3fddf241,k-means,warm,exec,queue,0.004128456115722656,4.76837158203125e-07,2.384185791015625e-07,1609700925.57254,1609700926.041236,0.46869587898254395,1609700925.6287808,1609700925.636572,0.007791042327880859
b0abb5bb79a649f087d41eab5e845c44,video,warm,exec,queue,0.018631458282470703,4.76837158203125e-07,2.384185791015625e-07,1609700925.5796242,1609700927.20521,1.6255857944488525,1609700925.6516519,1609700925.668942,0.017290115356445312
0e36095679aa4f59a9ce1de0e0215200,k-means,warm,exec,queue,0.02560138702392578,2.384185791015625e-07,4.76837158203125e-07,1609700925.584343,1609700927.203049,1.6187059879302979,1609700925.6537406,1609700925.6608436,0.00710296630859375
f907847db2e2410dbaae4a415859800e,k-means,warm,exec,queue,0.030168771743774414,2.384185791015625e-07,2.384185791015625e-07,1609700925.5877707,1609700927.7815485,2.1937777996063232,1609700925.65666,1609700925.663287,0.00662684440612793
5664b962d64e45afa07d8e090142f0d5,k-means,warm,exec,queue,0.0353846549987793,2.384185791015625e-07,0.0,1609700925.5906215,1609700927.776464,2.185842514038086,1609700925.664069,1609700925.671849,0.0077800750732421875
835f664290264274a9b6566df01c02eb,k-means,warm,exec,queue,0.021814823150634766,2.384185791015625e-07,2.384185791015625e-07,1609700925.5934913,1609700927.7759182,2.182426929473877,1609700925.6513417,1609700925.6587956,0.00745391845703125
dfbdf9ba53024a4ab0ae26607b02c6d4,k-means,warm,exec,queue,0.01568746566772461,2.384185791015625e-07,0.0,1609700925.5963373,1609700927.4351156,1.8387782573699951,1609700925.639646,1609700925.6470218,0.0073757171630859375
30d56bf247a1421d9ca4b7e091894d55,k-means,warm,exec,queue,0.008550882339477539,7.152557373046875e-07,2.384185791015625e-07,1609700925.5992582,1609700927.3490176,1.7497594356536865,1609700925.6292305,1609700925.637015,0.007784605026245117
53b1427ce6f34d3187531b12cfbed4f3,k-means,warm,exec,queue,0.013345718383789062,2.384185791015625e-07,2.384185791015625e-07,1609700925.6020331,1609700926.8953452,1.2933120727539062,1609700925.6344347,1609700925.6423807,0.007946014404296875
2fdba298f2e74effa4d7045265180eb9,k-means,warm,exec,queue,0.0034334659576416016,4.76837158203125e-07,2.384185791015625e-07,1609700926.5726147,1609700927.4988792,0.9262645244598389,1609700926.6062648,1609700926.614116,0.007851123809814453
0b68f9e705c845f4a83fccae1c291066,k-means,warm,exec,queue,0.033313751220703125,2.384185791015625e-07,2.384185791015625e-07,1609700926.5766637,1609700927.7819817,1.2053179740905762,1609700926.6412458,1609700926.646479,0.005233049392700195
30a03a318e764d60bc45cc768b9d9934,k-means,warm,exec,queue,0.028939008712768555,0.0,2.384185791015625e-07,1609700926.5792227,1609700927.6502619,1.0710391998291016,1609700926.6333334,1609700926.6386964,0.005362987518310547
8823274531d949b2a02216f78a7d720f,k-means,warm,exec,queue,0.02409672737121582,2.384185791015625e-07,2.384185791015625e-07,1609700926.5817983,1609700927.6516843,1.0698859691619873,1609700926.627849,1609700926.6331933,0.0053441524505615234
e37ee2452bb248a0a2d2807a2ca65359,k-means,warm,exec,queue,0.007342815399169922,4.76837158203125e-07,2.384185791015625e-07,1609700926.5843482,1609700927.9672484,1.3829002380371094,1609700926.6084344,1609700926.6165388,0.008104324340820312
7b0ec72eb8704318a72c25f648375e1e,k-means,warm,exec,queue,0.01184225082397461,4.76837158203125e-07,2.384185791015625e-07,1609700926.5863783,1609700927.6508942,1.0645158290863037,1609700926.612656,1609700926.6201491,0.007493019104003906
8cc1350530f84b9fb3cc5de82512b3b3,k-means,warm,exec,queue,0.016455411911010742,4.76837158203125e-07,2.384185791015625e-07,1609700926.5878751,1609700927.9667735,1.3788983821868896,1609700926.6175725,1609700926.6255584,0.007985830307006836
76da1dda6c02452b80f64d7ef8352376,k-means,warm,exec,queue,0.021278858184814453,7.152557373046875e-07,2.384185791015625e-07,1609700926.5893688,1609700927.7810993,1.1917304992675781,1609700926.6237133,1609700926.6315496,0.007836341857910156
e77cd25682a9460a8d1058b0a2fb0a31,k-means,warm,exec,queue,0.005511045455932617,2.384185791015625e-07,2.384185791015625e-07,1609700927.5845106,1609700927.7824113,0.19790077209472656,1609700927.6239562,1609700927.6308208,0.0068645477294921875
9d60ddfbcf6c4d3faeecbbcbeb466245,k-means,warm,exec,queue,0.030471324920654297,2.384185791015625e-07,0.0,1609700927.5883014,1609700927.960388,0.3720865249633789,1609700927.6526797,1609700927.658299,0.0056192874908447266
4844f82fcb1b40bf8d28554a17c8d826,k-means,warm,exec,queue,0.03569507598876953,2.384185791015625e-07,2.384185791015625e-07,1609700927.590635,1609700927.9162993,0.3256642818450928,1609700927.656466,1609700927.661293,0.004827022552490234
35aa36839fd74784b5500a1626e3b4dc,k-means,warm,exec,queue,0.041275978088378906,4.76837158203125e-07,2.384185791015625e-07,1609700927.5930214,1609700928.3012197,0.7081983089447021,1609700927.6645465,1609700927.6705832,0.0060367584228515625
6a6392ec2ce54849889f42347332e1b2,k-means,warm,exec,queue,0.04635500907897949,2.384185791015625e-07,2.384185791015625e-07,1609700927.596834,1609700927.9597373,0.362903356552124,1609700927.6677275,1609700927.6722236,0.004496097564697266
d752640f91c248f4a26d54e397cb34ae,k-means,warm,exec,queue,0.05184507369995117,2.384185791015625e-07,2.384185791015625e-07,1609700927.5982573,1609700927.967727,0.36946964263916016,1609700927.67373,1609700927.6802511,0.0065212249755859375
1bd149c36d8a47bda7fa47cfe2a80dca,k-means,warm,exec,queue,0.05683135986328125,2.384185791015625e-07,0.0,1609700927.599694,1609700927.9992096,0.39951562881469727,1609700927.6790235,1609700927.6839843,0.004960775375366211
f3307842c35c4a46babc94bc414ddbe0,k-means,warm,exec,queue,0.06240725517272949,2.384185791015625e-07,0.0,1609700927.6011329,1609700928.3029666,0.7018337249755859,1609700927.687145,1609700927.6941655,0.007020473480224609
c15c506c4c5e4150b7d807f6d4c9602e,k-means,warm,exec,queue,0.01510000228881836,2.384185791015625e-07,2.384185791015625e-07,1609700927.6025603,1609700928.1186056,0.516045331954956,1609700927.6355355,1609700927.6421893,0.006653785705566406
5f6b420f654544b0928312664239b407,k-means,warm,exec,queue,0.019875049591064453,4.76837158203125e-07,2.384185791015625e-07,1609700927.6040952,1609700927.9657903,0.3616950511932373,1609700927.6406033,1609700927.6453984,0.004795074462890625
e3c53794545d4b5eb095c4975fe28b83,k-means,warm,exec,queue,0.02507328987121582,4.76837158203125e-07,4.76837158203125e-07,1609700927.6055267,1609700927.966285,0.36075830459594727,1609700927.6515212,1609700927.6569948,0.005473613739013672
9d33220cf1b042dbaa463d9b69b2b6be,k-means,warm,exec,queue,0.009643793106079102,2.384185791015625e-07,4.76837158203125e-07,1609700927.6069424,1609700927.7828338,0.17589139938354492,1609700927.629848,1609700927.6369805,0.007132530212402344
784075822a54461189d8ea9e7c552473,k-means,warm,exec,queue,0.06804943084716797,2.384185791015625e-07,4.76837158203125e-07,1609700927.6083665,1609700927.9682055,0.35983896255493164,1609700927.6911612,1609700927.696306,0.005144834518432617
d1814f86c37b4d26b927515e8cb7f316,k-means,warm,exec,queue,0.009324789047241211,4.76837158203125e-07,2.384185791015625e-07,1609700928.5787525,1609700928.6861827,0.10743021965026855,1609700928.624012,1609700928.631038,0.007025957107543945
50015a3b75c04e1e9842cb7066a30edb,k-means,warm,exec,queue,0.06473016738891602,2.384185791015625e-07,0.0,1609700928.5828826,1609700928.9554465,0.37256383895874023,1609700928.6903718,1609700928.694967,0.004595279693603516
b9a53cac36174e68a122052ab24d9784,k-means,warm,exec,queue,0.042008161544799805,2.384185791015625e-07,2.384185791015625e-07,1609700928.5854225,1609700928.8530142,0.2675917148590088,1609700928.662248,1609700928.6684654,0.006217479705810547
73286d795a9644a298c02143d06279dd,k-means,warm,exec,queue,0.04735541343688965,2.384185791015625e-07,0.0,1609700928.5878954,1609700928.9570096,0.3691141605377197,1609700928.6673272,1609700928.671601,0.004273891448974609
72c64e876eb8467786ee04ec0fccd894,k-means,warm,exec,queue,0.052014827728271484,2.384185791015625e-07,0.0,1609700928.5906842,1609700928.8160758,0.22539162635803223,1609700928.6763651,1609700928.6832888,0.006923675537109375
2b55e30bbeee4c838649a8ad0f8b100d,k-means,warm,exec,queue,0.036813974380493164,2.384185791015625e-07,2.384185791015625e-07,1609700928.592867,1609700928.816591,0.2237241268157959,1609700928.6552944,1609700928.66036,0.0050656795501708984
24d85e110a144a72881e47d9f504fea7,k-means,warm,exec,queue,0.03238177299499512,2.384185791015625e-07,2.384185791015625e-07,1609700928.594285,1609700928.7693284,0.17504334449768066,1609700928.6530979,1609700928.6583385,0.005240678787231445
9683048441c54ddda058d3e1a6d66ea7,k-means,warm,exec,queue,0.02707052230834961,2.384185791015625e-07,2.384185791015625e-07,1609700928.5956936,1609700928.7710278,0.17533421516418457,1609700928.6454573,1609700928.652354,0.0068967342376708984
9ede0b771f264d109a02664de6041fae,k-means,warm,exec,queue,0.02257370948791504,2.384185791015625e-07,0.0,1609700928.5971217,1609700928.8155742,0.21845245361328125,1609700928.64198,1609700928.6475775,0.005597591400146484
e598058625014c22821041a4f22fafb7,k-means,warm,exec,queue,0.018177032470703125,1.621246337890625e-05,0.0,1609700928.5986428,1609700928.7275553,0.12891244888305664,1609700928.638063,1609700928.644852,0.006788969039916992
c7aae0810a25433d87e4f92cb126445d,k-means,warm,exec,queue,0.013317584991455078,0.0,2.384185791015625e-07,1609700928.6000543,1609700928.7265,0.12644577026367188,1609700928.6293843,1609700928.6368,0.007415771484375
a37e486c08604ab793db44d0e501dbf8,k-means,warm,exec,queue,0.05718564987182617,2.384185791015625e-07,2.384185791015625e-07,1609700928.6014786,1609700929.0126874,0.4112088680267334,1609700928.6786215,1609700928.6829762,0.004354715347290039
795fb47d64c94edb94fe90c3d75d5be0,k-means,warm,exec,queue,0.06166815757751465,2.384185791015625e-07,2.384185791015625e-07,1609700928.6028993,1609700928.8962681,0.2933688163757324,1609700928.6868994,1609700928.6940987,0.007199287414550781
ec2c46ce3e0b48e68ef3816656b10ce0,video,warm,exec,queue,0.013774871826171875,2.384185791015625e-07,0.0,1609700928.6044216,1609700928.8118932,0.20747160911560059,1609700928.6387248,1609700928.6544685,0.015743732452392578
9c0449fc5cee475a948bd89afa8a36f7,k-means,warm,exec,queue,0.003610372543334961,4.76837158203125e-07,2.384185791015625e-07,1609700929.5808237,1609700929.7253103,0.144486665725708,1609700929.6293786,1609700929.636511,0.007132530212402344
552951d581614138b8bc1049dbf3a95c,k-means,warm,exec,queue,0.06020498275756836,2.384185791015625e-07,0.0,1609700929.584894,1609700929.8926249,0.30773091316223145,1609700929.6849675,1609700929.6908708,0.0059032440185546875
82b36eb911074bc1a70f49ac4e87aec8,k-means,warm,exec,queue,0.05554485321044922,2.384185791015625e-07,0.0,1609700929.5874388,1609700929.9516296,0.36419081687927246,1609700929.6814618,1609700929.6871636,0.005701780319213867
cfb02b48b070469cab12743ae70f6f49,k-means,warm,exec,queue,0.05055975914001465,0.0,0.0,1609700929.5899973,1609700929.8018436,0.21184635162353516,1609700929.6741395,1609700929.67827,0.00413060188293457
1a9ebd9b6a1f496189a9d7bc369cd464,k-means,warm,exec,queue,0.04582691192626953,4.76837158203125e-07,2.384185791015625e-07,1609700929.5927956,1609700930.01094,0.41814446449279785,1609700929.6689942,1609700929.675275,0.0062808990478515625
ad6b57eaaa2347b2819cbe961e979c36,k-means,warm,exec,queue,0.041274070739746094,2.384185791015625e-07,0.0,1609700929.5942557,1609700930.0090892,0.41483354568481445,1609700929.6668005,1609700929.6723084,0.005507946014404297
edd99764ebf54bf0b5fd74078deb50ca,k-means,warm,exec,queue,0.03643059730529785,4.76837158203125e-07,2.384185791015625e-07,1609700929.595717,1609700929.7280447,0.13232779502868652,1609700929.6597145,1609700929.6658218,0.006107330322265625
68e210485f3c4b36a538ab4eec9a1b21,k-means,warm,exec,queue,0.031176328659057617,0.0,2.384185791015625e-07,1609700929.5971751,1609700929.8044627,0.20728754997253418,1609700929.6525033,1609700929.6580565,0.005553245544433594
6f561e0f1c08445e84af94c0fed56861,k-means,warm,exec,queue,0.009610414505004883,4.76837158203125e-07,2.384185791015625e-07,1609700929.598627,1609700929.7267063,0.12807917594909668,1609700929.629105,1609700929.6349099,0.005804777145385742
f44b3b107aa6475ab26e87a6481c1710,k-means,warm,exec,queue,0.015043497085571289,2.384185791015625e-07,2.384185791015625e-07,1609700929.6001992,1609700929.9512382,0.35103893280029297,1609700929.6331403,1609700929.6394055,0.006265163421630859
014dea7e5a6847a3b03092a28e6ca4ea,k-means,warm,exec,queue,0.02046656608581543,4.76837158203125e-07,4.76837158203125e-07,1609700929.60169,1609700929.8013344,0.1996443271636963,1609700929.6499975,1609700929.6566885,0.00669097900390625
76d2e2449e784aad9db82821f971bcd4,k-means,warm,exec,queue,0.028268814086914062,2.384185791015625e-07,0.0,1609700929.603164,1609700929.7232323,0.12006831169128418,1609700929.64991,1609700929.6563737,0.006463766098022461
3f09ccb263864770ac5659533cd158df,k-means,warm,exec,queue,0.06532526016235352,4.76837158203125e-07,0.0,1609700929.6046436,1609700929.804016,0.1993725299835205,1609700929.692757,1609700929.6989655,0.006208658218383789
7e8e0de86de542f7855eb1e2baba6487,matmul,warm,exec,queue,0.018220901489257812,4.76837158203125e-07,2.384185791015625e-07,1609700929.6062136,1609700929.7243292,0.11811566352844238,1609700929.6502807,1609700929.659697,0.009416341781616211
5788e3460f4044c8a08848ec92805c67,k-means,warm,exec,queue,0.0035333633422851562,4.76837158203125e-07,2.384185791015625e-07,1609700930.576661,1609700930.74519,0.16852879524230957,1609700930.614518,1609700930.6219013,0.0073833465576171875
20adbbdfe6c24b2c9523aa2645536b51,video,warm,exec,queue,0.015473604202270508,4.76837158203125e-07,2.384185791015625e-07,1609700930.5807848,1609700930.8432164,0.26243162155151367,1609700930.6380885,1609700930.65402,0.01593160629272461
fb6a8139b932422ea1dfaff04cb6bce4,k-means,warm,exec,queue,0.04234600067138672,2.384185791015625e-07,2.384185791015625e-07,1609700930.5833566,1609700930.747117,0.16376042366027832,1609700930.658786,1609700930.6645799,0.00579380989074707
e8465021580f4b4ba0f28b925b8d934c,k-means,warm,exec,queue,0.03753519058227539,4.76837158203125e-07,2.384185791015625e-07,1609700930.5859237,1609700930.8437629,0.2578392028808594,1609700930.6553328,1609700930.6627603,0.0074274539947509766
0eb587166d0c44b0badc18a0c9ccde33,k-means,warm,exec,queue,0.03188967704772949,2.384185791015625e-07,0.0,1609700930.5884905,1609700930.8466809,0.258190393447876,1609700930.643646,1609700930.6498957,0.006249666213989258
baa35b5e6789407eb758940f1b5ba4c9,k-means,warm,exec,queue,0.027279138565063477,2.384185791015625e-07,0.0,1609700930.5901575,1609700930.8387613,0.24860382080078125,1609700930.643337,1609700930.6504998,0.007162809371948242
25a31894e07b4c4c94c1026f23600728,k-means,warm,exec,queue,0.007216930389404297,2.384185791015625e-07,0.0,1609700930.5916197,1609700930.7440574,0.15243768692016602,1609700930.6143732,1609700930.6216996,0.007326364517211914
f6ec6ad851ed4cb0bb06f4cbb29cbf1e,k-means,warm,exec,queue,0.011893987655639648,2.384185791015625e-07,2.384185791015625e-07,1609700930.5931017,1609700930.7485666,0.15546488761901855,1609700930.6199026,1609700930.627521,0.007618427276611328
12368312e83f4eb292f58dfd5e9ae370,k-means,warm,exec,queue,0.016341209411621094,2.384185791015625e-07,4.76837158203125e-07,1609700930.5945637,1609700930.7461576,0.15159392356872559,1609700930.6246157,1609700930.632087,0.007471323013305664
15154d7a071549c3abc7dcb3f5f90fb8,k-means,warm,exec,queue,0.023606538772583008,4.76837158203125e-07,2.384185791015625e-07,1609700930.5962813,1609700930.8442717,0.24799036979675293,1609700930.638293,1609700930.6456058,0.007312774658203125
e3726d4046a54397a8a9c6a5a7b5416e,k-means,warm,exec,queue,0.0018448829650878906,4.76837158203125e-07,2.384185791015625e-07,1609700931.5843384,1609700932.5522738,0.96793532371521,1609700931.630644,1609700931.6382527,0.007608652114868164
c6cc01f6d3e3438d96493d336c61c74d,k-means,warm,exec,queue,0.05786633491516113,7.152557373046875e-07,0.0,1609700931.5873578,1609700933.6077225,2.020364761352539,1609700931.6840284,1609700931.6913018,0.007273435592651367
5d29bb5dc25541a5bbcfb78e84eac2c0,k-means,warm,exec,queue,0.05329394340515137,4.76837158203125e-07,4.76837158203125e-07,1609700931.5890925,1609700932.5489304,0.9598379135131836,1609700931.6786735,1609700931.6841557,0.005482196807861328
146ad7859bb34b92a5b87146d86e896c,k-means,warm,exec,queue,0.04860830307006836,7.152557373046875e-07,2.384185791015625e-07,1609700931.5907936,1609700932.8706417,1.2798480987548828,1609700931.6755497,1609700931.6810746,0.005524873733520508
8c2b15db6dd1476d85a75f9dcf513eca,k-means,warm,exec,queue,0.03753995895385742,2.384185791015625e-07,2.384185791015625e-07,1609700931.592742,1609700932.8743176,1.2815756797790527,1609700931.6620507,1609700931.6683586,0.006307840347290039
d04f2b05fd5f45bc9262670760e03f68,k-means,warm,exec,queue,0.03280472755432129,2.384185791015625e-07,2.384185791015625e-07,1609700931.5944421,1609700932.8712077,1.2767655849456787,1609700931.6582942,1609700931.6653936,0.0070993900299072266
b31d555516424c0e8b187b5825d09c08,k-means,warm,exec,queue,0.028345584869384766,4.76837158203125e-07,2.384185791015625e-07,1609700931.5961394,1609700933.6094258,2.0132863521575928,1609700931.6576185,1609700931.6636097,0.005991220474243164
6ff371d761d04418badde2627733a091,k-means,warm,exec,queue,0.02334308624267578,7.152557373046875e-07,2.384185791015625e-07,1609700931.5974386,1609700932.5516615,0.9542229175567627,1609700931.65546,1609700931.662014,0.006554126739501953
d5d03312d22e49348b73261f2118e9aa,k-means,warm,exec,queue,0.018078088760375977,2.384185791015625e-07,2.384185791015625e-07,1609700931.5986066,1609700932.9588377,1.3602311611175537,1609700931.6403058,1609700931.6465664,0.00626063346862793
edec2156fe7c42f89022b85a34f9688f,k-means,warm,exec,queue,0.010670185089111328,2.384185791015625e-07,0.0,1609700931.5998843,1609700932.600157,1.0002727508544922,1609700931.6307712,1609700931.6382546,0.007483482360839844
f3f594f1336c45bb951566f404ce3d18,k-means,warm,exec,queue,0.015504837036132812,2.384185791015625e-07,2.384185791015625e-07,1609700931.601205,1609700933.052836,1.4516308307647705,1609700931.635575,1609700931.642622,0.007046937942504883
39694ae5ca2541dca46e32f49cf4bf94,k-means,warm,exec,queue,0.06240344047546387,2.384185791015625e-07,2.384185791015625e-07,1609700931.602397,1609700933.609704,2.0073070526123047,1609700931.69061,1609700931.6960802,0.00547027587890625
35742d25bafc4d57a5aef8b80cdd929a,k-means,warm,exec,queue,0.06704449653625488,2.384185791015625e-07,0.0,1609700931.6035917,1609700932.866165,1.2625732421875,1609700931.6948407,1609700931.7009854,0.00614476203918457
52106c8b888e47f19f4f00171b303efe,k-means,warm,exec,queue,0.07195472717285156,4.76837158203125e-07,2.384185791015625e-07,1609700931.6049738,1609700932.8737586,1.268784761428833,1609700931.7017686,1609700931.7074919,0.005723237991333008
b236516c3af54071b41b876a931ce9e3,k-means,warm,exec,queue,0.0766897201538086,2.384185791015625e-07,0.0,1609700931.606213,1609700932.8679905,1.261777400970459,1609700931.7067237,1609700931.7127066,0.005982875823974609
b483853a632c42a480845619ce35ef11,k-means,warm,exec,queue,0.9821255207061768,4.76837158203125e-07,4.76837158203125e-07,1609700931.6074789,1609700933.869399,2.261920213699341,1609700932.6150498,1609700932.6220536,0.0070037841796875
8fefd26bb2784f72bc7255b1510ca743,k-means,warm,exec,queue,0.011762380599975586,2.384185791015625e-07,0.0,1609700932.5759308,1609700933.0542016,0.4782707691192627,1609700932.6177976,1609700932.6251955,0.007397890090942383
c36d9cd9067348c4907b86f9ac1b1ce9,video,warm,exec,queue,0.014065027236938477,2.384185791015625e-07,2.384185791015625e-07,1609700932.5796976,1609700933.8687925,1.2890949249267578,1609700932.6336868,1609700932.6497927,0.01610589027404785
41c321c8d48449ebb5781bd70741386e,k-means,warm,exec,queue,1.0045132637023926,2.384185791015625e-07,0.0,1609700932.582456,1609700934.1171913,1.5347352027893066,1609700933.6221635,1609700933.6297443,0.007580757141113281
888735c41a2a4bdd92d49a17e8651124,k-means,warm,exec,queue,0.016140222549438477,2.384185791015625e-07,0.0,1609700932.5847719,1609700932.9780264,0.39325451850891113,1609700932.6241028,1609700932.631784,0.007681131362915039
0021d82718034c28a8fe2ad25f1fb779,k-means,warm,exec,queue,0.02349114418029785,4.76837158203125e-07,2.384185791015625e-07,1609700932.5870812,1609700933.014413,0.42733192443847656,1609700932.6331356,1609700932.6390893,0.005953788757324219
1b7c926508764c199852b2a91fd6dac7,k-means,warm,exec,queue,0.027807950973510742,7.152557373046875e-07,2.384185791015625e-07,1609700932.5890458,1609700933.2453384,0.6562926769256592,1609700932.637499,1609700932.6435902,0.006091117858886719
59f54ec3127e45fc8a44713e42b7deee,k-means,warm,exec,queue,0.032497406005859375,2.384185791015625e-07,0.0,1609700932.5905738,1609700933.014826,0.4242522716522217,1609700932.6439521,1609700932.650111,0.0061588287353515625
4fcf2bb9188748cd9735cb4fbf288cd2,k-means,warm,exec,queue,0.03783726692199707,2.384185791015625e-07,0.0,1609700932.591997,1609700933.608685,1.0166881084442139,1609700932.6508467,1609700932.6575146,0.0066678524017333984
912d6d97d5fc468bb25ee2808a88bbba,k-means,warm,exec,queue,0.042418479919433594,2.384185791015625e-07,0.0,1609700932.5934377,1609700933.6091475,1.0157098770141602,1609700932.6530933,1609700932.6592033,0.006109952926635742
4aa8aa62c1a14100a2b404da35aeb9b7,k-means,warm,exec,queue,0.04808211326599121,2.384185791015625e-07,0.0,1609700932.5949903,1609700933.8710093,1.2760190963745117,1609700932.6593804,1609700932.6656802,0.006299734115600586
bd1eb5ee780f4182be517d4cf8051a18,k-means,warm,exec,queue,0.01017141342163086,2.384185791015625e-07,0.0,1609700933.5815904,1609700935.1059961,1.5244057178497314,1609700933.6250968,1609700933.6315331,0.006436347961425781
668a7ae2b0bd4a21ac36f269e0582de3,k-means,warm,exec,queue,1.0333008766174316,4.76837158203125e-07,0.0,1609700933.584776,1609700935.1092947,1.5245187282562256,1609700934.6667125,1609700934.6746,0.00788736343383789
5a2721f8dbf84c5fa6cf163de7cd4c02,k-means,warm,exec,queue,0.056969404220581055,2.384185791015625e-07,2.384185791015625e-07,1609700933.586365,1609700934.275019,0.6886539459228516,1609700933.6798415,1609700933.685067,0.005225419998168945
34f85d61ac8a40358f5c24e68c571c7e,k-means,warm,exec,queue,0.052294254302978516,2.384185791015625e-07,2.384185791015625e-07,1609700933.5879664,1609700934.203809,0.6158425807952881,1609700933.6750927,1609700933.6810908,0.005998134613037109
2fc199c3697d42dbb7bba83ef2727d41,k-means,warm,exec,queue,0.046825408935546875,4.76837158203125e-07,2.384185791015625e-07,1609700933.5900528,1609700934.2000906,0.6100378036499023,1609700933.6698794,1609700933.67479,0.004910469055175781
6a726fb66f494625a3db0a93a49bbbb4,k-means,warm,exec,queue,0.0420074462890625,7.152557373046875e-07,0.0,1609700933.5916705,1609700935.1123033,1.5206327438354492,1609700933.6628764,1609700933.669093,0.006216526031494141
7fa32fdbefab4e33849983e20fef3784,k-means,warm,exec,queue,0.014216899871826172,2.384185791015625e-07,0.0,1609700933.593177,1609700933.8657086,0.27253150939941406,1609700933.6307917,1609700933.6380563,0.007264614105224609
0cde95f0a82c4a36b73e68cf684ee65c,k-means,warm,exec,queue,0.019023418426513672,2.384185791015625e-07,2.384185791015625e-07,1609700933.594424,1609700933.9814446,0.3870205879211426,1609700933.638709,1609700933.6467707,0.008061647415161133
0b95e32f8f1f41e2915b01992004fe09,k-means,warm,exec,queue,0.02382683753967285,4.76837158203125e-07,2.384185791015625e-07,1609700933.5956774,1609700934.0357175,0.44004011154174805,1609700933.6411264,1609700933.6482475,0.007121086120605469
2e8d90d9cf614d6a8205633aa7f93a16,k-means,warm,exec,queue,0.028688669204711914,2.384185791015625e-07,2.384185791015625e-07,1609700933.5970826,1609700934.2769542,0.6798715591430664,1609700933.6469798,1609700933.651963,0.004983186721801758
2a186923d0404de5a91d53070866e963,k-means,warm,exec,queue,0.03337907791137695,2.384185791015625e-07,0.0,1609700933.5984101,1609700934.443654,0.8452439308166504,1609700933.6542597,1609700933.6616807,0.007421016693115234
695f9e91f4f74711993193382d29da92,k-means,warm,exec,queue,0.03833341598510742,2.384185791015625e-07,2.384185791015625e-07,1609700933.5996814,1609700934.2021694,0.6024880409240723,1609700933.6583412,1609700933.66354,0.00519871711730957
50932e8c7c2040de86894112dcfadaaa,k-means,warm,exec,queue,0.0142364501953125,2.384185791015625e-07,0.0,1609700934.585309,1609700935.3085434,0.7232344150543213,1609700934.6667702,1609700934.6744106,0.007640361785888672
16e01e6a2e134d028aef1b643efd5e09,k-means,warm,exec,queue,0.013240337371826172,2.384185791015625e-07,0.0,1609700934.5897307,1609700935.0381386,0.4484078884124756,1609700934.6741679,1609700934.681732,0.007564067840576172
206480ea2ed34669af602f78af183dda,k-means,warm,exec,queue,0.01812458038330078,2.384185791015625e-07,2.384185791015625e-07,1609700934.592315,1609700935.53166,0.939345121383667,1609700934.686801,1609700934.693784,0.006983041763305664
c263421c1e664472b672658122c6c735,k-means,warm,exec,queue,0.024398326873779297,2.384185791015625e-07,2.384185791015625e-07,1609700934.5949633,1609700935.4038146,0.8088512420654297,1609700934.6898825,1609700934.6956034,0.005720853805541992
3d4e513c7a684bdbaed66c039893fcd8,k-means,warm,exec,queue,0.031829118728637695,2.384185791015625e-07,2.384185791015625e-07,1609700934.5975468,1609700935.3545191,0.7569723129272461,1609700934.6947381,1609700934.7020729,0.007334709167480469
efe032bc28cc41db94638932eb6c7a1e,k-means,warm,exec,queue,0.03670215606689453,2.384185791015625e-07,2.384185791015625e-07,1609700934.5989769,1609700935.0177581,0.4187812805175781,1609700934.6967165,1609700934.7040446,0.007328033447265625
b5af60c6f3a94e88b6ff01acd410d01e,k-means,warm,exec,queue,0.04675173759460449,7.152557373046875e-07,2.384185791015625e-07,1609700934.600549,1609700935.3023036,0.7017545700073242,1609700934.7145338,1609700934.7212887,0.006754875183105469
f1ca98a61ee3401fbe98f54d41ae1d50,k-means,warm,exec,queue,0.05188894271850586,2.384185791015625e-07,2.384185791015625e-07,1609700934.60198,1609700935.3538911,0.7519111633300781,1609700934.7183456,1609700934.7256021,0.007256507873535156
649bd49c452b4716a31a7bed96694ee9,k-means,warm,exec,queue,0.05774378776550293,2.384185791015625e-07,0.0,1609700934.603413,1609700935.0180836,0.414670467376709,1609700934.7193751,1609700934.726563,0.007187843322753906
d22dccf4f09049199a43373e1f3f0526,k-means,warm,exec,queue,0.06417322158813477,2.384185791015625e-07,2.384185791015625e-07,1609700934.6051233,1609700935.2363682,0.6312448978424072,1609700934.7295458,1609700934.7366579,0.007112026214599609
413ffb1e2cc54e0c930e7e0c3de11275,k-means,warm,exec,queue,0.07064080238342285,2.384185791015625e-07,2.384185791015625e-07,1609700934.6065562,1609700935.3055265,0.6989703178405762,1609700934.736751,1609700934.7435515,0.006800413131713867
7aa1d6d72f33401bb93270eb318c5f6e,k-means,warm,exec,queue,0.07533097267150879,4.76837158203125e-07,2.384185791015625e-07,1609700934.6079867,1609700935.3567243,0.7487375736236572,1609700934.7380672,1609700934.745006,0.006938934326171875
9d10db3d8205490dafabcf8b08d0f3c0,k-means,warm,exec,queue,0.08158016204833984,4.76837158203125e-07,2.384185791015625e-07,1609700934.6101272,1609700935.1474245,0.537297248840332,1609700934.747754,1609700934.7549734,0.0072193145751953125
e5f972106d5c4fb8860639a7c4b20ced,k-means,warm,exec,queue,0.08617877960205078,7.152557373046875e-07,4.76837158203125e-07,1609700934.6115634,1609700935.146521,0.5349576473236084,1609700934.7541077,1609700934.7614415,0.0073337554931640625
20b69553c92a409d8e0f92674ab0df8a,k-means,warm,exec,queue,0.09108614921569824,2.384185791015625e-07,0.0,1609700934.613159,1609700935.5299366,0.9167776107788086,1609700934.7543592,1609700934.7603147,0.00595545768737793
d92b5da17a1d47d19178482f63b635b7,k-means,warm,exec,queue,0.9524054527282715,2.384185791015625e-07,0.0,1609700934.6145926,1609700935.7147412,1.1001486778259277,1609700935.6181097,1609700935.6250265,0.00691676139831543
d076544c968d4e8494f26c13d91f402b,video,warm,exec,queue,0.01663064956665039,2.384185791015625e-07,0.0,1609700934.6368358,1609700935.1099024,0.4730665683746338,1609700934.6903415,1609700934.706149,0.015807628631591797
2b3b858f6b0447d6ba41f09a8378b8f2,matmul,warm,exec,queue,0.02114081382751465,2.384185791015625e-07,4.76837158203125e-07,1609700934.6384819,1609700935.0173123,0.3788304328918457,1609700934.6939228,1609700934.7042053,0.010282516479492188
981dd264e6ec40d8aa48bbcd3e6ad381,map_reduce,warm,exec,queue,0.023930788040161133,2.384185791015625e-07,2.384185791015625e-07,1609700934.639937,1609700935.3062832,0.6663463115692139,1609700934.6943963,1609700934.7794776,0.08508133888244629
1e6b3636d4ca41f3a47f8392f33d2d2c,k-means,warm,exec,queue,0.011332035064697266,2.384185791015625e-07,0.0,1609700935.5780244,1609700935.7436948,0.16567039489746094,1609700935.6229932,1609700935.6297443,0.006751060485839844
cbfcb15be8d04bdba92781fa29258e85,video,warm,exec,queue,0.012825250625610352,2.384185791015625e-07,2.384185791015625e-07,1609700935.581972,1609700935.828031,0.24605917930603027,1609700935.6347706,1609700935.65115,0.016379356384277344
4f03d045474d40acbf8f95dfbbc50bfb,k-means,warm,exec,queue,0.050324440002441406,2.384185791015625e-07,2.384185791015625e-07,1609700935.5845313,1609700935.8275945,0.24306321144104004,1609700935.6693428,1609700935.675876,0.006533145904541016
a8b94dd507cd4574bc6cec3e915409af,k-means,warm,exec,queue,0.04488229751586914,2.384185791015625e-07,0.0,1609700935.5870094,1609700936.006315,0.41930556297302246,1609700935.6598594,1609700935.666265,0.00640559196472168
04bfeb5a59524a5b85696cb3a8b1264f,k-means,warm,exec,queue,0.040132761001586914,2.384185791015625e-07,2.384185791015625e-07,1609700935.589972,1609700935.8284338,0.23846173286437988,1609700935.6572857,1609700935.6632447,0.005959033966064453
d39ac38a119f4b8d89185a069507877a,k-means,warm,exec,queue,0.035375356674194336,0.0,2.384185791015625e-07,1609700935.592462,1609700935.7413054,0.14884328842163086,1609700935.6507254,1609700935.6569362,0.006210803985595703
541faee66f9748669c6f382e91dff8d5,k-means,warm,exec,queue,0.030325889587402344,2.384185791015625e-07,0.0,1609700935.5939498,1609700935.935942,0.3419921398162842,1609700935.6448743,1609700935.6502614,0.005387067794799805
dea90168d710460b85ccc112d73b2224,k-means,warm,exec,queue,0.025778532028198242,0.0,2.384185791015625e-07,1609700935.595435,1609700935.8499215,0.2544865608215332,1609700935.638727,1609700935.644539,0.005812168121337891
a20192eb9c874a23a709ee0e2b4c4cb9,k-means,warm,exec,queue,0.020568370819091797,2.384185791015625e-07,2.384185791015625e-07,1609700935.5968978,1609700935.7432594,0.1463615894317627,1609700935.6349177,1609700935.6405125,0.005594730377197266
946ee924578a482596c28abd3eb62765,k-means,warm,exec,queue,0.015430450439453125,2.384185791015625e-07,2.384185791015625e-07,1609700935.5984406,1609700935.7399511,0.1415104866027832,1609700935.62848,1609700935.636142,0.007662057876586914
ccabaa64d1dd47b7920e88ee6dcca3c0,k-means,warm,exec,queue,0.9983253479003906,2.384185791015625e-07,0.0,1609700935.5998561,1609700936.6982305,1.098374366760254,1609700936.6194544,1609700936.6269405,0.007486104965209961
d29e8acc3964400a84a5bf7f0564bbe6,k-means,warm,exec,queue,0.009034395217895508,2.384185791015625e-07,2.384185791015625e-07,1609700936.5818605,1609700936.6992972,0.11743664741516113,1609700936.6214774,1609700936.6285925,0.00711512565612793
a3d938260baf4ecc98b4404a1fa7cba2,k-means,warm,exec,queue,1.0225000381469727,7.152557373046875e-07,2.384185791015625e-07,1609700936.5858362,1609700938.3670106,1.7811744213104248,1609700937.660123,1609700937.6692817,0.009158611297607422
f6214e2cbb60460dacd2ced1ad515b57,k-means,warm,exec,queue,1.0307388305664062,7.152557373046875e-07,4.76837158203125e-07,1609700936.588382,1609700938.3656366,1.777254581451416,1609700937.6614425,1609700937.6699753,0.00853276252746582
dc252530d38843ffa6f0add794d594e3,k-means,warm,exec,queue,0.04586529731750488,2.384185791015625e-07,2.384185791015625e-07,1609700936.5908794,1609700937.5613809,0.9705014228820801,1609700936.6648676,1609700936.67229,0.007422447204589844
6782f84f23e14de6a9655fcac77846da,k-means,warm,exec,queue,0.03488326072692871,4.76837158203125e-07,2.384185791015625e-07,1609700936.593364,1609700937.3610117,0.7676477432250977,1609700936.6594214,1609700936.6665802,0.007158756256103516
6512421bf54649eda868272904304767,k-means,warm,exec,queue,0.02958965301513672,2.384185791015625e-07,2.384185791015625e-07,1609700936.5962079,1609700937.4684691,0.8722612857818604,1609700936.6448245,1609700936.6512682,0.00644373893737793
d6a7467ed1df4816b7acd892bca70232,k-means,warm,exec,queue,0.023110628128051758,2.384185791015625e-07,2.384185791015625e-07,1609700936.597805,1609700937.562929,0.9651238918304443,1609700936.643193,1609700936.6495724,0.006379365921020508
901fc5c82bec4121a9b32f6c76fecf4e,k-means,warm,exec,queue,0.018454551696777344,4.76837158203125e-07,4.76837158203125e-07,1609700936.5992334,1609700937.4700723,0.8708388805389404,1609700936.6388412,1609700936.6453717,0.0065305233001708984
ba16e9ec3b1944c8bb893b749eb2bba2,k-means,warm,exec,queue,0.013884544372558594,2.384185791015625e-07,2.384185791015625e-07,1609700936.6006835,1609700937.361601,0.7609176635742188,1609700936.6258967,1609700936.6327815,0.00688481330871582
ac50da89f79e4dbb9c66551289aea074,k-means,warm,exec,queue,0.050661325454711914,2.384185791015625e-07,2.384185791015625e-07,1609700936.6022143,1609700937.527345,0.9251306056976318,1609700936.6678846,1609700936.6739712,0.006086587905883789
1c875ba8aed8490c8667994c8a6069b2,k-means,warm,exec,queue,0.019426822662353516,4.76837158203125e-07,2.384185791015625e-07,1609700937.5866807,1609700938.3682928,0.7816121578216553,1609700937.6611626,1609700937.6687603,0.007597684860229492
53deacb304534ba2858bb5b3f9de9505,k-means,warm,exec,queue,0.05284905433654785,7.152557373046875e-07,2.384185791015625e-07,1609700937.5895977,1609700938.509535,0.9199373722076416,1609700937.705915,1609700937.7121134,0.006198406219482422
cfd6d4f4be8c41f09e7adeea96c9d07d,k-means,warm,exec,queue,0.07841849327087402,2.384185791015625e-07,4.76837158203125e-07,1609700937.5915537,1609700938.5262163,0.9346625804901123,1609700937.7309403,1609700937.7367644,0.005824089050292969
9ad8f32fd34d49e888091faaf0f5c074,k-means,cold,exec,create,-5.985997438430786,6.908993244171143,2.384185791015625e-07,1609700937.5948973,1609700939.7056096,2.1107122898101807,1609700938.5812414,1609700938.5915673,0.010325908660888672
c2e71114ad0d4a2c9c5d0aec56907293,k-means,warm,exec,queue,0.9714229106903076,4.76837158203125e-07,2.384185791015625e-07,1609700937.5972943,1609700939.355184,1.757889747619629,1609700938.6340456,1609700938.6409726,0.006927013397216797
3d1881ce901244cfaffdaac951bb7055,k-means,warm,exec,queue,0.9778997898101807,2.384185791015625e-07,0.0,1609700937.5992377,1609700939.3590314,1.759793758392334,1609700938.635074,1609700938.6424031,0.007329225540161133
9dc6230a66b44cc9b28348fbfbadda36,k-means,warm,exec,queue,0.9821224212646484,2.384185791015625e-07,2.384185791015625e-07,1609700937.601085,1609700939.7847211,2.18363618850708,1609700938.6385942,1609700938.6455553,0.00696110725402832
187d2a9386b64cb4a2e2bdcc83816138,k-means,warm,exec,queue,0.9872922897338867,2.384185791015625e-07,2.384185791015625e-07,1609700937.6026738,1609700939.359472,1.756798267364502,1609700938.652225,1609700938.6597552,0.00753021240234375
35c13d0c52514aecbeb46064b206a60f,k-means,warm,exec,queue,0.024024248123168945,7.152557373046875e-07,2.384185791015625e-07,1609700937.60611,1609700938.6285334,1.022423267364502,1609700937.6700196,1609700937.6766918,0.0066721439361572266
c1cdaa2911744edba55ee2a7dd76032d,k-means,warm,exec,queue,0.0369420051574707,4.76837158203125e-07,2.384185791015625e-07,1609700937.6097271,1609700938.5116818,0.9019546508789062,1609700937.6901326,1609700937.7068737,0.016741037368774414
13075ec3873c40fe8b2e4da8ea8287fc,k-means,warm,exec,queue,0.04152941703796387,4.76837158203125e-07,7.152557373046875e-07,1609700937.6131063,1609700938.6297367,1.0166304111480713,1609700937.6891663,1609700937.6963198,0.007153511047363281
17c6c2f347ed4904a10900a2800bddfe,k-means,warm,exec,queue,0.04620862007141113,7.152557373046875e-07,2.384185791015625e-07,1609700937.616471,1609700938.5687387,0.9522676467895508,1609700937.694261,1609700937.7080219,0.013760805130004883
9213685a038a48419937154889b383be,k-means,warm,exec,queue,0.05060458183288574,4.76837158203125e-07,2.384185791015625e-07,1609700937.6199846,1609700938.5113502,0.8913655281066895,1609700937.7007067,1609700937.7094128,0.008706092834472656
804c76d9632a446eb8dba8719caa4c45,k-means,warm,exec,queue,0.033505916595458984,2.384185791015625e-07,4.76837158203125e-07,1609700938.5864427,1609700939.3585384,0.7720956802368164,1609700938.6547658,1609700938.661318,0.006552219390869141
f6f014b36bda4f2e9aace265f34d9964,k-means,warm,exec,queue,1.0187604427337646,2.384185791015625e-07,2.384185791015625e-07,1609700938.5904868,1609700940.5825572,1.9920704364776611,1609700939.649678,1609700939.6571593,0.00748133659362793
79c831f00ac947558ce8954a238dd801,k-means,warm,exec,queue,1.0135912895202637,4.76837158203125e-07,2.384185791015625e-07,1609700938.5928864,1609700939.9877944,1.3949079513549805,1609700939.6447775,1609700939.6524725,0.00769495964050293
555960287b814c88bafa8290e4ea2295,k-means,warm,exec,queue,1.0077142715454102,9.5367431640625e-07,2.384185791015625e-07,1609700938.5943768,1609700939.8837352,1.289358377456665,1609700939.6445782,1609700939.6522312,0.007652997970581055
1ba47fb2379f4d0880923cb4d60157b2,k-means,warm,exec,queue,0.07196235656738281,2.384185791015625e-07,0.0,1609700938.5961146,1609700939.6267068,1.0305922031402588,1609700938.703915,1609700938.711968,0.008052825927734375
a9766eefdf204a35885820fb780a0bd8,k-means,warm,exec,queue,0.06717658042907715,2.384185791015625e-07,2.384185791015625e-07,1609700938.5976002,1609700940.5079367,1.9103364944458008,1609700938.6958606,1609700938.7022758,0.006415128707885742
325cf073c5cc44cb946ff49c1a2fc47b,k-means,warm,exec,queue,0.038661956787109375,2.384185791015625e-07,0.0,1609700938.598991,1609700939.6662755,1.0672845840454102,1609700938.6595075,1609700938.6665075,0.006999969482421875
66096c2eb26141b4996b441ebfbd7f3a,k-means,warm,exec,queue,0.04267072677612305,9.5367431640625e-07,2.384185791015625e-07,1609700938.6003768,1609700939.6678455,1.0674686431884766,1609700938.6702445,1609700938.6758869,0.005642414093017578
3724fe85b3284df8b790b3958f23a50f,k-means,warm,exec,queue,0.04851889610290527,2.384185791015625e-07,0.0,1609700938.6017475,1609700940.50739,1.9056425094604492,1609700938.6726649,1609700938.6788888,0.006223917007446289
520d42e5318f48a3b06ab29d9b3d631d,k-means,warm,exec,queue,0.053838253021240234,2.384185791015625e-07,0.0,1609700938.6032183,1609700940.504061,1.9008426666259766,1609700938.6779306,1609700938.683622,0.0056912899017333984
23447d8e061a47dba346141997e435c4,k-means,warm,exec,queue,0.05905485153198242,2.384185791015625e-07,0.0,1609700938.6046274,1609700939.627245,1.0226175785064697,1609700938.6875427,1609700938.6942275,0.006684780120849609
0056581e17ef4018aca96737dfaecf2a,k-means,warm,exec,queue,0.06345367431640625,2.384185791015625e-07,2.384185791015625e-07,1609700938.6059027,1609700939.8512812,1.2453784942626953,1609700938.6899457,1609700938.6960614,0.00611567497253418
b88d18e5e0b34908bb915ec30125e23e,k-means,warm,exec,queue,1.0228378772735596,2.384185791015625e-07,2.384185791015625e-07,1609700938.6078098,1609700939.8528724,1.2450625896453857,1609700939.6559565,1609700939.663463,0.007506608963012695
7ce20f96fc3a47d5b85af1fde71529ea,video,warm,exec,queue,0.0170743465423584,2.384185791015625e-07,0.0,1609700938.6092114,1609700939.548851,0.9396395683288574,1609700938.6545722,1609700938.6695461,0.014973878860473633
f298596b5d0e44f48350bba8f4545bcd,k-means,warm,exec,queue,0.030949115753173828,2.384185791015625e-07,2.384185791015625e-07,1609700939.5857313,1609700939.9842942,0.3985629081726074,1609700939.6688805,1609700939.6749694,0.006088972091674805
f14a15a69d2a4e68b230b5894ea3b7d0,video,warm,exec,queue,0.018985748291015625,2.384185791015625e-07,2.384185791015625e-07,1609700939.5900629,1609700939.9861708,0.39610791206359863,1609700939.6698327,1609700939.6858187,0.015985965728759766
37252ab5d36f4b71988e24197c231499,k-means,warm,exec,queue,0.9850175380706787,7.152557373046875e-07,2.384185791015625e-07,1609700939.5927546,1609700941.0894396,1.4966850280761719,1609700940.637183,1609700940.644413,0.007230043411254883
1bad92fd7c2b4f4fa5fe1a8be60b88f2,k-means,warm,exec,queue,0.9941816329956055,7.152557373046875e-07,2.384185791015625e-07,1609700939.5953827,1609700941.2406592,1.6452765464782715,1609700940.642309,1609700940.650403,0.008094072341918945
fcc9991fb2274445bb17b0f8f9301947,k-means,warm,exec,queue,0.9994244575500488,4.76837158203125e-07,2.384185791015625e-07,1609700939.598491,1609700941.0846355,1.4861445426940918,1609700940.641697,1609700940.6485271,0.0068302154541015625
4b799b3a64494d7694e7e3143a1d57af,k-means,warm,exec,queue,1.0051774978637695,2.384185791015625e-07,2.384185791015625e-07,1609700939.6010232,1609700941.0900605,1.489037275314331,1609700940.649243,1609700940.657664,0.008420944213867188
9722c5b66b244c43b0e1ff3f839ae60f,k-means,warm,exec,queue,0.03215670585632324,2.384185791015625e-07,2.384185791015625e-07,1609700939.6035652,1609700940.3351526,0.7315874099731445,1609700939.6715698,1609700939.677781,0.006211280822753906
f3ce73ed38aa44f99a3a372328a325df,k-means,warm,exec,queue,0.03774070739746094,2.384185791015625e-07,2.384185791015625e-07,1609700939.6059937,1609700940.2439284,0.637934684753418,1609700939.6728017,1609700939.6782696,0.005467891693115234
7eb0c062f0d247449c751511e3b0a9f0,k-means,warm,exec,queue,0.04233360290527344,2.384185791015625e-07,2.384185791015625e-07,1609700939.6082397,1609700940.5820124,0.9737727642059326,1609700939.6785865,1609700939.685365,0.0067784786224365234
406d53ca05824a2e8a074a55d2a4b80f,k-means,warm,exec,queue,0.04675102233886719,2.384185791015625e-07,7.152557373046875e-07,1609700939.6106358,1609700940.57924,0.968604326248169,1609700939.690945,1609700939.697129,0.006184101104736328
d1b2b190f86246e28a23742fc6d7619d,k-means,warm,exec,queue,0.05408787727355957,2.384185791015625e-07,2.384185791015625e-07,1609700939.6129153,1609700940.2428806,0.6299653053283691,1609700939.6941767,1609700939.700092,0.005915403366088867
5b2a39fb7c7d4e82aeacab003045ff09,matmul,warm,exec,queue,0.030433177947998047,2.384185791015625e-07,4.76837158203125e-07,1609700939.6152048,1609700940.1952207,0.5800158977508545,1609700939.6723764,1609700939.6821613,0.009784936904907227
b316b51cedf841fdb4b1b27f7c53bf84,k-means,warm,exec,queue,0.02722477912902832,2.384185791015625e-07,2.384185791015625e-07,1609700940.590805,1609700941.0888052,0.4980001449584961,1609700940.654213,1609700940.6600127,0.005799770355224609
43c4357050dc4711895ea491ae2d2087,k-means,warm,exec,queue,0.028455018997192383,2.384185791015625e-07,2.384185791015625e-07,1609700940.5933678,1609700941.2074292,0.6140613555908203,1609700940.6576762,1609700940.6623607,0.0046844482421875
41eac97834f549cbad979a7f07ff2458,k-means,warm,exec,queue,0.07890176773071289,2.384185791015625e-07,2.384185791015625e-07,1609700940.5948088,1609700941.2084365,0.6136276721954346,1609700940.7170591,1609700940.7221417,0.005082607269287109
a7d4481425ab4235ad92a5bc17c0c64e,k-means,warm,exec,queue,0.07381772994995117,0.0,0.0,1609700940.5962687,1609700941.1998863,0.6036176681518555,1609700940.713253,1609700940.718875,0.005621910095214844
95a1da7f243148f8a8e3d95182746d16,k-means,warm,exec,queue,0.06959414482116699,4.76837158203125e-07,2.384185791015625e-07,1609700940.5982177,1609700941.2918098,0.6935920715332031,1609700940.7116802,1609700940.7187746,0.007094383239746094
e6e878f8d19a4188a7cd242a4c4ee24d,k-means,warm,exec,queue,0.033010244369506836,2.384185791015625e-07,2.384185791015625e-07,1609700940.5998359,1609700941.2079403,0.6081044673919678,1609700940.6710439,1609700940.6772542,0.0062103271484375
db85cc71fbad4fe3af7a0c9d3ba415aa,k-means,warm,exec,queue,0.03796696662902832,4.76837158203125e-07,2.384185791015625e-07,1609700940.6015084,1609700941.426589,0.8250806331634521,1609700940.6718855,1609700940.6781971,0.006311655044555664
d892ec41e5504d298f4884e7c1b7a738,k-means,warm,exec,queue,0.04235482215881348,2.384185791015625e-07,2.384185791015625e-07,1609700940.603291,1609700941.5675774,0.9642863273620605,1609700940.6780188,1609700940.6838784,0.0058596134185791016
80b769731eda4598ae612c2948ba91a9,k-means,warm,exec,queue,0.04667353630065918,4.76837158203125e-07,0.0,1609700940.6049387,1609700941.5692413,0.9643025398254395,1609700940.680779,1609700940.6878445,0.007065534591674805
662e1776fc66451a9e3b6af9eaec080b,k-means,warm,exec,queue,0.05265092849731445,0.0,2.384185791015625e-07,1609700940.6066895,1609700941.1483943,0.5417048931121826,1609700940.687387,1609700940.6947546,0.007367610931396484
f06b45f384544f1dbfe19e063e7ae69c,k-means,warm,exec,queue,0.0578303337097168,2.384185791015625e-07,2.384185791015625e-07,1609700940.608802,1609700941.2031207,0.5943186283111572,1609700940.693704,1609700940.6993558,0.005651950836181641
5354c0d1d95f45d0ad7bc500fd455532,k-means,warm,exec,queue,0.08364605903625488,2.384185791015625e-07,0.0,1609700940.610437,1609700941.202601,0.5921640396118164,1609700940.7255733,1609700940.7327075,0.007134199142456055
e15f80065a40409db060e8afe6434496,k-means,warm,exec,queue,0.06392741203308105,2.384185791015625e-07,0.0,1609700940.6125095,1609700941.2089083,0.5963988304138184,1609700940.7006872,1609700940.7068183,0.006131172180175781
f693584d27e04a77b0f057e64012b2ae,k-means,warm,exec,queue,0.9867079257965088,4.76837158203125e-07,2.384185791015625e-07,1609700940.6139424,1609700941.7199943,1.1060519218444824,1609700941.6400847,1609700941.6472387,0.007153987884521484
66f5499af2db4e3bb5f16fb84b232d18,k-means,warm,exec,queue,0.9937260150909424,2.384185791015625e-07,2.384185791015625e-07,1609700940.6153736,1609700942.6621902,2.04681658744812,1609700941.640946,1609700941.6486113,0.007665395736694336
9cfec539ea0b45a1ba10eefe35655cc4,k-means,warm,exec,queue,0.9971299171447754,4.76837158203125e-07,2.384185791015625e-07,1609700940.6168034,1609700942.3582335,1.7414300441741943,1609700941.6418805,1609700941.6494908,0.007610321044921875
93f466ee2c114257b956532c3f418f30,k-means,warm,exec,queue,1.0018103122711182,2.384185791015625e-07,2.384185791015625e-07,1609700940.618382,1609700942.3556948,1.7373127937316895,1609700941.6438181,1609700941.6507642,0.006946086883544922
34abe5edf226438c8f1c0ab98ac295b5,k-means,warm,exec,queue,0.022008657455444336,2.384185791015625e-07,2.384185791015625e-07,1609700941.5859296,1609700942.357814,0.7718844413757324,1609700941.650453,1609700941.657565,0.007112026214599609
10acdf29e15b4df5a63d332b4c7cd1fd,k-means,warm,exec,queue,1.0199329853057861,7.152557373046875e-07,2.384185791015625e-07,1609700941.5901294,1609700943.7323287,2.1421992778778076,1609700942.6733377,1609700942.6818478,0.008510112762451172
8ffbb8f4500246f49cd33a57f7668fb4,k-means,warm,exec,queue,1.0148768424987793,2.384185791015625e-07,2.384185791015625e-07,1609700941.592792,1609700943.0931225,1.5003304481506348,1609700942.6517925,1609700942.6603074,0.008514881134033203
1e24da34209c4e59a192100941dc7a07,k-means,warm,exec,queue,1.0102143287658691,2.384185791015625e-07,2.384185791015625e-07,1609700941.5955453,1609700943.5817509,1.9862055778503418,1609700942.6487913,1609700942.6574907,0.008699417114257812
18329c7faa44474e925abb501e783afe,k-means,warm,exec,queue,0.030426740646362305,4.76837158203125e-07,2.384185791015625e-07,1609700941.5986028,1609700942.630393,1.0317902565002441,1609700941.6670842,1609700941.6735897,0.006505489349365234
5bee139c65cc402db8e780d2d73ce5b9,k-means,warm,exec,queue,0.03607678413391113,2.384185791015625e-07,2.384185791015625e-07,1609700941.6012385,1609700942.6614761,1.0602376461029053,1609700941.6678462,1609700941.6752012,0.0073549747467041016
e0574dc577f64d8399050cc15f9c91b2,k-means,warm,exec,queue,0.04063081741333008,0.0,0.0,1609700941.6036487,1609700942.5570035,0.9533548355102539,1609700941.6701205,1609700941.6769767,0.006856203079223633
5445261708914e8e9d7823e6a25191b5,k-means,warm,exec,queue,0.04747176170349121,2.384185791015625e-07,0.0,1609700941.605905,1609700942.6297767,1.023871660232544,1609700941.6808422,1609700941.688162,0.007319927215576172
1455345fcbe44e1ea0102350ac4e1626,k-means,warm,exec,queue,0.053035736083984375,2.384185791015625e-07,2.384185791015625e-07,1609700941.6084273,1609700942.5587323,0.9503049850463867,1609700941.6843185,1609700941.6899233,0.005604743957519531
7b88bd1e0400469db79cf46e74f1169f,k-means,warm,exec,queue,1.0026330947875977,2.384185791015625e-07,2.384185791015625e-07,1609700941.6109211,1609700943.0956836,1.48476243019104,1609700942.6438708,1609700942.6560616,0.012190818786621094
2d81eaf419884de28a08d6634a138915,k-means,warm,exec,queue,1.0086090564727783,2.384185791015625e-07,2.384185791015625e-07,1609700941.6134586,1609700943.095311,1.4818522930145264,1609700942.6477633,1609700942.6561916,0.008428335189819336
c94addfe86da4b91bdb5991747140d69,k-means,warm,exec,queue,0.04412198066711426,2.384185791015625e-07,2.384185791015625e-07,1609700942.5926156,1609700943.530796,0.9381804466247559,1609700942.682694,1609700942.689851,0.007157087326049805
75eefa5de70c4b3083284572b451bbec,k-means,warm,exec,queue,1.1216485500335693,2.384185791015625e-07,0.0,1609700942.596911,1609700945.2587972,2.661886215209961,1609700943.7652504,1609700943.7731946,0.007944107055664062
57023e71735f4ab79eda1e1b7b5aa3fc,k-means,warm,exec,queue,1.1161365509033203,2.384185791015625e-07,2.384185791015625e-07,1609700942.599518,1609700944.8051724,2.2056543827056885,1609700943.7600625,1609700943.7664707,0.006408214569091797
138b1ea7b10243a58b4f4f32680b833a,k-means,warm,exec,queue,1.111457347869873,2.384185791015625e-07,0.0,1609700942.602148,1609700944.7333672,2.1312191486358643,1609700943.757734,1609700943.764971,0.007236957550048828
f33851959c88440d85ba9bbae97f1587,k-means,warm,exec,queue,1.1031427383422852,9.5367431640625e-07,4.76837158203125e-07,1609700942.6050565,1609700945.2559137,2.6508572101593018,1609700943.757979,1609700943.7657964,0.007817506790161133
6fbe98be67d949a38054424c9c4cfd87,k-means,warm,exec,queue,1.0904529094696045,9.5367431640625e-07,2.384185791015625e-07,1609700942.6063478,1609700944.64732,2.0409722328186035,1609700943.7361429,1609700943.7419415,0.0057985782623291016
4a4fb55cf78941baba2ed45b541e7d8b,k-means,warm,exec,queue,0.07409191131591797,7.152557373046875e-07,7.152557373046875e-07,1609700942.6076488,1609700943.7212481,1.1135993003845215,1609700942.7266169,1609700942.7349114,0.00829458236694336
035a3b67656645d8858a9b65ad9498b0,k-means,warm,exec,queue,0.04252314567565918,7.152557373046875e-07,2.384185791015625e-07,1609700942.6090462,1609700943.579795,0.9707486629486084,1609700942.6843016,1609700942.6921875,0.007885932922363281
9d6376f12c2949c68b80be8d502b02ea,k-means,warm,exec,queue,0.04717254638671875,2.384185791015625e-07,2.384185791015625e-07,1609700942.6104743,1609700943.7327528,1.1222784519195557,1609700942.6988778,1609700942.7060513,0.0071735382080078125
4a3c7096f4a14c2793b0ecd99020d837,k-means,warm,exec,queue,0.05691814422607422,4.76837158203125e-07,0.0,1609700942.6117542,1609700944.1336012,1.5218470096588135,1609700942.704233,1609700942.711842,0.007609128952026367
e133ff297efc47d5a08bea5d369fd956,k-means,warm,exec,queue,0.06310081481933594,4.76837158203125e-07,2.384185791015625e-07,1609700942.6131978,1609700944.1319695,1.5187716484069824,1609700942.704941,1609700942.7123816,0.0074405670166015625
7b06addb248a45d7a2f119a9dad2830d,k-means,warm,exec,queue,0.06805014610290527,4.76837158203125e-07,2.384185791015625e-07,1609700942.6146033,1609700943.7336826,1.119079351425171,1609700942.7208233,1609700942.7353551,0.014531850814819336
c78be42d2865457f8ac1ed121dc25b53,k-means,warm,exec,queue,1.1280875205993652,2.384185791015625e-07,2.384185791015625e-07,1609700942.615978,1609700944.8078735,2.1918954849243164,1609700943.7796617,1609700943.7865896,0.006927967071533203
3d62f05a6d724d5abbb86cb9ea168b2d,video,warm,exec,queue,0.023296356201171875,2.384185791015625e-07,2.384185791015625e-07,1609700942.6173887,1609700944.5513015,1.933912754058838,1609700942.6835392,1609700942.7006946,0.01715540885925293
31505b262bd6464f80d4cd1482a0b05c,k-means,warm,exec,queue,0.04721403121948242,4.76837158203125e-07,4.76837158203125e-07,1609700943.6274405,1609700944.6486654,1.0212249755859375,1609700943.7878675,1609700943.7942955,0.0064280033111572266
9bc635de132e4ab498e22de002185c5f,k-means,warm,exec,queue,0.07277488708496094,2.384185791015625e-07,2.384185791015625e-07,1609700943.643051,1609700944.4942026,0.851151704788208,1609700943.8224618,1609700943.8277845,0.005322694778442383
445b79ef42c14f13b40974e3ca396821,k-means,warm,exec,queue,0.9015984535217285,7.152557373046875e-07,4.76837158203125e-07,1609700943.649756,1609700944.8084106,1.1586546897888184,1609700944.6554198,1609700944.663391,0.00797128677368164
0fcec078d14a49adbfe29dafe7899c1b,k-means,warm,exec,queue,0.9234864711761475,4.76837158203125e-07,4.76837158203125e-07,1609700943.6567056,1609700945.0265527,1.369847059249878,1609700944.6906145,1609700944.6985161,0.007901668548583984
46fc49a7ef4046c9b544f1e0d2d91480,k-means,warm,exec,queue,0.9325156211853027,7.152557373046875e-07,4.76837158203125e-07,1609700943.6636162,1609700945.4479983,1.7843821048736572,1609700944.699181,1609700944.7075286,0.008347511291503906
30cf92b1c92745e08637fdf9bd41e6df,k-means,warm,exec,queue,0.9369163513183594,4.76837158203125e-07,2.384185791015625e-07,1609700943.6716006,1609700944.8959756,1.2243750095367432,1609700944.707292,1609700944.7145536,0.007261514663696289
5f332f172ec64b58b1437fa1607b21c1,k-means,warm,exec,queue,0.05422782897949219,2.384185791015625e-07,2.384185791015625e-07,1609700943.6784875,1609700944.7310863,1.0525987148284912,1609700943.803753,1609700943.809588,0.005835056304931641
f405c6d842494999a48805a7f29cfa85,k-means,warm,exec,queue,0.060262203216552734,4.76837158203125e-07,2.384185791015625e-07,1609700943.6849947,1609700944.8939395,1.2089447975158691,1609700943.806241,1609700943.8126004,0.0063593387603759766
ef02bf7a94ed483392844882f648cce8,k-means,warm,exec,queue,0.06546759605407715,2.384185791015625e-07,0.0,1609700943.6882737,1609700944.8912675,1.2029938697814941,1609700943.810146,1609700943.8162854,0.006139278411865234
77f20e67ab4c414ba2356d228d9d01ad,k-means,warm,exec,queue,0.07092571258544922,4.76837158203125e-07,2.384185791015625e-07,1609700943.6918516,1609700945.2566206,1.5647690296173096,1609700943.8192108,1609700943.825037,0.005826234817504883
d8f96af137214af0895bb82dc7517d66,k-means,warm,exec,queue,0.04897809028625488,2.384185791015625e-07,2.384185791015625e-07,1609700943.6952133,1609700944.4948606,0.799647331237793,1609700943.7925568,1609700943.7992446,0.00668787956237793
763cd299c6c0414cb35c64b66b728f28,k-means,warm,exec,queue,0.04424691200256348,2.384185791015625e-07,2.384185791015625e-07,1609700943.6985276,1609700944.8944826,1.1959550380706787,1609700943.7885778,1609700943.795618,0.007040262222290039
92f7aadac01e4fbea1a06d528f34d457,k-means,warm,exec,queue,0.945091962814331,4.76837158203125e-07,2.384185791015625e-07,1609700943.7018273,1609700945.37137,1.6695427894592285,1609700944.7195485,1609700944.7280896,0.008541107177734375
071814ece7684a8283e1dcba25ab32aa,k-means,cold,exec,create,-7.096889019012451,8.04654574394226,2.384185791015625e-07,1609700943.705315,1609700945.0255022,1.3201870918273926,1609700944.7207582,1609700944.7343442,0.013586044311523438
cfd6692764534b6d80ad07002345d586,video,warm,exec,queue,0.002905607223510742,2.384185791015625e-07,2.384185791015625e-07,1609700943.7086174,1609700945.0294871,1.3208696842193604,1609700943.7581775,1609700943.7741814,0.016003847122192383
a374d4363cab4cc2bedfda398366ad3f,k-means,warm,exec,queue,0.05811882019042969,9.5367431640625e-07,2.384185791015625e-07,1609700944.592232,1609700945.4165275,0.8242955207824707,1609700944.7193673,1609700944.729221,0.009853839874267578
1332fb79350f43aaa00a38265d16b82d,k-means,warm,exec,queue,0.052558183670043945,2.384185791015625e-07,2.384185791015625e-07,1609700944.5956907,1609700945.4134765,0.8177857398986816,1609700944.7290003,1609700944.7352722,0.006271839141845703
56cbfb4e6ae841bc920d78ff6877a11c,k-means,warm,exec,queue,0.06389307975769043,4.76837158203125e-07,4.76837158203125e-07,1609700944.5973196,1609700945.4169495,0.8196299076080322,1609700944.735621,1609700944.742926,0.0073049068450927734
e06358f6a9d845a58ce23a6df1795b74,k-means,warm,exec,queue,0.06823897361755371,2.384185791015625e-07,4.76837158203125e-07,1609700944.598914,1609700944.8894556,0.2905416488647461,1609700944.7414293,1609700944.747767,0.006337642669677734
2608a82178214a22b08c62a89f1d11cf,k-means,warm,exec,queue,0.07562923431396484,4.76837158203125e-07,2.384185791015625e-07,1609700944.6010408,1609700945.4173777,0.8163368701934814,1609700944.7478607,1609700944.7549987,0.00713801383972168
211de36eb79143f5aa37ed4e5a98b441,k-means,warm,exec,queue,0.0799863338470459,4.76837158203125e-07,2.384185791015625e-07,1609700944.6032119,1609700945.0299685,0.4267566204071045,1609700944.7526965,1609700944.7593894,0.0066928863525390625
2973283105bd4ef78e50efc472a01527,k-means,warm,exec,queue,0.08527827262878418,2.384185791015625e-07,2.384185791015625e-07,1609700944.6052382,1609700945.027754,0.422515869140625,1609700944.7544808,1609700944.7615516,0.007070779800415039
2551e146205847ceb38324b93ff44c48,k-means,warm,exec,queue,0.09267544746398926,2.384185791015625e-07,4.76837158203125e-07,1609700944.606846,1609700945.152104,0.5452578067779541,1609700944.765896,1609700944.7722075,0.0063114166259765625
b9c44bb138084400939f97f9e661a401,k-means,cold,exec,create,-6.99715781211853,7.350074291229248,2.384185791015625e-07,1609700944.609435,1609700945.446266,0.8368308544158936,1609700945.034226,1609700945.0441043,0.009878396987915039
cba7827eac004516bb1fca16715fd7e6,k-means,cold,exec,create,-6.960429668426514,7.323850154876709,2.384185791015625e-07,1609700944.6130078,1609700945.373287,0.7602791786193848,1609700945.034819,1609700945.0439978,0.009178876876831055
279457b1e6054b398e835dcc2ec943ce,k-means,cold,exec,create,-6.950115919113159,7.459688425064087,2.384185791015625e-07,1609700944.6162946,1609700945.5393472,0.9230525493621826,1609700945.1819408,1609700945.1909432,0.009002447128295898
0cad11cb2ca54b0e95adf20b87764803,k-means,warm,exec,queue,0.9301929473876953,4.76837158203125e-07,2.384185791015625e-07,1609700944.6195772,1609700945.7603805,1.140803337097168,1609700945.6127572,1609700945.6204066,0.007649421691894531
a30407efbb5d45f28d8d55700e3cbb57,k-means,warm,exec,queue,0.9377083778381348,2.384185791015625e-07,2.384185791015625e-07,1609700944.6230388,1609700945.6988454,1.0758066177368164,1609700945.6130133,1609700945.6203654,0.007352113723754883
33a09ee9eb514ed89dd5f0a73c61e81e,matmul,warm,exec,queue,0.00628972053527832,4.76837158203125e-07,2.384185791015625e-07,1609700944.6263185,1609700945.031047,0.40472865104675293,1609700944.6917708,1609700944.7010972,0.009326457977294922
fe3bcd5e737d48f4a7e56b406ab006a9,map_reduce,warm,exec,queue,0.0376589298248291,2.384185791015625e-07,2.384185791015625e-07,1609700944.629653,1609700945.151134,0.5214810371398926,1609700944.7190027,1609700944.8043609,0.0853581428527832
cb4f63166b834d52860dab6a79e6e80c,k-means,warm,exec,queue,0.01406240463256836,2.384185791015625e-07,0.0,1609700945.584411,1609700945.7343576,0.1499466896057129,1609700945.6170328,1609700945.6245782,0.00754547119140625
4064357243684a558c199191731b7201,k-means,warm,exec,queue,0.016583919525146484,2.384185791015625e-07,0.0,1609700945.5883722,1609700945.7586143,0.1702420711517334,1609700945.623551,1609700945.6301715,0.006620645523071289
f22b07303d26440db435530d2be209d9,k-means,warm,exec,queue,0.021700620651245117,2.384185791015625e-07,0.0,1609700945.5908844,1609700945.810925,0.22004055976867676,1609700945.6314623,1609700945.6390872,0.00762486457824707
5e2d1ef1d3f74a938570ea1b13d9535d,k-means,warm,exec,queue,0.026499271392822266,7.152557373046875e-07,2.384185791015625e-07,1609700945.5927985,1609700945.7329044,0.1401059627532959,1609700945.6357045,1609700945.6421914,0.0064868927001953125
4f8e132d7f354432859e785b1e1580a9,k-means,warm,exec,queue,1.0085327625274658,4.76837158203125e-07,2.384185791015625e-07,1609700945.5939858,1609700946.6986358,1.1046500205993652,1609700946.6232345,1609700946.630336,0.007101535797119141
1100ff7ea35c4518a98e90011442bc73,k-means,warm,exec,queue,1.0128188133239746,4.76837158203125e-07,0.0,1609700945.5954325,1609700946.7376962,1.142263650894165,1609700946.6239412,1609700946.631499,0.007557868957519531
76dc0f30730a4a29a329be57747b80b5,k-means,warm,exec,queue,0.014985084533691406,4.76837158203125e-07,0.0,1609700946.5877044,1609700946.7352057,0.14750123023986816,1609700946.6285543,1609700946.6352944,0.006740093231201172
7de1bc0ec288414eadd7d8fffdcb2e25,video,warm,exec,queue,0.01772141456604004,2.384185791015625e-07,2.384185791015625e-07,1609700946.5909116,1609700946.847991,0.2570793628692627,1609700946.6435647,1609700946.6598735,0.01630878448486328
6969c428bf7d4a9a9a0f77b49f1c90ff,k-means,warm,exec,queue,0.03959465026855469,2.384185791015625e-07,2.384185791015625e-07,1609700946.5928843,1609700946.7358541,0.14296984672546387,1609700946.6593506,1609700946.665472,0.006121397018432617
e41c46afd7d54827b05c19f11683f36b,k-means,warm,exec,queue,0.044458627700805664,2.384185791015625e-07,2.384185791015625e-07,1609700946.5945818,1609700946.9368842,0.3423023223876953,1609700946.6660385,1609700946.6716876,0.005649089813232422
d190cda013414c4e98be205a238e1216,k-means,cold,exec,create,-4.96683931350708,5.7968385219573975,2.384185791015625e-07,1609700946.5963116,1609700947.5362873,0.9399757385253906,1609700947.451329,1609700947.460212,0.008882999420166016
b0f1ef5d47de4f85a1a9682e70631d19,k-means,warm,exec,queue,1.004298448562622,7.152557373046875e-07,2.384185791015625e-07,1609700946.598416,1609700947.713103,1.1146869659423828,1609700947.633184,1609700947.6403708,0.0071868896484375
979f23b8c58142678a81c5e4cd53d346,k-means,warm,exec,queue,0.019497394561767578,4.76837158203125e-07,2.384185791015625e-07,1609700946.6001215,1609700946.8487148,0.24859333038330078,1609700946.6410952,1609700946.6474886,0.0063934326171875
26c84429c45847dd971904def5d1add6,k-means,warm,exec,queue,0.026157140731811523,2.384185791015625e-07,2.384185791015625e-07,1609700946.6018543,1609700946.8492844,0.24743008613586426,1609700946.64365,1609700946.6497245,0.006074428558349609
60eb0348663e4217b17c84023a8817bc,k-means,warm,exec,queue,0.03148365020751953,2.384185791015625e-07,0.0,1609700946.6035793,1609700946.7323146,0.12873530387878418,1609700946.6503086,1609700946.656738,0.006429433822631836
a4a1f8f99faf4248ae00b147d744ef88,k-means,warm,exec,queue,0.037128448486328125,2.384185791015625e-07,2.384185791015625e-07,1609700946.6053352,1609700946.7927678,0.18743252754211426,1609700946.6576686,1609700946.6643348,0.0066661834716796875
8ec6df1ce1bb42f18e8ae251bff7bed3,k-means,warm,exec,queue,0.0059430599212646484,4.76837158203125e-07,2.384185791015625e-07,1609700947.594051,1609700947.71097,0.11691904067993164,1609700947.6333036,1609700947.6405396,0.007236003875732422
2963cb13b66749dda3db2c9ca9bc2a62,k-means,warm,exec,queue,0.03082752227783203,7.152557373046875e-07,2.384185791015625e-07,1609700947.5982292,1609700947.7449856,0.14675641059875488,1609700947.6652746,1609700947.6718726,0.006597995758056641
ad9d5c9c3fdd4bc0945bfda86553e488,k-means,warm,exec,queue,0.0359036922454834,2.384185791015625e-07,2.384185791015625e-07,1609700947.600773,1609700947.774637,0.17386388778686523,1609700947.6696384,1609700947.6756916,0.00605320930480957
570d6901119545a09a7fc24945550133,k-means,warm,exec,queue,0.04074406623840332,2.384185791015625e-07,2.384185791015625e-07,1609700947.6033103,1609700947.7731612,0.16985082626342773,1609700947.6733687,1609700947.6806617,0.007292985916137695
5d7257f9df9a4f50ae344d44a39338ff,k-means,warm,exec,queue,0.046291351318359375,4.76837158203125e-07,2.384185791015625e-07,1609700947.605809,1609700947.9391916,0.33338260650634766,1609700947.6819708,1609700947.6882794,0.006308555603027344
4e200a9705f64ef4971f364ac01bbac2,k-means,warm,exec,queue,0.007981061935424805,2.384185791015625e-07,0.0,1609700947.608593,1609700947.7700968,0.16150379180908203,1609700947.6362114,1609700947.6434102,0.007198810577392578
a4d7dce7072846f8a35cc8ec541d2f34,k-means,cold,exec,create,-4.966667652130127,4.976794242858887,9.5367431640625e-07,1609700947.6100085,1609700947.7726178,0.16260933876037598,1609700947.6383429,1609700947.648982,0.010639190673828125
7647f45a71944cc7a6e51f13b4b09ec6,k-means,warm,exec,queue,0.012600183486938477,4.76837158203125e-07,2.384185791015625e-07,1609700947.611435,1609700947.712057,0.10062217712402344,1609700947.6418698,1609700947.6489718,0.007102012634277344
506edcb8b18546b99bc021d0e147ac1c,k-means,warm,exec,queue,0.017980575561523438,2.384185791015625e-07,0.0,1609700947.6129203,1609700947.8464487,0.23352837562561035,1609700947.650267,1609700947.6578088,0.0075418949127197266
35cdcfde9e1c478abf257bdd62a719b7,k-means,warm,exec,queue,0.022839784622192383,2.384185791015625e-07,0.0,1609700947.6144512,1609700948.0720744,0.4576232433319092,1609700947.654354,1609700947.6603203,0.0059661865234375
de036c0a53bd48beb1d85b485189b075,k-means,warm,exec,queue,0.027660846710205078,4.76837158203125e-07,2.384185791015625e-07,1609700947.6158705,1609700947.9409707,0.3251001834869385,1609700947.657866,1609700947.66367,0.0058040618896484375
4036ded82f64498a9365bfab65b4264a,k-means,warm,exec,queue,0.005868196487426758,4.76837158203125e-07,0.0,1609700948.6044285,1609700948.8478277,0.24339914321899414,1609700948.6497943,1609700948.6593344,0.009540081024169922
5a09c989ca72462c96793cf0eceec517,k-means,warm,exec,queue,0.05468559265136719,2.384185791015625e-07,0.0,1609700948.6085067,1609700949.4668846,0.8583779335021973,1609700948.7031734,1609700948.7103312,0.007157802581787109
4b8c062912044ff3bc6d24af90091ab9,k-means,warm,exec,queue,0.04829263687133789,2.384185791015625e-07,0.0,1609700948.6110291,1609700949.4687235,0.8576943874359131,1609700948.696308,1609700948.7029,0.0065920352935791016
4cbfae0190e8494f893f9ca91d24a6e7,k-means,warm,exec,queue,0.04272866249084473,2.384185791015625e-07,0.0,1609700948.613542,1609700948.7829018,0.16935968399047852,1609700948.6901083,1609700948.6957514,0.005643129348754883
55128515ecc149ffa97f4ac2dc58fa8f,k-means,warm,exec,queue,0.038369178771972656,4.76837158203125e-07,2.384185791015625e-07,1609700948.6163483,1609700948.8311837,0.21483540534973145,1609700948.6845489,1609700948.6918042,0.0072553157806396484
9edc0a3145c6470e89c9b558a4b79892,k-means,warm,exec,queue,0.01020956039428711,2.384185791015625e-07,2.384185791015625e-07,1609700948.6177742,1609700948.722288,0.10451364517211914,1609700948.650658,1609700948.6602707,0.009612798690795898
76560883cbf44fa5be0066801fcec559,k-means,warm,exec,queue,0.01455235481262207,2.384185791015625e-07,2.384185791015625e-07,1609700948.6192021,1609700948.7238796,0.10467743873596191,1609700948.6554534,1609700948.6629117,0.007458209991455078
aabaec5b74774b89a420e80f8f26544a,k-means,warm,exec,queue,0.02026820182800293,2.384185791015625e-07,2.384185791015625e-07,1609700948.6206336,1609700948.7810957,0.1604621410369873,1609700948.6600823,1609700948.6680768,0.007994413375854492
bcdefe5341c74fabacde27fa45bc94b4,k-means,warm,exec,queue,0.025336027145385742,2.384185791015625e-07,0.0,1609700948.6220722,1609700948.755762,0.13368988037109375,1609700948.6720867,1609700948.6792405,0.007153749465942383
3fb26b120553486ca6762f376992f283,k-means,warm,exec,queue,0.03209042549133301,0.0,2.384185791015625e-07,1609700948.623616,1609700948.90996,0.286344051361084,1609700948.676515,1609700948.6836314,0.0071163177490234375
4853c6f3f6724e3db811630d7c66e953,k-means,warm,exec,queue,0.03654313087463379,4.76837158203125e-07,0.0,1609700948.625073,1609700948.7576041,0.13253116607666016,1609700948.6775906,1609700948.683934,0.006343364715576172
c5cee12c7dd6487ab416e75b37ce7ee0,video,warm,exec,queue,0.02826523780822754,2.384185791015625e-07,2.384185791015625e-07,1609700948.6265068,1609700949.2996645,0.6731576919555664,1609700948.6739645,1609700948.6905031,0.016538619995117188
67306ba617ac4637a99adafb061dd124,k-means,warm,exec,queue,7.367134094238281e-05,2.384185791015625e-07,2.384185791015625e-07,1609700949.598345,1609700949.7331805,0.13483548164367676,1609700949.6479251,1609700949.6555533,0.007628202438354492
ec2eab7c4fe54aa496c338da1db8fc4d,k-means,warm,exec,queue,0.05862689018249512,2.384185791015625e-07,2.384185791015625e-07,1609700949.6024325,1609700950.0216084,0.4191758632659912,1609700949.7045074,1609700949.7104251,0.005917787551879883
8df0aaeffeac4a359bc1e80efdb6c89a,k-means,warm,exec,queue,0.009087562561035156,4.76837158203125e-07,2.384185791015625e-07,1609700949.6049633,1609700949.7346046,0.12964129447937012,1609700949.6480772,1609700949.655705,0.007627725601196289
ba222fc8616840c4b61bf967c9ed5c71,k-means,warm,exec,queue,0.014239311218261719,2.384185791015625e-07,2.384185791015625e-07,1609700949.6074448,1609700949.8170893,0.20964455604553223,1609700949.6532748,1609700949.6605234,0.007248640060424805
f9364b065d0342969c1a4753d070d1ed,k-means,warm,exec,queue,0.01929306983947754,4.76837158203125e-07,0.0,1609700949.6102242,1609700949.8189478,0.2087235450744629,1609700949.658928,1609700949.6661673,0.007239341735839844
f220fd448c1749a4990f30b12c3bde60,k-means,warm,exec,queue,0.024370908737182617,2.384185791015625e-07,4.76837158203125e-07,1609700949.6126142,1609700949.7790456,0.16643142700195312,1609700949.6693375,1609700949.6757066,0.006369113922119141
2178e47a584945a3b4f78a0654f7f244,k-means,warm,exec,queue,0.029720544815063477,4.76837158203125e-07,2.384185791015625e-07,1609700949.6140497,1609700949.9030135,0.28896379470825195,1609700949.6717203,1609700949.6768746,0.00515437126159668
46d7e0fb8e05465188c7b66068652c50,k-means,warm,exec,queue,0.034568071365356445,0.0,0.0,1609700949.6154864,1609700950.0185368,0.40305042266845703,1609700949.6751754,1609700949.6819413,0.006765842437744141
2a35037f8895488fb0de5c3c4418f7cd,k-means,warm,exec,queue,0.039218902587890625,2.384185791015625e-07,0.0,1609700949.616934,1609700950.02234,0.40540599822998047,1609700949.6841047,1609700949.6911397,0.007035017013549805
a6142ebe4d4446d28f621c37afad5b41,k-means,warm,exec,queue,0.04353618621826172,2.384185791015625e-07,2.384185791015625e-07,1609700949.6184764,1609700949.9036684,0.28519201278686523,1609700949.68651,1609700949.6922207,0.005710601806640625
5d42b7f3bec849a88bacfbe5dc8aba4d,k-means,warm,exec,queue,0.04868888854980469,2.384185791015625e-07,2.384185791015625e-07,1609700949.6199062,1609700949.7750416,0.1551353931427002,1609700949.691907,1609700949.6989083,0.007001399993896484
bc443a40a64b46ca822b665743ed42b6,k-means,warm,exec,queue,0.053455352783203125,2.384185791015625e-07,2.384185791015625e-07,1609700949.62136,1609700950.0241191,0.4027590751647949,1609700949.6984508,1609700949.7055504,0.007099628448486328
164ce5cf03d54c93b28f6688fda9d897,k-means,warm,exec,queue,0.06330633163452148,2.384185791015625e-07,2.384185791015625e-07,1609700949.622785,1609700949.9437978,0.3210127353668213,1609700949.708714,1609700949.715627,0.006912946701049805
17f6aefd7245463fb8fc348b83869c2a,matmul,warm,exec,queue,0.015879392623901367,2.384185791015625e-07,0.0,1609700949.6243346,1609700949.7784472,0.1541125774383545,1609700949.6701498,1609700949.6788962,0.00874638557434082
dba2af397a4244fc94f6fcd267f0f15a,k-means,warm,exec,queue,0.00962519645690918,4.76837158203125e-07,2.384185791015625e-07,1609700950.6002824,1609700950.7359047,0.13562226295471191,1609700950.6473157,1609700950.6552362,0.007920503616333008
d023955589a146f39aeb55534090092f,k-means,warm,exec,queue,0.03203010559082031,4.76837158203125e-07,2.384185791015625e-07,1609700950.6043513,1609700950.864437,0.2600858211517334,1609700950.6727674,1609700950.6791797,0.0064122676849365234
8cb4be424e534fb6840c0bde51821861,k-means,warm,exec,queue,0.03785896301269531,0.0,2.384185791015625e-07,1609700950.6065636,1609700950.772083,0.16551947593688965,1609700950.6779902,1609700950.6857595,0.007769346237182617
f1145159957b41118cf73da2becd861e,k-means,warm,exec,queue,0.04370450973510742,7.152557373046875e-07,2.384185791015625e-07,1609700950.6087933,1609700950.863807,0.25501370429992676,1609700950.691477,1609700950.6993885,0.007911443710327148
7746a50e6c70436b845fd9a16f25a9a4,k-means,warm,exec,queue,0.05100297927856445,0.0,2.384185791015625e-07,1609700950.6112804,1609700950.9203136,0.3090331554412842,1609700950.6964242,1609700950.7023945,0.0059702396392822266
2647b55e6c094b829bd7cd9592a8e467,k-means,warm,exec,queue,0.05585503578186035,2.384185791015625e-07,2.384185791015625e-07,1609700950.6135178,1609700950.866208,0.25269031524658203,1609700950.6978884,1609700950.7055721,0.007683753967285156
e2ca2341ea83427bb0f523e04dd160b6,k-means,warm,exec,queue,0.06184959411621094,7.152557373046875e-07,2.384185791015625e-07,1609700950.6157324,1609700950.9735663,0.3578338623046875,1609700950.710179,1609700950.716408,0.006228923797607422
bac5b1fe5ec2437e97d524a7eff02f60,k-means,warm,exec,queue,0.06766271591186523,4.76837158203125e-07,2.384185791015625e-07,1609700950.6175182,1609700951.0468984,0.4293801784515381,1609700950.7153971,1609700950.7218373,0.006440162658691406
c9b615790990443b8b91668e941cc4aa,k-means,warm,exec,queue,0.07256531715393066,4.76837158203125e-07,2.384185791015625e-07,1609700950.6190348,1609700950.974133,0.35509824752807617,1609700950.716658,1609700950.7232606,0.00660252571105957
2d9d7078310e497caea3fc69cb7d7df4,k-means,warm,exec,queue,0.015116214752197266,2.384185791015625e-07,2.384185791015625e-07,1609700950.620687,1609700950.9709294,0.35024237632751465,1609700950.6534853,1609700950.6608057,0.007320404052734375
1a466b4693b040ebbaed6e3dbb7d01a8,k-means,warm,exec,queue,0.01972198486328125,4.76837158203125e-07,2.384185791015625e-07,1609700950.6221929,1609700950.8214777,0.19928479194641113,1609700950.6582897,1609700950.6667364,0.008446693420410156
11b6f3d8d72b44eaa086cdfff03b7dd0,k-means,warm,exec,queue,0.026632308959960938,2.384185791015625e-07,2.384185791015625e-07,1609700950.6236978,1609700950.7702386,0.14654088020324707,1609700950.669943,1609700950.6764035,0.006460428237915039
7dba49a53a554cc88448d8de42e46924,video,warm,exec,queue,0.018285274505615234,2.384185791015625e-07,0.0,1609700950.625253,1609700950.8200436,0.19479060173034668,1609700950.6667352,1609700950.682266,0.015530824661254883
f18c3bae95be4a78a1476ead5a3a8024,k-means,warm,exec,queue,7.724761962890625e-05,4.76837158203125e-07,2.384185791015625e-07,1609700951.5958104,1609700951.6888387,0.09302830696105957,1609700951.6358488,1609700951.6430821,0.007233381271362305
193b7e82298240eb96580622864cdb35,k-means,warm,exec,queue,0.006323337554931641,2.384185791015625e-07,2.384185791015625e-07,1609700951.5998225,1609700951.8172138,0.2173912525177002,1609700951.6355603,1609700951.6433797,0.007819414138793945
879b8883b4754860978ad45a750913be,k-means,warm,exec,queue,0.010872364044189453,2.384185791015625e-07,2.384185791015625e-07,1609700951.602334,1609700951.815681,0.2133469581604004,1609700951.6399465,1609700951.6475646,0.0076181888580322266
d50c284bd1284a739a1abc3f41e44f89,k-means,warm,exec,queue,0.015401124954223633,2.384185791015625e-07,2.384185791015625e-07,1609700951.6048145,1609700951.751739,0.14692449569702148,1609700951.6449137,1609700951.652079,0.007165431976318359
d349f83dd1ba4e3ea005da8731d87aea,k-means,warm,exec,queue,0.020735740661621094,2.384185791015625e-07,2.384185791015625e-07,1609700951.6072848,1609700951.7636626,0.15637779235839844,1609700951.652328,1609700951.656657,0.00432896614074707
9797c37da59c4c7c92fdbc69c4f39ef6,k-means,warm,exec,queue,0.025671720504760742,2.384185791015625e-07,2.384185791015625e-07,1609700951.6093783,1609700951.9418545,0.3324761390686035,1609700951.6568704,1609700951.661363,0.004492521286010742
89b81fdd6dc34f71ab1831244479e862,k-means,warm,exec,queue,0.030221223831176758,2.384185791015625e-07,2.384185791015625e-07,1609700951.6108048,1609700951.7483802,0.13757538795471191,1609700951.6620014,1609700951.6682734,0.006272077560424805
0611656e0b5b48f9a7444eafd3135015,k-means,warm,exec,queue,0.03482532501220703,2.384185791015625e-07,0.0,1609700951.6122525,1609700951.9438448,0.331592321395874,1609700951.667311,1609700951.6718667,0.004555702209472656
df712e5b61764212a76d316c52f18ec0,k-means,warm,exec,queue,0.04017329216003418,2.384185791015625e-07,2.384185791015625e-07,1609700951.6136816,1609700951.751172,0.13749051094055176,1609700951.6735098,1609700951.6791322,0.005622386932373047
125e37738cf7462094240c6a1ebb09b7,k-means,warm,exec,queue,0.04500627517700195,4.76837158203125e-07,2.384185791015625e-07,1609700951.615208,1609700951.883018,0.2678101062774658,1609700951.677852,1609700951.6831927,0.0053408145904541016
f63dd1592b4b4bffaf29d20bf15e1147,k-means,warm,exec,queue,0.00046133995056152344,7.152557373046875e-07,2.384185791015625e-07,1609700952.601145,1609700952.7162855,0.11514043807983398,1609700952.653399,1609700952.6608906,0.007491588592529297
24d1f0dc2eef494c8e0778eb7aac015a,k-means,warm,exec,queue,0.047801971435546875,2.384185791015625e-07,0.0,1609700952.6053424,1609700952.7831545,0.1778120994567871,1609700952.6995783,1609700952.707252,0.007673740386962891
68ec4d9ca72d4d8189bca2852a137f8a,k-means,warm,exec,queue,0.055219411849975586,2.384185791015625e-07,2.384185791015625e-07,1609700952.6079268,1609700953.035121,0.42719411849975586,1609700952.706806,1609700952.715236,0.008430004119873047
f287406a1980464bb2b882e200350ad7,k-means,warm,exec,queue,0.0611879825592041,2.384185791015625e-07,2.384185791015625e-07,1609700952.6104822,1609700952.818665,0.20818281173706055,1609700952.7133548,1609700952.7205412,0.007186412811279297
72074a143c7b41c1abd870dd97e69aaa,k-means,warm,exec,queue,0.005277872085571289,2.384185791015625e-07,2.384185791015625e-07,1609700952.6132915,1609700952.858291,0.24499940872192383,1609700952.6534307,1609700952.661613,0.008182287216186523
b66f8978cb864da8ac9243ae12fb0de7,k-means,warm,exec,queue,0.009878873825073242,2.384185791015625e-07,2.384185791015625e-07,1609700952.615827,1609700952.78565,0.16982293128967285,1609700952.6555364,1609700952.6651301,0.009593725204467773
813b0590125d463a90bd21c726f28562,k-means,warm,exec,queue,0.015212059020996094,2.384185791015625e-07,0.0,1609700952.6176572,1609700952.7499082,0.13225102424621582,1609700952.6599119,1609700952.6681452,0.008233308792114258
0a8535b392854377a5eb3c41fc919295,k-means,warm,exec,queue,0.01984572410583496,4.76837158203125e-07,2.384185791015625e-07,1609700952.6191206,1609700952.7509704,0.1318497657775879,1609700952.665173,1609700952.673141,0.007967948913574219
294f40ba3e6c4d61ba321ef51b7f4b81,k-means,warm,exec,queue,0.024901390075683594,2.384185791015625e-07,2.384185791015625e-07,1609700952.6206024,1609700952.8177347,0.19713234901428223,1609700952.6771736,1609700952.683018,0.0058443546295166016
fddd6f469e0f46c4b02a5830c0804df9,k-means,warm,exec,queue,0.029675006866455078,2.384185791015625e-07,0.0,1609700952.6221676,1609700952.8166327,0.19446516036987305,1609700952.678005,1609700952.685965,0.007960081100463867
5f7dc620b2cf4a97971c52dfd574ce4e,k-means,warm,exec,queue,0.035424232482910156,2.384185791015625e-07,2.384185791015625e-07,1609700952.6236553,1609700952.8196082,0.1959528923034668,1609700952.6845999,1609700952.692276,0.007676124572753906
e27f132201c045858416b2391768c48d,k-means,warm,exec,queue,0.04011940956115723,2.384185791015625e-07,2.384185791015625e-07,1609700952.6251383,1609700952.859399,0.23426079750061035,1609700952.6868134,1609700952.6959288,0.009115457534790039
cb0b9f1e289544c7a43fc370fc5fda79,k-means,warm,exec,queue,0.044980764389038086,2.384185791015625e-07,2.384185791015625e-07,1609700952.6266077,1609700952.7852256,0.15861797332763672,1609700952.6932013,1609700952.7008104,0.007609128952026367
c27d9b324bed45cfb902615a24162efa,video,warm,exec,queue,0.020543336868286133,2.384185791015625e-07,0.0,1609700952.6281877,1609700952.9428148,0.31462717056274414,1609700952.6774282,1609700952.6947913,0.01736307144165039
d81351c65aee491eb6ef100dd79882ef,k-means,warm,exec,queue,0.008774995803833008,4.76837158203125e-07,2.384185791015625e-07,1609700953.6029923,1609700953.7291884,0.12619614601135254,1609700953.6511161,1609700953.6588116,0.007695436477661133
42c2bd76ef31438eb63eff54c62487e0,k-means,warm,exec,queue,0.03817033767700195,2.384185791015625e-07,0.0,1609700953.6071143,1609700955.2762341,1.6691198348999023,1609700953.6832845,1609700953.6882057,0.0049211978912353516
0f695ca83cc742098f9f7a4fab7a4445,k-means,warm,exec,queue,0.04352211952209473,2.384185791015625e-07,0.0,1609700953.6096482,1609700955.2780123,1.6683640480041504,1609700953.6895547,1609700953.695138,0.005583286285400391
8008cabf6bfa48d9846f922b3b9ad24d,k-means,warm,exec,queue,0.04814314842224121,4.76837158203125e-07,2.384185791015625e-07,1609700953.6121275,1609700956.279111,2.6669833660125732,1609700953.6940248,1609700953.6993966,0.005371809005737305
55d849729d804a2caae7a6e3d41f0e9d,k-means,warm,exec,queue,0.053475379943847656,4.76837158203125e-07,2.384185791015625e-07,1609700953.6149015,1609700954.7000325,1.0851309299468994,1609700953.7022748,1609700953.7091565,0.0068817138671875
9be91599795445659bc629df22ff1b53,k-means,warm,exec,queue,0.05918622016906738,2.384185791015625e-07,2.384185791015625e-07,1609700953.6170454,1609700955.1966722,1.5796267986297607,1609700953.7076442,1609700953.7134936,0.005849361419677734
1f4e979532d847bb80ea342b1d077cc2,k-means,warm,exec,queue,0.06427121162414551,2.384185791015625e-07,2.384185791015625e-07,1609700953.61846,1609700955.1945884,1.5761284828186035,1609700953.7150812,1609700953.7220347,0.00695347785949707
756f49ea49c647d2bdf62238c44feec8,k-means,warm,exec,queue,0.033635854721069336,2.384185791015625e-07,2.384185791015625e-07,1609700953.619885,1609700954.731123,1.1112380027770996,1609700953.6780462,1609700953.6824975,0.004451274871826172
dfdff19d990a47d89a1ed0737ab53621,k-means,warm,exec,queue,0.028233051300048828,4.76837158203125e-07,2.384185791015625e-07,1609700953.6213076,1609700954.7020397,1.0807321071624756,1609700953.6724148,1609700953.67696,0.0045452117919921875
44c1ab7270ab447bbdef6ec8de67df87,k-means,warm,exec,queue,0.023241519927978516,2.384185791015625e-07,2.384185791015625e-07,1609700953.6228426,1609700954.5644665,0.9416239261627197,1609700953.6681912,1609700953.6725056,0.004314422607421875
0bb853548ad540d8887e1dc85e76401a,k-means,warm,exec,queue,0.013046503067016602,4.76837158203125e-07,4.76837158203125e-07,1609700953.624265,1609700953.7280827,0.10381770133972168,1609700953.6560998,1609700953.6636984,0.0075986385345458984
90d1416622554133aa0b467108c56990,k-means,warm,exec,queue,0.01836562156677246,7.152557373046875e-07,2.384185791015625e-07,1609700953.6256895,1609700954.9572442,1.331554651260376,1609700953.6621559,1609700953.6695416,0.007385730743408203
9301b237dd8e482e81dd08b93b9b4e9e,k-means,warm,exec,queue,0.06964921951293945,2.384185791015625e-07,2.384185791015625e-07,1609700953.6271093,1609700954.7016993,1.0745899677276611,1609700953.718802,1609700953.7251616,0.006359577178955078
52898986c43244f7a5f7dd155362f455,k-means,warm,exec,queue,0.07425880432128906,4.76837158203125e-07,2.384185791015625e-07,1609700953.6286376,1609700956.7265663,3.097928762435913,1609700953.7244744,1609700953.7319114,0.007436990737915039
8fdb972cc4e14ffcafe437d957a1b6d9,image,cold,exec,create,0.016045331954956055,5.295203685760498,0.0,1609700953.6300604,1609700959.0635695,5.433509111404419,1609700958.9612648,1609700958.9886873,0.027422428131103516
46ef20494087499ebbcc17750dea59e1,k-means,warm,exec,queue,0.004812002182006836,2.384185791015625e-07,2.384185791015625e-07,1609700954.6068785,1609700955.3350444,0.728165864944458,1609700954.6682348,1609700954.6766264,0.008391618728637695
76a6a2df6bb84fe19fac9e0f499a490d,k-means,warm,exec,queue,0.0565333366394043,2.384185791015625e-07,2.384185791015625e-07,1609700954.6112804,1609700956.93041,2.319129467010498,1609700954.7251143,1609700954.7320013,0.006886959075927734
3504b0ad77084001953bffb26830288b,k-means,warm,exec,queue,0.050031185150146484,4.76837158203125e-07,2.384185791015625e-07,1609700954.613915,1609700956.9380531,2.3241381645202637,1609700954.7184901,1609700954.727328,0.00883793830871582
a853c6ccf40641c8976dd42b6199078e,k-means,warm,exec,queue,0.04544782638549805,2.384185791015625e-07,0.0,1609700954.6169071,1609700957.1956298,2.5787227153778076,1609700954.7127912,1609700954.721692,0.008900880813598633
3b379c07664a4a2b85c5e69e4cc91637,k-means,warm,exec,queue,0.03972887992858887,4.76837158203125e-07,2.384185791015625e-07,1609700954.6194842,1609700956.2813585,1.6618742942810059,1609700954.7071252,1609700954.7148933,0.007768154144287109
3758c7872f1441e0b1fdcafe926fc475,k-means,warm,exec,queue,0.03535342216491699,2.384185791015625e-07,0.0,1609700954.621356,1609700956.2784972,1.6571412086486816,1609700954.7057958,1609700954.7121413,0.006345510482788086
faf4e01fc1d64a459a55b0bc8aa57fa0,k-means,warm,exec,queue,0.030783653259277344,2.384185791015625e-07,2.384185791015625e-07,1609700954.6228743,1609700956.0578341,1.434959888458252,1609700954.6995513,1609700954.7086594,0.00910806655883789
012fd468de2d4208bab5be1d6bced6e4,k-means,warm,exec,queue,0.025374889373779297,4.76837158203125e-07,2.384185791015625e-07,1609700954.6245184,1609700956.721194,2.0966756343841553,1609700954.694581,1609700954.7025573,0.007976293563842773
edae7152a0524bb4b02a8add7f505aeb,k-means,warm,exec,queue,0.019931793212890625,4.76837158203125e-07,2.384185791015625e-07,1609700954.626043,1609700957.1919057,2.5658626556396484,1609700954.678785,1609700954.6865504,0.007765293121337891
9d1f4cba685c43db8b8b77ed906a4bc8,k-means,warm,exec,queue,0.015030145645141602,2.384185791015625e-07,2.384185791015625e-07,1609700954.6275673,1609700956.726115,2.0985476970672607,1609700954.6683488,1609700954.6767976,0.00844883918762207
3da8782c306b4d2cafa1e4d46147d100,k-means,warm,exec,queue,0.019661664962768555,4.76837158203125e-07,2.384185791015625e-07,1609700954.6292012,1609700957.19505,2.5658488273620605,1609700954.6736388,1609700954.6819842,0.008345365524291992
da41bc8a22a04844b2a99f6828b3f1f3,k-means,warm,exec,queue,0.061635494232177734,2.384185791015625e-07,4.76837158203125e-07,1609700954.6307223,1609700956.7256362,2.094913959503174,1609700954.7290442,1609700954.7368686,0.007824420928955078
5f3a1ea5662a4284a8cc1cae81e9e2b2,video,warm,exec,queue,0.022167444229125977,2.384185791015625e-07,0.0,1609700954.6322691,1609700956.9339428,2.301673650741577,1609700954.6997793,1609700954.7166042,0.016824960708618164
9c7de6ad0a594d15ad2b7091089928a8,matmul,warm,exec,queue,0.022906780242919922,2.384185791015625e-07,4.76837158203125e-07,1609700954.6337936,1609700956.938592,2.3047983646392822,1609700954.6997821,1609700954.7101722,0.010390043258666992
171028167b244d6cb046b8970061363d,map_reduce,warm,exec,queue,0.027886390686035156,2.384185791015625e-07,0.0,1609700954.635427,1609700955.3604057,0.7249786853790283,1609700954.7069714,1609700954.793685,0.08671355247497559
8e1c33f106cb4214a37e85c07b289701,disk,warm,exec,queue,0.03241777420043945,2.384185791015625e-07,2.384185791015625e-07,1609700954.6369839,1609700956.720717,2.083733081817627,1609700954.7069895,1609700954.7162697,0.009280204772949219
8e7504d41047416a871568dd35ad39e6,network,cold,exec,create,0.044214487075805664,4.437831401824951,2.384185791015625e-07,1609700954.6385126,1609700959.2326891,4.594176530838013,1609700959.1477492,1609700959.1722474,0.02449822425842285
7f80415adb2d43b78e2fa374d3e56282,k-means,warm,exec,queue,7.796287536621094e-05,4.76837158203125e-07,4.76837158203125e-07,1609700955.6028569,1609700957.9786208,2.3757638931274414,1609700955.6497252,1609700955.6582873,0.008562088012695312
fd0bd07968884a439f6a2399fbe4b367,k-means,warm,exec,queue,0.0059430599212646484,2.384185791015625e-07,2.384185791015625e-07,1609700955.6072066,1609700956.2744868,0.6672801971435547,1609700955.6498358,1609700955.6582808,0.008445024490356445
a699803db5684125ad6d3c0b133e7249,k-means,warm,exec,queue,0.011156320571899414,2.384185791015625e-07,0.0,1609700955.6098578,1609700957.649717,2.0398592948913574,1609700955.654733,1609700955.663119,0.00838613510131836
ad36e4071fa34a6c9cc30257ce716b13,k-means,warm,exec,queue,0.01645493507385254,2.384185791015625e-07,0.0,1609700955.61247,1609700957.778293,2.165822982788086,1609700955.6608775,1609700955.66868,0.007802486419677734
58b4f253a9a84aa685b17f3e667a0b0e,k-means,warm,exec,queue,0.02264404296875,4.76837158203125e-07,2.384185791015625e-07,1609700955.615665,1609700956.9333477,1.3176827430725098,1609700955.6668842,1609700955.6720982,0.00521397590637207
54c595efee9d416cbab68123db59ad11,k-means,warm,exec,queue,0.027914762496948242,2.384185791015625e-07,2.384185791015625e-07,1609700955.6176372,1609700956.8644605,1.2468233108520508,1609700955.6725762,1609700955.6791182,0.0065419673919677734
2565491fd1404c5b821984bade55f3df,k-means,warm,exec,queue,0.03335165977478027,2.384185791015625e-07,0.0,1609700955.6191752,1609700956.279673,0.6604979038238525,1609700955.6780577,1609700955.6827922,0.004734516143798828
8abc742bb7d4427381acc4b48ffda395,k-means,warm,exec,queue,0.03874802589416504,2.384185791015625e-07,2.384185791015625e-07,1609700955.620713,1609700957.3855016,1.7647886276245117,1609700955.6857796,1609700955.69307,0.007290363311767578
9b201bc7275b4886a1e71b327615d18f,k-means,warm,exec,queue,0.04371953010559082,4.76837158203125e-07,2.384185791015625e-07,1609700955.6222649,1609700957.1912599,1.5689949989318848,1609700955.6904671,1609700955.6957293,0.005262136459350586
c0ac70d270b34addbfa98ea76ce59699,k-means,warm,exec,queue,0.0486149787902832,4.76837158203125e-07,2.384185791015625e-07,1609700955.6239042,1609700956.7175648,1.093660593032837,1609700955.7011044,1609700955.7083454,0.007241010665893555
1d22748a55564ab0955a90bc1fc15b7c,k-means,warm,exec,queue,0.05341076850891113,4.76837158203125e-07,2.384185791015625e-07,1609700955.6254427,1609700956.7216272,1.096184492111206,1609700955.7034864,1609700955.7104158,0.0069293975830078125
68e0ba4cd32544dc8af4b99903959cdd,k-means,warm,exec,queue,0.05810260772705078,2.384185791015625e-07,2.384185791015625e-07,1609700955.6269767,1609700957.385827,1.758850336074829,1609700955.7065613,1609700955.7133555,0.0067942142486572266
5376806367e04773b6280bbb5f6b3882,k-means,warm,exec,queue,0.06309247016906738,4.76837158203125e-07,2.384185791015625e-07,1609700955.6285017,1609700956.9374542,1.3089525699615479,1609700955.7121625,1609700955.7193894,0.0072269439697265625
9e577a4481a24ae28f1d3dc1f7d6dab3,k-means,warm,exec,queue,0.0025284290313720703,4.76837158203125e-07,2.384185791015625e-07,1609700956.6039186,1609700956.866642,0.262723445892334,1609700956.649999,1609700956.6580236,0.00802469253540039
262214617f004414a9efc5fa07f1852c,k-means,warm,exec,queue,0.02705550193786621,0.0,2.384185791015625e-07,1609700956.6079617,1609700956.8650448,0.2570831775665283,1609700956.6715348,1609700956.6775272,0.005992412567138672
802aa524c4d94eca8db6ceba1ca4faae,k-means,warm,exec,queue,0.03184151649475098,2.384185791015625e-07,2.384185791015625e-07,1609700956.610212,1609700957.7739964,1.1637842655181885,1609700956.6782608,1609700956.6864398,0.008178949356079102
5cb137c6ee874ce9925990920128c7f1,k-means,warm,exec,queue,0.03680729866027832,2.384185791015625e-07,0.0,1609700956.612452,1609700957.7768617,1.1644096374511719,1609700956.6848156,1609700956.6913748,0.006559133529663086
f5d05010eb514e7ba1ef7fb864e7b5d8,k-means,warm,exec,queue,0.04166436195373535,4.76837158203125e-07,2.384185791015625e-07,1609700956.615194,1609700957.5293486,0.9141545295715332,1609700956.693189,1609700956.6998682,0.0066792964935302734
23e0bf8109c54bda829a936e542e9418,k-means,warm,exec,queue,0.047118425369262695,2.384185791015625e-07,2.384185791015625e-07,1609700956.6174326,1609700957.775361,1.157928466796875,1609700956.6943007,1609700956.700712,0.006411314010620117
54d5e915d0fc4df3b2c07420a357696a,k-means,warm,exec,queue,0.05215883255004883,2.384185791015625e-07,0.0,1609700956.6196368,1609700957.529865,0.9102282524108887,1609700956.7003858,1609700956.7086892,0.008303403854370117
7872aa8f35704f0fbe694d1bd0804e52,k-means,warm,exec,queue,0.021919727325439453,4.76837158203125e-07,2.384185791015625e-07,1609700956.6213758,1609700957.528716,0.9073402881622314,1609700956.6701543,1609700956.6766925,0.0065381526947021484
bc3b8cd7abf44a9c8d661e026ecffe58,k-means,warm,exec,queue,0.016831636428833008,2.384185791015625e-07,2.384185791015625e-07,1609700956.6229658,1609700957.1091852,0.4862194061279297,1609700956.665146,1609700956.6729743,0.007828235626220703
60f8701b192e4d4a9812d040d5555fdb,k-means,warm,exec,queue,0.012387990951538086,2.384185791015625e-07,2.384185791015625e-07,1609700956.62445,1609700956.8615646,0.23711466789245605,1609700956.6556232,1609700956.6630208,0.007397651672363281
430b0440da3448eda13f132a09eb8228,k-means,warm,exec,queue,0.009737253189086914,2.384185791015625e-07,0.0,1609700956.6259265,1609700957.385143,0.7592165470123291,1609700956.6491237,1609700956.6555555,0.0064318180084228516
90082879aea84789a9a11fecd4046078,video,warm,exec,queue,0.022834300994873047,2.384185791015625e-07,0.0,1609700956.627402,1609700957.3810148,0.753612756729126,1609700956.6682801,1609700956.6847672,0.01648712158203125
302b79684d43483185022fff8833a771,k-means,warm,exec,queue,0.004887580871582031,2.384185791015625e-07,0.0,1609700957.597463,1609700958.0196137,0.4221508502960205,1609700957.631997,1609700957.6383722,0.00637507438659668
d19d94cd9299466f9e3bccece34eb96b,k-means,warm,exec,queue,0.04290008544921875,2.384185791015625e-07,2.384185791015625e-07,1609700957.6012282,1609700957.8707302,0.2695019245147705,1609700957.678349,1609700957.6847224,0.006373405456542969
f4faa1be76714ce988d6da3f2f1a803d,k-means,warm,exec,queue,0.03731250762939453,2.384185791015625e-07,0.0,1609700957.6035693,1609700957.9671018,0.36353254318237305,1609700957.6692188,1609700957.6748195,0.005600690841674805
12b06a5bd1aa40bcb4ba092b719bd1d8,k-means,warm,exec,queue,0.008876562118530273,2.384185791015625e-07,2.384185791015625e-07,1609700957.6057124,1609700957.7470672,0.14135479927062988,1609700957.63573,1609700957.6434915,0.007761478424072266
6c9b9e0ef1cb4a8eafbfd072a800e1dd,k-means,warm,exec,queue,0.014201164245605469,2.384185791015625e-07,2.384185791015625e-07,1609700957.6077394,1609700957.7433245,0.13558506965637207,1609700957.6417146,1609700957.6486137,0.006899118423461914
680f75bd24e747a091fa2dfa35cd5cab,k-means,warm,exec,queue,0.018594741821289062,2.384185791015625e-07,0.0,1609700957.6108744,1609700957.7465186,0.13564419746398926,1609700957.6458955,1609700957.6517863,0.005890846252441406
a684c087679540ca82266aaa00a54af8,k-means,warm,exec,queue,0.023878812789916992,2.384185791015625e-07,0.0,1609700957.6130786,1609700958.0177195,0.40464091300964355,1609700957.654037,1609700957.6605284,0.006491422653198242
aa4ebc0d3224463d9381f85efab07c95,k-means,warm,exec,queue,0.02904343605041504,0.0,0.0,1609700957.61451,1609700957.8676522,0.2531421184539795,1609700957.6576185,1609700957.663428,0.0058095455169677734
7f7d77c5b6a54598a3ee6a267044b5d6,k-means,warm,exec,queue,0.034326791763305664,2.384185791015625e-07,0.0,1609700957.6159542,1609700957.8712537,0.25529956817626953,1609700957.6656146,1609700957.6721423,0.00652766227722168
7d986af6fe204e7995737744387e6b7e,k-means,warm,exec,queue,0.003516674041748047,4.76837158203125e-07,2.384185791015625e-07,1609700958.6045222,1609700958.7472205,0.1426982879638672,1609700958.6495209,1609700958.6571002,0.007579326629638672
050daf0f9cc84dbf9eda95a1022b17db,k-means,warm,exec,queue,0.03597664833068848,2.384185791015625e-07,2.384185791015625e-07,1609700958.6085937,1609700958.849441,0.24084734916687012,1609700958.6848056,1609700958.6910913,0.006285667419433594
463e4d2853654608aa0b02dbd102a771,k-means,warm,exec,queue,0.041135311126708984,2.384185791015625e-07,2.384185791015625e-07,1609700958.6110826,1609700958.9194763,0.3083937168121338,1609700958.6862664,1609700958.6928673,0.006600856781005859
95ec72d4a62a44eaaf1bef3d77ebb64c,k-means,warm,exec,queue,0.047499656677246094,2.384185791015625e-07,0.0,1609700958.6135983,1609700958.7815702,0.16797184944152832,1609700958.6978343,1609700958.7046068,0.006772518157958984
27177eb5587a4c8a80b4e8cba3e30fbe,k-means,warm,exec,queue,0.052796363830566406,2.384185791015625e-07,0.0,1609700958.6164544,1609700958.9221635,0.3057091236114502,1609700958.7038574,1609700958.7102304,0.006372928619384766
61c27420e3c04def84dc3742dc7759e3,k-means,warm,exec,queue,0.058863162994384766,2.384185791015625e-07,2.384185791015625e-07,1609700958.617873,1609700958.811977,0.19410395622253418,1609700958.7058258,1609700958.712258,0.006432294845581055
80d0f6e6bc4641ff9e150e728fb2e28e,k-means,warm,exec,queue,0.06400775909423828,4.76837158203125e-07,0.0,1609700958.6192908,1609700958.846172,0.2268812656402588,1609700958.7133079,1609700958.7205374,0.00722956657409668
069fb752b0aa48888eda08ac56a118b1,k-means,warm,exec,queue,0.015535354614257812,4.76837158203125e-07,0.0,1609700958.620741,1609700958.7456045,0.1248636245727539,1609700958.6596332,1609700958.6680152,0.008382081985473633
ab5605abde6a4f3d9d74acb4e3924e43,k-means,warm,exec,queue,0.018887042999267578,2.384185791015625e-07,2.384185791015625e-07,1609700958.6221561,1609700958.956721,0.3345649242401123,1609700958.6618261,1609700958.6691825,0.007356405258178711
cc1980072e454b1787dc4cdd3706a23e,k-means,warm,exec,queue,0.027081966400146484,2.384185791015625e-07,0.0,1609700958.623724,1609700958.959652,0.33592796325683594,1609700958.6692793,1609700958.675511,0.006231546401977539
05d78b771f224230abaf26336e115092,k-means,warm,exec,queue,0.03349184989929199,2.384185791015625e-07,2.384185791015625e-07,1609700958.6251585,1609700958.9602387,0.3350801467895508,1609700958.6794522,1609700958.6863804,0.006928205490112305
57be0d5a952f4b33923b27fafbbb5eca,k-means,warm,exec,queue,0.009716510772705078,2.384185791015625e-07,2.384185791015625e-07,1609700958.6265848,1609700958.7798193,0.15323448181152344,1609700958.6499786,1609700958.6574674,0.007488727569580078
2dd1d3f4d12f40c3a15a0c2772e84370,video,warm,exec,queue,0.01782965660095215,2.384185791015625e-07,2.384185791015625e-07,1609700958.6280046,1609700958.9227288,0.2947242259979248,1609700958.668936,1609700958.683967,0.015031099319458008
b1bb034e21f3413aa33964696a5d42f9,k-means,warm,exec,queue,7.343292236328125e-05,4.76837158203125e-07,2.384185791015625e-07,1609700959.6040213,1609700959.750085,0.14606380462646484,1609700959.6494517,1609700959.6569796,0.007527828216552734
feee48197215492199d18b35c6e44c53,k-means,warm,exec,queue,0.0072174072265625,4.76837158203125e-07,2.384185791015625e-07,1609700959.608035,1609700959.7517154,0.14368033409118652,1609700959.6489065,1609700959.6565006,0.007594108581542969
bc0e3fbdf50a405b9e1b0d77d92537c6,k-means,warm,exec,queue,0.011606931686401367,2.384185791015625e-07,2.384185791015625e-07,1609700959.6105502,1609700959.7520473,0.14149713516235352,1609700959.6520555,1609700959.6595206,0.0074651241302490234
c2f33e93a65c4d409252195e1ad24b34,k-means,warm,exec,queue,0.016870975494384766,2.384185791015625e-07,2.384185791015625e-07,1609700959.613022,1609700959.7839155,0.17089343070983887,1609700959.6581092,1609700959.6655612,0.0074520111083984375
1389badfc91d4971b87811d368d900bb,k-means,warm,exec,queue,0.025542736053466797,4.76837158203125e-07,2.384185791015625e-07,1609700959.6157827,1609700959.8176725,0.2018897533416748,1609700959.675062,1609700959.6826148,0.0075528621673583984
4a12fd4bc8fd47abb69e457c08826f5c,k-means,warm,exec,queue,0.030928373336791992,2.384185791015625e-07,4.76837158203125e-07,1609700959.617504,1609700959.90169,0.28418612480163574,1609700959.6764343,1609700959.6839714,0.007537126541137695
07bba6ac31ed4e689c0956170bacc57c,k-means,warm,exec,queue,0.03600454330444336,2.384185791015625e-07,2.384185791015625e-07,1609700959.6189227,1609700959.8167048,0.19778203964233398,1609700959.6787245,1609700959.6856194,0.006894826889038086
80bba0b3ecd845c1b665b562e64b7cd6,k-means,warm,exec,queue,0.04135298728942871,2.384185791015625e-07,2.384185791015625e-07,1609700959.620352,1609700959.8517683,0.2314162254333496,1609700959.684968,1609700959.6923082,0.007340192794799805
ab6a5f961a86433c82f63b910734bd96,k-means,warm,exec,queue,0.04622006416320801,2.384185791015625e-07,2.384185791015625e-07,1609700959.621791,1609700959.9035096,0.28171873092651367,1609700959.6925476,1609700959.6982222,0.005674600601196289
16e74df3ac51431390e318bced3de829,k-means,warm,exec,queue,0.05123472213745117,2.384185791015625e-07,0.0,1609700959.6233227,1609700959.818684,0.19536137580871582,1609700959.6957378,1609700959.7019045,0.006166696548461914
134c615fc1934420842f210b3fcf88eb,k-means,warm,exec,queue,0.055945396423339844,4.76837158203125e-07,2.384185791015625e-07,1609700959.624762,1609700960.0098631,0.3851010799407959,1609700959.7010243,1609700959.707455,0.006430625915527344
e869babcccef4d49913df8853c9668d2,matmul,warm,exec,queue,0.017657041549682617,4.76837158203125e-07,2.384185791015625e-07,1609700959.6261916,1609700959.7829766,0.1567850112915039,1609700959.6756082,1609700959.6864922,0.01088404655456543
071d93d63831459799d00bf9fdbfd37d,k-means,warm,exec,queue,0.004288196563720703,2.384185791015625e-07,2.384185791015625e-07,1609700960.6026483,1609700960.7251523,0.12250399589538574,1609700960.6452649,1609700960.6527224,0.0074574947357177734
2021d694f2be452da4b00f0f58d445f5,video,warm,exec,queue,0.015964031219482422,4.76837158203125e-07,0.0,1609700960.6067276,1609700961.0055268,0.39879918098449707,1609700960.6637263,1609700960.6798496,0.016123294830322266
2aa03c6d2a0f4c8fbeb3abe40bd62f72,k-means,warm,exec,queue,0.05409049987792969,4.76837158203125e-07,0.0,1609700960.6093035,1609700960.786304,0.1770005226135254,1609700960.700731,1609700960.707688,0.006957054138183594
9d64adab65ab465084e6abba41a30e77,k-means,warm,exec,queue,0.04438161849975586,2.384185791015625e-07,2.384185791015625e-07,1609700960.6117966,1609700960.8567462,0.2449495792388916,1609700960.6967804,1609700960.703636,0.006855487823486328
3d86da20e0a144b3a98da1be869c9af6,k-means,warm,exec,queue,0.03878355026245117,7.152557373046875e-07,2.384185791015625e-07,1609700960.6146162,1609700960.7893567,0.17474055290222168,1609700960.686414,1609700960.6940305,0.007616519927978516
e74cd246ec554c698a418d547aa86fa2,k-means,warm,exec,queue,0.03386259078979492,2.384185791015625e-07,2.384185791015625e-07,1609700960.6168957,1609700960.8561351,0.23923945426940918,1609700960.6757276,1609700960.6825156,0.006788015365600586
6898d9c153b244fdbc69f32be93c2447,k-means,warm,exec,queue,0.009148597717285156,2.384185791015625e-07,2.384185791015625e-07,1609700960.6183426,1609700960.7194457,0.10110306739807129,1609700960.6449587,1609700960.6521478,0.007189035415649414
73a4ef2887b14217b4018bd30b82937c,k-means,warm,exec,queue,0.014060258865356445,2.384185791015625e-07,2.384185791015625e-07,1609700960.6197898,1609700960.7245936,0.10480380058288574,1609700960.6502764,1609700960.6576626,0.007386207580566406
cac8c5dccece49299b088118364c42a6,k-means,warm,exec,queue,0.020138978958129883,2.384185791015625e-07,0.0,1609700960.6212573,1609700960.8534744,0.23221707344055176,1609700960.6628006,1609700960.6705837,0.007783174514770508
f6ed1f4b078543b0a4f3d13305bc8e60,k-means,warm,exec,queue,0.026129722595214844,2.384185791015625e-07,4.76837158203125e-07,1609700960.6228166,1609700960.7887669,0.16595029830932617,1609700960.667705,1609700960.67434,0.006634950637817383
d72b6a3cd42e49e9bb4913f3499c2388,k-means,warm,exec,queue,0.031297922134399414,2.384185791015625e-07,0.0,1609700960.624268,1609700960.7909496,0.16668152809143066,1609700960.669059,1609700960.6749015,0.005842447280883789
5f48a354e9654c6091c39a0cadd450bb,k-means,warm,exec,queue,7.891654968261719e-05,4.76837158203125e-07,0.0,1609700961.6066513,1609700961.7563164,0.14966511726379395,1609700961.6519043,1609700961.659537,0.007632732391357422
9f1f31967aa9489fa6cecc6ddb387ff9,k-means,warm,exec,queue,0.007968425750732422,4.76837158203125e-07,2.384185791015625e-07,1609700961.6108727,1609700961.7595663,0.14869356155395508,1609700961.6515095,1609700961.6576483,0.006138801574707031
90f6dff485624f39b0d6d6b459bccefb,k-means,warm,exec,queue,0.0130157470703125,4.76837158203125e-07,2.384185791015625e-07,1609700961.6134257,1609700961.75902,0.14559435844421387,1609700961.65819,1609700961.6654675,0.007277488708496094
5f05df0b3fa14504a8d761ce82edd0e1,k-means,warm,exec,queue,0.017457246780395508,4.76837158203125e-07,2.384185791015625e-07,1609700961.615893,1609700961.9769423,0.3610494136810303,1609700961.6673925,1609700961.6748178,0.0074253082275390625
3ae8a44110874f789c37d16efb70e76f,k-means,warm,exec,queue,0.023097515106201172,2.384185791015625e-07,0.0,1609700961.6187863,1609700961.974888,0.35610175132751465,1609700961.66777,1609700961.6728048,0.005034923553466797
b436d8a0788043fcbf9b40e9cf05d10a,k-means,warm,exec,queue,0.027560949325561523,4.76837158203125e-07,2.384185791015625e-07,1609700961.6210377,1609700961.9151754,0.29413771629333496,1609700961.6731951,1609700961.6785824,0.005387306213378906
5b59d902647a45b7b47ac1eba9cd5cfe,k-means,warm,exec,queue,0.03252363204956055,2.384185791015625e-07,0.0,1609700961.6224518,1609700961.7802315,0.15777969360351562,1609700961.6796794,1609700961.6849613,0.005281925201416016
438e328f9a61448c91cd2fac59eb441e,k-means,warm,exec,queue,0.03765749931335449,2.384185791015625e-07,2.384185791015625e-07,1609700961.6238656,1609700961.8654835,0.24161791801452637,1609700961.6842551,1609700961.6897645,0.005509376525878906
a10262c97575439caf8be65fef95b040,k-means,warm,exec,queue,0.04221773147583008,7.152557373046875e-07,0.0,1609700961.6253088,1609700961.8226488,0.1973400115966797,1609700961.6914752,1609700961.698853,0.0073778629302978516
f2acdaaec66943b38a0e7290880f6875,k-means,warm,exec,queue,0.047220706939697266,2.384185791015625e-07,2.384185791015625e-07,1609700961.626967,1609700961.9169858,0.29001879692077637,1609700961.6952758,1609700961.7008867,0.005610942840576172
8f80a67f78ac4d29a75f9de394353ba7,k-means,warm,exec,queue,0.05237770080566406,2.384185791015625e-07,4.76837158203125e-07,1609700961.6284003,1609700961.8906722,0.2622718811035156,1609700961.7017336,1609700961.7080698,0.006336212158203125
3f855ee86a6e48e98e74a9ce38b16936,k-means,warm,exec,queue,0.05715370178222656,2.384185791015625e-07,2.384185791015625e-07,1609700961.6299708,1609700962.032719,0.40274810791015625,1609700961.7069333,1609700961.7128096,0.005876302719116211
5429b3e336d94600a0690e1ef949723f,k-means,warm,exec,queue,0.002496480941772461,7.152557373046875e-07,2.384185791015625e-07,1609700962.6117184,1609700962.7492268,0.13750839233398438,1609700962.6603475,1609700962.6681597,0.0078122615814208984
b40520c836114cad88edfa7448e07aaa,k-means,warm,exec,queue,0.021476268768310547,2.384185791015625e-07,0.0,1609700962.6160831,1609700962.86829,0.25220680236816406,1609700962.6823447,1609700962.6905744,0.008229732513427734
da5eac8edf0f402a9195c126410eed87,k-means,warm,exec,queue,0.027742385864257812,4.76837158203125e-07,0.0,1609700962.6186638,1609700962.800266,0.18160223960876465,1609700962.6827302,1609700962.6902444,0.007514238357543945
6099bccce0ef4d0893f7104bc2dfcb27,k-means,warm,exec,queue,0.03458738327026367,4.76837158203125e-07,4.76837158203125e-07,1609700962.6209347,1609700962.985813,0.36487817764282227,1609700962.6984801,1609700962.7059813,0.007501125335693359
0f81e9af161541a8b45349e6ce00bd8f,k-means,warm,exec,queue,0.042257070541381836,1.1920928955078125e-06,2.384185791015625e-07,1609700962.6225693,1609700962.9875236,0.36495423316955566,1609700962.7009454,1609700962.7083902,0.007444858551025391
c71a4d2cdc9842109a13c39557f49369,k-means,warm,exec,queue,0.047147274017333984,2.384185791015625e-07,2.384185791015625e-07,1609700962.6240244,1609700962.8012981,0.17727375030517578,1609700962.7019706,1609700962.7089524,0.006981849670410156
39046381a6ac49ac89b1414f7c2f0e47,k-means,warm,exec,queue,0.05316519737243652,4.76837158203125e-07,4.76837158203125e-07,1609700962.6254847,1609700962.803186,0.17770123481750488,1609700962.7144506,1609700962.7221098,0.007659196853637695
a4e64df2898f41b7a3011a10e239b954,k-means,warm,exec,queue,0.05906796455383301,2.384185791015625e-07,0.0,1609700962.6269374,1609700963.0351863,0.4082489013671875,1609700962.7206705,1609700962.7278204,0.007149934768676758
8cec412b9319477cb9630b7f0c80492d,k-means,warm,exec,queue,0.06514668464660645,4.76837158203125e-07,2.384185791015625e-07,1609700962.6284065,1609700962.8022652,0.173858642578125,1609700962.721492,1609700962.7275527,0.006060600280761719
934e163bba3843a2ab5c4369ad72b7ed,k-means,warm,exec,queue,0.0169064998626709,2.384185791015625e-07,2.384185791015625e-07,1609700962.6299682,1609700962.774732,0.14476394653320312,1609700962.671396,1609700962.678903,0.0075070858001708984
bcc05bd6e1264736a4d878d856b264d3,k-means,warm,exec,queue,0.010077238082885742,7.152557373046875e-07,2.384185791015625e-07,1609700962.6314225,1609700962.7507994,0.11937689781188965,1609700962.6608598,1609700962.668635,0.007775068283081055
d16d0053eadd43189bcef9083cdf0cb0,k-means,warm,exec,queue,0.014684915542602539,4.76837158203125e-07,2.384185791015625e-07,1609700962.632888,1609700962.7511435,0.1182553768157959,1609700962.665893,1609700962.6735911,0.00769805908203125
e18b5bcc03f64dadafe8e2ead5a23efb,k-means,warm,exec,queue,0.06967425346374512,2.384185791015625e-07,2.384185791015625e-07,1609700962.634347,1609700962.8041143,0.1697673797607422,1609700962.7281508,1609700962.7350354,0.006884574890136719
1904a46dfe6d44e69d884f32258f3c35,video,warm,exec,queue,0.01943659782409668,2.384185791015625e-07,2.384185791015625e-07,1609700962.6358986,1609700962.8335211,0.19762253761291504,1609700962.6833065,1609700962.6997101,0.016403675079345703
81ef9992d5654319a787bc4fb1766af0,k-means,warm,exec,queue,0.006521463394165039,2.384185791015625e-07,2.384185791015625e-07,1609700963.6063075,1609700963.7197633,0.11345577239990234,1609700963.6425145,1609700963.6502569,0.007742404937744141
2e8528e6854b4f8fa20fd7c0a92b7079,k-means,warm,exec,queue,0.019913911819458008,7.152557373046875e-07,2.384185791015625e-07,1609700963.6104395,1609700963.7463357,0.1358962059020996,1609700963.6589022,1609700963.663609,0.004706859588623047
fc9fdfe6bdbc452db6382fb5aebc459d,k-means,warm,exec,queue,0.024700164794921875,2.384185791015625e-07,2.384185791015625e-07,1609700963.6130714,1609700963.8402033,0.22713184356689453,1609700963.6639917,1609700963.670072,0.0060803890228271484
f51544a1afcc4483bab7b1d902a5e8b0,k-means,warm,exec,queue,0.02968621253967285,4.76837158203125e-07,2.384185791015625e-07,1609700963.6156464,1609700963.8451364,0.22949004173278809,1609700963.6704087,1609700963.6753066,0.0048978328704833984
4694090e99084f6e91ccfbe8cdc50c14,k-means,warm,exec,queue,0.03503537178039551,0.0,2.384185791015625e-07,1609700963.6176128,1609700963.7782178,0.16060495376586914,1609700963.6753314,1609700963.6799343,0.004602909088134766
bfcbcbd73ad648a7b51d199921426653,k-means,warm,exec,queue,0.03961586952209473,2.384185791015625e-07,2.384185791015625e-07,1609700963.619361,1609700963.74802,0.12865900993347168,1609700963.6805193,1609700963.6854415,0.004922151565551758
7da41407ffdd45f49a61d36b4a10b35e,k-means,warm,exec,queue,0.04427194595336914,2.384185791015625e-07,2.384185791015625e-07,1609700963.6209188,1609700963.84573,0.22481131553649902,1609700963.6864161,1609700963.691812,0.0053958892822265625
85d955bdcfb444109ffa25f3ae7c69e4,k-means,warm,exec,queue,0.04947829246520996,4.76837158203125e-07,2.384185791015625e-07,1609700963.6224608,1609700963.8445022,0.22204136848449707,1609700963.69167,1609700963.6978145,0.006144523620605469
6bff0910aab3421d9d355aba6ac72459,k-means,warm,exec,queue,0.010623455047607422,4.76837158203125e-07,2.384185791015625e-07,1609700963.6240058,1609700963.7213233,0.09731745719909668,1609700963.647812,1609700963.6560252,0.008213281631469727
f4040c68897e4f0fa60e6e837cc50bb5,k-means,warm,exec,queue,0.01510763168334961,2.384185791015625e-07,2.384185791015625e-07,1609700963.6256876,1609700963.7445629,0.11887526512145996,1609700963.653365,1609700963.66101,0.007645130157470703
0fc2ec7a7ece4f8bb1fa2a9ae91b3003,k-means,warm,exec,queue,7.581710815429688e-05,4.76837158203125e-07,2.384185791015625e-07,1609700964.608079,1609700964.7298567,0.12177777290344238,1609700964.6524472,1609700964.6605318,0.008084535598754883
a601de6b6c464dae9935c35ec25ad29c,matmul,warm,exec,queue,0.025857925415039062,2.384185791015625e-07,2.384185791015625e-07,1609700964.6123674,1609700965.0057802,0.39341282844543457,1609700964.676863,1609700964.6872816,0.01041865348815918
94bbc3e335a14040b6484de0cb07a799,k-means,warm,exec,queue,0.00570225715637207,4.76837158203125e-07,2.384185791015625e-07,1609700964.614903,1609700964.8644345,0.24953150749206543,1609700964.653025,1609700964.6617634,0.008738517761230469
9641545a13ac498590931fd6f92bb38c,k-means,warm,exec,queue,0.010648250579833984,2.384185791015625e-07,2.384185791015625e-07,1609700964.6174393,1609700964.7800963,0.1626570224761963,1609700964.6597037,1609700964.6683786,0.008674860000610352
a5fa8820cc904213bb782875a5e536c4,k-means,warm,exec,queue,0.0171356201171875,2.384185791015625e-07,2.384185791015625e-07,1609700964.6202478,1609700964.9013708,0.28112292289733887,1609700964.6655364,1609700964.6738727,0.008336305618286133
69d7509d614d4692b2adee9be912c95c,k-means,warm,exec,queue,0.025542497634887695,2.384185791015625e-07,0.0,1609700964.6218185,1609700964.9019332,0.28011465072631836,1609700964.678103,1609700964.6860769,0.007973909378051758
22a013b5c65544b584551b0d5d6461fd,k-means,warm,exec,queue,0.030070781707763672,2.384185791015625e-07,2.384185791015625e-07,1609700964.6232762,1609700965.0009506,0.3776743412017822,1609700964.683464,1609700964.6904628,0.006998777389526367
b3ca327534ac45eaae8682ebb2fc1057,k-means,warm,exec,queue,0.034586429595947266,4.76837158203125e-07,2.384185791015625e-07,1609700964.624738,1609700965.0052524,0.38051438331604004,1609700964.6848173,1609700964.691738,0.006920576095581055
eae467d4257b40bebf7fb36de95ab075,k-means,warm,exec,queue,0.039286136627197266,4.76837158203125e-07,2.384185791015625e-07,1609700964.6262012,1609700964.7816293,0.15542817115783691,1609700964.690277,1609700964.6970878,0.006810665130615234
c669c90d9ff54da88a5a3c516b671bbb,k-means,warm,exec,queue,0.0453495979309082,2.384185791015625e-07,0.0,1609700964.6277714,1609700965.0026727,0.37490129470825195,1609700964.6988866,1609700964.7058437,0.006957054138183594
70b792da35e84fd4b7dc6072c377bdc0,video,warm,exec,queue,0.01569390296936035,2.384185791015625e-07,2.384185791015625e-07,1609700964.6292384,1609700964.9497015,0.3204631805419922,1609700964.6735256,1609700964.6891124,0.01558685302734375
4b2401bbb14a46a9913672dfbcba196b,map_reduce,warm,exec,queue,0.03137660026550293,2.384185791015625e-07,2.384185791015625e-07,1609700964.6307197,1609700964.8985603,0.2678406238555908,1609700964.6792228,1609700964.76432,0.08509707450866699
126134e45cba4b3095ba0b1eb1fc1e04,k-means,warm,exec,queue,0.0031447410583496094,4.76837158203125e-07,2.384185791015625e-07,1609700965.6148355,1609700965.7769527,0.16211724281311035,1609700965.6717606,1609700965.6795418,0.007781267166137695
f1f7b5e6bfc748508013e6297fd2a5c2,k-means,warm,exec,queue,0.012839078903198242,2.384185791015625e-07,2.384185791015625e-07,1609700965.6191523,1609700965.7797213,0.1605689525604248,1609700965.6715658,1609700965.6784577,0.006891965866088867
97d9461ba6c84ee0a23e5e93fb79807d,k-means,warm,exec,queue,0.05433225631713867,4.76837158203125e-07,2.384185791015625e-07,1609700965.621754,1609700965.8812473,0.259493350982666,1609700965.7228646,1609700965.7274675,0.004602909088134766
502e247db1bb42afb3c2693833417951,k-means,warm,exec,queue,0.04955863952636719,2.384185791015625e-07,2.384185791015625e-07,1609700965.6243079,1609700965.8507702,0.22646236419677734,1609700965.7161212,1609700965.7224195,0.0062983036041259766
4dd38e8e281049ebbf7b5a2fdb80ea46,k-means,warm,exec,queue,0.04455161094665527,7.152557373046875e-07,2.384185791015625e-07,1609700965.627133,1609700965.8775694,0.25043654441833496,1609700965.7117002,1609700965.7170467,0.005346536636352539
3aa481af2bec4ae5b86356e4f92f244c,k-means,warm,exec,queue,0.03949618339538574,4.76837158203125e-07,0.0,1609700965.629095,1609700966.045472,0.41637682914733887,1609700965.7079341,1609700965.7147648,0.006830692291259766
46c1128885874709bf67a580da51c954,k-means,warm,exec,queue,0.03466463088989258,7.152557373046875e-07,2.384185791015625e-07,1609700965.6305935,1609700965.8837128,0.25311923027038574,1609700965.699281,1609700965.7052002,0.005919218063354492
69decfb4cc6d41d5acc7d863dd1392a0,k-means,warm,exec,queue,0.029125452041625977,4.76837158203125e-07,2.384185791015625e-07,1609700965.632098,1609700965.8822813,0.2501833438873291,1609700965.6941855,1609700965.700845,0.006659507751464844
3ee1b4e933ff42d88238a5fbe1c5bb53,k-means,warm,exec,queue,0.02477717399597168,7.152557373046875e-07,7.152557373046875e-07,1609700965.6336162,1609700965.7753365,0.14172029495239258,1609700965.6933134,1609700965.6997807,0.006467342376708984
03da49f7eb63480e8d715cd4659355d4,k-means,warm,exec,queue,0.017019033432006836,9.5367431640625e-07,7.152557373046875e-07,1609700965.635431,1609700965.779229,0.1437978744506836,1609700965.677133,1609700965.6854591,0.008326053619384766
364fef4d91024d6898f11a372e65a77f,k-means,warm,exec,queue,0.022269010543823242,2.384185791015625e-07,0.0,1609700965.6369479,1609700965.8817806,0.24483275413513184,1609700965.6844704,1609700965.6919181,0.007447719573974609
c44116a4b53640e0a6e30f70b7a03089,k-means,warm,exec,queue,0.059418678283691406,2.384185791015625e-07,0.0,1609700965.638443,1609700966.0475016,0.4090585708618164,1609700965.727785,1609700965.7326648,0.00487971305847168
ef3b9b266138495a9381c6bef3fc346c,k-means,warm,exec,queue,0.06412553787231445,4.76837158203125e-07,2.384185791015625e-07,1609700965.639944,1609700965.8517697,0.21182560920715332,1609700965.7332995,1609700965.7393742,0.006074666976928711
86c0ab5089f8416bb5058dcc3f7a1dab,k-means,warm,exec,queue,0.06866264343261719,2.384185791015625e-07,2.384185791015625e-07,1609700965.641593,1609700965.9775426,0.3359496593475342,1609700965.738938,1609700965.7445138,0.005575656890869141
dd866f52b4b44c7693e072db0122f281,k-means,warm,exec,queue,0.07346439361572266,2.384185791015625e-07,2.384185791015625e-07,1609700965.6430829,1609700966.103098,0.46001505851745605,1609700965.7437985,1609700965.749652,0.005853414535522461
88b9a6cc49a942b9b91936fdf3fda830,k-means,warm,exec,queue,0.07814264297485352,2.384185791015625e-07,2.384185791015625e-07,1609700965.644581,1609700965.9110363,0.26645517349243164,1609700965.74756,1609700965.7536612,0.006101131439208984
a183ae9c20ca429a8f531d9356699e10,k-means,warm,exec,queue,0.08374476432800293,4.76837158203125e-07,2.384185791015625e-07,1609700965.6461706,1609700965.9095173,0.26334667205810547,1609700965.7546842,1609700965.7591758,0.004491567611694336
9a74d5f2445d4277aba8db35c4a44761,k-means,warm,exec,queue,7.43865966796875e-05,4.76837158203125e-07,2.384185791015625e-07,1609700966.6144943,1609700966.740345,0.12585067749023438,1609700966.6619341,1609700966.6697574,0.00782322883605957
e70b8f1b3da24104989a2d4e3d0e7bc6,k-means,warm,exec,queue,0.008420705795288086,2.384185791015625e-07,2.384185791015625e-07,1609700966.6187336,1609700966.7373664,0.11863279342651367,1609700966.66154,1609700966.6696203,0.008080244064331055
9d076e817c30488cb852ccf3245a1433,k-means,warm,exec,queue,0.012760400772094727,2.384185791015625e-07,2.384185791015625e-07,1609700966.6209176,1609700966.7398343,0.11891674995422363,1609700966.6633365,1609700966.6716404,0.00830388069152832
63981a48a54e4a44b41be41e81377352,k-means,warm,exec,queue,0.017179250717163086,2.384185791015625e-07,2.384185791015625e-07,1609700966.622348,1609700966.8261487,0.20380067825317383,1609700966.6678479,1609700966.675887,0.008039236068725586
c289ce79b2b343b09b5a61e06ac1fa28,k-means,warm,exec,queue,0.021883249282836914,2.384185791015625e-07,2.384185791015625e-07,1609700966.623952,1609700966.7794538,0.1555018424987793,1609700966.6741943,1609700966.6827238,0.008529424667358398
572b79b8da1b4477845c81fa92292928,k-means,warm,exec,queue,0.02659320831298828,2.384185791015625e-07,4.76837158203125e-07,1609700966.6254086,1609700966.7812252,0.15581655502319336,1609700966.6850648,1609700966.6931486,0.008083820343017578
b3cccfe58de44e9ab127f2758881eee3,k-means,warm,exec,queue,0.031298160552978516,2.384185791015625e-07,2.384185791015625e-07,1609700966.6268456,1609700966.951348,0.32450246810913086,1609700966.6853342,1609700966.691204,0.005869865417480469
d13d134f52194845981c533650c67e81,k-means,warm,exec,queue,0.035657644271850586,2.384185791015625e-07,2.384185791015625e-07,1609700966.628279,1609700966.8223257,0.1940467357635498,1609700966.692684,1609700966.6992805,0.006596565246582031
6741db48c9034c00beb15d6ea3ffe4cf,k-means,warm,exec,queue,0.04012131690979004,2.384185791015625e-07,0.0,1609700966.6297011,1609700966.8265848,0.1968836784362793,1609700966.6941254,1609700966.7006588,0.006533384323120117
c7e1985236154318b5c50bf3a4bb8e76,k-means,warm,exec,queue,0.046068668365478516,2.384185791015625e-07,2.384185791015625e-07,1609700966.6312315,1609700966.827012,0.19578051567077637,1609700966.7018852,1609700966.708304,0.006418704986572266
f18561b9b6e14163b9078480f285296b,k-means,warm,exec,queue,0.050904273986816406,2.384185791015625e-07,2.384185791015625e-07,1609700966.6326687,1609700966.8653755,0.23270678520202637,1609700966.7110195,1609700966.7178535,0.0068340301513671875
e8ba602a57704bb191e8d100fd0cc89e,k-means,warm,exec,queue,0.056320905685424805,2.384185791015625e-07,2.384185791015625e-07,1609700966.6340942,1609700966.8659632,0.23186898231506348,1609700966.7153342,1609700966.72233,0.0069959163665771484
9e3451ba657d4a75b25dc3e9d1a88f81,video,warm,exec,queue,0.019829511642456055,2.384185791015625e-07,4.76837158203125e-07,1609700966.6355348,1609700966.9507294,0.31519460678100586,1609700966.6850796,1609700966.701375,0.016295433044433594
9dec93d6bc844603b2ae91d795159e1a,k-means,warm,exec,queue,0.004330158233642578,4.76837158203125e-07,2.384185791015625e-07,1609700967.6113343,1609700967.766451,0.15511655807495117,1609700967.6496165,1609700967.6578028,0.00818634033203125
68d642b5ddc14045a1c9f4428ba82798,k-means,warm,exec,queue,0.047651052474975586,2.384185791015625e-07,2.384185791015625e-07,1609700967.615396,1609700967.8409925,0.22559642791748047,1609700967.699164,1609700967.7059853,0.006821393966674805
3e274c732dda426a976cfde54243a771,k-means,warm,exec,queue,0.0423736572265625,4.76837158203125e-07,2.384185791015625e-07,1609700967.6177578,1609700967.9267507,0.308992862701416,1609700967.6930752,1609700967.6991513,0.00607609748840332
b9b280fe02304343bc7dc3bbd0e77c90,k-means,warm,exec,queue,0.03670549392700195,2.384185791015625e-07,2.384185791015625e-07,1609700967.620068,1609700967.7696772,0.14960908889770508,1609700967.6861546,1609700967.6928537,0.006699085235595703
9cd01d1b7f574a7f94819b31292a3b7b,k-means,warm,exec,queue,0.031888484954833984,0.0,2.384185791015625e-07,1609700967.622373,1609700967.9273329,0.304959774017334,1609700967.6812866,1609700967.687717,0.006430387496948242
a9c463382e764205889de6b6d34b4346,k-means,warm,exec,queue,0.008983373641967773,2.384185791015625e-07,0.0,1609700967.6248713,1609700967.7904274,0.1655561923980713,1609700967.652474,1609700967.6604633,0.00798940658569336
e7e8276a4c87403897a07f11edaf380a,k-means,warm,exec,queue,0.01425027847290039,2.384185791015625e-07,2.384185791015625e-07,1609700967.626447,1609700967.8766131,0.2501661777496338,1609700967.6588476,1609700967.6666257,0.007778167724609375
7137ebd57b8f4cbd868b294c1c68c2b5,k-means,warm,exec,queue,0.018961429595947266,2.384185791015625e-07,2.384185791015625e-07,1609700967.62802,1609700967.9763138,0.3482937812805176,1609700967.6656032,1609700967.672001,0.006397724151611328
5f35d47f5db24f8ba1863d58dde1020c,k-means,warm,exec,queue,0.02410292625427246,4.76837158203125e-07,2.384185791015625e-07,1609700967.62961,1609700967.7691727,0.13956260681152344,1609700967.669436,1609700967.6763365,0.0069005489349365234
ea251fc2943e4269a8a15cd6ff19ca5e,k-means,warm,exec,queue,0.029079914093017578,2.384185791015625e-07,2.384185791015625e-07,1609700967.631301,1609700967.9747307,0.3434298038482666,1609700967.6745305,1609700967.6804724,0.005941867828369141
2e5e5d21e9d44e15aeeb89040add3f2b,k-means,warm,exec,queue,0.007147550582885742,4.76837158203125e-07,4.76837158203125e-07,1609700968.6187646,1609700968.8937871,0.2750225067138672,1609700968.671547,1609700968.6802464,0.008699417114257812
fb558aacb98340779e87e890ca06903d,k-means,warm,exec,queue,0.05417132377624512,2.384185791015625e-07,2.384185791015625e-07,1609700968.623186,1609700968.9711986,0.34801244735717773,1609700968.7242658,1609700968.731111,0.006845235824584961
43d5f9c9c1a44cab9607b4403a83080e,k-means,warm,exec,queue,0.06086111068725586,2.384185791015625e-07,0.0,1609700968.6258066,1609700968.9287658,0.3029592037200928,1609700968.7308412,1609700968.737194,0.006352901458740234
d7af9b7ce8174b9594e14f0e7ccfff4d,k-means,warm,exec,queue,0.06686854362487793,2.384185791015625e-07,2.384185791015625e-07,1609700968.628383,1609700969.0413525,0.41296958923339844,1609700968.7386787,1609700968.7456405,0.006961822509765625
1c544a62ad6348a1856070d35d0f6ba8,k-means,warm,exec,queue,0.024493932723999023,4.76837158203125e-07,7.152557373046875e-07,1609700968.631226,1609700968.7845962,0.15337014198303223,1609700968.6932642,1609700968.70154,0.008275747299194336
cf0adbaacc974840a53a141eb42aa575,k-means,warm,exec,queue,0.03281521797180176,2.384185791015625e-07,2.384185791015625e-07,1609700968.6331813,1609700968.787219,0.1540377140045166,1609700968.6994717,1609700968.708027,0.008555173873901367
3eb2cde962644fa898a8fe7f2c2495db,k-means,warm,exec,queue,0.038899898529052734,2.384185791015625e-07,2.384185791015625e-07,1609700968.6347237,1609700968.8368661,0.20214247703552246,1609700968.7011256,1609700968.7098665,0.008740901947021484
9455a9dbc3c1406aac90e7448b32c94b,k-means,warm,exec,queue,0.043883562088012695,2.384185791015625e-07,0.0,1609700968.63627,1609700969.03941,0.4031400680541992,1609700968.7073548,1609700968.7141848,0.006829977035522461
47defa5b44894f0baddf7940a62b70e2,k-means,warm,exec,queue,0.04950284957885742,2.384185791015625e-07,0.0,1609700968.6378088,1609700968.8351212,0.1973123550415039,1609700968.713987,1609700968.721895,0.007907867431640625
828aa8d41e6f4d02bc9fcaea33ee6c23,k-means,warm,exec,queue,0.05409598350524902,4.76837158203125e-07,0.0,1609700968.6394668,1609700968.8702085,0.2307417392730713,1609700968.7235482,1609700968.730341,0.006792783737182617
dfa48b5ff0d44a368159a5e3992fab79,k-means,warm,exec,queue,0.017120838165283203,2.384185791015625e-07,2.384185791015625e-07,1609700968.6410189,1609700968.8958945,0.25487565994262695,1609700968.6789083,1609700968.6883938,0.009485483169555664
d30e395bc84941cf8a4a217c06c807ec,k-means,warm,exec,queue,0.01247406005859375,2.384185791015625e-07,0.0,1609700968.642568,1609700968.7504702,0.10790205001831055,1609700968.6722827,1609700968.6803882,0.00810551643371582
fdf8811cfcdf4e20a0731e98fa1cf576,k-means,warm,exec,queue,0.0717766284942627,2.384185791015625e-07,2.384185791015625e-07,1609700968.6440938,1609700969.0372002,0.39310646057128906,1609700968.7450488,1609700968.7521045,0.007055759429931641
1355bc7293c04f2e94b977655998f11e,video,warm,exec,queue,0.0195772647857666,2.384185791015625e-07,2.384185791015625e-07,1609700968.645739,1609700968.787665,0.14192581176757812,1609700968.6951373,1609700968.7111285,0.0159912109375
dedefd206be34832b49c7734fc45a719,k-means,warm,exec,queue,0.0008509159088134766,7.152557373046875e-07,2.384185791015625e-07,1609700969.6145136,1609700969.729701,0.11518740653991699,1609700969.6559892,1609700969.6648624,0.008873224258422852
341965a2ff8b4c1e964b2cf6f939db33,matmul,warm,exec,queue,0.018145322799682617,2.384185791015625e-07,0.0,1609700969.6189508,1609700969.7538822,0.13493132591247559,1609700969.6826777,1609700969.693996,0.011318206787109375
89dd5dae7fc54636b09e6e7cbad2b7e1,k-means,warm,exec,queue,0.013677835464477539,2.384185791015625e-07,2.384185791015625e-07,1609700969.621625,1609700969.8214965,0.19987154006958008,1609700969.6698494,1609700969.6791294,0.009279966354370117
1b402fe12ff04e81815957f1f23df6b5,k-means,warm,exec,queue,0.019325733184814453,2.384185791015625e-07,2.384185791015625e-07,1609700969.6242504,1609700969.8666804,0.2424299716949463,1609700969.6828523,1609700969.6913292,0.008476972579956055
b77f800bbdad48fa8161eaf12acba79c,k-means,warm,exec,queue,0.027178525924682617,4.76837158203125e-07,2.384185791015625e-07,1609700969.6268442,1609700969.947687,0.3208427429199219,1609700969.684816,1609700969.6925194,0.007703542709350586
8da040121bf34a65aea865d7ef8fab54,k-means,warm,exec,queue,0.032744646072387695,2.384185791015625e-07,0.0,1609700969.6292715,1609700969.8702385,0.2409670352935791,1609700969.688014,1609700969.6930265,0.00501251220703125
54395fe6b04d467abd5790d5ed679e1c,k-means,warm,exec,queue,0.037393808364868164,2.384185791015625e-07,2.384185791015625e-07,1609700969.6308808,1609700969.979702,0.34882116317749023,1609700969.6939933,1609700969.701806,0.007812738418579102
e88c48182139485f87ac6360e900b761,k-means,warm,exec,queue,0.002342700958251953,2.384185791015625e-07,2.384185791015625e-07,1609700969.6325073,1609700969.730913,0.09840559959411621,1609700969.6574275,1609700969.6681428,0.010715246200561523
880349a411214bb092984bba0513660e,k-means,warm,exec,queue,0.011745691299438477,2.384185791015625e-07,4.76837158203125e-07,1609700969.6341202,1609700969.8661244,0.23200416564941406,1609700969.6636949,1609700969.672428,0.008733034133911133
654b5ffc1b86404aabfecaa77c36fa75,k-means,warm,exec,queue,0.0068950653076171875,4.76837158203125e-07,2.384185791015625e-07,1609700969.6358633,1609700969.8696768,0.23381352424621582,1609700969.6591687,1609700969.669062,0.009893178939819336
613e5bffdc7b4925be83b88b023d9732,k-means,warm,exec,queue,0.00800633430480957,4.76837158203125e-07,2.384185791015625e-07,1609700970.6214237,1609700970.7849712,0.16354751586914062,1609700970.6780975,1609700970.6862986,0.008201122283935547
bb7c6a73d9f14c898f1e5b56a83c3f30,k-means,warm,exec,queue,0.03648567199707031,2.384185791015625e-07,0.0,1609700970.625637,1609700970.908312,0.28267502784729004,1609700970.7077043,1609700970.7151556,0.007451295852661133
832b110d0cf4462ea289171b1854ace2,k-means,warm,exec,queue,0.04150724411010742,2.384185791015625e-07,2.384185791015625e-07,1609700970.6281214,1609700970.9325063,0.3043849468231201,1609700970.713256,1609700970.7204719,0.007215976715087891
ff5b721eeb9247c38604873357074b68,k-means,warm,exec,queue,0.0469510555267334,2.384185791015625e-07,0.0,1609700970.6306434,1609700970.806602,0.17595863342285156,1609700970.7209897,1609700970.727035,0.006045341491699219
1de8b4edb244455fb0a6f6d3df3b470d,k-means,warm,exec,queue,0.05288386344909668,2.384185791015625e-07,0.0,1609700970.6330674,1609700970.957301,0.3242335319519043,1609700970.7274947,1609700970.733911,0.00641632080078125
298a41463c6f4993afe080266cf306cb,k-means,warm,exec,queue,0.05742907524108887,0.0,0.0,1609700970.6344893,1609700970.9089453,0.2744560241699219,1609700970.7334316,1609700970.7394085,0.00597691535949707
7bcf7db917184c9a883adf80ed88380c,k-means,warm,exec,queue,0.06224393844604492,2.384185791015625e-07,2.384185791015625e-07,1609700970.635918,1609700970.8420162,0.20609831809997559,1609700970.735684,1609700970.741695,0.006011009216308594
566d8372d9d5493cac5659f4def07dc5,k-means,warm,exec,queue,0.019924402236938477,2.384185791015625e-07,2.384185791015625e-07,1609700970.6373591,1609700970.7843988,0.14703965187072754,1609700970.684116,1609700970.6920452,0.007929325103759766
fc8df5a4909c46e5a77021c80b8825be,k-means,warm,exec,queue,0.025087356567382812,2.384185791015625e-07,2.384185791015625e-07,1609700970.6387942,1609700970.883227,0.24443292617797852,1609700970.690066,1609700970.697811,0.007744789123535156
c9ac37070ca5478e958c82229dfcd502,k-means,warm,exec,queue,0.0306394100189209,2.384185791015625e-07,2.384185791015625e-07,1609700970.6403584,1609700971.0354364,0.3950779438018799,1609700970.7030213,1609700970.709727,0.006705760955810547
44b6923f28224812973a8541edee3e4d,k-means,warm,exec,queue,0.03586721420288086,2.384185791015625e-07,0.0,1609700970.641779,1609700970.8403642,0.19858527183532715,1609700970.70639,1609700970.7145226,0.008132696151733398
70235490a0bc4679bf3f10c5c382933c,k-means,warm,exec,queue,0.014640569686889648,4.76837158203125e-07,2.384185791015625e-07,1609700970.6432085,1609700970.781704,0.13849544525146484,1609700970.6784124,1609700970.6859472,0.00753474235534668
c6b14887982440afa3d5cc2538de7aec,k-means,warm,exec,queue,0.06757259368896484,0.0,2.384185791015625e-07,1609700970.6446521,1609700970.9107172,0.2660651206970215,1609700970.741732,1609700970.746816,0.005084037780761719
ed909bd4aafd4fb08e400c738ff39c6d,k-means,warm,exec,queue,0.07290410995483398,0.0,2.384185791015625e-07,1609700970.6461933,1609700970.9602582,0.31406497955322266,1609700970.7485597,1609700970.7530718,0.00451207160949707
08de3180d8fb4d80ba5af0a5b71d5a4a,k-means,warm,exec,queue,0.0788123607635498,2.384185791015625e-07,2.384185791015625e-07,1609700970.6476328,1609700970.959938,0.312305212020874,1609700970.755453,1609700970.7620203,0.006567239761352539
0fd4e8808de64492a1e709b6595eae20,video,warm,exec,queue,0.016990184783935547,2.384185791015625e-07,0.0,1609700970.649086,1609700970.9595854,0.3104994297027588,1609700970.7032533,1609700970.7198756,0.016622304916381836
1afd03b4a0494efd982a02d8d43b8c99,k-means,warm,exec,queue,0.006604671478271484,2.384185791015625e-07,2.384185791015625e-07,1609700971.6156838,1609700972.1856103,0.5699265003204346,1609700971.6552105,1609700971.6627438,0.00753331184387207
f633feb8630c4197a22c3f0336ebaa35,k-means,warm,exec,queue,0.0347599983215332,4.76837158203125e-07,4.76837158203125e-07,1609700971.6199682,1609700972.3872428,0.7672746181488037,1609700971.6891804,1609700971.695507,0.0063266754150390625
bc51a9bd8c6843e29825fc38fa2836a6,k-means,warm,exec,queue,0.04025006294250488,4.76837158203125e-07,4.76837158203125e-07,1609700971.623049,1609700972.3134203,0.6903712749481201,1609700971.6940608,1609700971.7004743,0.006413459777832031
463d957a44c140a7a191c635fe0b7859,k-means,warm,exec,queue,0.04530763626098633,4.76837158203125e-07,2.384185791015625e-07,1609700971.6256897,1609700972.2767942,0.6511044502258301,1609700971.6988206,1609700971.7054348,0.006614208221435547
9f10b5770c3a450cb362944fc525378f,k-means,warm,exec,queue,0.0505220890045166,4.76837158203125e-07,2.384185791015625e-07,1609700971.6286204,1609700972.2429435,0.6143231391906738,1609700971.7040358,1609700971.709934,0.005898237228393555
7dec315ff69943a185ea73a7afa7ef63,k-means,warm,exec,queue,0.05527162551879883,2.384185791015625e-07,2.384185791015625e-07,1609700971.6302087,1609700972.3119168,0.6817080974578857,1609700971.7109945,1609700971.7174737,0.0064792633056640625
629eb3dfd6854be4adde23f704376f06,k-means,warm,exec,queue,0.03000044822692871,2.384185791015625e-07,0.0,1609700971.6317801,1609700972.2440057,0.6122255325317383,1609700971.6825624,1609700971.6880138,0.0054514408111572266
1a1f7c0a66174c36a1950410c3c164b7,k-means,warm,exec,queue,0.025226593017578125,2.384185791015625e-07,2.384185791015625e-07,1609700971.633357,1609700972.188558,0.5552010536193848,1609700971.676635,1609700971.6824174,0.005782365798950195
3d8286eb44b04d538191626eb2b8a7b9,k-means,warm,exec,queue,0.020572423934936523,4.76837158203125e-07,4.76837158203125e-07,1609700971.6349285,1609700972.1880317,0.5531032085418701,1609700971.6713266,1609700971.6766117,0.005285024642944336
b7d67a6108594d2c854bb5fc62dd350a,k-means,warm,exec,queue,0.010824918746948242,2.384185791015625e-07,2.384185791015625e-07,1609700971.6366189,1609700972.2095919,0.5729730129241943,1609700971.6611881,1609700971.6690068,0.00781869888305664
7aeaf8e1fc7c4c6b9c9feb91abef9da3,k-means,warm,exec,queue,0.015729904174804688,2.384185791015625e-07,2.384185791015625e-07,1609700971.6381824,1609700972.2779286,0.6397461891174316,1609700971.6661704,1609700971.673904,0.007733583450317383
d21772b61a114306b3721387b14ab60a,k-means,warm,exec,queue,0.0038492679595947266,4.76837158203125e-07,2.384185791015625e-07,1609700972.6242378,1609700972.7449849,0.12074708938598633,1609700972.6787937,1609700972.6871772,0.008383512496948242
a5d47e6fb37b4a90b9bee23bc2bc0abe,k-means,warm,exec,queue,0.06790542602539062,4.76837158203125e-07,2.384185791015625e-07,1609700972.6287723,1609700972.9800892,0.3513169288635254,1609700972.746243,1609700972.7538824,0.007639408111572266
9d2adcf27529419ea25f58138752e4be,k-means,warm,exec,queue,0.06225275993347168,4.76837158203125e-07,2.384185791015625e-07,1609700972.6313841,1609700972.9040446,0.272660493850708,1609700972.7391505,1609700972.7456412,0.0064907073974609375
cd243aa59be146b9a94222f3428b6b81,k-means,warm,exec,queue,0.05679178237915039,4.76837158203125e-07,2.384185791015625e-07,1609700972.6339924,1609700972.8531907,0.21919822692871094,1609700972.7376223,1609700972.7448194,0.007197141647338867
e44c84fd65b44162b9350689a5780d39,k-means,warm,exec,queue,0.050548553466796875,4.76837158203125e-07,2.384185791015625e-07,1609700972.6368592,1609700973.075084,0.43822479248046875,1609700972.7307777,1609700972.7375832,0.006805419921875
afc777965cc2404c803003e0017bf0ce,k-means,warm,exec,queue,0.04571175575256348,2.384185791015625e-07,2.384185791015625e-07,1609700972.6384337,1609700972.905497,0.2670633792877197,1609700972.7213087,1609700972.7282395,0.006930828094482422
b3f2359bfbe74254a0cd9712707cc963,k-means,warm,exec,queue,0.040196895599365234,4.76837158203125e-07,0.0,1609700972.640012,1609700972.9081874,0.2681753635406494,1609700972.71448,1609700972.723205,0.008725166320800781
1e29c08202de42c3abfdcdfd437ffe5a,k-means,warm,exec,queue,0.0342869758605957,2.384185791015625e-07,2.384185791015625e-07,1609700972.641601,1609700972.8032496,0.16164851188659668,1609700972.708272,1609700972.7161145,0.007842540740966797
166a5ebe15894a63bd792dea3d40189f,k-means,warm,exec,queue,0.01199650764465332,2.384185791015625e-07,0.0,1609700972.643178,1609700972.8050249,0.16184687614440918,1609700972.6797342,1609700972.6875772,0.007843017578125
a27c85dfe7c74eeba68479607eeca74d,k-means,warm,exec,queue,0.017036914825439453,2.384185791015625e-07,2.384185791015625e-07,1609700972.6449065,1609700972.7710319,0.12612533569335938,1609700972.6858366,1609700972.6943316,0.008495092391967773
8b930b007655460f8455644120d46e63,k-means,warm,exec,queue,0.023155689239501953,4.76837158203125e-07,2.384185791015625e-07,1609700972.6464791,1609700972.7695868,0.1231076717376709,1609700972.7022955,1609700972.7101634,0.007867813110351562
4f147e698a2d4f12802ffdee4707df1b,k-means,warm,exec,queue,0.03174018859863281,4.76837158203125e-07,2.384185791015625e-07,1609700972.6480248,1609700972.9817443,0.33371949195861816,1609700972.7062817,1609700972.7122734,0.005991697311401367
54b8f4a6dba24e2392e1bbf138f20484,k-means,warm,exec,queue,0.0731351375579834,2.384185791015625e-07,0.0,1609700972.6495898,1609700972.8378859,0.18829607963562012,1609700972.7548542,1609700972.761271,0.006416797637939453
c590deef9d5549d8b1b1dcc18da0f78e,k-means,warm,exec,queue,0.07863879203796387,2.384185791015625e-07,2.384185791015625e-07,1609700972.6515386,1609700973.0731175,0.42157888412475586,1609700972.755621,1609700972.76141,0.005789041519165039
f7d3d10b540f426498516b9763a481c6,video,warm,exec,queue,0.019015789031982422,2.384185791015625e-07,2.384185791015625e-07,1609700972.6531055,1609700972.9076827,0.2545771598815918,1609700972.7067173,1609700972.7226136,0.015896320343017578
4b88f97d64e84df98846f955b1f97376,k-means,warm,exec,queue,0.003737926483154297,4.76837158203125e-07,2.384185791015625e-07,1609700973.6242552,1609700973.7653975,0.1411423683166504,1609700973.676956,1609700973.683937,0.0069811344146728516
56d44abc748043a1a157e7f69f83d91b,k-means,warm,exec,queue,0.06140422821044922,2.384185791015625e-07,2.384185791015625e-07,1609700973.6285658,1609700974.019344,0.3907783031463623,1609700973.7354329,1609700973.7400188,0.004585981369018555
1d42ac02cb0745e685f41d225956a9bc,k-means,warm,exec,queue,0.056340694427490234,7.152557373046875e-07,2.384185791015625e-07,1609700973.631079,1609700973.9542022,0.3231232166290283,1609700973.7310698,1609700973.737763,0.006693124771118164
71c83186aa544e3593193a6952e63aea,k-means,warm,exec,queue,0.051815032958984375,4.76837158203125e-07,2.384185791015625e-07,1609700973.6336,1609700973.950699,0.31709909439086914,1609700973.7243998,1609700973.7307844,0.006384611129760742
02b56e4d30e24847b4f2797173b94324,k-means,warm,exec,queue,0.047438859939575195,7.152557373046875e-07,2.384185791015625e-07,1609700973.6364086,1609700973.9535413,0.31713271141052246,1609700973.7203279,1609700973.7256384,0.005310535430908203
b74e899a752f499d9d4d5331dfe0f318,k-means,warm,exec,queue,0.04248833656311035,2.384185791015625e-07,4.76837158203125e-07,1609700973.6379616,1609700973.8662949,0.2283332347869873,1609700973.718649,1609700973.7247589,0.006109952926635742
12c73e518aea494aac74ed08ce50bc63,k-means,warm,exec,queue,0.0358738899230957,2.384185791015625e-07,2.384185791015625e-07,1609700973.6394224,1609700973.8075206,0.16809821128845215,1609700973.7065158,1609700973.7134032,0.0068874359130859375
f90e1327b0624111ae08b513532c36dc,k-means,warm,exec,queue,0.0313878059387207,7.152557373046875e-07,2.384185791015625e-07,1609700973.6409054,1609700974.019923,0.37901759147644043,1609700973.7001991,1609700973.7049956,0.004796504974365234
1b9175a483e44bb6a57a45a8a27d8854,k-means,warm,exec,queue,0.012474775314331055,7.152557373046875e-07,2.384185791015625e-07,1609700973.6423595,1609700973.7667754,0.12441587448120117,1609700973.6774771,1609700973.685065,0.007587909698486328
521314bde9c6416397388990546f064f,k-means,warm,exec,queue,0.01732921600341797,4.76837158203125e-07,2.384185791015625e-07,1609700973.6439478,1609700973.867258,0.22331023216247559,1609700973.6840162,1609700973.6923769,0.008360624313354492
2b1b6f0c8cfb48a4866594a50388ab62,k-means,warm,exec,queue,0.021927595138549805,4.76837158203125e-07,2.384185791015625e-07,1609700973.6454132,1609700973.8652565,0.21984338760375977,1609700973.6942444,1609700973.7029092,0.008664846420288086
8a947f5fb1c34728934f0db3dce22030,k-means,warm,exec,queue,0.028302907943725586,4.76837158203125e-07,2.384185791015625e-07,1609700973.6468678,1609700973.9545188,0.3076510429382324,1609700973.6953373,1609700973.7029107,0.007573366165161133
c7c854201fac4830886b74b0281b5f37,k-means,warm,exec,queue,0.0657041072845459,4.76837158203125e-07,0.0,1609700973.6483295,1609700973.9538796,0.30555009841918945,1609700973.739423,1609700973.7460105,0.006587505340576172
12c49afc3a9d4e42bad334b3de597529,k-means,warm,exec,queue,0.07032012939453125,4.76837158203125e-07,4.76837158203125e-07,1609700973.6498895,1609700974.1254072,0.47551774978637695,1609700973.745908,1609700973.7521431,0.0062351226806640625
05ec47b5b2c74e968fbc328ceae28db7,k-means,warm,exec,queue,0.07451248168945312,2.384185791015625e-07,0.0,1609700973.6513462,1609700973.9503047,0.29895853996276855,1609700973.7509694,1609700973.7555459,0.004576444625854492
17668c4949d24bfbb6cb848e139b9337,k-means,warm,exec,queue,0.002472400665283203,2.384185791015625e-07,2.384185791015625e-07,1609700974.6249046,1609700974.7596772,0.13477253913879395,1609700974.6763914,1609700974.6834598,0.0070683956146240234
9d132e024cb94b9f977771b56eff298a,k-means,warm,exec,queue,0.04363417625427246,2.384185791015625e-07,2.384185791015625e-07,1609700974.6291203,1609700974.9744701,0.3453497886657715,1609700974.7187672,1609700974.7252886,0.006521463394165039
7e71b79cff344c0bb012381aa52a36b9,k-means,warm,exec,queue,0.04829740524291992,4.76837158203125e-07,2.384185791015625e-07,1609700974.6316104,1609700975.0267463,0.39513587951660156,1609700974.727784,1609700974.7346976,0.006913661956787109
b2d94497987d4885a3fe250ad566c6df,k-means,warm,exec,queue,0.0569453239440918,2.384185791015625e-07,2.384185791015625e-07,1609700974.6341257,1609700974.8604748,0.2263491153717041,1609700974.7304692,1609700974.736307,0.005837678909301758
8b6af041eb1d4d0093d67e93e8e4f84f,k-means,warm,exec,queue,0.062160491943359375,4.76837158203125e-07,2.384185791015625e-07,1609700974.6368334,1609700974.9968998,0.36006641387939453,1609700974.736238,1609700974.7430964,0.006858348846435547
08601be6214a40e9a00cacdbdd8b1a4a,k-means,warm,exec,queue,0.03922128677368164,4.76837158203125e-07,2.384185791015625e-07,1609700974.6382623,1609700974.7955766,0.15731430053710938,1609700974.7119496,1609700974.7188025,0.006852865219116211
584cef1c133644d080028d1d68f5b9f6,k-means,warm,exec,queue,0.03464221954345703,2.384185791015625e-07,2.384185791015625e-07,1609700974.6396956,1609700974.9729018,0.3332061767578125,1609700974.70717,1609700974.7150896,0.007919549942016602
3251739e54694ff49b572b7374fea5fd,k-means,warm,exec,queue,0.030312776565551758,2.384185791015625e-07,0.0,1609700974.6411395,1609700974.861525,0.22038555145263672,1609700974.7062232,1609700974.7138205,0.007597208023071289
cec2f133706540aabca8628377ff8170,k-means,warm,exec,queue,0.024472475051879883,2.384185791015625e-07,2.384185791015625e-07,1609700974.6425774,1609700975.0224533,0.37987589836120605,1609700974.703129,1609700974.709127,0.005997896194458008
dadb2ac3f0934217a7ad7a7df2c514cf,k-means,warm,exec,queue,0.01923060417175293,2.384185791015625e-07,2.384185791015625e-07,1609700974.6441255,1609700974.7939367,0.1498112678527832,1609700974.6870213,1609700974.6942751,0.007253885269165039
ba0e3e7d1c27416c9ab9b2bbdb8ff612,k-means,warm,exec,queue,0.012121438980102539,2.384185791015625e-07,2.384185791015625e-07,1609700974.6455622,1609700974.8269958,0.18143367767333984,1609700974.6771114,1609700974.6847072,0.00759577751159668
e3a587f9a5b04636a357bd935e437763,k-means,warm,exec,queue,0.0172421932220459,2.384185791015625e-07,2.384185791015625e-07,1609700974.6469855,1609700975.0273216,0.38033604621887207,1609700974.6824389,1609700974.690218,0.007779121398925781
50ac19ec39cc4576beaa64de9c54b264,video,warm,exec,queue,0.017525196075439453,2.384185791015625e-07,2.384185791015625e-07,1609700974.6484334,1609700975.024129,0.37569546699523926,1609700974.7039404,1609700974.721972,0.018031597137451172
f83495f3a681435480e6627e2b55c248,matmul,warm,exec,queue,0.022695064544677734,2.384185791015625e-07,2.384185791015625e-07,1609700974.6499908,1609700974.998451,0.34846019744873047,1609700974.7070878,1609700974.717635,0.010547161102294922
14c624adec0440b490f2a2c43d92f632,map_reduce,warm,exec,queue,0.028070449829101562,2.384185791015625e-07,2.384185791015625e-07,1609700974.6514373,1609700974.8626285,0.21119117736816406,1609700974.7063303,1609700974.7916129,0.08528256416320801
a8736e8402454770ad5cce32cc5d34a4,k-means,warm,exec,queue,0.004114866256713867,4.76837158203125e-07,0.0,1609700975.6154368,1609700975.7299728,0.11453604698181152,1609700975.6523137,1609700975.6599295,0.007615804672241211
8217e67a97644b64a71abf686c7648fe,k-means,warm,exec,queue,0.04023098945617676,9.5367431640625e-07,4.76837158203125e-07,1609700975.6194599,1609700975.7934556,0.1739957332611084,1609700975.6945448,1609700975.7019954,0.007450580596923828
f4c051d28cbb429b9ad205acb44a1077,k-means,warm,exec,queue,0.03480339050292969,4.76837158203125e-07,0.0,1609700975.6219914,1609700975.8293576,0.2073662281036377,1609700975.6843584,1609700975.6912892,0.006930828094482422
2ac0c7d8a23e4a75b7bef69a8efd2034,k-means,warm,exec,queue,0.029891490936279297,2.384185791015625e-07,4.76837158203125e-07,1609700975.6244771,1609700975.7899435,0.16546630859375,1609700975.6800356,1609700975.6866498,0.006614208221435547
c77c97e04f7e48b0b6fc2bcccfe6449c,k-means,warm,exec,queue,0.007960319519042969,4.76837158203125e-07,4.76837158203125e-07,1609700975.6269507,1609700975.7627277,0.13577699661254883,1609700975.6534927,1609700975.6612828,0.007790088653564453
b54f5cd0b955433081f4caab33cbae93,k-means,warm,exec,queue,0.012833833694458008,2.384185791015625e-07,2.384185791015625e-07,1609700975.6291606,1609700975.8322084,0.2030477523803711,1609700975.6574917,1609700975.6648915,0.007399797439575195
6a06e7ea0503469f895680a3ace1c346,k-means,warm,exec,queue,0.01725006103515625,2.384185791015625e-07,4.76837158203125e-07,1609700975.6305819,1609700975.7645845,0.134002685546875,1609700975.6623356,1609700975.6701305,0.007794857025146484
f8e94c067e9a4b598fa1c48128f80ea9,k-means,warm,exec,queue,0.022320985794067383,2.384185791015625e-07,2.384185791015625e-07,1609700975.6320062,1609700975.8307936,0.19878745079040527,1609700975.6782074,1609700975.6863892,0.00818181037902832
b34f6e4ff78a49858a5591d2143cebf8,k-means,warm,exec,queue,0.02734994888305664,2.384185791015625e-07,2.384185791015625e-07,1609700975.6334376,1609700975.7905397,0.15710210800170898,1609700975.6800287,1609700975.6858456,0.005816936492919922
52555152cb8b488ab16b0abc50dcf687,k-means,warm,exec,queue,7.295608520507812e-05,7.152557373046875e-07,2.384185791015625e-07,1609700976.6196535,1609700976.7752285,0.15557503700256348,1609700976.6889236,1609700976.697282,0.008358478546142578
5245245294b448afa879687a32c7a606,video,warm,exec,queue,0.029402494430541992,7.152557373046875e-07,2.384185791015625e-07,1609700976.6237054,1609700976.9517324,0.32802700996398926,1609700976.7168407,1609700976.7320883,0.015247583389282227
de23543e01484a11be7c5c78f099d1ac,k-means,warm,exec,queue,0.007994413375854492,7.152557373046875e-07,2.384185791015625e-07,1609700976.6263645,1609700976.8537767,0.22741222381591797,1609700976.689232,1609700976.6981318,0.008899688720703125
23d1c4dd9eeb48009a89f1e3de127846,k-means,warm,exec,queue,0.011368751525878906,2.384185791015625e-07,4.76837158203125e-07,1609700976.6289556,1609700976.853336,0.2243804931640625,1609700976.689768,1609700976.6974866,0.007718563079833984
ffd380f48674447fb64874850de81aac,k-means,warm,exec,queue,0.01650238037109375,2.384185791015625e-07,2.384185791015625e-07,1609700976.6315367,1609700976.850991,0.21945428848266602,1609700976.6964636,1609700976.7040198,0.00755620002746582
7fd5a5d352e4483eb0cf9d9d38f8e391,k-means,warm,exec,queue,0.020871877670288086,4.76837158203125e-07,2.384185791015625e-07,1609700976.6337035,1609700976.978941,0.34523749351501465,1609700976.700665,1609700976.7086787,0.008013725280761719
aaae995cd8c645b9824b1366276eb7ee,k-means,warm,exec,queue,0.029020071029663086,4.76837158203125e-07,2.384185791015625e-07,1609700976.635267,1609700976.893432,0.2581648826599121,1609700976.7171848,1609700976.725378,0.008193254470825195
bffc98aecdcf4ae4864cb3451d15bfd8,k-means,warm,exec,queue,0.03438711166381836,4.76837158203125e-07,0.0,1609700976.6368492,1609700976.9198282,0.28297901153564453,1609700976.719627,1609700976.7265744,0.006947517395019531
afbe5aff00f24b7dbaf023b588e4f679,k-means,warm,exec,queue,0.03980875015258789,2.384185791015625e-07,0.0,1609700976.638423,1609700977.2984486,0.6600255966186523,1609700976.7204258,1609700976.727585,0.007159233093261719
f478eb1a9b6d47e6a920bd9a62d9f228,k-means,warm,exec,queue,0.04430246353149414,4.76837158203125e-07,2.384185791015625e-07,1609700976.6626759,1609700977.2966485,0.6339726448059082,1609700976.7266777,1609700976.7347403,0.008062601089477539
a90b828f530b4b718bc546d1362fc8e8,k-means,warm,exec,queue,7.390975952148438e-05,4.76837158203125e-07,2.384185791015625e-07,1609700977.617933,1609700978.5193927,0.9014596939086914,1609700977.6584194,1609700977.6662457,0.00782632827758789
e2516190d68046899be6f06f29ea3458,k-means,warm,exec,queue,0.005712270736694336,4.76837158203125e-07,0.0,1609700977.622231,1609700978.5157912,0.8935601711273193,1609700977.6579285,1609700977.6658869,0.007958412170410156
108ef2ba064e445bb5627a7f766a750c,k-means,warm,exec,queue,0.01044154167175293,4.76837158203125e-07,2.384185791015625e-07,1609700977.6250138,1609700978.5212047,0.896190881729126,1609700977.6632955,1609700977.6705408,0.007245302200317383
12f2038c7c44415c9eb02f7ba6c75d50,k-means,warm,exec,queue,0.014942407608032227,2.384185791015625e-07,2.384185791015625e-07,1609700977.627632,1609700978.5188093,0.8911774158477783,1609700977.6678433,1609700977.6759179,0.008074522018432617
6bf6659d9fe04ef1a6d957a897b6530e,k-means,warm,exec,queue,0.02023029327392578,4.76837158203125e-07,2.384185791015625e-07,1609700977.6303902,1609700978.674654,1.0442638397216797,1609700977.6808152,1609700977.6880763,0.007261037826538086
3a47a7e636324be1b28b15d9f6aba088,k-means,warm,exec,queue,0.024559974670410156,2.384185791015625e-07,0.0,1609700977.6329982,1609700978.6593027,1.0263044834136963,1609700977.6836517,1609700977.6913273,0.007675647735595703
c152533037a54df692d43952fb5de904,k-means,warm,exec,queue,0.04496955871582031,2.384185791015625e-07,2.384185791015625e-07,1609700977.6344416,1609700978.7787187,1.1442770957946777,1609700977.7015307,1609700977.7063649,0.004834175109863281
62371f8b325f47de8318c5b3e349c933,k-means,warm,exec,queue,0.03986310958862305,4.76837158203125e-07,2.384185791015625e-07,1609700977.6358848,1609700978.781129,1.1452441215515137,1609700977.698056,1609700977.7046123,0.006556272506713867
bbd48913bd7d4ad0b5165d6e8e6b00b7,k-means,warm,exec,queue,0.03483986854553223,4.76837158203125e-07,2.384185791015625e-07,1609700977.6374834,1609700978.6623044,1.0248210430145264,1609700977.6919844,1609700977.698757,0.006772518157958984
1326a6e6d45043e4bf44e4358a9f9ee2,k-means,warm,exec,queue,0.029506206512451172,2.384185791015625e-07,0.0,1609700977.639036,1609700978.6629715,1.0239355564117432,1609700977.6840143,1609700977.6903431,0.0063288211822509766
c023f9b9da4846da9f20139326add1b1,k-means,warm,exec,queue,0.0027365684509277344,2.384185791015625e-07,0.0,1609700978.618396,1609700979.034313,0.41591691970825195,1609700978.6527426,1609700978.6607969,0.008054256439208984
21a706d674244b71bc102c11383c7ffd,video,warm,exec,queue,0.01718306541442871,2.384185791015625e-07,0.0,1609700978.6222944,1609700979.0559385,0.43364405632019043,1609700978.6716838,1609700978.6867845,0.015100717544555664
60314bbf26514d509217a3037d3f237d,k-means,warm,exec,queue,0.032526493072509766,2.384185791015625e-07,2.384185791015625e-07,1609700978.6249413,1609700979.1159759,0.49103450775146484,1609700978.687226,1609700978.694694,0.007467985153198242
4a702ae7cf6a461db466aaaed8d4591c,k-means,warm,exec,queue,0.03756999969482422,2.384185791015625e-07,2.384185791015625e-07,1609700978.6270125,1609700979.0337112,0.40669870376586914,1609700978.6924174,1609700978.6988292,0.00641179084777832
06787f065f2e4235bccff38d07ce8693,k-means,warm,exec,queue,0.04234170913696289,2.384185791015625e-07,2.384185791015625e-07,1609700978.6290507,1609700978.8189116,0.18986082077026367,1609700978.6949608,1609700978.7021244,0.007163524627685547
79e37b249dd94a93b45ec1cc6ff126e7,k-means,warm,exec,queue,0.04752397537231445,2.384185791015625e-07,2.384185791015625e-07,1609700978.6305852,1609700978.9972818,0.3666965961456299,1609700978.7047288,1609700978.7122161,0.007487297058105469
7e8bd352124f424f8c60fd226aabe97d,k-means,warm,exec,queue,0.011740446090698242,2.384185791015625e-07,2.384185791015625e-07,1609700978.6320431,1609700978.8811476,0.24910449981689453,1609700978.6619318,1609700978.6678667,0.005934953689575195
f00af249673643cd913093a2f1c9684a,k-means,warm,exec,queue,0.017055034637451172,4.76837158203125e-07,2.384185791015625e-07,1609700978.6336567,1609700978.881776,0.24811935424804688,1609700978.6714377,1609700978.679299,0.00786137580871582
e4815241781f4613ba6fffd9afc1f017,k-means,warm,exec,queue,0.02239084243774414,2.384185791015625e-07,2.384185791015625e-07,1609700978.63512,1609700978.9408698,0.30574989318847656,1609700978.673885,1609700978.6804562,0.006571054458618164
57c5452664b84f43af713bf3ebb637aa,k-means,warm,exec,queue,0.027286767959594727,2.384185791015625e-07,2.384185791015625e-07,1609700978.6368065,1609700979.1179638,0.4811573028564453,1609700978.6778128,1609700978.6837354,0.005922555923461914
d330cc42f395400896bfef2edc58b006,k-means,warm,exec,queue,0.007102012634277344,0.0,0.0,1609700978.6382742,1609700978.7815895,0.14331531524658203,1609700978.6560535,1609700978.6632977,0.007244110107421875
048b3c34baf148edbdf221c82b39f4ea,k-means,warm,exec,queue,0.005132198333740234,4.76837158203125e-07,4.76837158203125e-07,1609700979.6202476,1609700980.5059204,0.8856728076934814,1609700979.6658692,1609700979.6740146,0.008145332336425781
062ed181ec90458988db6d30f3c39980,matmul,warm,exec,queue,0.01826190948486328,2.384185791015625e-07,2.384185791015625e-07,1609700979.6244116,1609700980.543639,0.9192273616790771,1609700979.6901286,1609700979.6983654,0.008236885070800781
7ad56e07eaf64a48aa4b2cee42fd4798,k-means,warm,exec,queue,0.04899764060974121,2.384185791015625e-07,2.384185791015625e-07,1609700979.6268382,1609700980.5022821,0.8754439353942871,1609700979.710935,1609700979.7175496,0.0066144466400146484
e8471226faa14c969120bf27237b5a90,k-means,warm,exec,queue,0.04462790489196777,4.76837158203125e-07,2.384185791015625e-07,1609700979.6292217,1609700980.409343,0.7801213264465332,1609700979.7104502,1609700979.7173274,0.00687718391418457
fc9905408cf34202b301363d4a7bfc1b,k-means,warm,exec,queue,0.040138959884643555,2.384185791015625e-07,2.384185791015625e-07,1609700979.6315975,1609700980.664277,1.032679557800293,1609700979.7066221,1609700979.7140298,0.007407665252685547
09a0233f2d3a42cdad7598c0e1a868c8,k-means,warm,exec,queue,0.009430646896362305,4.76837158203125e-07,2.384185791015625e-07,1609700979.634285,1609700980.6646874,1.030402421951294,1609700979.666079,1609700979.6742735,0.008194446563720703
1fd75b944bcd4ab3a4c128b4d17705fd,k-means,warm,exec,queue,0.01470184326171875,2.384185791015625e-07,2.384185791015625e-07,1609700979.6366386,1609700980.4588609,0.8222222328186035,1609700979.66961,1609700979.6768098,0.007199764251708984
1826f95530f64960b84d367b7abe810b,k-means,warm,exec,queue,0.020044565200805664,2.384185791015625e-07,2.384185791015625e-07,1609700979.638152,1609700980.411147,0.7729952335357666,1609700979.6762948,1609700979.6842437,0.007948875427246094
705db1fbca514e00b60edd5253d059b3,k-means,warm,exec,queue,0.027432680130004883,7.152557373046875e-07,7.152557373046875e-07,1609700979.639676,1609700980.5052588,0.8655827045440674,1609700979.6895735,1609700979.6967025,0.00712895393371582
bfc6def1bd4d45ddb3ec69e147107ed9,k-means,warm,exec,queue,0.03232932090759277,4.76837158203125e-07,2.384185791015625e-07,1609700979.6413243,1609700980.4606903,0.8193659782409668,1609700979.6919322,1609700979.6993935,0.0074613094329833984
5eac55abe2c7484da923495b496c3044,k-means,warm,exec,queue,0.03701353073120117,2.384185791015625e-07,2.384185791015625e-07,1609700979.6428375,1609700980.6983247,1.0554871559143066,1609700979.694475,1609700979.7005026,0.006027698516845703
767e9bc56d9043858116817351653044,k-means,warm,exec,queue,0.00847172737121582,2.384185791015625e-07,2.384185791015625e-07,1609700980.6240172,1609700980.7733269,0.14930963516235352,1609700980.6779213,1609700980.6859548,0.008033514022827148
3daa2ffa13564000871fdf0bd4cae6ae,k-means,warm,exec,queue,0.054141998291015625,2.384185791015625e-07,2.384185791015625e-07,1609700980.6283803,1609700980.8317401,0.20335984230041504,1609700980.728293,1609700980.7350116,0.006718635559082031
a9ae1ba138804c858fe1ddf7ae019377,k-means,warm,exec,queue,0.05871438980102539,2.384185791015625e-07,2.384185791015625e-07,1609700980.6309228,1609700981.1269,0.49597716331481934,1609700980.733205,1609700980.7395418,0.006336688995361328
287b8d5a0a2d4034b53d005de00576e0,k-means,warm,exec,queue,0.06380558013916016,2.384185791015625e-07,0.0,1609700980.6331801,1609700980.9579678,0.32478761672973633,1609700980.7404745,1609700980.7462811,0.005806684494018555
0c5909a431c14874a447621e176363bc,k-means,warm,exec,queue,0.06877803802490234,0.0,0.0,1609700980.6349227,1609700981.2538853,0.6189625263214111,1609700980.7472312,1609700980.7536993,0.006468057632446289
2e87b42014584c748f62963b4d6ec2e4,k-means,warm,exec,queue,0.07336664199829102,2.384185791015625e-07,2.384185791015625e-07,1609700980.636401,1609700980.960646,0.32424497604370117,1609700980.749168,1609700980.7549546,0.0057866573333740234
95f4738967cf46f0bee7a3185c719f63,k-means,warm,exec,queue,0.009841203689575195,4.76837158203125e-07,0.0,1609700980.6378672,1609700980.7751684,0.13730120658874512,1609700980.678352,1609700980.6866343,0.008282184600830078
1308ba3651e343528f8b286418cb4cf8,k-means,warm,exec,queue,0.014728307723999023,2.384185791015625e-07,2.384185791015625e-07,1609700980.6393306,1609700980.897557,0.2582263946533203,1609700980.6852777,1609700980.692773,0.007495403289794922
07e2bd9e6086422595751382d24c6c3a,k-means,warm,exec,queue,0.01932835578918457,2.384185791015625e-07,2.384185791015625e-07,1609700980.6413088,1609700980.8909576,0.2496488094329834,1609700980.693662,1609700980.7007952,0.0071332454681396484
5aa555fb85f444bbb740649250486aaa,k-means,warm,exec,queue,0.025623083114624023,2.384185791015625e-07,2.384185791015625e-07,1609700980.6427798,1609700980.9637032,0.3209233283996582,1609700980.6966505,1609700980.7041616,0.007511138916015625
a3e4c39a0c9a4b3ea8ab90d2ab64ceb0,k-means,warm,exec,queue,0.030775070190429688,2.384185791015625e-07,0.0,1609700980.644256,1609700980.9246016,0.28034543991088867,1609700980.7029338,1609700980.7088678,0.005934000015258789
64bdf07d283f45fd9f8929fee11166b6,k-means,warm,exec,queue,0.035369157791137695,2.384185791015625e-07,0.0,1609700980.645734,1609700981.2521284,0.6063942909240723,1609700980.709538,1609700980.7169373,0.007399320602416992
5f421427162448789fe411f0b2c5576b,k-means,warm,exec,queue,0.04013705253601074,2.384185791015625e-07,0.0,1609700980.6472898,1609700980.8949444,0.24765467643737793,1609700980.7120278,1609700980.7190435,0.007015705108642578
305f1ee4910348d8ad173f258561dec7,k-means,warm,exec,queue,0.04523301124572754,4.76837158203125e-07,2.384185791015625e-07,1609700980.6487565,1609700980.964284,0.31552743911743164,1609700980.7244163,1609700980.7305963,0.0061800479888916016
9a6ae353668b4e82ae22fc928abf6330,k-means,warm,exec,queue,0.05108332633972168,7.152557373046875e-07,2.384185791015625e-07,1609700980.6502185,1609700980.9612114,0.310992956161499,1609700980.7272794,1609700980.7342865,0.007007122039794922
f4e45e95063845a2a8571c139b44d38e,video,warm,exec,queue,0.02079319953918457,2.384185791015625e-07,4.76837158203125e-07,1609700980.6516802,1609700980.8957682,0.24408793449401855,1609700980.6964393,1609700980.7120976,0.01565837860107422
f0fae0f66be649fea56bda5c5462f11f,k-means,warm,exec,queue,0.0004661083221435547,4.76837158203125e-07,2.384185791015625e-07,1609700981.626621,1609700982.2546084,0.6279873847961426,1609700981.6733625,1609700981.6817272,0.008364677429199219
2cc64390b0db455b8db7321f5f6eee5e,k-means,warm,exec,queue,0.04666876792907715,2.384185791015625e-07,2.384185791015625e-07,1609700981.6311915,1609700982.2431955,0.6120040416717529,1609700981.7186506,1609700981.7236001,0.0049495697021484375
eb1497e1dfc74a41a121e3d6ee6331f9,k-means,warm,exec,queue,0.05174732208251953,4.76837158203125e-07,2.384185791015625e-07,1609700981.633813,1609700982.3684988,0.7346858978271484,1609700981.7251513,1609700981.7295063,0.004354953765869141
0fbd5fcb4cf44722bd60046124f82aa1,k-means,warm,exec,queue,0.0567166805267334,2.384185791015625e-07,2.384185791015625e-07,1609700981.6363733,1609700982.2397313,0.6033580303192139,1609700981.7294304,1609700981.7340233,0.0045928955078125
7faa9dc4359e437d891b10e7d722eb11,k-means,warm,exec,queue,0.062103986740112305,2.384185791015625e-07,0.0,1609700981.6380887,1609700982.4290278,0.7909390926361084,1609700981.7349775,1609700981.7390265,0.004049062728881836
5ec7eefc4ceb4d70a47d0f030712e3bf,k-means,warm,exec,queue,0.00471186637878418,2.384185791015625e-07,0.0,1609700981.6396153,1609700982.323608,0.6839926242828369,1609700981.6734176,1609700981.6808364,0.00741887092590332
f0d659765b1d44cf83dec3e85ba0038a,k-means,warm,exec,queue,0.00952768325805664,2.384185791015625e-07,0.0,1609700981.6411486,1609700982.1551795,0.514030933380127,1609700981.676576,1609700981.6842437,0.0076677799224853516
e8f30906ed7148fdb2f0d3446fa6e3a7,k-means,warm,exec,queue,0.014171123504638672,4.76837158203125e-07,2.384185791015625e-07,1609700981.642672,1609700982.2451692,0.6024971008300781,1609700981.6828249,1609700981.6897333,0.006908416748046875
1d4c9d8d36c84d269cd8726c8513c935,k-means,warm,exec,queue,0.01893901824951172,4.76837158203125e-07,7.152557373046875e-07,1609700981.6442173,1609700982.2426167,0.5983994007110596,1609700981.6931436,1609700981.7006946,0.007550954818725586
493f8fa9f42a41b0b767838f4833fda5,k-means,warm,exec,queue,0.023573875427246094,2.384185791015625e-07,0.0,1609700981.6458745,1609700982.3702254,0.7243509292602539,1609700981.6936238,1609700981.7003362,0.006712436676025391
fd5218322e09408483a6076288767191,k-means,warm,exec,queue,0.029079198837280273,2.384185791015625e-07,0.0,1609700981.6473932,1609700982.428587,0.781193733215332,1609700981.6975856,1609700981.7038898,0.006304264068603516
d6aaef3907a744528d7f3640307830ec,k-means,warm,exec,queue,0.033858299255371094,2.384185791015625e-07,2.384185791015625e-07,1609700981.6489244,1609700982.156944,0.5080196857452393,1609700981.703091,1609700981.709487,0.006396055221557617
6ad3ae564b544879879d497d603499cb,k-means,warm,exec,queue,0.03886151313781738,2.384185791015625e-07,2.384185791015625e-07,1609700981.6504505,1609700982.1051016,0.4546511173248291,1609700981.7098072,1609700981.7160666,0.006259441375732422
53fa40f3016c4d5c8e2411f9781ddb3f,k-means,warm,exec,queue,0.043813467025756836,2.384185791015625e-07,2.384185791015625e-07,1609700981.6520517,1609700982.4263744,0.7743227481842041,1609700981.7145786,1609700981.7203128,0.00573420524597168
beadfa3a1a1a463ea0bb0dab913170f9,k-means,warm,exec,queue,7.62939453125e-05,4.76837158203125e-07,0.0,1609700982.6277363,1609700982.8153753,0.1876389980316162,1609700982.674755,1609700982.6818347,0.007079601287841797
07d7af3bf98e441992cefbb9997ca4a1,k-means,warm,exec,queue,0.06695365905761719,4.76837158203125e-07,2.384185791015625e-07,1609700982.6317072,1609700983.0907989,0.4590916633605957,1609700982.744475,1609700982.7512305,0.0067555904388427734
06889e4de6724004a98b432bd23197ff,k-means,warm,exec,queue,0.008791685104370117,4.76837158203125e-07,2.384185791015625e-07,1609700982.633792,1609700982.777895,0.1441030502319336,1609700982.6755178,1609700982.6834004,0.00788259506225586
b0c8fbc1d8114efbba7369dd849a61e7,k-means,warm,exec,queue,0.013747692108154297,4.76837158203125e-07,2.384185791015625e-07,1609700982.6358323,1609700982.895187,0.2593545913696289,1609700982.6812334,1609700982.6877341,0.006500720977783203
3bb6ce23a0104d66885b25c0a575339a,k-means,warm,exec,queue,0.0181276798248291,2.384185791015625e-07,4.76837158203125e-07,1609700982.6381233,1609700982.8112285,0.17310523986816406,1609700982.6925945,1609700982.6990678,0.0064733028411865234
697bba7038664bc787cb17e87e0524a7,k-means,warm,exec,queue,0.025383949279785156,2.384185791015625e-07,2.384185791015625e-07,1609700982.6401496,1609700982.9373322,0.297182559967041,1609700982.6945095,1609700982.7021532,0.007643699645996094
5d009c10f9184e8097f9083418933db3,k-means,warm,exec,queue,0.033066511154174805,2.384185791015625e-07,2.384185791015625e-07,1609700982.6422288,1609700982.813996,0.1717672348022461,1609700982.7062693,1609700982.7124333,0.006164073944091797
5ba9e9d00fe54b1caae372c834a6a9ff,k-means,warm,exec,queue,0.037967681884765625,4.76837158203125e-07,2.384185791015625e-07,1609700982.6443074,1609700982.8135154,0.16920804977416992,1609700982.7118106,1609700982.7182634,0.006452798843383789
eafbff7e7e2b4dd1b705c5679481301b,k-means,warm,exec,queue,0.04300975799560547,2.384185791015625e-07,2.384185791015625e-07,1609700982.6458185,1609700982.9798222,0.3340036869049072,1609700982.7131078,1609700982.7205305,0.007422685623168945
a1da78427c6c4be58e7b21926253808f,k-means,warm,exec,queue,0.04930472373962402,4.76837158203125e-07,2.384185791015625e-07,1609700982.6473954,1609700982.9391568,0.2917613983154297,1609700982.7267225,1609700982.7327256,0.006003141403198242
bc9102eb3f2c419bbb0a048a472b80a8,k-means,warm,exec,queue,0.054674386978149414,7.152557373046875e-07,2.384185791015625e-07,1609700982.6488936,1609700982.8722644,0.22337079048156738,1609700982.7317905,1609700982.738631,0.00684046745300293
fcc13e97886d4f729b38ae601faa68b7,k-means,warm,exec,queue,0.06087327003479004,2.384185791015625e-07,2.384185791015625e-07,1609700982.6504116,1609700983.0888252,0.4384136199951172,1609700982.7329829,1609700982.740246,0.00726318359375
b79c4c4346464fc18eabbc2a7da8273d,video,warm,exec,queue,0.01719522476196289,2.384185791015625e-07,2.384185791015625e-07,1609700982.6518774,1609700982.8703682,0.2184908390045166,1609700982.695031,1609700982.7109094,0.01587843894958496
ca17b3b1f8634b6f9b8ee308185fe637,k-means,warm,exec,queue,0.008932352066040039,4.76837158203125e-07,2.384185791015625e-07,1609700983.643087,1609700984.0509963,0.4079093933105469,1609700983.7001507,1609700983.706514,0.0063631534576416016
2fd2fa3a479c4bc79c84c9ec737866b1,k-means,warm,exec,queue,0.04723954200744629,2.384185791015625e-07,0.0,1609700983.6474142,1609700984.3002264,0.6528122425079346,1609700983.740845,1609700983.746854,0.006009101867675781
444cbcfba1e3485ea46fad653c8213e6,k-means,warm,exec,queue,0.05174875259399414,2.384185791015625e-07,2.384185791015625e-07,1609700983.6500304,1609700984.3013642,0.6513338088989258,1609700983.7446513,1609700983.7503383,0.00568699836730957
7667c2a02c834d52bac5956dfccb00a7,k-means,warm,exec,queue,0.05704021453857422,2.384185791015625e-07,2.384185791015625e-07,1609700983.6525092,1609700984.3019083,0.6493990421295166,1609700983.7520013,1609700983.7576222,0.0056209564208984375
62aeac1ce4aa47afad00f7bcc131ac75,k-means,warm,exec,queue,0.023074626922607422,2.384185791015625e-07,0.0,1609700983.6542208,1609700984.1069353,0.4527144432067871,1609700983.7087777,1609700983.7159958,0.007218122482299805
b012f13fb2dc44738594553829d366fa,k-means,warm,exec,queue,0.02708888053894043,2.384185791015625e-07,0.0,1609700983.6557367,1609700984.3409474,0.6852107048034668,1609700983.715288,1609700983.721289,0.006000995635986328
33272f16efce49a89c7464c550804354,k-means,warm,exec,queue,0.03176760673522949,2.384185791015625e-07,2.384185791015625e-07,1609700983.6572933,1609700984.1051445,0.44785118103027344,1609700983.7187958,1609700983.7249186,0.0061228275299072266
65729d6f361040569785689de43f02b9,k-means,warm,exec,queue,0.03602099418640137,2.384185791015625e-07,0.0,1609700983.6588056,1609700984.3939319,0.735126256942749,1609700983.7245107,1609700983.7299345,0.005423784255981445
b3a367f8bdf94373a09229ccc8092d41,k-means,warm,exec,queue,0.04064631462097168,2.384185791015625e-07,0.0,1609700983.6603315,1609700984.2951086,0.6347770690917969,1609700983.730363,1609700983.7359726,0.005609750747680664
1f1e95e373e441049b94ceedd9609d59,k-means,warm,exec,queue,0.04518914222717285,2.384185791015625e-07,2.384185791015625e-07,1609700983.6619666,1609700984.2944582,0.6324915885925293,1609700983.7361016,1609700983.7431448,0.007043123245239258
608a77135a0e4b27986c8d850d611427,k-means,warm,exec,queue,0.01897597312927246,2.384185791015625e-07,2.384185791015625e-07,1609700983.66347,1609700984.050413,0.38694286346435547,1609700983.7035272,1609700983.710225,0.006697893142700195
7a8cbb0847fc48b0bbdb0f1f60bf55cc,k-means,warm,exec,queue,0.013909101486206055,4.76837158203125e-07,2.384185791015625e-07,1609700983.6650064,1609700984.047534,0.38252758979797363,1609700983.7001069,1609700983.707961,0.007854223251342773
2e1a1b6d25e0418c86c1b9c88cfa2984,k-means,warm,exec,queue,0.06184267997741699,2.384185791015625e-07,2.384185791015625e-07,1609700983.6665213,1609700984.3911188,0.7245974540710449,1609700983.7559485,1609700983.7606843,0.004735708236694336
cd4a48f013ee463bb8e29bf0673566e4,k-means,warm,exec,queue,0.06704831123352051,2.384185791015625e-07,0.0,1609700983.6684012,1609700984.392621,0.724219799041748,1609700983.7639425,1609700983.770891,0.0069484710693359375
21ec7e155f6249309c6b6ca2c1084f4c,k-means,warm,exec,queue,0.07157659530639648,4.76837158203125e-07,2.384185791015625e-07,1609700983.6698995,1609700984.3008196,0.6309201717376709,1609700983.7677937,1609700983.7722373,0.004443645477294922
e4c2b86f29014522ab2634945c2fcff8,k-means,warm,exec,queue,0.0012040138244628906,4.76837158203125e-07,2.384185791015625e-07,1609700984.62882,1609700984.738812,0.10999202728271484,1609700984.6725962,1609700984.6790705,0.00647425651550293
94bcf93376004b4f948a854ee61c55b2,k-means,warm,exec,queue,0.007470607757568359,2.384185791015625e-07,2.384185791015625e-07,1609700984.6327882,1609700984.7370398,0.10425162315368652,1609700984.673119,1609700984.680542,0.007422924041748047
ce9fd3a2c87b419a921b560862a767e3,matmul,warm,exec,queue,0.018639802932739258,2.384185791015625e-07,2.384185791015625e-07,1609700984.6348283,1609700984.8686633,0.23383498191833496,1609700984.7029026,1609700984.711517,0.008614540100097656
fd0cd649ed884895b1ef04005657be5e,k-means,warm,exec,queue,0.04162931442260742,2.384185791015625e-07,0.0,1609700984.6368966,1609700984.8661113,0.22921466827392578,1609700984.7202377,1609700984.7266567,0.006418943405151367
489911293304416f9623a89b52058a66,k-means,warm,exec,queue,0.009830474853515625,2.384185791015625e-07,2.384185791015625e-07,1609700984.6391766,1609700984.7391696,0.09999299049377441,1609700984.6770873,1609700984.6844354,0.007348060607910156
f40ae602da694e69b234ee55eb0f5f3d,k-means,warm,exec,queue,0.015055656433105469,2.384185791015625e-07,2.384185791015625e-07,1609700984.641223,1609700984.7531676,0.11194467544555664,1609700984.6880126,1609700984.695182,0.007169485092163086
2b2e393136c2451bb913a56c8c864e41,k-means,warm,exec,queue,0.020676612854003906,2.384185791015625e-07,2.384185791015625e-07,1609700984.6432557,1609700984.862697,0.21944117546081543,1609700984.6953595,1609700984.7012625,0.005903005599975586
0effae2bb81f4f1aa16693dde75c566b,k-means,warm,exec,queue,0.02791309356689453,2.384185791015625e-07,0.0,1609700984.6450262,1609700984.8063803,0.16135406494140625,1609700984.7075436,1609700984.7147245,0.007180929183959961
9be1c5c35505416fbc36eb6562856f77,k-means,warm,exec,queue,0.03372764587402344,4.76837158203125e-07,2.384185791015625e-07,1609700984.6464763,1609700984.869222,0.22274565696716309,1609700984.7099712,1609700984.7169025,0.006931304931640625
57bb077302c540da981ab15a93ab6844,k-means,warm,exec,queue,0.038770198822021484,2.384185791015625e-07,0.0,1609700984.6480293,1609700984.8069263,0.15889692306518555,1609700984.7106094,1609700984.717949,0.0073394775390625
cf5eb7b92d244430b8242e413e3a9b49,video,warm,exec,queue,0.017047882080078125,0.0,2.384185791015625e-07,1609700984.6494827,1609700984.8073635,0.1578807830810547,1609700984.6958888,1609700984.7118523,0.01596355438232422
9b67c49eeb024ebebae747177690983a,map_reduce,warm,exec,queue,0.022204160690307617,4.76837158203125e-07,2.384185791015625e-07,1609700984.6509447,1609700984.9126842,0.26173949241638184,1609700984.7073774,1609700984.7926466,0.08526921272277832
e62200a1bebd4fef8b4aadb3d999f0b7,disk,warm,exec,queue,0.0359797477722168,2.384185791015625e-07,0.0,1609700984.652416,1609700984.8655484,0.21313238143920898,1609700984.7108495,1609700984.7187128,0.007863283157348633
7a780da37d5542aeb3780f03d60dfd57,k-means,warm,exec,queue,0.0019686222076416016,4.76837158203125e-07,2.384185791015625e-07,1609700985.628594,1609700985.832982,0.20438814163208008,1609700985.6692286,1609700985.6763234,0.007094860076904297
72e87cdc230e43eca1b8262f71b0542b,k-means,warm,exec,queue,0.026091575622558594,4.76837158203125e-07,2.384185791015625e-07,1609700985.632495,1609700985.8394868,0.20699191093444824,1609700985.690381,1609700985.696254,0.005872964859008789
35f0224c97774fb7869df22b203a0b37,k-means,warm,exec,queue,0.031038284301757812,2.384185791015625e-07,4.76837158203125e-07,1609700985.6346745,1609700986.7157583,1.0810837745666504,1609700985.6966317,1609700985.7026703,0.006038665771484375
997129064e0a4b86b6f023a02c2c88d1,k-means,warm,exec,queue,0.03558158874511719,4.76837158203125e-07,2.384185791015625e-07,1609700985.6368847,1609700986.7179978,1.0811131000518799,1609700985.7038796,1609700985.7107499,0.006870269775390625
5f55c35265fb46d29e0d0aaab58aa185,k-means,warm,exec,queue,0.040812015533447266,2.384185791015625e-07,0.0,1609700985.6392918,1609700986.8072557,1.167963981628418,1609700985.7082088,1609700985.7153585,0.007149696350097656
f9f47bce6c824ecf92a8d7d0fb61fd62,k-means,warm,exec,queue,0.04549860954284668,2.384185791015625e-07,2.384185791015625e-07,1609700985.6414962,1609700986.7184424,1.0769462585449219,1609700985.7117481,1609700985.7182155,0.006467342376708984
62a0929610d64b03bd8117c516b7c2ef,k-means,warm,exec,queue,0.050223588943481445,0.0,2.384185791015625e-07,1609700985.6436794,1609700986.892927,1.2492475509643555,1609700985.7171602,1609700985.7233741,0.0062139034271240234
596f4c91deca4b209fc0c88c496ea6cb,k-means,warm,exec,queue,0.021015644073486328,2.384185791015625e-07,2.384185791015625e-07,1609700985.6453378,1609700986.8568864,1.2115485668182373,1609700985.6861165,1609700985.6922605,0.006144046783447266
f2aa788e2df045e6a6989d41de7a8292,k-means,warm,exec,queue,0.01602005958557129,7.152557373046875e-07,0.0,1609700985.6467943,1609700985.835757,0.18896269798278809,1609700985.6799445,1609700985.687806,0.00786137580871582
cd037ab4240c45fd87bee5026f007bc0,k-means,warm,exec,queue,0.007947206497192383,4.76837158203125e-07,2.384185791015625e-07,1609700985.6483645,1609700985.836387,0.18802237510681152,1609700985.669684,1609700985.6770394,0.007355451583862305
68fd28dce99d45ddab02d34f189ab317,k-means,warm,exec,queue,0.01264047622680664,2.384185791015625e-07,2.384185791015625e-07,1609700985.649797,1609700985.8389282,0.1891312599182129,1609700985.6736436,1609700985.6810467,0.007403135299682617
0986a46f9de54a5087155db9e16cef1c,k-means,warm,exec,queue,0.008000612258911133,7.152557373046875e-07,2.384185791015625e-07,1609700986.6303525,1609700987.0138037,0.3834512233734131,1609700986.6685357,1609700986.676406,0.007870197296142578
1a32a9b1d3644c88b77c9375258faa85,k-means,warm,exec,queue,0.05851411819458008,2.384185791015625e-07,2.384185791015625e-07,1609700986.633871,1609700987.0449908,0.4111196994781494,1609700986.728118,1609700986.7352982,0.007180213928222656
49a13f997c3d4474bf3bfe443b3d2473,k-means,warm,exec,queue,0.0106658935546875,4.76837158203125e-07,2.384185791015625e-07,1609700986.6353362,1609700986.9254985,0.2901623249053955,1609700986.6726134,1609700986.6804848,0.007871389389038086
407d44234b234457aeaf25a2d02a7ddc,k-means,warm,exec,queue,0.015168428421020508,4.76837158203125e-07,2.384185791015625e-07,1609700986.6368346,1609700987.0099072,0.37307262420654297,1609700986.6778839,1609700986.686673,0.0087890625
8e345f68eae4400dbd4a9ede76d5fb5b,k-means,warm,exec,queue,0.01968979835510254,2.384185791015625e-07,2.384185791015625e-07,1609700986.6385539,1609700987.1879241,0.549370288848877,1609700986.694271,1609700986.7022212,0.007950067520141602
a7fccaade85e4eb3a8651a73233e98b8,k-means,warm,exec,queue,0.027013063430786133,7.152557373046875e-07,2.384185791015625e-07,1609700986.6399953,1609700986.891416,0.2514207363128662,1609700986.6959736,1609700986.702724,0.006750345230102539
fb3610ed50984949ab7154bd513fbf9f,k-means,warm,exec,queue,0.030846357345581055,2.384185791015625e-07,0.0,1609700986.6414804,1609700987.12368,0.48219966888427734,1609700986.6968791,1609700986.7032504,0.006371259689331055
69fdf3edcc694ebe8234843a3277ac21,k-means,warm,exec,queue,0.03740215301513672,2.384185791015625e-07,0.0,1609700986.6429265,1609700987.0143862,0.3714597225189209,1609700986.7032633,1609700986.7104313,0.0071680545806884766
a3bbaf97ed7947bbaa16be5a2f3c4c91,k-means,warm,exec,queue,0.04434013366699219,9.5367431640625e-07,2.384185791015625e-07,1609700986.6444912,1609700987.0149355,0.37044429779052734,1609700986.7208142,1609700986.7275732,0.006758928298950195
c3020312160b409d97157c7c4f7ddbb1,k-means,warm,exec,queue,0.05000162124633789,2.384185791015625e-07,4.76837158203125e-07,1609700986.6459277,1609700987.1226325,0.47670483589172363,1609700986.7226095,1609700986.7287982,0.006188631057739258
710d316cad84422487ba14babf448b90,k-means,warm,exec,queue,0.054717063903808594,2.384185791015625e-07,0.0,1609700986.6473684,1609700987.1222923,0.47492384910583496,1609700986.7266908,1609700986.7334461,0.006755352020263672
0a12a7e6674249b9be15a8ec54065853,video,warm,exec,queue,0.025083065032958984,4.76837158203125e-07,2.384185791015625e-07,1609700986.6492476,1609700987.1205227,0.47127509117126465,1609700986.6968198,1609700986.713379,0.016559123992919922
051fada7afd84eb9b734b030fd6f36e1,k-means,warm,exec,queue,0.00403141975402832,4.76837158203125e-07,2.384185791015625e-07,1609700987.6224315,1609700987.7661543,0.1437227725982666,1609700987.6528137,1609700987.6598327,0.00701904296875
bea85d29081a45a4b4d9e593a7fff737,k-means,warm,exec,queue,0.03157806396484375,4.76837158203125e-07,4.76837158203125e-07,1609700987.6263118,1609700988.0573983,0.43108654022216797,1609700987.6862943,1609700987.6922934,0.005999088287353516
28e2d056c5884401ab16578b1f7a6082,k-means,warm,exec,queue,0.008180618286132812,2.384185791015625e-07,2.384185791015625e-07,1609700987.6288486,1609700987.7644143,0.13556575775146484,1609700987.6550465,1609700987.6632848,0.00823831558227539
81c1159a609b49238b84e061e7e3c128,k-means,warm,exec,queue,0.013381242752075195,4.76837158203125e-07,2.384185791015625e-07,1609700987.63134,1609700987.8732166,0.24187660217285156,1609700987.6626678,1609700987.66896,0.0062923431396484375
f4592327ad474e2bbf898069a891fa0b,k-means,warm,exec,queue,0.019350290298461914,4.76837158203125e-07,2.384185791015625e-07,1609700987.6338432,1609700987.8317423,0.19789910316467285,1609700987.6708984,1609700987.6779346,0.0070362091064453125
ff8cb551958a405aaafa24f65ff25add,k-means,warm,exec,queue,0.024088382720947266,2.384185791015625e-07,0.0,1609700987.636565,1609700987.8754299,0.23886489868164062,1609700987.674122,1609700987.6804237,0.0063016414642333984
a573db16239c4ae3bbfe18410b1b4cfa,k-means,warm,exec,queue,0.02944040298461914,4.76837158203125e-07,2.384185791015625e-07,1609700987.6380107,1609700987.8743603,0.23634958267211914,1609700987.6808162,1609700987.68776,0.006943941116333008
8be07c20c0964e31ab550ab6cd621cdc,k-means,warm,exec,queue,0.007502079010009766,2.384185791015625e-07,0.0,1609700988.6370928,1609700989.1709208,0.5338280200958252,1609700988.6857085,1609700988.6929018,0.007193326950073242
9e9e5d033c4b4f6db4d497e939bcce6d,k-means,warm,exec,queue,0.03689908981323242,4.76837158203125e-07,0.0,1609700988.6413038,1609700989.3007905,0.6594867706298828,1609700988.7191827,1609700988.7250755,0.005892753601074219
24ca0a8426294493ad9c863df4b27e4a,k-means,warm,exec,queue,0.0424809455871582,4.76837158203125e-07,0.0,1609700988.6437414,1609700989.367355,0.7236137390136719,1609700988.7242782,1609700988.7311175,0.006839275360107422
b79d7eeeeaca4cf3bb52740716b90d76,k-means,warm,exec,queue,0.04823756217956543,4.76837158203125e-07,0.0,1609700988.6461892,1609700989.3011065,0.6549172401428223,1609700988.7344036,1609700988.741968,0.0075643062591552734
b84a92d7612a4f6082f5b7b1b046e3dd,k-means,warm,exec,queue,0.053278446197509766,0.0,0.0,1609700988.6488795,1609700989.3621788,0.7132992744445801,1609700988.7393646,1609700988.7460353,0.006670713424682617
19ecb4e8563a437fbf627797a63c5679,k-means,warm,exec,queue,0.05819511413574219,2.384185791015625e-07,0.0,1609700988.6512327,1609700989.3668303,0.7155976295471191,1609700988.7404683,1609700988.7461953,0.005727052688598633
240b2d1f5ba84653a4aa3fde55f04564,k-means,warm,exec,queue,0.06317687034606934,2.384185791015625e-07,2.384185791015625e-07,1609700988.6532538,1609700989.3014288,0.6481750011444092,1609700988.745964,1609700988.7526255,0.006661415100097656
cb4082d014254e9994ebff06635b4e69,k-means,warm,exec,queue,0.06811928749084473,2.384185791015625e-07,2.384185791015625e-07,1609700988.6547046,1609700989.2951813,0.6404767036437988,1609700988.7537851,1609700988.7610664,0.007281303405761719
4c896f50443c4c0da5bdff7e8b0a7316,k-means,warm,exec,queue,0.03036332130432129,2.384185791015625e-07,2.384185791015625e-07,1609700988.6561594,1609700989.172572,0.5164124965667725,1609700988.7173076,1609700988.7230334,0.005725860595703125
321b09953ab8467ba79b97644df5f6c4,k-means,warm,exec,queue,0.025507688522338867,4.76837158203125e-07,4.76837158203125e-07,1609700988.6577628,1609700989.1703358,0.5125730037689209,1609700988.7077758,1609700988.7142231,0.006447315216064453
6c4c6f9e62b942d181af429ad18b3331,k-means,warm,exec,queue,0.01233983039855957,2.384185791015625e-07,2.384185791015625e-07,1609700988.6592073,1609700989.1675577,0.5083503723144531,1609700988.6917374,1609700988.6985376,0.006800174713134766
ad1f94dfc2f94267a95737c0ad67208c,k-means,warm,exec,queue,0.017621994018554688,2.384185791015625e-07,2.384185791015625e-07,1609700988.6606634,1609700989.2175872,0.5569238662719727,1609700988.6976972,1609700988.7053123,0.007615089416503906
b9b797b794db4d8ebe7b4d6eee6220de,k-means,warm,exec,queue,0.07283568382263184,4.76837158203125e-07,0.0,1609700988.6621017,1609700989.3017375,0.6396358013153076,1609700988.7606556,1609700988.7674131,0.006757497787475586
5e5bd64e3fe44ad39823390172b51f88,k-means,warm,exec,queue,0.07760834693908691,4.76837158203125e-07,0.0,1609700988.663641,1609700989.3026857,0.6390447616577148,1609700988.7618978,1609700988.7674582,0.005560398101806641
2995f13fba0c4675add0436ee754e39b,k-means,warm,exec,queue,0.08276534080505371,2.384185791015625e-07,4.76837158203125e-07,1609700988.665113,1609700989.3004606,0.6353476047515869,1609700988.7690344,1609700988.7756126,0.006578207015991211
d1cc606455ab442c9246d0d45cef8942,video,warm,exec,queue,0.015010833740234375,2.384185791015625e-07,2.384185791015625e-07,1609700988.6665602,1609700989.3662362,0.6996760368347168,1609700988.706552,1609700988.7223186,0.015766620635986328
26649bed47c84e72b078f006ca276964,k-means,warm,exec,queue,0.00577235221862793,2.384185791015625e-07,0.0,1609700989.6393752,1609700989.9820313,0.34265613555908203,1609700989.6933775,1609700989.7016883,0.008310794830322266
24bdf73eb9dd48c6a729db0fca09cf27,k-means,warm,exec,queue,0.05443215370178223,0.0,0.0,1609700989.6439238,1609700990.0702958,0.42637205123901367,1609700989.7420645,1609700989.7478526,0.005788087844848633
8db08c77a9f6411cb2558acd9977bbca,k-means,warm,exec,queue,0.06059145927429199,2.384185791015625e-07,2.384185791015625e-07,1609700989.6466048,1609700989.9838402,0.3372354507446289,1609700989.7504058,1609700989.7558362,0.005430459976196289
2eba984cdb7e4833a056cca3f661779f,k-means,warm,exec,queue,0.06533670425415039,2.384185791015625e-07,2.384185791015625e-07,1609700989.649281,1609700989.866522,0.2172410488128662,1609700989.7542183,1609700989.7584913,0.004272937774658203
5f25723339ec4dc28b6a5648a836b704,k-means,warm,exec,queue,0.01523590087890625,2.384185791015625e-07,0.0,1609700989.6522505,1609700989.8089454,0.15669488906860352,1609700989.698158,1609700989.7055435,0.0073854923248291016
98baa145e9dd41429479f7f0cccee71b,k-means,warm,exec,queue,0.02061176300048828,4.76837158203125e-07,2.384185791015625e-07,1609700989.6538997,1609700989.8095217,0.15562200546264648,1609700989.70519,1609700989.7135782,0.008388280868530273
57b12da6cddf4fc4989a50b66ce67175,k-means,warm,exec,queue,0.027515649795532227,7.152557373046875e-07,7.152557373046875e-07,1609700989.6554408,1609700989.907202,0.25176119804382324,1609700989.7169743,1609700989.7228096,0.005835294723510742
5448d8a1938d46af9f6821a89e805b8b,k-means,warm,exec,queue,0.03217124938964844,2.384185791015625e-07,2.384185791015625e-07,1609700989.6570303,1609700989.8648033,0.20777297019958496,1609700989.7182374,1609700989.7283952,0.01015782356262207
3e53931398d74a33b662c3ca8422395f,k-means,warm,exec,queue,0.03759288787841797,2.384185791015625e-07,0.0,1609700989.6585457,1609700990.0676768,0.4091310501098633,1609700989.723337,1609700989.731669,0.008332014083862305
599ebd0e7c184743bfb0b866e8080dea,k-means,warm,exec,queue,0.0463409423828125,4.76837158203125e-07,0.0,1609700989.6601942,1609700990.4425685,0.782374382019043,1609700989.7366188,1609700989.742681,0.00606226921081543
dec9474ab3d444ce82b175ca48996ada,k-means,warm,exec,queue,0.05159306526184082,2.384185791015625e-07,4.76837158203125e-07,1609700989.661698,1609700990.444406,0.782707929611206,1609700989.7383888,1609700989.7436514,0.005262613296508789
de1924b99c1c44c9bd912c2049f1a20d,k-means,warm,exec,queue,0.010229825973510742,2.384185791015625e-07,2.384185791015625e-07,1609700989.6632104,1609700989.806197,0.14298653602600098,1609700989.693564,1609700989.701447,0.007883071899414062
49a0bb98e0a341f1b60e71ff3165def1,k-means,warm,exec,queue,0.06958293914794922,2.384185791015625e-07,2.384185791015625e-07,1609700989.6647632,1609700989.9121795,0.24741625785827637,1609700989.7606454,1609700989.7668989,0.006253480911254883
cd76d47385d6478db1604615120a850b,k-means,warm,exec,queue,0.07493066787719727,2.384185791015625e-07,0.0,1609700989.666374,1609700989.9126098,0.24623584747314453,1609700989.7648969,1609700989.769471,0.0045740604400634766
b173a5391a24463a98e6be14eaeec01a,k-means,warm,exec,queue,0.08030486106872559,2.384185791015625e-07,0.0,1609700989.6678667,1609700989.9103036,0.24243688583374023,1609700989.77322,1609700989.7788782,0.005658149719238281
f1dea7860dfb4159a76256efc8e1a949,matmul,warm,exec,queue,0.0168302059173584,2.384185791015625e-07,2.384185791015625e-07,1609700989.6693873,1609700989.9098394,0.24045205116271973,1609700989.7173486,1609700989.7242615,0.006912946701049805
30d7e38c99d9428e8cb2d346259a946a,k-means,warm,exec,queue,0.004797220230102539,4.76837158203125e-07,2.384185791015625e-07,1609700990.6286283,1609700990.8775103,0.24888205528259277,1609700990.6578338,1609700990.6643374,0.006503582000732422
cb51e2350e804dbb83c204c9e614851f,video,warm,exec,queue,0.013340950012207031,2.384185791015625e-07,2.384185791015625e-07,1609700990.6318474,1609700990.9187007,0.2868533134460449,1609700990.6772697,1609700990.6923559,0.015086174011230469
758380f11d5f491281b6c106285d5f32,k-means,warm,exec,queue,0.040126800537109375,2.384185791015625e-07,2.384185791015625e-07,1609700990.6333678,1609700991.015817,0.3824491500854492,1609700990.7003086,1609700990.707809,0.007500410079956055
615343423d87461fa5c41b356ad29fc9,k-means,warm,exec,queue,0.009390592575073242,7.152557373046875e-07,2.384185791015625e-07,1609700990.6348171,1609700990.9176097,0.2827925682067871,1609700990.6621099,1609700990.6693602,0.007250308990478516
b3b277cb29c744aaa113c193ebaddf8d,k-means,warm,exec,queue,0.014106988906860352,4.76837158203125e-07,7.152557373046875e-07,1609700990.6364841,1609700990.8778887,0.24140453338623047,1609700990.6766028,1609700990.6846645,0.008061647415161133
959c456161024eeb9807bdc97caf5a2f,k-means,warm,exec,queue,0.021266937255859375,4.76837158203125e-07,2.384185791015625e-07,1609700990.6379297,1609700991.013614,0.3756842613220215,1609700990.6769254,1609700990.6830904,0.006165027618408203
b8ece76c0b454ca0aeed00981453dbe8,k-means,warm,exec,queue,0.025608062744140625,7.152557373046875e-07,4.76837158203125e-07,1609700990.639387,1609700990.9775245,0.3381376266479492,1609700990.681754,1609700990.689496,0.0077419281005859375
3a3321170bdb4076bef08dca69b78002,k-means,warm,exec,queue,0.030226945877075195,2.384185791015625e-07,2.384185791015625e-07,1609700990.6408606,1609700990.97925,0.33838939666748047,1609700990.6864414,1609700990.6936777,0.0072362422943115234
238e81bed34a4e05b7c74c76934e5ec3,k-means,warm,exec,queue,0.03711652755737305,2.384185791015625e-07,0.0,1609700990.6422956,1609700990.8756657,0.23337006568908691,1609700990.697417,1609700990.7041326,0.006715536117553711
174d08019cf94441995b27c53ceaefce,k-means,warm,exec,queue,0.003024578094482422,7.152557373046875e-07,2.384185791015625e-07,1609700991.6373923,1609700992.2498662,0.6124739646911621,1609700991.6849017,1609700991.6922057,0.007303953170776367
6f90559af88c4a36b10fef88b9cf3a82,k-means,warm,exec,queue,0.0242307186126709,2.384185791015625e-07,0.0,1609700991.641564,1609700992.2419555,0.6003916263580322,1609700991.7033064,1609700991.7097952,0.006488800048828125
6b0c6f1ede164b408577187739d7502a,k-means,warm,exec,queue,0.029356956481933594,4.76837158203125e-07,2.384185791015625e-07,1609700991.6440463,1609700992.3429418,0.6988954544067383,1609700991.7093008,1609700991.7158406,0.006539821624755859
60d157bd314e4f5faaace2879393be15,k-means,warm,exec,queue,0.03397536277770996,2.384185791015625e-07,2.384185791015625e-07,1609700991.6465447,1609700992.3424528,0.6959080696105957,1609700991.7192674,1609700991.726479,0.0072116851806640625
c75f31bd2ea94325adb3f0d9cbb15933,k-means,warm,exec,queue,0.03920125961303711,2.384185791015625e-07,0.0,1609700991.6492903,1609700992.346325,0.6970345973968506,1609700991.7187912,1609700991.7247314,0.00594019889831543
3e93eace337d4f4e9764ec1127954452,k-means,warm,exec,queue,0.043679237365722656,2.384185791015625e-07,2.384185791015625e-07,1609700991.6517658,1609700992.336976,0.6852102279663086,1609700991.7241113,1609700991.7299402,0.005828857421875
058bfe2d1f0749ad94d87c0941b04780,k-means,warm,exec,queue,0.04814434051513672,2.384185791015625e-07,2.384185791015625e-07,1609700991.653455,1609700992.3466465,0.6931915283203125,1609700991.7313323,1609700991.738692,0.007359743118286133
6a0814f9e1a9491b8cbec38bdcddba12,k-means,warm,exec,queue,0.05325746536254883,7.152557373046875e-07,2.384185791015625e-07,1609700991.6548748,1609700992.3459792,0.6911044120788574,1609700991.7381616,1609700991.744604,0.006442546844482422
b36c71406aed43aea335984c82c5b7a6,k-means,warm,exec,queue,0.057607412338256836,7.152557373046875e-07,2.384185791015625e-07,1609700991.6563098,1609700992.3433897,0.687079906463623,1609700991.7402203,1609700991.7454793,0.005259037017822266
cf21c266dd094e2bbd2b4bea4a9fec52,k-means,warm,exec,queue,0.010590553283691406,2.384185791015625e-07,2.384185791015625e-07,1609700991.6578348,1609700992.2469978,0.589163064956665,1609700991.6843617,1609700991.691179,0.006817340850830078
5e1303629e5d41fd8700fe68d6db2f59,k-means,warm,exec,queue,0.015310525894165039,4.76837158203125e-07,7.152557373046875e-07,1609700991.659253,1609700992.3377414,0.6784884929656982,1609700991.691058,1609700991.697882,0.006824016571044922
594ef479159f43208f1c1ecc88361763,k-means,warm,exec,queue,0.01982593536376953,7.152557373046875e-07,7.152557373046875e-07,1609700991.6607032,1609700992.2504728,0.5897696018218994,1609700991.7019484,1609700991.7092104,0.007261991500854492
6b004fcf99684303aef6923beb517607,video,warm,exec,queue,0.016242265701293945,2.384185791015625e-07,0.0,1609700991.6621203,1609700992.2463467,0.5842263698577881,1609700991.7028723,1609700991.7178977,0.01502537727355957
5eb04adb450542b8baa3e56230127633,k-means,warm,exec,queue,0.0023622512817382812,2.384185791015625e-07,0.0,1609700992.6361485,1609700992.7608273,0.1246788501739502,1609700992.6820724,1609700992.68919,0.007117509841918945
d4eaeab93edb47fa99add68d86a11f56,k-means,warm,exec,queue,0.02732253074645996,2.384185791015625e-07,0.0,1609700992.640451,1609700992.8535476,0.21309661865234375,1609700992.7060575,1609700992.71283,0.006772518157958984
c9b3488f7fca445f943c0a4521a81ee8,k-means,warm,exec,queue,0.032080650329589844,4.76837158203125e-07,2.384185791015625e-07,1609700992.6429942,1609700992.8574731,0.2144789695739746,1609700992.7135568,1609700992.7207563,0.007199525833129883
af2ec21fd0014a05be6364b1203e8368,k-means,warm,exec,queue,0.03690290451049805,2.384185791015625e-07,2.384185791015625e-07,1609700992.6455915,1609700992.8335998,0.18800830841064453,1609700992.7184892,1609700992.7246778,0.006188631057739258
f5e2006eef3447ce85457cb48d7b71bc,k-means,warm,exec,queue,0.0416414737701416,2.384185791015625e-07,2.384185791015625e-07,1609700992.6484168,1609700992.8595734,0.21115660667419434,1609700992.7210891,1609700992.7264352,0.005346059799194336
3044c196993345b18bd7d9a6ddc51c45,k-means,warm,exec,queue,0.04753613471984863,2.384185791015625e-07,2.384185791015625e-07,1609700992.6499941,1609700992.8331456,0.1831514835357666,1609700992.7303932,1609700992.7362735,0.0058803558349609375
6a4198e44b2344dc87c98bf69ef2c20c,k-means,warm,exec,queue,0.053529977798461914,2.384185791015625e-07,2.384185791015625e-07,1609700992.6514752,1609700992.830285,0.17880988121032715,1609700992.7342727,1609700992.7398036,0.005530834197998047
daa02bd6a87c45259235a07f208ce92a,k-means,warm,exec,queue,0.05819296836853027,4.76837158203125e-07,2.384185791015625e-07,1609700992.6529312,1609700992.8568833,0.20395207405090332,1609700992.7429104,1609700992.7491543,0.00624394416809082
0b91bc1275064cee80cb097eeaad51b6,k-means,warm,exec,queue,0.01574563980102539,2.384185791015625e-07,2.384185791015625e-07,1609700992.6544113,1609700992.7959676,0.1415562629699707,1609700992.6950421,1609700992.704308,0.009265899658203125
50f7177a2bb04f57b7cad7a26263abb3,k-means,warm,exec,queue,0.02256298065185547,0.0,0.0,1609700992.6559818,1609700992.7942848,0.13830304145812988,1609700992.700723,1609700992.7078414,0.0071184635162353516
33d421a0f2db4df8ba25c61b1f3325c3,k-means,warm,exec,queue,0.010504484176635742,2.384185791015625e-07,2.384185791015625e-07,1609700992.657454,1609700992.763373,0.10591888427734375,1609700992.6882308,1609700992.696414,0.00818324089050293
0e9c68438e1b4b1cbafb3fa6fa325b4b,k-means,warm,exec,queue,0.007675647735595703,2.384185791015625e-07,2.384185791015625e-07,1609700992.6588962,1609700992.763957,0.10506081581115723,1609700992.682672,1609700992.690064,0.007391929626464844
b5b1ea4ba4074bf99c315a7e9a92407e,k-means,warm,exec,queue,0.06291723251342773,2.384185791015625e-07,2.384185791015625e-07,1609700992.6603894,1609700992.8875642,0.2271747589111328,1609700992.7480097,1609700992.754073,0.006063222885131836
1ceafa8a9cb146fdb4b324dc21f0abf3,k-means,warm,exec,queue,0.06761574745178223,2.384185791015625e-07,0.0,1609700992.6619449,1609700992.857994,0.19604921340942383,1609700992.7488914,1609700992.7537575,0.004866123199462891
e4632cf0ce24401399254b8fe4dffb14,k-means,warm,exec,queue,0.002325296401977539,4.76837158203125e-07,4.76837158203125e-07,1609700993.6327384,1609700993.751006,0.11826753616333008,1609700993.671835,1609700993.6802473,0.008412361145019531
95ea53287cf34d94a299648654ebc114,k-means,warm,exec,queue,0.015624523162841797,2.384185791015625e-07,4.76837158203125e-07,1609700993.6369393,1609700993.7825055,0.14556622505187988,1609700993.6820202,1609700993.6915517,0.009531497955322266
f8bd1b07e0f641caa911a42a559d07e6,k-means,warm,exec,queue,0.021094322204589844,2.384185791015625e-07,2.384185791015625e-07,1609700993.6395452,1609700993.884158,0.2446126937866211,1609700993.695017,1609700993.7013488,0.006331682205200195
61c1b12361f74ee3b2fa0b595942056a,k-means,warm,exec,queue,0.026981353759765625,2.384185791015625e-07,2.384185791015625e-07,1609700993.6421485,1609700993.886743,0.24459457397460938,1609700993.6960402,1609700993.7024264,0.006386280059814453
f5fdca2bcea640b9b527cb80293f20c6,k-means,warm,exec,queue,0.03144717216491699,2.384185791015625e-07,2.384185791015625e-07,1609700993.644668,1609700993.8885615,0.24389338493347168,1609700993.6985986,1609700993.704275,0.00567626953125
f9dcb8651b324f41ba07efc6f3873362,k-means,warm,exec,queue,0.036847829818725586,2.384185791015625e-07,2.384185791015625e-07,1609700993.6464598,1609700993.8174446,0.17098474502563477,1609700993.7078626,1609700993.7153833,0.0075206756591796875
cb62380c2126496b8eb6bc6156ef66d8,k-means,warm,exec,queue,0.04213547706604004,2.384185791015625e-07,0.0,1609700993.6480317,1609700993.849821,0.20178937911987305,1609700993.7107322,1609700993.7162578,0.0055255889892578125
f905b3a3c5d4434ea112e6f76f21e214,k-means,warm,exec,queue,0.008107185363769531,4.76837158203125e-07,2.384185791015625e-07,1609700993.6496155,1609700993.7492309,0.09961533546447754,1609700993.6722696,1609700993.6802719,0.008002281188964844
e916ac64fb29439b8d04566f56c93eb3,k-means,warm,exec,queue,0.01331949234008789,4.76837158203125e-07,2.384185791015625e-07,1609700993.651187,1609700993.7844143,0.13322734832763672,1609700993.6769288,1609700993.6857853,0.008856534957885742
8ead23c6c6bc4aaf9351d616651e42f1,k-means,warm,exec,queue,7.557868957519531e-05,4.76837158203125e-07,0.0,1609700994.643974,1609700994.773178,0.12920403480529785,1609700994.6956494,1609700994.7030792,0.007429838180541992
771afda22e2c41b68b332cfab1f46c86,k-means,warm,exec,queue,0.005914449691772461,2.384185791015625e-07,2.384185791015625e-07,1609700994.6480117,1609700994.778131,0.13011932373046875,1609700994.6963103,1609700994.7038865,0.0075762271881103516
ee73bdbcad4a4bce9b5224755aab121c,k-means,warm,exec,queue,0.06568479537963867,4.76837158203125e-07,2.384185791015625e-07,1609700994.6496005,1609700994.970537,0.3209364414215088,1609700994.7648747,1609700994.771912,0.00703740119934082
3706efc52ea844cfbd28f8119b3e55a7,k-means,warm,exec,queue,0.01124119758605957,2.384185791015625e-07,2.384185791015625e-07,1609700994.6511264,1609700994.7776003,0.12647390365600586,1609700994.6981182,1609700994.7058218,0.007703542709350586
119babfd358c462aadd4cdaf283a74c8,k-means,warm,exec,queue,0.01711869239807129,2.384185791015625e-07,0.0,1609700994.6528535,1609700995.0201159,0.3672623634338379,1609700994.703932,1609700994.7117546,0.007822513580322266
02c7a252ea05475e875ffe61512e11d5,k-means,warm,exec,queue,0.02279353141784668,2.384185791015625e-07,2.384185791015625e-07,1609700994.6544466,1609700994.816766,0.16231942176818848,1609700994.7198622,1609700994.7276578,0.007795572280883789
9713d50af33e4f04bdf17dca19e67dc8,k-means,warm,exec,queue,0.03336286544799805,2.384185791015625e-07,0.0,1609700994.6559844,1609700995.0256963,0.36971187591552734,1609700994.7255318,1609700994.731947,0.006415128707885742
ba0da6d177ae4002bec1d234bea6e4d4,k-means,warm,exec,queue,0.038684844970703125,2.384185791015625e-07,4.76837158203125e-07,1609700994.6575222,1609700994.8690143,0.21149206161499023,1609700994.7269375,1609700994.7343435,0.007405996322631836
b2620096c936407699139095126d337f,k-means,warm,exec,queue,0.046700239181518555,4.76837158203125e-07,2.384185791015625e-07,1609700994.6590757,1609700995.0236232,0.3645474910736084,1609700994.7423663,1609700994.7492614,0.0068950653076171875
6ea59ef535294ca697d96141f6e2c331,k-means,warm,exec,queue,0.05130648612976074,4.76837158203125e-07,2.384185791015625e-07,1609700994.6607218,1609700995.022011,0.36128926277160645,1609700994.7448597,1609700994.7518196,0.0069599151611328125
a63c4f641b2048c4b011e4a33b2a2988,k-means,warm,exec,queue,0.056490182876586914,2.384185791015625e-07,0.0,1609700994.6622274,1609700994.8673215,0.2050940990447998,1609700994.7488115,1609700994.7554333,0.006621837615966797
ecdfb09fd7b54b3aa4b154eee679b031,k-means,warm,exec,queue,0.07112956047058105,7.152557373046875e-07,2.384185791015625e-07,1609700994.6637492,1609700994.9690511,0.3053019046783447,1609700994.7669647,1609700994.7736135,0.0066487789154052734
f5985a7803a44640b34642ab42e494d1,k-means,warm,exec,queue,0.06128263473510742,2.384185791015625e-07,4.76837158203125e-07,1609700994.6652696,1609700995.0260727,0.36080312728881836,1609700994.7511396,1609700994.7586334,0.007493734359741211
f99152b0dce84b2b92b548f75b023a7c,video,warm,exec,queue,0.01858973503112793,2.384185791015625e-07,0.0,1609700994.6668787,1609700994.9363751,0.26949644088745117,1609700994.722377,1609700994.739296,0.01691889762878418
d59db607a0df40a78b1b8e9c1ebd200b,matmul,warm,exec,queue,0.022205352783203125,2.384185791015625e-07,2.384185791015625e-07,1609700994.6684282,1609700994.865682,0.19725370407104492,1609700994.7258477,1609700994.7354732,0.009625434875488281
4dffc049590d4ed79e9184d2d9525b40,map_reduce,warm,exec,queue,0.02404618263244629,0.0,2.384185791015625e-07,1609700994.6699321,1609700995.1566293,0.4866971969604492,1609700994.7259495,1609700994.8109293,0.08497977256774902
dc6a3404e1b94d80aab46ee4787dc076,k-means,warm,exec,queue,0.005395174026489258,4.76837158203125e-07,2.384185791015625e-07,1609700995.6347594,1609700995.7609997,0.12624025344848633,1609700995.6704302,1609700995.6778848,0.007454633712768555
a96c901ba5a34a1c81d127d2574e174a,k-means,warm,exec,queue,0.0424809455871582,2.384185791015625e-07,0.0,1609700995.6387088,1609700995.871754,0.23304510116577148,1609700995.7127664,1609700995.71843,0.005663633346557617
1a833d39b7dd4dc98f2528de9316eada,k-means,warm,exec,queue,0.00971531867980957,4.76837158203125e-07,4.76837158203125e-07,1609700995.6412451,1609700995.7623503,0.12110519409179688,1609700995.6741014,1609700995.680277,0.0061757564544677734
995cc68ee40b4cd0a6bdbb76fb3d220b,k-means,warm,exec,queue,0.014176130294799805,4.76837158203125e-07,4.76837158203125e-07,1609700995.6437478,1609700995.8297284,0.18598055839538574,1609700995.6801503,1609700995.6871545,0.007004261016845703
17aad326edd84cd88359339bd5618403,k-means,warm,exec,queue,0.018563032150268555,4.76837158203125e-07,4.76837158203125e-07,1609700995.6462567,1609700995.82801,0.18175339698791504,1609700995.6897674,1609700995.6985943,0.008826971054077148
909d93d9f18c4a6b824ebd3b861f57d6,k-means,warm,exec,queue,0.023470640182495117,2.384185791015625e-07,0.0,1609700995.6489105,1609700995.9117124,0.2628018856048584,1609700995.6893063,1609700995.6962495,0.006943225860595703
2a5fca2b11714d1ab838338341920eec,k-means,warm,exec,queue,0.028310060501098633,7.152557373046875e-07,4.76837158203125e-07,1609700995.6503518,1609700995.7860394,0.13568758964538574,1609700995.6961598,1609700995.701931,0.005771160125732422
ee3a497af6fe4cbab86100c56f14cff5,k-means,warm,exec,queue,0.033687591552734375,2.384185791015625e-07,2.384185791015625e-07,1609700995.651792,1609700995.9134583,0.26166629791259766,1609700995.7064364,1609700995.7128897,0.006453275680541992
758f01c8b4c74aeeb302153e16e73b42,k-means,warm,exec,queue,0.03981900215148926,4.76837158203125e-07,2.384185791015625e-07,1609700995.6532497,1609700995.7876086,0.13435888290405273,1609700995.7094777,1609700995.7160969,0.00661921501159668
67ca308263bf4088b6c600b38aa32922,k-means,warm,exec,queue,0.0041751861572265625,2.384185791015625e-07,2.384185791015625e-07,1609700996.6364083,1609700996.788259,0.15185070037841797,1609700996.6764503,1609700996.6843703,0.007920026779174805
13ae3c0cd4654775b9efe74ba2dfd833,video,warm,exec,queue,0.01906728744506836,4.76837158203125e-07,4.76837158203125e-07,1609700996.6404238,1609700996.8835638,0.24313998222351074,1609700996.7072957,1609700996.722969,0.015673398971557617
21a10d5f3f9a49aeb53fcec12eb4e7b8,k-means,warm,exec,queue,0.05155777931213379,4.76837158203125e-07,2.384185791015625e-07,1609700996.6429396,1609700997.015114,0.3721745014190674,1609700996.729061,1609700996.7357233,0.0066623687744140625
36b4dba46b4945b2927a6970e58116fe,k-means,warm,exec,queue,0.04704880714416504,2.384185791015625e-07,2.384185791015625e-07,1609700996.6454303,1609700996.83206,0.1866297721862793,1609700996.721432,1609700996.7289245,0.007492542266845703
24dd5213a9424dcca9e7b5cb57e4c141,k-means,warm,exec,queue,0.04159212112426758,2.384185791015625e-07,2.384185791015625e-07,1609700996.6479065,1609700996.881638,0.23373150825500488,1609700996.7140145,1609700996.721173,0.007158517837524414
26b6d250cde3404abf4997b126ce1d19,k-means,warm,exec,queue,0.008409500122070312,4.76837158203125e-07,2.384185791015625e-07,1609700996.6497817,1609700996.7626743,0.11289262771606445,1609700996.675989,1609700996.683887,0.007898092269897461
66d87800f6d940b69ad64e9d0e5053be,k-means,warm,exec,queue,0.013567447662353516,4.76837158203125e-07,2.384185791015625e-07,1609700996.6512146,1609700996.7914727,0.1402580738067627,1609700996.6810799,1609700996.6890278,0.007947921752929688
0b33149bad6145c2b768fc4066f6d745,k-means,warm,exec,queue,0.01807546615600586,7.152557373046875e-07,4.76837158203125e-07,1609700996.6526525,1609700996.9227486,0.2700960636138916,1609700996.6886635,1609700996.6962504,0.007586956024169922
78782f43af634d0cbf6fd6067280570e,k-means,warm,exec,queue,0.02997112274169922,7.152557373046875e-07,4.76837158203125e-07,1609700996.6540775,1609700996.7898734,0.13579583168029785,1609700996.708082,1609700996.715723,0.0076410770416259766
db821f440d0b489aadf1ad50c7aad179,k-means,warm,exec,queue,0.03742098808288574,0.0,0.0,1609700996.6556058,1609700996.830397,0.1747910976409912,1609700996.7082705,1609700996.7151475,0.006876945495605469
44492f3b6e7f484bbf4acc6093e5300a,k-means,warm,exec,queue,0.005460500717163086,4.76837158203125e-07,2.384185791015625e-07,1609700997.6455407,1609700997.891265,0.24572420120239258,1609700997.6994028,1609700997.7071352,0.007732391357421875
ffdfca6b87644b5f8a847154fe4732a8,k-means,warm,exec,queue,0.0418853759765625,2.384185791015625e-07,0.0,1609700997.6499543,1609700997.9187367,0.268782377243042,1609700997.737673,1609700997.7439034,0.006230354309082031
e5ca5f70bf2a41c199b17b7de9a32157,k-means,warm,exec,queue,0.046567440032958984,2.384185791015625e-07,0.0,1609700997.652555,1609700997.8436158,0.19106078147888184,1609700997.7412312,1609700997.7467525,0.005521297454833984
0006b9d6cf09490f956e271e18ca7da4,k-means,warm,exec,queue,0.05222630500793457,2.384185791015625e-07,2.384185791015625e-07,1609700997.6541448,1609700997.8878264,0.23368167877197266,1609700997.748435,1609700997.7540748,0.005639791488647461
cdd2c3e3107d47edb150cdcfd411a5f7,k-means,warm,exec,queue,0.057013511657714844,2.384185791015625e-07,2.384185791015625e-07,1609700997.6559386,1609700997.8451693,0.18923068046569824,1609700997.7525702,1609700997.7584395,0.005869388580322266
478154228105409faa688a8cb0e0474f,k-means,warm,exec,queue,0.018855571746826172,2.384185791015625e-07,2.384185791015625e-07,1609700997.657558,1609700997.8852262,0.22766828536987305,1609700997.7099957,1609700997.7174892,0.007493495941162109
7c519597708342418ffd8eed6455eac7,k-means,warm,exec,queue,0.023560285568237305,2.384185791015625e-07,0.0,1609700997.659172,1609700997.8901274,0.2309553623199463,1609700997.7149706,1609700997.7206244,0.005653858184814453
e417ee8b046545e49aa3e39d0c26d65a,k-means,warm,exec,queue,0.02884984016418457,7.152557373046875e-07,2.384185791015625e-07,1609700997.6607947,1609700997.8464417,0.18564701080322266,1609700997.720462,1609700997.7264705,0.0060083866119384766
3287effb0c80425d9a476da3e4c03d85,k-means,warm,exec,queue,0.033666372299194336,2.384185791015625e-07,0.0,1609700997.6624112,1609700997.8890035,0.2265923023223877,1609700997.7265856,1609700997.73241,0.00582432746887207
f837f0cf42de414eadc58898871349eb,k-means,warm,exec,queue,0.03873944282531738,2.384185791015625e-07,0.0,1609700997.664189,1609700997.8865685,0.22237944602966309,1609700997.7323406,1609700997.7382073,0.0058667659759521484
184fb239ebb64a9d9ebb7b38f9cc8c94,k-means,warm,exec,queue,0.01441502571105957,2.384185791015625e-07,2.384185791015625e-07,1609700997.6657703,1609700997.80172,0.13594961166381836,1609700997.7050564,1609700997.7123518,0.007295370101928711
0e26f0c3c6d04ade91189ab6886e42f5,k-means,warm,exec,queue,0.009556055068969727,2.384185791015625e-07,2.384185791015625e-07,1609700997.6673644,1609700997.803387,0.13602256774902344,1609700997.6998777,1609700997.70717,0.007292270660400391
a725a7399d9442118bb4049432247a70,k-means,warm,exec,queue,0.06255483627319336,2.384185791015625e-07,2.384185791015625e-07,1609700997.668975,1609700997.9200199,0.25104475021362305,1609700997.761492,1609700997.7675343,0.0060422420501708984
9572df9c616343de8c9fb5787e63c0d5,k-means,warm,exec,queue,0.06761026382446289,0.0,2.384185791015625e-07,1609700997.6706846,1609700997.8924026,0.22171807289123535,1609700997.7645488,1609700997.7702625,0.005713701248168945
38f8fdd2024048ff82ef31f5bebf33dd,k-means,warm,exec,queue,0.07242155075073242,2.384185791015625e-07,2.384185791015625e-07,1609700997.6722946,1609700997.943494,0.27119946479797363,1609700997.7705414,1609700997.7782743,0.007732868194580078
e19b70fc584a4a5ead13209cce6c3c24,k-means,warm,exec,queue,0.07732558250427246,4.76837158203125e-07,2.384185791015625e-07,1609700997.6739128,1609700997.9213908,0.24747800827026367,1609700997.7766278,1609700997.7833085,0.006680727005004883
0a3cba5587ef42b48b0918974a286648,k-means,warm,exec,queue,0.08210039138793945,2.384185791015625e-07,0.0,1609700997.6755898,1609700997.9225354,0.24694561958312988,1609700997.779985,1609700997.7865434,0.006558418273925781
89027505d33b42e8b338d2e23570295e,k-means,warm,exec,queue,0.00353240966796875,4.76837158203125e-07,2.384185791015625e-07,1609700998.6388066,1609700998.9147313,0.2759246826171875,1609700998.683729,1609700998.692618,0.008888959884643555
c81eae24e29742d6bf7ec62a30179831,video,warm,exec,queue,0.017938613891601562,4.76837158203125e-07,4.76837158203125e-07,1609700998.6429703,1609700998.812572,0.1696016788482666,1609700998.717545,1609700998.733787,0.016242027282714844
6afdeb3f996e4e719d5a55d117144ab3,k-means,warm,exec,queue,0.056172847747802734,2.384185791015625e-07,2.384185791015625e-07,1609700998.645671,1609700998.9165375,0.27086663246154785,1609700998.7408752,1609700998.7473662,0.006490945816040039
19c0eb62034240e6a4d0549ec7b7b45f,k-means,warm,exec,queue,0.05134844779968262,2.384185791015625e-07,2.384185791015625e-07,1609700998.6483257,1609700998.914162,0.265836238861084,1609700998.731897,1609700998.7390625,0.007165431976318359
a9ec711426ee400986331646a646b9f0,k-means,warm,exec,queue,0.04642844200134277,0.0,2.384185791015625e-07,1609700998.6501405,1609700998.9573162,0.3071756362915039,1609700998.7252152,1609700998.7323642,0.0071489810943603516
2ad104c6934f4a40a80fe7f9850e6430,k-means,warm,exec,queue,0.03945183753967285,4.76837158203125e-07,4.76837158203125e-07,1609700998.6517284,1609700998.846282,0.19455361366271973,1609700998.7237332,1609700998.731117,0.007383823394775391
ec453083ccd9416daca22d7d1179ebc5,k-means,warm,exec,queue,0.03226637840270996,4.76837158203125e-07,2.384185791015625e-07,1609700998.653334,1609700998.8480945,0.19476056098937988,1609700998.718133,1609700998.7248433,0.0067102909088134766
815ac2a705f447e0a31874bee1cae1b7,k-means,warm,exec,queue,0.009120464324951172,4.76837158203125e-07,7.152557373046875e-07,1609700998.6549168,1609700998.7541773,0.09926056861877441,1609700998.6832237,1609700998.6910982,0.007874488830566406
a8e234cce3f34da9ba5dab65b2bc49f8,k-means,warm,exec,queue,0.014383316040039062,4.76837158203125e-07,2.384185791015625e-07,1609700998.65653,1609700998.9579349,0.3014049530029297,1609700998.6883562,1609700998.6963913,0.00803518295288086
04790ec87f5347e6b010863a753e606e,k-means,warm,exec,queue,0.019762754440307617,2.384185791015625e-07,2.384185791015625e-07,1609700998.6582437,1609700998.7783594,0.12011575698852539,1609700998.6947064,1609700998.7025886,0.007882118225097656
37fdabb7821241fd98596863557982b7,k-means,warm,exec,queue,0.029955387115478516,4.76837158203125e-07,2.384185791015625e-07,1609700998.6598353,1609700998.8140614,0.15422606468200684,1609700998.7167158,1609700998.723608,0.006892204284667969
44d651a51a304693a7e93cd6e9ca516e,k-means,warm,exec,queue,7.939338684082031e-05,4.76837158203125e-07,2.384185791015625e-07,1609700999.6454535,1609700999.7920883,0.14663481712341309,1609700999.692798,1609700999.7009408,0.008142948150634766
a3a36d6935424e9da76b4e99ef5da0ea,k-means,warm,exec,queue,0.006573677062988281,2.384185791015625e-07,4.76837158203125e-07,1609700999.6497037,1609700999.793855,0.1441512107849121,1609700999.6933644,1609700999.7012093,0.007844924926757812
1dd1bb1e96b7429eb8c0f4b4ede7a8fb,k-means,warm,exec,queue,0.01147913932800293,4.76837158203125e-07,0.0,1609700999.6523936,1609700999.8769972,0.22460365295410156,1609700999.6979682,1609700999.7047162,0.0067479610443115234
37298ed4dcd74ea691587e545203b783,k-means,warm,exec,queue,0.015882492065429688,4.76837158203125e-07,2.384185791015625e-07,1609700999.6540244,1609700999.8437796,0.18975520133972168,1609700999.7037106,1609700999.7120843,0.008373737335205078
8d7a9f24aacc47a7b055b53c675f92df,k-means,warm,exec,queue,0.021983861923217773,4.76837158203125e-07,2.384185791015625e-07,1609700999.6558115,1609700999.9355206,0.2797091007232666,1609700999.7119563,1609700999.7182078,0.00625157356262207
bc78cbed4f024dfca47fed92208e2ea9,k-means,warm,exec,queue,0.027261018753051758,2.384185791015625e-07,0.0,1609700999.6574585,1609700999.9375892,0.28013062477111816,1609700999.7158833,1609700999.7235272,0.007643938064575195
2d486d954723429e8881b00a1cc5e93f,k-means,warm,exec,queue,0.032328128814697266,4.76837158203125e-07,2.384185791015625e-07,1609700999.6590688,1609700999.9782207,0.3191518783569336,1609700999.720947,1609700999.726851,0.005903959274291992
78710ade105449b59b98aafa6cf7a3b1,k-means,warm,exec,queue,0.03693652153015137,2.384185791015625e-07,2.384185791015625e-07,1609700999.66069,1609700999.9763412,0.31565117835998535,1609700999.7285635,1609700999.7352653,0.00670170783996582
2adc4ee762c34752a6f7c2f1102a7f2e,k-means,warm,exec,queue,0.04204845428466797,2.384185791015625e-07,2.384185791015625e-07,1609700999.6623154,1609701000.077163,0.41484761238098145,1609700999.7326927,1609700999.7384593,0.005766630172729492
0cd723dbccd04db280aeff128deecb22,k-means,warm,exec,queue,0.04669833183288574,4.76837158203125e-07,2.384185791015625e-07,1609700999.6642857,1609700999.9111636,0.24687790870666504,1609700999.736627,1609700999.742704,0.006076812744140625
1c02cf6367fb4e0292423517dc14e925,k-means,warm,exec,queue,0.05223560333251953,4.76837158203125e-07,2.384185791015625e-07,1609700999.6658747,1609700999.8790784,0.21320366859436035,1609700999.743606,1609700999.7492082,0.005602121353149414
e4ff103437c248668dfd54ea7d65dd95,k-means,warm,exec,queue,0.05677390098571777,2.384185791015625e-07,0.0,1609700999.6674647,1609700999.8420167,0.17455196380615234,1609700999.7486873,1609700999.754503,0.005815744400024414
c4839b7c431b452db8142dedb4919922,k-means,warm,exec,queue,0.06239199638366699,2.384185791015625e-07,0.0,1609700999.6690874,1609700999.9094436,0.2403562068939209,1609700999.755662,1609700999.7617013,0.00603938102722168
1eacd8b815be4e21ab1b205c2f04b004,matmul,warm,exec,queue,0.01568317413330078,2.384185791015625e-07,2.384185791015625e-07,1609700999.6708057,1609700999.8455927,0.17478704452514648,1609700999.7129292,1609700999.7212262,0.008296966552734375
9af6fe85e58644a18a79a55cf9ddc067,k-means,warm,exec,queue,0.0008983612060546875,4.76837158203125e-07,4.76837158203125e-07,1609701000.6423898,1609701000.7459548,0.10356497764587402,1609701000.6826358,1609701000.68994,0.007304191589355469
6848ffc6df38495d87f9d64600141e2c,k-means,warm,exec,queue,0.014913558959960938,2.384185791015625e-07,2.384185791015625e-07,1609701000.646432,1609701000.8048825,0.15845060348510742,1609701000.694068,1609701000.7019107,0.007842779159545898
d408a62296f24907b31856e871d2ff1e,video,warm,exec,queue,0.01716756820678711,4.76837158203125e-07,0.0,1609701000.6490767,1609701000.8965647,0.24748802185058594,1609701000.6981466,1609701000.713492,0.015345335006713867
efda73617dc741e89eb9ccf5cb7bc642,k-means,warm,exec,queue,0.018497228622436523,2.384185791015625e-07,2.384185791015625e-07,1609701000.6516626,1609701000.876442,0.22477936744689941,1609701000.7019343,1609701000.709682,0.007747650146484375
44309318b8bb42138455ead8e804d736,k-means,warm,exec,queue,0.024471759796142578,2.384185791015625e-07,2.384185791015625e-07,1609701000.6537375,1609701000.808129,0.15439152717590332,1609701000.7054665,1609701000.7130568,0.007590293884277344
ee94d8640e1447839994825e5e75f624,k-means,warm,exec,queue,0.029828310012817383,2.384185791015625e-07,2.384185791015625e-07,1609701000.6553035,1609701000.9392338,0.28393030166625977,1609701000.7110133,1609701000.7184088,0.007395505905151367
16e8f69c8fb64ca68d29c0ea4e31f7dc,k-means,warm,exec,queue,0.03476858139038086,2.384185791015625e-07,2.384185791015625e-07,1609701000.656873,1609701000.8739057,0.21703267097473145,1609701000.7211034,1609701000.728979,0.007875680923461914
a1747ee7e29040c8b465c6df87295bb7,k-means,warm,exec,queue,0.03981947898864746,2.384185791015625e-07,2.384185791015625e-07,1609701000.6584284,1609701001.0993214,0.44089293479919434,1609701000.7221017,1609701000.729209,0.007107257843017578
b8db22db04144ca6849ea3f1f72cb69b,k-means,warm,exec,queue,0.04481792449951172,2.384185791015625e-07,2.384185791015625e-07,1609701000.659992,1609701000.8745034,0.21451139450073242,1609701000.727096,1609701000.732966,0.005869865417480469
8d22c1b2b0b04dc38f425f3618c41495,k-means,warm,exec,queue,0.005922555923461914,2.384185791015625e-07,0.0,1609701000.6617224,1609701000.7478201,0.08609771728515625,1609701000.6848512,1609701000.6940455,0.009194374084472656
2f4cbe16378641bc9aa93d00f0051bd5,k-means,warm,exec,queue,0.011069774627685547,4.76837158203125e-07,2.384185791015625e-07,1609701000.6632864,1609701000.8075511,0.14426469802856445,1609701000.6895213,1609701000.6974742,0.00795292854309082
0cdd51b1dc854d5b87c7aa294e986ac2,k-means,warm,exec,queue,0.0035698413848876953,2.384185791015625e-07,0.0,1609701001.6495144,1609701001.7772465,0.1277320384979248,1609701001.6982934,1609701001.707186,0.008892536163330078
4a54d6c9c8aa4ff2a2c0667a0a800b42,k-means,warm,exec,queue,0.059563636779785156,2.384185791015625e-07,0.0,1609701001.653788,1609701002.905386,1.2515978813171387,1609701001.752902,1609701001.7569585,0.004056453704833984
935b1f170c174f86a78c489297e7f032,k-means,warm,exec,queue,0.054656267166137695,4.76837158203125e-07,2.384185791015625e-07,1609701001.656324,1609701002.4373844,0.7810604572296143,1609701001.749916,1609701001.7564828,0.006566762924194336
fac3f6656e224c4b83b1f32f2c902242,k-means,warm,exec,queue,0.049241065979003906,2.384185791015625e-07,0.0,1609701001.657783,1609701001.955822,0.29803895950317383,1609701001.7413108,1609701001.745392,0.004081249237060547
9bcb1510ebbc42c0915a572716bcd3dc,k-means,warm,exec,queue,0.044269561767578125,4.76837158203125e-07,2.384185791015625e-07,1609701001.6593776,1609701001.956416,0.29703831672668457,1609701001.7377791,1609701001.744019,0.006239891052246094
5533fc920fd94683ac2b11ff9dfd6ea5,k-means,warm,exec,queue,0.03925156593322754,2.384185791015625e-07,0.0,1609701001.660832,1609701002.2788692,0.618037223815918,1609701001.7305098,1609701001.7348812,0.0043714046478271484
1b7aa4d712184be7ae354081ca534e88,k-means,warm,exec,queue,0.03434920310974121,2.384185791015625e-07,2.384185791015625e-07,1609701001.6622622,1609701002.2775774,0.6153151988983154,1609701001.7254994,1609701001.7313464,0.005846977233886719
cca7b3f016984f32b0d817ca1436d8be,k-means,warm,exec,queue,0.028850555419921875,0.0,2.384185791015625e-07,1609701001.6636825,1609701001.8348963,0.17121386528015137,1609701001.7191439,1609701001.7248845,0.005740642547607422
1456c56e3ec54cc5881d2f5f005aada1,k-means,warm,exec,queue,0.01012110710144043,2.384185791015625e-07,2.384185791015625e-07,1609701001.6651232,1609701001.7754438,0.1103205680847168,1609701001.6982408,1609701001.7062447,0.008003950119018555
64da2244b46241189526de7a15de099d,k-means,warm,exec,queue,0.015097856521606445,2.384185791015625e-07,2.384185791015625e-07,1609701001.666664,1609701002.438814,0.7721500396728516,1609701001.7028494,1609701001.7105653,0.007715940475463867
97cd214a20de4678a2adfb8ecf74ab9d,k-means,warm,exec,queue,0.020290851593017578,2.384185791015625e-07,2.384185791015625e-07,1609701001.668092,1609701001.8366547,0.168562650680542,1609701001.7088096,1609701001.7161107,0.0073010921478271484
eeb1264b73844778a286c247f3f488fa,k-means,warm,exec,queue,0.025272607803344727,2.384185791015625e-07,0.0,1609701001.6695404,1609701001.9528482,0.2833077907562256,1609701001.7164698,1609701001.72334,0.006870269775390625
a047466729c14babb9df418fd0e48717,k-means,warm,exec,queue,0.06396317481994629,4.76837158203125e-07,2.384185791015625e-07,1609701001.6709726,1609701002.9100823,1.239109754562378,1609701001.758993,1609701001.765852,0.0068590641021728516
060a014312dc43288d584b93104e5b75,k-means,warm,exec,queue,0.06934046745300293,4.76837158203125e-07,0.0,1609701001.6725028,1609701002.9094708,1.2369680404663086,1609701001.764259,1609701001.7688918,0.004632711410522461
d7ec6a2d38a844a992dfb178502251e9,k-means,warm,exec,queue,0.0738523006439209,4.76837158203125e-07,2.384185791015625e-07,1609701001.673934,1609701002.9630558,1.2891218662261963,1609701001.7712777,1609701001.777371,0.006093263626098633
05058b9eff2845cfb67adb1f4b8bb666,k-means,warm,exec,queue,0.005676984786987305,4.76837158203125e-07,2.384185791015625e-07,1609701002.639575,1609701003.1361032,0.49652814865112305,1609701002.6732311,1609701002.681744,0.00851297378540039
5405a06ee7284620b36467deb093cfb8,video,warm,exec,queue,0.01732921600341797,2.384185791015625e-07,2.384185791015625e-07,1609701002.6436703,1609701002.910634,0.2669637203216553,1609701002.6932163,1609701002.7104585,0.0172421932220459
ad138bbabc914649ae36253afe81f929,k-means,warm,exec,queue,0.03577923774719238,2.384185791015625e-07,2.384185791015625e-07,1609701002.6462939,1609701003.072859,0.42656517028808594,1609701002.7118409,1609701002.7200894,0.008248567581176758
bd0f844ff7e64418967a053e88f077b7,k-means,warm,exec,queue,0.031322479248046875,4.76837158203125e-07,2.384185791015625e-07,1609701002.6489122,1609701003.070923,0.4220108985900879,1609701002.7031703,1609701002.7099583,0.006788015365600586
5e580e604f734f948787ab01d0459f1e,k-means,warm,exec,queue,0.010305166244506836,7.152557373046875e-07,2.384185791015625e-07,1609701002.6514912,1609701003.133803,0.4823117256164551,1609701002.6785583,1609701002.6872258,0.008667469024658203
897e992638074eae932b47e5ab309b43,k-means,warm,exec,queue,0.01488947868347168,2.384185791015625e-07,2.384185791015625e-07,1609701002.653651,1609701003.1306965,0.47704553604125977,1609701002.6844327,1609701002.6930728,0.008640050888061523
b0c9916929d646cdbeb6704413192c98,k-means,warm,exec,queue,0.022529125213623047,4.76837158203125e-07,2.384185791015625e-07,1609701002.6552408,1609701003.0124822,0.3572413921356201,1609701002.693325,1609701002.7012718,0.00794672966003418
3a8558d03754461999f3e1e26e01c7a8,k-means,warm,exec,queue,0.026922941207885742,2.384185791015625e-07,2.384185791015625e-07,1609701002.6568456,1609701003.1344242,0.47757863998413086,1609701002.696603,1609701002.7051218,0.008518695831298828
0b41b335cf334d679bf660fd20fb3c2f,k-means,warm,exec,queue,7.390975952148438e-05,4.76837158203125e-07,2.384185791015625e-07,1609701003.6515963,1609701003.790352,0.13875579833984375,1609701003.704984,1609701003.7134683,0.008484363555908203
ed693ecb4000411c9b6fc228f4c82324,k-means,warm,exec,queue,0.010396003723144531,2.384185791015625e-07,4.76837158203125e-07,1609701003.6559682,1609701003.7932422,0.13727402687072754,1609701003.705089,1609701003.7133536,0.008264541625976562
20c284bc2ff149c4a9f70b8bb622eee2,k-means,warm,exec,queue,0.015255212783813477,4.76837158203125e-07,2.384185791015625e-07,1609701003.6585317,1609701003.7927542,0.13422250747680664,1609701003.710055,1609701003.7187517,0.008696556091308594
49ee4e8c01ac4bd58f8a70274111bd7f,k-means,warm,exec,queue,0.019649028778076172,2.384185791015625e-07,2.384185791015625e-07,1609701003.6610856,1609701003.8693643,0.20827865600585938,1609701003.7155788,1609701003.723749,0.008170127868652344
509b9a8a56104b10badd557fe1bff525,k-means,warm,exec,queue,0.025487899780273438,7.152557373046875e-07,2.384185791015625e-07,1609701003.66393,1609701003.8671489,0.20321893692016602,1609701003.722461,1609701003.7285028,0.006041765213012695
426ad20bee704946a9cc5fc586795864,k-means,warm,exec,queue,0.02978062629699707,2.384185791015625e-07,2.384185791015625e-07,1609701003.6656094,1609701003.869036,0.20342659950256348,1609701003.7261624,1609701003.7318182,0.005655765533447266
43ab9a68af374dc2a44a201525af3a6c,k-means,warm,exec,queue,0.03459429740905762,2.384185791015625e-07,0.0,1609701003.6671097,1609701003.8330736,0.16596388816833496,1609701003.7312994,1609701003.7369795,0.005680084228515625
ba4ad64baf3243fdb3fbb2e446c2ca89,k-means,warm,exec,queue,0.03913140296936035,4.76837158203125e-07,2.384185791015625e-07,1609701003.6686187,1609701003.9603586,0.29173994064331055,1609701003.7377253,1609701003.7437768,0.006051540374755859
e8903e85ee46497db105717401a92aa3,k-means,warm,exec,queue,0.043587684631347656,2.384185791015625e-07,2.384185791015625e-07,1609701003.6701252,1609701004.2278383,0.5577130317687988,1609701003.7429187,1609701003.7492375,0.006318807601928711
e6ae9456e00143b282c64566fa13c59d,k-means,warm,exec,queue,0.04893803596496582,2.384185791015625e-07,2.384185791015625e-07,1609701003.6717448,1609701004.2296698,0.5579249858856201,1609701003.7490196,1609701003.7549684,0.005948781967163086
52782d32490b4e15bf6c33e9b85b7703,k-means,warm,exec,queue,0.05332756042480469,2.384185791015625e-07,0.0,1609701003.6732461,1609701003.9263446,0.2530984878540039,1609701003.7541478,1609701003.759468,0.005320310592651367
649e0ffeb0e946e393c847d144761c4d,k-means,warm,exec,queue,0.05804705619812012,2.384185791015625e-07,4.76837158203125e-07,1609701003.6747487,1609701003.958195,0.2834463119506836,1609701003.7593145,1609701003.764531,0.005216360092163086
1199d1cefd3e4d1682dddf5ee1fa271c,k-means,warm,exec,queue,0.06255841255187988,7.152557373046875e-07,2.384185791015625e-07,1609701003.6762393,1609701003.9592633,0.2830240726470947,1609701003.764628,1609701003.76988,0.00525212287902832
8035ec1fdc5a4b66bc57e2749720b373,k-means,warm,exec,queue,0.0669698715209961,2.384185791015625e-07,0.0,1609701003.6778321,1609701003.92511,0.24727797508239746,1609701003.7696877,1609701003.7753923,0.005704641342163086
4c7b4a1007be4d06b5d3ee6bcc0bc0ce,k-means,warm,exec,queue,0.0719447135925293,2.384185791015625e-07,2.384185791015625e-07,1609701003.679314,1609701004.0371633,0.3578493595123291,1609701003.7756526,1609701003.7815137,0.005861043930053711
85630d716667447b98975071da22a5be,k-means,warm,exec,queue,0.014660120010375977,2.384185791015625e-07,0.0,1609701004.6644926,1609701004.8038757,0.13938307762145996,1609701004.7178829,1609701004.725867,0.007984161376953125
782ba55ab1ea44fba8794be310a5ac9b,k-means,warm,exec,queue,0.030618667602539062,7.152557373046875e-07,2.384185791015625e-07,1609701004.668835,1609701004.8324542,0.1636192798614502,1609701004.747685,1609701004.7554579,0.007772922515869141
f00483683bfa470998e7d11c2696031a,k-means,warm,exec,queue,0.03712749481201172,4.76837158203125e-07,2.384185791015625e-07,1609701004.671418,1609701005.0791185,0.4077005386352539,1609701004.7511432,1609701004.7581723,0.007029056549072266
0d37ceee937849318e5df1f0154d6ada,k-means,warm,exec,queue,0.04221487045288086,2.384185791015625e-07,2.384185791015625e-07,1609701004.673288,1609701004.8290505,0.1557624340057373,1609701004.7526898,1609701004.7591357,0.006445884704589844
1b5c9af988ae4fb699370ebc94446b70,k-means,warm,exec,queue,0.04768562316894531,2.384185791015625e-07,0.0,1609701004.6750329,1609701005.0808039,0.40577101707458496,1609701004.7595148,1609701004.767737,0.008222103118896484
e96f17f80fd040c297f7e619b59ef8d5,k-means,warm,exec,queue,0.052820682525634766,2.384185791015625e-07,0.0,1609701004.6765802,1609701004.9196565,0.24307632446289062,1609701004.7683408,1609701004.776043,0.0077021121978759766
b9fb792355834eb49bd6da4ad4616d55,k-means,warm,exec,queue,0.05710268020629883,2.384185791015625e-07,2.384185791015625e-07,1609701004.6781323,1609701004.9191017,0.24096941947937012,1609701004.7687705,1609701004.7733622,0.004591703414916992
846d7c935cb240e2807300f8031dbbf9,k-means,warm,exec,queue,0.06193137168884277,4.76837158203125e-07,2.384185791015625e-07,1609701004.6796985,1609701004.9158905,0.236191987991333,1609701004.7743778,1609701004.7803721,0.005994319915771484
c3fceb4724834a56af51e660b2995a38,k-means,warm,exec,queue,0.06705212593078613,2.384185791015625e-07,0.0,1609701004.6812644,1609701005.0785065,0.39724206924438477,1609701004.7830586,1609701004.7883232,0.0052645206451416016
cb0fa4bed2894cfcbd4ed3871fe7aa80,k-means,warm,exec,queue,0.026186704635620117,2.384185791015625e-07,0.0,1609701004.6829417,1609701004.830758,0.14781641960144043,1609701004.734237,1609701004.7387826,0.004545688629150391
b224960dffed4acfaa5f8f89c316a2fa,k-means,warm,exec,queue,0.017992496490478516,2.384185791015625e-07,0.0,1609701004.6844988,1609701004.805508,0.12100911140441895,1609701004.7230146,1609701004.731131,0.008116483688354492
927e8d8e02df48bb8ed13b041d44201b,k-means,warm,exec,queue,0.0224306583404541,2.384185791015625e-07,2.384185791015625e-07,1609701004.6860535,1609701004.9460285,0.25997495651245117,1609701004.727784,1609701004.7360153,0.008231401443481445
4a3de2a9d0e4422abf762a7008bb7a9f,video,warm,exec,queue,0.017873764038085938,2.384185791015625e-07,2.384185791015625e-07,1609701004.6875868,1609701005.0756278,0.38804101943969727,1609701004.7344317,1609701004.7498744,0.015442609786987305
fa28f5afece941a7b08800f9e2bb7f22,matmul,warm,exec,queue,0.026444435119628906,2.384185791015625e-07,2.384185791015625e-07,1609701004.6893175,1609701004.8709548,0.18163728713989258,1609701004.747835,1609701004.7574325,0.009597539901733398
753a1ff117334f28b35ac7acea2ad250,map_reduce,warm,exec,queue,0.028397798538208008,2.384185791015625e-07,0.0,1609701004.6909087,1609701005.0508752,0.359966516494751,1609701004.751568,1609701004.8366737,0.08510565757751465
87e2cae7471d421abc7a31a62693a88b,k-means,warm,exec,queue,0.0029523372650146484,4.76837158203125e-07,2.384185791015625e-07,1609701005.6549058,1609701005.8316543,0.17674851417541504,1609701005.7137165,1609701005.721726,0.00800943374633789
dc1c65234dae4b9981264e92ba1026f4,k-means,warm,exec,queue,0.019354820251464844,2.384185791015625e-07,2.384185791015625e-07,1609701005.6591606,1609701005.8263788,0.16721820831298828,1609701005.7247164,1609701005.7321293,0.007412910461425781
625017c5992b48a09a8d5748c26732ec,k-means,warm,exec,queue,0.02469611167907715,4.76837158203125e-07,2.384185791015625e-07,1609701005.6617494,1609701005.9427407,0.2809913158416748,1609701005.7300606,1609701005.7359388,0.0058782100677490234
023fd568e5b1429cb6b884af591d81f7,k-means,warm,exec,queue,0.029448509216308594,2.384185791015625e-07,0.0,1609701005.664292,1609701005.9420886,0.27779650688171387,1609701005.7358692,1609701005.741865,0.005995750427246094
5e96a83b80964e7d8d99cbf8a077d479,k-means,warm,exec,queue,0.03400588035583496,4.76837158203125e-07,0.0,1609701005.667146,1609701005.933332,0.266185998916626,1609701005.741563,1609701005.7472515,0.00568842887878418
2f8413e7003349c6a27dcc03185876b6,k-means,warm,exec,queue,0.03843355178833008,2.384185791015625e-07,0.0,1609701005.6691186,1609701005.938001,0.26888227462768555,1609701005.7466347,1609701005.751283,0.0046482086181640625
a97f14ac21754ab180a9e3e15825d904,k-means,warm,exec,queue,0.04389619827270508,2.384185791015625e-07,2.384185791015625e-07,1609701005.6706278,1609701005.933915,0.2632870674133301,1609701005.753029,1609701005.7577577,0.004728555679321289
d9e7dd13f89c4978aa38af52f4119b3c,k-means,warm,exec,queue,0.04912233352661133,2.384185791015625e-07,0.0,1609701005.6721356,1609701006.0704708,0.39833521842956543,1609701005.7576473,1609701005.7622266,0.004579305648803711
675dd8f72d8741758ac6aceb1029c60d,k-means,warm,exec,queue,0.05379438400268555,4.76837158203125e-07,0.0,1609701005.6736495,1609701005.942418,0.2687685489654541,1609701005.763851,1609701005.7704082,0.0065572261810302734
53026764698446a68ca99bc7dca80fd6,k-means,warm,exec,queue,0.05900764465332031,2.384185791015625e-07,0.0,1609701005.675282,1609701005.938355,0.2630729675292969,1609701005.7678869,1609701005.771905,0.004018068313598633
6ba8e2e21d504cb5b76ec7e118773102,k-means,warm,exec,queue,0.01160740852355957,2.384185791015625e-07,2.384185791015625e-07,1609701005.6767945,1609701005.8331153,0.15632081031799316,1609701005.714127,1609701005.7218034,0.007676362991333008
ef624f2655a8473b9564f29b28555988,k-means,warm,exec,queue,0.016277551651000977,2.384185791015625e-07,0.0,1609701005.6783142,1609701005.8322618,0.1539475917816162,1609701005.7188077,1609701005.728828,0.010020256042480469
07c665489083496e94877b2ebcdc2ffb,k-means,warm,exec,queue,0.06431770324707031,2.384185791015625e-07,0.0,1609701005.6798134,1609701005.930477,0.25066351890563965,1609701005.776411,1609701005.781991,0.005579948425292969
f76c5863f50f492db26fce8d9475da49,k-means,warm,exec,queue,0.06915998458862305,2.384185791015625e-07,2.384185791015625e-07,1609701005.6814322,1609701005.941731,0.2602987289428711,1609701005.779305,1609701005.783656,0.004350900650024414
f0d883e7043d45c099e7987b370b6122,k-means,warm,exec,queue,0.0747981071472168,2.384185791015625e-07,0.0,1609701005.6829374,1609701006.0700798,0.3871424198150635,1609701005.7878346,1609701005.7943487,0.006514072418212891
fa15c2414da54c8d861625b07159b5b9,k-means,warm,exec,queue,0.07968878746032715,4.76837158203125e-07,4.76837158203125e-07,1609701005.6844306,1609701006.0662084,0.3817777633666992,1609701005.790863,1609701005.7950373,0.004174232482910156
ae09178c3aff4a8db1adf1b2336f496c,k-means,warm,exec,queue,0.08449697494506836,4.76837158203125e-07,4.76837158203125e-07,1609701005.6860194,1609701006.070833,0.3848135471343994,1609701005.7966106,1609701005.8030071,0.00639653205871582
d037dd9760634a3a80d6cd69cfe6ebc6,k-means,warm,exec,queue,0.08927464485168457,2.384185791015625e-07,0.0,1609701005.6875021,1609701005.9376173,0.25011515617370605,1609701005.801072,1609701005.8050776,0.0040056705474853516
abedb3cc0c2e45b484911f97bf3f2d6f,k-means,warm,exec,queue,0.003053426742553711,4.76837158203125e-07,2.384185791015625e-07,1609701006.64753,1609701006.7680333,0.12050318717956543,1609701006.6902795,1609701006.698411,0.00813150405883789
a89f0397e8104405b7d3380b9e475393,video,warm,exec,queue,0.017980337142944336,2.384185791015625e-07,0.0,1609701006.6516745,1609701006.889876,0.23820137977600098,1609701006.7142134,1609701006.7301936,0.015980243682861328
b550ba71d58b4aafadff770c5a73698d,k-means,warm,exec,queue,0.05189657211303711,2.384185791015625e-07,2.384185791015625e-07,1609701006.654265,1609701006.9819655,0.3277006149291992,1609701006.7391994,1609701006.745569,0.006369590759277344
937d55fdf8a4480f821aafae56ad86be,k-means,warm,exec,queue,0.04742169380187988,4.76837158203125e-07,2.384185791015625e-07,1609701006.656815,1609701007.0326352,0.3758201599121094,1609701006.7380683,1609701006.7447665,0.006698131561279297
c7bfb5f4fe8e4b1595a053983572aa90,k-means,warm,exec,queue,0.0414121150970459,2.384185791015625e-07,2.384185791015625e-07,1609701006.6585557,1609701007.0343523,0.3757965564727783,1609701006.729205,1609701006.7379353,0.008730411529541016
53a15257a85e4d6c91c90492b1618dce,k-means,warm,exec,queue,0.03684687614440918,4.76837158203125e-07,2.384185791015625e-07,1609701006.6600943,1609701006.8411758,0.18108153343200684,1609701006.7226923,1609701006.7297802,0.0070879459381103516
5315bd5f72714525897504a3fc5e3dd1,k-means,warm,exec,queue,0.030318260192871094,2.384185791015625e-07,2.384185791015625e-07,1609701006.6616542,1609701007.0360448,0.3743906021118164,1609701006.7211676,1609701006.72794,0.006772518157958984
4d7f5a1e0166474ca4667eb464f9b688,k-means,warm,exec,queue,0.02495408058166504,2.384185791015625e-07,2.384185791015625e-07,1609701006.6631796,1609701006.9246278,0.2614481449127197,1609701006.7151392,1609701006.7208831,0.005743980407714844
67b7f16245314c6785e4804e448e50bd,k-means,warm,exec,queue,0.009330511093139648,2.384185791015625e-07,2.384185791015625e-07,1609701006.66473,1609701006.765363,0.10063290596008301,1609701006.6900306,1609701006.6985657,0.008535146713256836
90e2c2b2d83a4a4798c8abfbe4ba3f0e,k-means,warm,exec,queue,0.014429330825805664,4.76837158203125e-07,2.384185791015625e-07,1609701006.6663814,1609701006.8916616,0.2252802848815918,1609701006.6953692,1609701006.703216,0.007846832275390625
9d4bfb30e4af4a8fb1da85b149aa423b,k-means,warm,exec,queue,0.01888895034790039,4.76837158203125e-07,2.384185791015625e-07,1609701006.6679142,1609701006.8395896,0.171675443649292,1609701006.7007887,1609701006.7100568,0.009268045425415039
0f0f66d03736456c9fa7d8a0c3ed7324,k-means,warm,exec,queue,0.006014585494995117,2.384185791015625e-07,2.384185791015625e-07,1609701007.6470149,1609701007.9485025,0.30148768424987793,1609701007.683146,1609701007.691426,0.008280038833618164
be8162bf857e459d8caeb2f8fb5d4aec,k-means,warm,exec,queue,0.04529523849487305,2.384185791015625e-07,2.384185791015625e-07,1609701007.651182,1609701007.9864163,0.3352344036102295,1609701007.7260234,1609701007.7316616,0.00563812255859375
df2ecfb7d43d4c3cbf478bd0446a11cf,k-means,warm,exec,queue,0.04062056541442871,4.76837158203125e-07,2.384185791015625e-07,1609701007.6538384,1609701007.9462588,0.2924203872680664,1609701007.7232854,1609701007.7294152,0.006129741668701172
fa6e891d7dc842199aac5e47934e7894,k-means,warm,exec,queue,0.03513956069946289,2.384185791015625e-07,4.76837158203125e-07,1609701007.656448,1609701008.137325,0.480877161026001,1609701007.7148862,1609701007.7188852,0.003998994827270508
8620e5c4173f4afe9983f59e2a81353b,k-means,warm,exec,queue,0.030478715896606445,2.384185791015625e-07,2.384185791015625e-07,1609701007.6590624,1609701008.0223336,0.36327123641967773,1609701007.7120934,1609701007.717831,0.0057375431060791016
c299c58a495c44e2afbf04a547f68506,k-means,warm,exec,queue,0.01068258285522461,4.76837158203125e-07,4.76837158203125e-07,1609701007.661482,1609701007.9473758,0.28589367866516113,1609701007.6895785,1609701007.6973603,0.0077817440032958984
af1bf93caa8843b1bf54f98653078bd3,k-means,warm,exec,queue,0.01527857780456543,7.152557373046875e-07,2.384185791015625e-07,1609701007.6630669,1609701007.9891088,0.32604193687438965,1609701007.6951246,1609701007.7029219,0.0077972412109375
cfe6c5e966c749c8aa29d009ee580f2a,k-means,warm,exec,queue,0.019980430603027344,4.76837158203125e-07,2.384185791015625e-07,1609701007.6646574,1609701007.945005,0.2803475856781006,1609701007.6989763,1609701007.7052286,0.006252288818359375
7661bd73d56049e1b3db5680ecee689d,k-means,warm,exec,queue,0.02481842041015625,4.76837158203125e-07,2.384185791015625e-07,1609701007.6662426,1609701008.07043,0.4041874408721924,1609701007.704275,1609701007.7092748,0.004999876022338867
4aa021da8e154fc29add1f9acc1cd0e0,k-means,warm,exec,queue,0.0020852088928222656,4.76837158203125e-07,0.0,1609701008.658717,1609701008.7962003,0.1374833583831787,1609701008.7208607,1609701008.728953,0.008092164993286133
73a4a0b70f9243089b948ceda1a36f9f,k-means,warm,exec,queue,0.024544239044189453,2.384185791015625e-07,0.0,1609701008.6629703,1609701008.8381584,0.1751880645751953,1609701008.7427273,1609701008.7496264,0.006899118423461914
9de99d90e8b04453b4af9ad2490edcd2,k-means,warm,exec,queue,0.03279757499694824,4.76837158203125e-07,2.384185791015625e-07,1609701008.665535,1609701008.884599,0.21906399726867676,1609701008.7448921,1609701008.7519512,0.0070590972900390625
0677e1947f494666b1d8e7bda2620048,k-means,warm,exec,queue,0.03835344314575195,2.384185791015625e-07,0.0,1609701008.6680694,1609701009.005535,0.3374655246734619,1609701008.7492564,1609701008.7554038,0.0061473846435546875
05c850d3ef024ca3972d3cca559da148,k-means,warm,exec,queue,0.042812347412109375,2.384185791015625e-07,2.384185791015625e-07,1609701008.6709492,1609701008.9213035,0.2503542900085449,1609701008.756242,1609701008.7633562,0.0071141719818115234
d0bb79fa58fa475c8258a3c89c2437c2,k-means,warm,exec,queue,0.048827171325683594,4.76837158203125e-07,0.0,1609701008.6731617,1609701009.010119,0.3369572162628174,1609701008.761684,1609701008.7677968,0.006112813949584961
b00a2069207e4e54b2aead1a33a027c0,k-means,warm,exec,queue,0.0534670352935791,2.384185791015625e-07,2.384185791015625e-07,1609701008.6747012,1609701009.0112047,0.3365035057067871,1609701008.7690713,1609701008.775807,0.006735563278198242
8d2073b5268147d7a9d1ec6b520cf68a,k-means,warm,exec,queue,0.058217525482177734,4.76837158203125e-07,2.384185791015625e-07,1609701008.6762483,1609701008.8857684,0.2095201015472412,1609701008.774105,1609701008.7786233,0.004518270492553711
a980c22d96f447ffb015e842d780b6a5,k-means,warm,exec,queue,0.06288433074951172,2.384185791015625e-07,2.384185791015625e-07,1609701008.6777985,1609701009.009731,0.33193254470825195,1609701008.776454,1609701008.782338,0.005883932113647461
6d03c63540ca4a1a87058693c4dd8517,k-means,warm,exec,queue,0.01922917366027832,2.384185791015625e-07,0.0,1609701008.6795073,1609701008.8851922,0.20568490028381348,1609701008.731766,1609701008.7396712,0.007905244827270508
02521450672f467eaef6c85df3ff84e7,k-means,warm,exec,queue,0.013082265853881836,2.384185791015625e-07,0.0,1609701008.6810896,1609701008.798721,0.11763143539428711,1609701008.7212074,1609701008.729105,0.007897615432739258
434452cccd034b8e9c61f60fae1bf746,k-means,warm,exec,queue,0.016367197036743164,2.384185791015625e-07,2.384185791015625e-07,1609701008.6826642,1609701008.7975404,0.11487627029418945,1609701008.7256393,1609701008.7326186,0.006979227066040039
bb8541b683704f55a7733ddf995477a6,k-means,warm,exec,queue,0.06798911094665527,2.384185791015625e-07,0.0,1609701008.6842635,1609701009.0079563,0.32369279861450195,1609701008.7833982,1609701008.7892468,0.00584864616394043
bb600252cdc6425aa22e3ba418b51d6b,k-means,warm,exec,queue,0.07250595092773438,2.384185791015625e-07,2.384185791015625e-07,1609701008.6859112,1609701009.0068607,0.3209495544433594,1609701008.788683,1609701008.7933593,0.004676342010498047
e5d0e4aa4da74500a398244e62ef6bd3,k-means,warm,exec,queue,0.07755327224731445,4.76837158203125e-07,2.384185791015625e-07,1609701008.687794,1609701009.139113,0.45131897926330566,1609701008.7942228,1609701008.8001626,0.0059397220611572266
804a68f7740847c68c3c3e515bcc2324,k-means,warm,exec,queue,0.08232450485229492,2.384185791015625e-07,2.384185791015625e-07,1609701008.6903389,1609701009.1979804,0.5076415538787842,1609701008.8009932,1609701008.808022,0.007028818130493164
0c45d23c630b450daa4713bb6b48d07f,video,warm,exec,queue,0.023285388946533203,2.384185791015625e-07,2.384185791015625e-07,1609701008.6929634,1609701009.0917807,0.3988173007965088,1609701008.7441232,1609701008.7597756,0.01565241813659668
50401d95739f45bb89d0049f6d58f645,k-means,warm,exec,queue,0.0021483898162841797,4.76837158203125e-07,2.384185791015625e-07,1609701009.6463144,1609701009.9500375,0.3037230968475342,1609701009.6837769,1609701009.6920278,0.008250951766967773
654ccc9924d649a88c24621174ab2e84,matmul,warm,exec,queue,0.044106483459472656,2.384185791015625e-07,0.0,1609701009.6503608,1609701009.9519358,0.3015749454498291,1609701009.7287576,1609701009.7387705,0.01001286506652832
5372902b9c3a41a1a0778e1d49d7cd8c,k-means,warm,exec,queue,0.05904507637023926,2.384185791015625e-07,4.76837158203125e-07,1609701009.652995,1609701010.0005424,0.3475472927093506,1609701009.739082,1609701009.7465358,0.0074536800384521484
be9cf965971345acb75d96d2b1e5ed7d,k-means,warm,exec,queue,0.053705453872680664,2.384185791015625e-07,2.384185791015625e-07,1609701009.655558,1609701009.8515992,0.19604110717773438,1609701009.7331295,1609701009.7407777,0.0076482295989990234
8f306b5ce7204fa7a30737cb4c2bc10f,k-means,warm,exec,queue,0.04840421676635742,2.384185791015625e-07,0.0,1609701009.6581554,1609701009.8496914,0.19153594970703125,1609701009.7278636,1609701009.7352648,0.007401227951049805
ab5dc6bcd0fd4d87a0f81bdebfa9016f,k-means,warm,exec,queue,0.04324746131896973,2.384185791015625e-07,2.384185791015625e-07,1609701009.6609342,1609701009.8154995,0.15456533432006836,1609701009.72706,1609701009.7351046,0.00804448127746582
64c7f386311540fc9c2a9c189a5f397b,k-means,warm,exec,queue,0.007009029388427734,4.76837158203125e-07,2.384185791015625e-07,1609701009.6625035,1609701009.7832675,0.12076401710510254,1609701009.6839783,1609701009.6927006,0.008722305297851562
a8ec35e8417e4643a09e652485227651,k-means,warm,exec,queue,0.011415958404541016,2.384185791015625e-07,0.0,1609701009.6640692,1609701009.8743696,0.21030044555664062,1609701009.7273116,1609701009.735635,0.008323431015014648
94e188eed9c04dd8a1485ee49ee3b121,k-means,warm,exec,queue,8.249282836914062e-05,4.76837158203125e-07,2.384185791015625e-07,1609701010.659971,1609701010.8036451,0.14367413520812988,1609701010.7197442,1609701010.7266796,0.0069353580474853516
9e8a434722654019ab7f0dfc0541e988,k-means,warm,exec,queue,0.010788202285766602,4.76837158203125e-07,0.0,1609701010.6642363,1609701010.801829,0.13759279251098633,1609701010.7212615,1609701010.7292492,0.007987737655639648
31a6b0dc89a24feab7bc48f9a621c42d,k-means,warm,exec,queue,0.015360593795776367,2.384185791015625e-07,0.0,1609701010.6667786,1609701010.8983586,0.23158001899719238,1609701010.7266996,1609701010.7348902,0.008190631866455078
b415bdc8e6584224a8874ef24c56ccbc,k-means,warm,exec,queue,0.020332813262939453,2.384185791015625e-07,2.384185791015625e-07,1609701010.669341,1609701010.8437402,0.17439913749694824,1609701010.7358532,1609701010.7434027,0.0075495243072509766
48c21510615949feb714f2be0bd7e13c,k-means,warm,exec,queue,0.026519298553466797,4.76837158203125e-07,2.384185791015625e-07,1609701010.672183,1609701010.9021127,0.22992968559265137,1609701010.7376246,1609701010.7443779,0.006753206253051758
d868323106d64bccbaba618307eb0a11,k-means,warm,exec,queue,0.03204989433288574,2.384185791015625e-07,0.0,1609701010.6737428,1609701010.9015818,0.22783899307250977,1609701010.7433052,1609701010.749855,0.006549835205078125
be49d80338c147299a7aaf1ee62933de,k-means,warm,exec,queue,0.03748130798339844,2.384185791015625e-07,2.384185791015625e-07,1609701010.6752546,1609701010.9271698,0.25191521644592285,1609701010.7511947,1609701010.7576761,0.0064814090728759766
43fa2922a98a4a088fb5444d2c92556b,k-means,warm,exec,queue,0.041802406311035156,2.384185791015625e-07,2.384185791015625e-07,1609701010.6767974,1609701010.9963276,0.3195302486419678,1609701010.7578773,1609701010.7640538,0.006176471710205078
54e211ec67c84ebe97530ae78a6881ed,k-means,warm,exec,queue,0.0460665225982666,2.384185791015625e-07,0.0,1609701010.6783504,1609701010.8938968,0.2155463695526123,1609701010.7598553,1609701010.7668054,0.0069501399993896484
c853cbbbf2a14c35ae7ab2981b624cfe,k-means,warm,exec,queue,0.050849199295043945,2.384185791015625e-07,0.0,1609701010.680028,1609701010.8975878,0.217559814453125,1609701010.7660384,1609701010.7734501,0.0074117183685302734
51af8da6cf764ef399c3832e0da5cf7f,k-means,warm,exec,queue,0.05646395683288574,4.76837158203125e-07,0.0,1609701010.6815844,1609701010.902589,0.22100472450256348,1609701010.7723525,1609701010.7780786,0.0057260990142822266
217d6a06fd20475d9ae2cae2f140123c,k-means,warm,exec,queue,0.0610349178314209,2.384185791015625e-07,0.0,1609701010.6831322,1609701010.9908113,0.3076791763305664,1609701010.7787802,1609701010.7855973,0.0068171024322509766
531b79b060ac4494a7cff2b33a0789c6,k-means,warm,exec,queue,0.06549859046936035,2.384185791015625e-07,0.0,1609701010.6846952,1609701010.928662,0.24396681785583496,1609701010.7814012,1609701010.7884147,0.007013559341430664
bbca47d7b3134d74ae98cc16ac195211,k-means,warm,exec,queue,0.07005119323730469,2.384185791015625e-07,0.0,1609701010.68636,1609701010.9951327,0.3087728023529053,1609701010.7866695,1609701010.7923162,0.005646705627441406
21d16b4eb9064aa588cd0825f354f684,k-means,warm,exec,queue,0.07510685920715332,2.384185791015625e-07,2.384185791015625e-07,1609701010.687889,1609701010.9612815,0.2733924388885498,1609701010.794083,1609701010.8011162,0.007033109664916992
31f0ae46e82a444c9903e78c0342bdd9,k-means,warm,exec,queue,0.07980847358703613,2.384185791015625e-07,0.0,1609701010.6894317,1609701010.9957418,0.30631017684936523,1609701010.798376,1609701010.803293,0.0049169063568115234
d89f89e186e74f74b59f37b3d487b951,video,warm,exec,queue,0.016220808029174805,2.384185791015625e-07,2.384185791015625e-07,1609701010.691059,1609701010.8455253,0.1544661521911621,1609701010.738572,1609701010.7552228,0.016650915145874023
9b00fad612be4f50a4b0d13aecf20e13,k-means,warm,exec,queue,0.0012536048889160156,4.76837158203125e-07,2.384185791015625e-07,1609701011.659252,1609701011.787766,0.12851405143737793,1609701011.7142985,1609701011.7219858,0.00768733024597168
56da3a5a661a42468b0f26fd1189ad47,k-means,warm,exec,queue,0.013335704803466797,0.0,0.0,1609701011.6634734,1609701011.858039,0.1945655345916748,1609701011.7142816,1609701011.7226932,0.008411645889282227
54e6fcaf22e24eacb5ce63387e7de316,k-means,warm,exec,queue,0.01967334747314453,2.384185791015625e-07,2.384185791015625e-07,1609701011.666073,1609701012.0161977,0.3501245975494385,1609701011.72465,1609701011.7325268,0.007876873016357422
fb9344c06d3b4984afab5277332011cd,k-means,warm,exec,queue,0.024596452713012695,4.76837158203125e-07,2.384185791015625e-07,1609701011.6686563,1609701011.8573666,0.18871021270751953,1609701011.7313106,1609701011.7382386,0.006927967071533203
12fc4e2562b0458c99d50fef86f23082,k-means,warm,exec,queue,0.06455302238464355,2.384185791015625e-07,2.384185791015625e-07,1609701011.6714964,1609701012.0714889,0.3999924659729004,1609701011.7758262,1609701011.7817688,0.005942583084106445
4cc2931a5f64402f80fd34cdb33ea227,k-means,warm,exec,queue,0.02985835075378418,7.152557373046875e-07,2.384185791015625e-07,1609701011.6734502,1609701011.929405,0.2559547424316406,1609701011.7353764,1609701011.7414412,0.006064891815185547
803678d584754064b96aa3384d7e4f7c,k-means,warm,exec,queue,0.03447890281677246,2.384185791015625e-07,2.384185791015625e-07,1609701011.6749918,1609701011.8118663,0.13687443733215332,1609701011.7407782,1609701011.7465696,0.005791425704956055
bc81ca404d054d999afe6dd72b4837df,k-means,warm,exec,queue,0.039698123931884766,2.384185791015625e-07,2.384185791015625e-07,1609701011.676587,1609701011.8852744,0.20868730545043945,1609701011.7474897,1609701011.7542627,0.0067729949951171875
eadba9e9435746468c6dd42c23513cab,k-means,warm,exec,queue,0.044835567474365234,2.384185791015625e-07,0.0,1609701011.6781442,1609701011.8540237,0.17587947845458984,1609701011.7519646,1609701011.7578595,0.005894899368286133
2b57ac02edea4a01b1792330c3ae7c42,k-means,warm,exec,queue,0.05004072189331055,4.76837158203125e-07,2.384185791015625e-07,1609701011.6798224,1609701011.8868306,0.20700812339782715,1609701011.7602355,1609701011.76672,0.006484508514404297
2b912db170234e8ba6940a7e8e34dbb1,k-means,warm,exec,queue,0.05503582954406738,2.384185791015625e-07,2.384185791015625e-07,1609701011.6813793,1609701011.8847303,0.20335102081298828,1609701011.7642431,1609701011.7710824,0.006839275360107422
46c4c99a4f19447ea93fd4acfd618629,k-means,warm,exec,queue,0.0153656005859375,2.384185791015625e-07,2.384185791015625e-07,1609701011.6829255,1609701011.789565,0.10663962364196777,1609701011.7192621,1609701011.727531,0.00826883316040039
06dfbd01f726468c804a36082b69e2fe,k-means,warm,exec,queue,0.059485435485839844,4.76837158203125e-07,0.0,1609701011.6844854,1609701012.018522,0.33403658866882324,1609701011.769195,1609701011.7751498,0.005954742431640625
51ebeb5415a943b897ec1c2ade1c778e,k-means,warm,exec,queue,0.06896138191223145,2.384185791015625e-07,2.384185791015625e-07,1609701011.6861653,1609701011.88031,0.19414472579956055,1609701011.7811546,1609701011.7877462,0.0065915584564208984
7b0ab60caffb44cb9d17ea97f3f51d83,k-means,warm,exec,queue,0.0739278793334961,2.384185791015625e-07,0.0,1609701011.6877146,1609701011.8841262,0.1964116096496582,1609701011.7886372,1609701011.7954576,0.0068204402923583984
cb954b3892cf4e34b927ec3644985192,k-means,warm,exec,queue,0.006821870803833008,4.76837158203125e-07,2.384185791015625e-07,1609701012.6586764,1609701012.856014,0.19733762741088867,1609701012.711623,1609701012.7208483,0.00922536849975586
cd9b959ddfd748299e5573c5f0e528cc,k-means,warm,exec,queue,0.0505368709564209,4.76837158203125e-07,2.384185791015625e-07,1609701012.6628563,1609701013.078825,0.415968656539917,1609701012.763524,1609701012.7697458,0.006221771240234375
47168fc057014db59bc3a93e25cb8170,k-means,warm,exec,queue,0.056780099868774414,4.76837158203125e-07,2.384185791015625e-07,1609701012.665466,1609701012.995328,0.3298618793487549,1609701012.7654371,1609701012.77261,0.007172822952270508
8b5a54f35fe1464896141615e6741b51,k-means,warm,exec,queue,0.06394577026367188,4.76837158203125e-07,0.0,1609701012.668027,1609701012.990972,0.32294511795043945,1609701012.772787,1609701012.7791915,0.006404399871826172
7ad31af78176424c96399e9263980533,k-means,warm,exec,queue,0.025554895401000977,2.384185791015625e-07,0.0,1609701012.6708977,1609701013.078187,0.4072892665863037,1609701012.7344937,1609701012.742535,0.0080413818359375
5a2691277bab448fb0bb8879ff16485a,k-means,warm,exec,queue,0.03353261947631836,2.384185791015625e-07,2.384185791015625e-07,1609701012.6731753,1609701012.9927528,0.3195774555206299,1609701012.7392437,1609701012.745547,0.006303310394287109
6eb952aeb15a4c94918b5c4ebb492efb,k-means,warm,exec,queue,0.03844928741455078,2.384185791015625e-07,2.384185791015625e-07,1609701012.674711,1609701012.8608868,0.18617582321166992,1609701012.7403579,1609701012.7450025,0.004644632339477539
8e3b5e5d9d084c69870415869f2d1e82,k-means,warm,exec,queue,0.04302668571472168,2.384185791015625e-07,2.384185791015625e-07,1609701012.6762757,1609701012.857703,0.1814272403717041,1609701012.745867,1609701012.7528057,0.0069386959075927734
5c91aabde0dc445db7ba37bb500cbbce,k-means,warm,exec,queue,0.04787802696228027,2.384185791015625e-07,2.384185791015625e-07,1609701012.6778548,1609701012.9163563,0.23850154876708984,1609701012.7536662,1609701012.7600703,0.00640416145324707
46524c34ccd9483da37314ecf6dedcd8,k-means,warm,exec,queue,0.020529508590698242,2.384185791015625e-07,2.384185791015625e-07,1609701012.6795347,1609701013.0749226,0.3953878879547119,1609701012.723418,1609701012.7307172,0.007299184799194336
e0447fe76bdd4339bddae37460f003c4,k-means,warm,exec,queue,0.01609635353088379,0.0,4.76837158203125e-07,1609701012.6811092,1609701012.7889228,0.10781359672546387,1609701012.7151988,1609701012.721517,0.006318330764770508
4a564742a2ea4de8ad25899b9bbd9bc2,k-means,warm,exec,queue,0.010942935943603516,2.384185791015625e-07,0.0,1609701012.6826565,1609701012.9146748,0.23201823234558105,1609701012.7113404,1609701012.7204006,0.009060144424438477
ac4dbf63118641d986c004e1a24ca84d,k-means,warm,exec,queue,0.07113099098205566,2.384185791015625e-07,0.0,1609701012.6842186,1609701012.9958596,0.31164097785949707,1609701012.7806652,1609701012.786236,0.005570888519287109
1e29ed81d2a049e68646e2d6e9098532,video,warm,exec,queue,0.023184776306152344,2.384185791015625e-07,0.0,1609701012.6861973,1609701012.8603306,0.17413330078125,1609701012.7362597,1609701012.7533393,0.017079591751098633
077f554ccbf246fe81c3d128fd06a638,k-means,warm,exec,queue,0.007068157196044922,4.76837158203125e-07,2.384185791015625e-07,1609701013.6571019,1609701013.8036249,0.14652299880981445,1609701013.7023292,1609701013.7105813,0.008252143859863281
90adeed92a724259bfdfac13f9eb1d92,k-means,warm,exec,queue,0.04868292808532715,4.76837158203125e-07,2.384185791015625e-07,1609701013.661196,1609701013.9760833,0.31488728523254395,1609701013.752367,1609701013.75876,0.006392955780029297
baf964962508474b94e247d1a5b3d688,k-means,warm,exec,queue,0.05396270751953125,2.384185791015625e-07,2.384185791015625e-07,1609701013.6637745,1609701013.977476,0.3137013912200928,1609701013.7565289,1609701013.7616918,0.005162954330444336
862da7f545994a2e85dfefbc009ff42c,k-means,warm,exec,queue,0.05888986587524414,2.384185791015625e-07,0.0,1609701013.6663668,1609701013.978685,0.3123180866241455,1609701013.7603486,1609701013.7655537,0.0052051544189453125
02f90ad171da463e914d9779c37f8b0b,k-means,warm,exec,queue,0.030066490173339844,2.384185791015625e-07,0.0,1609701013.6692297,1609701013.8416433,0.17241358757019043,1609701013.726505,1609701013.7335217,0.007016658782958984
a7de893f2b784561874f3ea610d2129e,k-means,warm,exec,queue,0.03461956977844238,2.384185791015625e-07,2.384185791015625e-07,1609701013.671786,1609701013.870357,0.19857096672058105,1609701013.733332,1609701013.7416837,0.008351802825927734
be1d70be9483409492045f85ee39d645,k-means,warm,exec,queue,0.040897369384765625,4.76837158203125e-07,4.76837158203125e-07,1609701013.6736398,1609701013.8686304,0.1949906349182129,1609701013.7411156,1609701013.7455509,0.004435300827026367
ccdcac543e574b44ab2bd554d85886d1,k-means,warm,exec,queue,0.046074628829956055,2.384185791015625e-07,0.0,1609701013.6752093,1609701014.0355883,0.3603789806365967,1609701013.7446551,1609701013.7503486,0.0056934356689453125
bb4caedf9fae498f83f26d9cce8e8b1f,k-means,warm,exec,queue,0.02493739128112793,2.384185791015625e-07,0.0,1609701013.6767933,1609701013.8668406,0.1900472640991211,1609701013.7259305,1609701013.7312367,0.005306243896484375
ac840f95465e47f0883221044788f0de,k-means,warm,exec,queue,0.020502805709838867,7.152557373046875e-07,2.384185791015625e-07,1609701013.6785097,1609701013.9258165,0.24730682373046875,1609701013.7233727,1609701013.7316604,0.008287668228149414
49533f9a59e642db981562ff8d4778c1,k-means,warm,exec,queue,0.015176773071289062,4.76837158203125e-07,2.384185791015625e-07,1609701013.6800828,1609701013.8007524,0.12066960334777832,1609701013.7095256,1609701013.717493,0.007967472076416016
d2e98239c9f94ea7b512526c555b1104,k-means,warm,exec,queue,0.010623455047607422,2.384185791015625e-07,0.0,1609701013.681678,1609701013.8042448,0.12256669998168945,1609701013.7054439,1609701013.71407,0.008626222610473633
b35cc031dc594b488d5086d0b8ca9947,k-means,warm,exec,queue,0.007632017135620117,2.384185791015625e-07,0.0,1609701014.6666946,1609701014.7969239,0.13022923469543457,1609701014.7266493,1609701014.7353752,0.008725881576538086
f23d1d02ae1a4cc083a9ee0201ff275c,k-means,warm,exec,queue,0.062070608139038086,2.384185791015625e-07,0.0,1609701014.6709127,1609701015.7753122,1.1043994426727295,1609701014.7854428,1609701014.7933428,0.007899999618530273
dd45933a109a42729726ecaa8f520f5a,k-means,warm,exec,queue,0.0675497055053711,9.5367431640625e-07,2.384185791015625e-07,1609701014.6735137,1609701015.914368,1.240854263305664,1609701014.7950678,1609701014.8023508,0.00728297233581543
0784df206b00407ab25482b0f1d8a4ac,k-means,warm,exec,queue,0.012724637985229492,0.0,4.76837158203125e-07,1609701014.6760647,1609701014.7998116,0.12374687194824219,1609701014.7272315,1609701014.7350695,0.007838010787963867
24478ee577f64fa68606c68866e4e2be,k-means,warm,exec,queue,0.015835046768188477,7.152557373046875e-07,4.76837158203125e-07,1609701014.6789625,1609701014.820017,0.14105463027954102,1609701014.7374423,1609701014.7455034,0.00806117057800293
2545f2c521804622b10818c65425d475,k-means,warm,exec,queue,0.02210855484008789,4.76837158203125e-07,2.384185791015625e-07,1609701014.6811824,1609701015.7546208,1.0734384059906006,1609701014.7386951,1609701014.7466896,0.007994413375854492
1d662a994264483db7fdef3caf63da31,k-means,warm,exec,queue,0.02853250503540039,2.384185791015625e-07,2.384185791015625e-07,1609701014.6827226,1609701015.5598722,0.8771495819091797,1609701014.7523923,1609701014.7581804,0.005788087844848633
b11e4ab119bc4a18a6cf31f3ee458403,k-means,warm,exec,queue,0.034951210021972656,4.76837158203125e-07,2.384185791015625e-07,1609701014.6842806,1609701015.5592468,0.8749661445617676,1609701014.7613616,1609701014.7696576,0.008296012878417969
d5ab68f09dc8415893a2315e918551cc,k-means,warm,exec,queue,0.04402732849121094,2.384185791015625e-07,2.384185791015625e-07,1609701014.6858387,1609701015.5563083,0.8704695701599121,1609701014.769067,1609701014.7765,0.0074329376220703125
f86bad4e1bcf4fdf8daa54718acdfaa0,k-means,warm,exec,queue,0.051993370056152344,4.76837158203125e-07,2.384185791015625e-07,1609701014.687521,1609701015.9488266,1.261305570602417,1609701014.7815073,1609701014.7886648,0.007157564163208008
1f738c95deb9477fb1e97a3ea4dc75a7,k-means,warm,exec,queue,0.058451175689697266,2.384185791015625e-07,0.0,1609701014.689098,1609701015.754036,1.0649380683898926,1609701014.7848413,1609701014.7913659,0.006524562835693359
1f9188b8562a437ba012f0e337131e90,video,warm,exec,queue,0.02944183349609375,2.384185791015625e-07,2.384185791015625e-07,1609701014.6906598,1609701015.7511742,1.0605144500732422,1609701014.7531981,1609701014.769444,0.01624584197998047
29b85cf43c1b41618ee385b7c5ea40d8,matmul,warm,exec,queue,0.025995731353759766,2.384185791015625e-07,2.384185791015625e-07,1609701014.692245,1609701016.6138062,1.9215612411499023,1609701014.762486,1609701014.7723966,0.00991058349609375
9ba59139db6745dc856cfa50a59dfde7,map_reduce,warm,exec,queue,0.03424406051635742,2.384185791015625e-07,2.384185791015625e-07,1609701014.6939354,1609701015.9137526,1.2198171615600586,1609701014.7624886,1609701014.8470988,0.0846102237701416
fe0513f97e504f88b36d561e7a0d808a,disk,warm,exec,queue,0.034906864166259766,4.76837158203125e-07,2.384185791015625e-07,1609701014.6954997,1609701015.7562313,1.0607316493988037,1609701014.762766,1609701014.7695997,0.006833791732788086
cbc3052cbeb74c1980609627179aaecf,image,cold,exec,create,0.0428159236907959,5.212842702865601,2.384185791015625e-07,1609701014.697075,1609701020.0671318,5.370056867599487,1609701019.9795852,1609701020.0072575,0.027672290802001953
7e6c5bb6aada4ba5998fcb805557af13,float_operation,cold,exec,create,0.05632948875427246,4.787203550338745,0.0,1609701014.6987338,1609701019.6384668,4.939733028411865,1609701019.5664132,1609701019.5852206,0.018807411193847656
1ba6b993f87a4767aacd7de4c7c1e011,k-means,warm,exec,queue,0.00449681282043457,2.384185791015625e-07,2.384185791015625e-07,1609701015.6599905,1609701015.9473293,0.2873387336730957,1609701015.7020307,1609701015.7096114,0.007580757141113281
774d0b48ad1c47e2bccc9c83e3401cc2,k-means,warm,exec,queue,0.03613162040710449,4.76837158203125e-07,2.384185791015625e-07,1609701015.664274,1609701017.106451,1.4421770572662354,1609701015.7399004,1609701015.744422,0.004521608352661133
6e8da5e702ca430aa201bda342f0ff19,k-means,warm,exec,queue,0.04079270362854004,4.76837158203125e-07,2.384185791015625e-07,1609701015.6668904,1609701017.1603096,1.4934191703796387,1609701015.74312,1609701015.7487388,0.0056188106536865234
973d44f1074b4f7495f2ddc39bad44c5,k-means,warm,exec,queue,0.046276092529296875,2.384185791015625e-07,0.0,1609701015.6695056,1609701017.457766,1.7882604598999023,1609701015.7490177,1609701015.7561471,0.0071294307708740234
6b013f8eb47e4908b24a950dabb96637,k-means,warm,exec,queue,0.053220510482788086,2.384185791015625e-07,2.384185791015625e-07,1609701015.672479,1609701017.3044086,1.631929636001587,1609701015.7587438,1609701015.7643876,0.0056438446044921875
a2d569b38e4e4258880d3f940ad5816d,k-means,warm,exec,queue,0.05802607536315918,4.76837158203125e-07,2.384185791015625e-07,1609701015.6740577,1609701017.3037925,1.629734754562378,1609701015.762538,1609701015.7672684,0.0047304630279541016
95abbf789fdd4a83abfab2e983e53904,k-means,warm,exec,queue,0.023341894149780273,4.76837158203125e-07,2.384185791015625e-07,1609701015.6756394,1609701015.8524861,0.17684674263000488,1609701015.7216058,1609701015.7283015,0.006695747375488281
2a32322511d04378b16f9728d9ffb339,k-means,warm,exec,queue,0.027869462966918945,2.384185791015625e-07,0.0,1609701015.677237,1609701017.3068216,1.629584550857544,1609701015.7258127,1609701015.7317512,0.005938529968261719
d1cb21f4aaff43c7945ba9bc3c660b5f,k-means,warm,exec,queue,0.03330850601196289,2.384185791015625e-07,0.0,1609701015.6789815,1609701017.306393,1.6274113655090332,1609701015.733715,1609701015.741718,0.008002996444702148
efa0bfb2204e453c84e09cf36e88256d,k-means,warm,exec,queue,0.017836809158325195,2.384185791015625e-07,2.384185791015625e-07,1609701015.680566,1609701017.3009508,1.620384693145752,1609701015.7214882,1609701015.7296314,0.008143186569213867
e6d07994288e4786899a4fd7ab1c0866,k-means,warm,exec,queue,0.012729644775390625,4.76837158203125e-07,2.384185791015625e-07,1609701015.6821733,1609701015.9456804,0.2635071277618408,1609701015.7111528,1609701015.7184932,0.007340431213378906
f7faabedaafe4034aadd8c2a4ec12c45,k-means,warm,exec,queue,0.00788569450378418,2.384185791015625e-07,2.384185791015625e-07,1609701015.68484,1609701017.1987917,1.5139517784118652,1609701015.704325,1609701015.7122846,0.007959604263305664
87d694d8caeb44e697165e98533014f6,k-means,warm,exec,queue,8.273124694824219e-05,4.76837158203125e-07,2.384185791015625e-07,1609701016.6624007,1609701017.708471,1.0460703372955322,1609701016.7343655,1609701016.7420409,0.0076754093170166016
fd392c97bf9a42248085b189407c574e,k-means,warm,exec,queue,0.008618354797363281,2.384185791015625e-07,0.0,1609701016.6665828,1609701017.7070162,1.040433406829834,1609701016.7350414,1609701016.7432647,0.008223295211791992
b971b784800f495297792f6ef9b8a3a5,k-means,warm,exec,queue,0.011994600296020508,2.384185791015625e-07,0.0,1609701016.6692252,1609701017.553814,0.8845887184143066,1609701016.740512,1609701016.7485914,0.00807952880859375
de23d3bf9dae43828ce3df373e43ba9e,k-means,warm,exec,queue,0.017078638076782227,2.384185791015625e-07,0.0,1609701016.671865,1609701017.4571595,0.7852945327758789,1609701016.7500772,1609701016.758439,0.00836181640625
b06750f9c06e43df8a1dd77cb67999e9,k-means,warm,exec,queue,0.0233304500579834,2.384185791015625e-07,2.384185791015625e-07,1609701016.6983302,1609701017.4615393,0.7632091045379639,1609701016.7519376,1609701016.7585273,0.006589651107788086
d5bd905ce341426bb86e0d0e6893eaf8,k-means,warm,exec,queue,0.027872323989868164,2.384185791015625e-07,2.384185791015625e-07,1609701016.6999245,1609701017.1613786,0.4614541530609131,1609701016.7576716,1609701016.7640305,0.0063588619232177734
8e154144a3b440bf9b6f0a6267f41727,k-means,warm,exec,queue,0.03297281265258789,2.384185791015625e-07,4.76837158203125e-07,1609701016.7014637,1609701017.2698417,0.5683779716491699,1609701016.7670102,1609701016.7752254,0.008215188980102539
b8b4da0d55964079b5b03b131a3e4134,k-means,warm,exec,queue,0.0388033390045166,2.384185791015625e-07,2.384185791015625e-07,1609701016.7031038,1609701017.909736,1.206632137298584,1609701016.7719185,1609701016.7790313,0.007112741470336914
d080b6b11563453bbbf8a2c8313e7daa,k-means,warm,exec,queue,0.0439605712890625,2.384185791015625e-07,2.384185791015625e-07,1609701016.7046826,1609701017.907634,1.202951431274414,1609701016.773327,1609701016.7796228,0.006295680999755859
98cb277b5f39446fb194b9bb0fd60d4b,k-means,warm,exec,queue,0.04904317855834961,2.384185791015625e-07,2.384185791015625e-07,1609701016.706231,1609701017.9070666,1.2008354663848877,1609701016.7791004,1609701016.7864308,0.007330417633056641
c272a809633a4939b009aa560de0cc06,k-means,warm,exec,queue,0.054086923599243164,2.384185791015625e-07,2.384185791015625e-07,1609701016.7078483,1609701017.707409,0.9995605945587158,1609701016.7869377,1609701016.7936857,0.0067479610443115234
2647fa4933a3449693a3a8f552fcbaf0,k-means,warm,exec,queue,0.058942317962646484,2.384185791015625e-07,2.384185791015625e-07,1609701016.7093992,1609701017.4611804,0.7517812252044678,1609701016.7920232,1609701016.7982986,0.0062754154205322266
4a3c4fa5c6204eb8a33cc87cccbd0e2c,video,warm,exec,queue,0.01732158660888672,2.384185791015625e-07,2.384185791015625e-07,1609701016.7109368,1609701017.4539886,0.7430517673492432,1609701016.7531216,1609701016.7695613,0.01643967628479004
b57204066ea043d984d0bc3f47f6d8aa,k-means,warm,exec,queue,0.0029675960540771484,7.152557373046875e-07,2.384185791015625e-07,1609701017.6553738,1609701017.9032776,0.24790382385253906,1609701017.6868546,1609701017.6947474,0.007892847061157227
ab95e94682e64f55a8c1585e12491192,k-means,warm,exec,queue,0.034245967864990234,2.384185791015625e-07,0.0,1609701017.6594825,1609701018.0588417,0.39935922622680664,1609701017.7212608,1609701017.725484,0.0042231082916259766
db18c6e6f79f4a66844e77f721160c55,k-means,warm,exec,queue,0.0295717716217041,2.384185791015625e-07,0.0,1609701017.6621192,1609701018.3149064,0.6527872085571289,1609701017.714961,1609701017.7205887,0.005627632141113281
f45ef3588d19445195d38ce64a7c6c8b,k-means,warm,exec,queue,0.02416706085205078,2.384185791015625e-07,2.384185791015625e-07,1609701017.6646845,1609701018.0599577,0.39527320861816406,1609701017.7100341,1609701017.7166004,0.006566286087036133
86085f05ab1b4621bbf738eb3c6ef693,k-means,warm,exec,queue,0.01963210105895996,2.384185791015625e-07,2.384185791015625e-07,1609701017.6661868,1609701018.059435,0.3932480812072754,1609701017.7049727,1609701017.7122557,0.00728297233581543
ca7466ef5aa24cff9cd60235dfcc3042,k-means,warm,exec,queue,0.006533384323120117,2.384185791015625e-07,2.384185791015625e-07,1609701017.667987,1609701018.3153162,0.6473290920257568,1609701017.6881268,1609701017.6952267,0.00709986686706543
19fd3cdb9db04efba4048774a723855f,k-means,warm,exec,queue,0.011453866958618164,2.384185791015625e-07,2.384185791015625e-07,1609701017.669505,1609701017.908157,0.23865222930908203,1609701017.6942453,1609701017.701946,0.007700681686401367
e07833fc574248ef890648f12511f3da,k-means,warm,exec,queue,0.01678776741027832,2.384185791015625e-07,2.384185791015625e-07,1609701017.670984,1609701018.054827,0.38384294509887695,1609701017.7012162,1609701017.7085345,0.007318258285522461
3a9a21da7ec14eeaaf1d722b6dee89ec,k-means,warm,exec,queue,0.0011627674102783203,7.152557373046875e-07,2.384185791015625e-07,1609701018.6786506,1609701018.8667126,0.18806195259094238,1609701018.7420588,1609701018.7513597,0.009300947189331055
d882b78b71ac413ab969ca7e2e7d08d5,k-means,warm,exec,queue,0.005393505096435547,4.76837158203125e-07,0.0,1609701018.6832302,1609701019.1280816,0.4448513984680176,1609701018.7502306,1609701018.7576838,0.007453203201293945
d792a42edb764a1888795999e4f43897,k-means,warm,exec,queue,0.016875505447387695,2.384185791015625e-07,2.384185791015625e-07,1609701018.685932,1609701019.059226,0.3732941150665283,1609701018.7555077,1609701018.76344,0.007932186126708984
9b3a27e4441f43dfb3495a3540e7a9fa,k-means,warm,exec,queue,0.021807193756103516,2.384185791015625e-07,0.0,1609701018.688727,1609701019.3154888,0.6267619132995605,1609701018.7656755,1609701018.7731454,0.007469892501831055
ffdaa808af634ac498faf22960f1f6bc,k-means,warm,exec,queue,0.027723312377929688,2.384185791015625e-07,2.384185791015625e-07,1609701018.6902118,1609701018.8813698,0.19115805625915527,1609701018.767033,1609701018.773695,0.006661891937255859
ee30f48585324c0e86dbde6a13004f7e,k-means,warm,exec,queue,0.03304648399353027,2.384185791015625e-07,0.0,1609701018.6916683,1609701019.0073755,0.3157072067260742,1609701018.7723687,1609701018.7783496,0.005980968475341797
28132ace1db94a7299eb9c9082170053,k-means,warm,exec,queue,0.03765749931335449,7.152557373046875e-07,0.0,1609701018.6931727,1609701019.0627987,0.3696260452270508,1609701018.779843,1609701018.7863796,0.0065364837646484375
66cc128e9b054c149e40a25fccb259f8,k-means,warm,exec,queue,0.042676687240600586,0.0,2.384185791015625e-07,1609701018.694666,1609701018.9853806,0.29071474075317383,1609701018.7872052,1609701018.7947204,0.0075151920318603516
e6384ac6a4f740d59e33a589d6448b1a,k-means,warm,exec,queue,0.04748964309692383,4.76837158203125e-07,2.384185791015625e-07,1609701018.69628,1609701018.9848132,0.28853321075439453,1609701018.7926626,1609701018.8006597,0.00799703598022461
e481a111ef544838b237ee73b8155d84,k-means,warm,exec,queue,0.05235171318054199,2.384185791015625e-07,0.0,1609701018.697789,1609701019.3123546,0.6145656108856201,1609701018.7955203,1609701018.8032541,0.007733821868896484
82c41f97e74143059517d3a037419d1d,k-means,warm,exec,queue,0.058461904525756836,2.384185791015625e-07,0.0,1609701018.6992495,1609701019.3168118,0.6175622940063477,1609701018.8016238,1609701018.807965,0.006341218948364258
1ec7d91ff9b64514b5b3f0a90c20a38f,k-means,warm,exec,queue,0.012127161026000977,4.76837158203125e-07,2.384185791015625e-07,1609701018.7007544,1609701018.870198,0.16944360733032227,1609701018.7498164,1609701018.7567341,0.006917715072631836
37c4ebce03fa46ca9973f3f36ffa77ac,k-means,warm,exec,queue,0.06469297409057617,2.384185791015625e-07,0.0,1609701018.7023,1609701019.3345425,0.6322424411773682,1609701018.809727,1609701018.8172255,0.007498502731323242
e07aec9573f94452a13acb4b3ab89c27,k-means,warm,exec,queue,0.06780815124511719,2.384185791015625e-07,0.0,1609701018.7037573,1609701019.3365967,0.6328394412994385,1609701018.816139,1609701018.8226752,0.006536245346069336
6ab2bb288ace455da1e4a6f8f4562282,k-means,warm,exec,queue,0.07247400283813477,2.384185791015625e-07,0.0,1609701018.7052252,1609701018.9158201,0.21059489250183105,1609701018.8172467,1609701018.823408,0.006161212921142578
78f1460353074077adc8961e928a5817,k-means,warm,exec,queue,0.07726812362670898,2.384185791015625e-07,2.384185791015625e-07,1609701018.706694,1609701019.3141255,0.6074316501617432,1609701018.8242972,1609701018.8307366,0.0064394474029541016
742ba6eaa4d54eee843716efb26dac28,k-means,warm,exec,queue,0.08288240432739258,7.152557373046875e-07,2.384185791015625e-07,1609701018.708257,1609701019.062228,0.353971004486084,1609701018.831092,1609701018.8388567,0.0077648162841796875
e88895513de447629eb8aeca9a8ed2d5,k-means,warm,exec,queue,0.08785796165466309,2.384185791015625e-07,0.0,1609701018.709705,1609701019.312826,0.6031208038330078,1609701018.8337567,1609701018.8399456,0.006188869476318359
7423ecd6cd9f4f55af4a7b988acbb214,k-means,warm,exec,queue,0.09294581413269043,0.0,2.384185791015625e-07,1609701018.7111533,1609701019.3100207,0.5988674163818359,1609701018.8393943,1609701018.8465154,0.007121086120605469
668c693e39f54c5a8223396f395752e3,k-means,warm,exec,queue,0.09755206108093262,4.76837158203125e-07,2.384185791015625e-07,1609701018.712727,1609701019.0926487,0.37992167472839355,1609701018.846841,1609701018.8534358,0.006594657897949219
e3960454d4e046f5a8f48e3387d022ae,k-means,warm,exec,queue,0.10279512405395508,2.384185791015625e-07,2.384185791015625e-07,1609701018.7141702,1609701019.0912368,0.37706661224365234,1609701018.85182,1609701018.8593345,0.007514476776123047
8424ae59f18a444bbafd759a78daa487,k-means,warm,exec,queue,0.10795760154724121,2.384185791015625e-07,0.0,1609701018.7155945,1609701019.2296956,0.5141010284423828,1609701018.8554852,1609701018.8612776,0.005792379379272461
8f1f7ef386aa49de87019db32194d3e7,k-means,warm,exec,queue,0.11311769485473633,0.0,2.384185791015625e-07,1609701018.7170458,1609701019.337043,0.6199972629547119,1609701018.8610566,1609701018.8667624,0.005705833435058594
2027cc9cc09144d49381e74e643c9ed0,k-means,warm,exec,queue,0.11818099021911621,2.384185791015625e-07,2.384185791015625e-07,1609701018.7202022,1609701019.2290492,0.5088469982147217,1609701018.8725917,1609701018.8794389,0.0068471431732177734
78f1a1f4a20a4fc48df186d2af0c0895,video,warm,exec,queue,0.008963346481323242,2.384185791015625e-07,2.384185791015625e-07,1609701018.7216506,1609701018.8711605,0.14950990676879883,1609701018.7663488,1609701018.7827094,0.01636052131652832
08960211e0c94487a765d8b5ec2aaacf,k-means,warm,exec,queue,6.103515625e-05,4.76837158203125e-07,0.0,1609701019.66257,1609701019.842101,0.17953109741210938,1609701019.7133267,1609701019.7208486,0.007521867752075195
247f2705949a4bb0aaf193e7c8b36bb2,k-means,warm,exec,queue,0.008132457733154297,2.384185791015625e-07,0.0,1609701019.6665447,1609701019.8425941,0.17604947090148926,1609701019.7133257,1609701019.7208412,0.007515430450439453
653664b73d4b4e2eb7ea31648c2bd9eb,k-means,warm,exec,queue,0.01175236701965332,4.76837158203125e-07,2.384185791015625e-07,1609701019.6691027,1609701019.9245336,0.2554309368133545,1609701019.716995,1609701019.7241397,0.0071446895599365234
87ea418571a34874b001f56d36b7e497,k-means,warm,exec,queue,0.017745018005371094,2.384185791015625e-07,4.76837158203125e-07,1609701019.6715713,1609701019.839608,0.16803669929504395,1609701019.7237816,1609701019.7302735,0.006491899490356445
881c0cd0ec03473a86053af50719d12e,k-means,warm,exec,queue,0.023280858993530273,2.384185791015625e-07,0.0,1609701019.6743855,1609701019.8649664,0.1905808448791504,1609701019.7338483,1609701019.7411785,0.007330179214477539
c4e88e2b17aa4d54952cc9b6a7376ac0,k-means,warm,exec,queue,0.028209924697875977,2.384185791015625e-07,2.384185791015625e-07,1609701019.6767886,1609701020.151736,0.474947452545166,1609701019.736087,1609701019.742786,0.0066988468170166016
0410675ff65d4d18bf11c1ebe355d931,k-means,warm,exec,queue,0.03349661827087402,2.384185791015625e-07,2.384185791015625e-07,1609701019.6782868,1609701019.8638735,0.18558669090270996,1609701019.7409334,1609701019.7464113,0.0054779052734375
a667bb9191214fdbb65a8024c5d85d9f,k-means,warm,exec,queue,0.0384979248046875,4.76837158203125e-07,2.384185791015625e-07,1609701019.6797643,1609701020.1503973,0.47063302993774414,1609701019.7546015,1609701019.7616146,0.007013082504272461
5a7ff151a5924e2fafbc3be0bb1d5fae,k-means,warm,exec,queue,0.044284820556640625,4.76837158203125e-07,2.384185791015625e-07,1609701019.6814759,1609701019.9283662,0.24689030647277832,1609701019.7554958,1609701019.7614136,0.005917787551879883
f71b7b2d1e604a28a17b791f125a9d67,k-means,warm,exec,queue,0.04942679405212402,2.384185791015625e-07,2.384185791015625e-07,1609701019.683941,1609701019.9944832,0.31054234504699707,1609701019.7584102,1609701019.7646892,0.00627899169921875
949503e46fa54ecbad128043bb5e764a,k-means,warm,exec,queue,0.054013729095458984,4.76837158203125e-07,0.0,1609701019.686296,1609701019.9926138,0.3063178062438965,1609701019.7646132,1609701019.7715044,0.0068912506103515625
970f3573a3d940238ba1c01df5ffe918,matmul,warm,exec,queue,0.01686263084411621,2.384185791015625e-07,2.384185791015625e-07,1609701019.6887033,1609701019.926419,0.2377157211303711,1609701019.734215,1609701019.7427413,0.008526325225830078
cd2a254734eb4814bc684ae598c463cc,k-means,warm,exec,queue,0.005512714385986328,7.152557373046875e-07,2.384185791015625e-07,1609701020.6605246,1609701020.7846534,0.12412881851196289,1609701020.6972063,1609701020.7064037,0.009197473526000977
edec91c34da44a7593bf56981bc068e2,video,warm,exec,queue,0.016016483306884766,2.384185791015625e-07,2.384185791015625e-07,1609701020.6640747,1609701020.9447339,0.28065919876098633,1609701020.715826,1609701020.730633,0.014806985855102539
4beb10b05573431cacdefb4c2dd0ee1a,k-means,warm,exec,queue,0.0433802604675293,2.384185791015625e-07,2.384185791015625e-07,1609701020.6662943,1609701020.9957957,0.3295013904571533,1609701020.7395265,1609701020.7454767,0.005950212478637695
b03ccd29b5e1437b99b887206e81d30b,k-means,warm,exec,queue,0.009682655334472656,2.384185791015625e-07,4.76837158203125e-07,1609701020.6684399,1609701020.7860482,0.11760830879211426,1609701020.698641,1609701020.7047184,0.006077289581298828
a219e0b527e242ee94cd09bc5868677a,k-means,warm,exec,queue,0.015019893646240234,7.152557373046875e-07,0.0,1609701020.6705887,1609701020.7873805,0.1167917251586914,1609701020.7058048,1609701020.7126718,0.006866931915283203
d2b39c645be5498cb2fa9abf1099bf4b,k-means,warm,exec,queue,0.019336700439453125,2.384185791015625e-07,0.0,1609701020.6728833,1609701020.8094687,0.13658547401428223,1609701020.7154877,1609701020.7231944,0.007706642150878906
fe2258eeb6f74340a0512ba0225acd14,k-means,warm,exec,queue,0.025027751922607422,2.384185791015625e-07,2.384185791015625e-07,1609701020.6743953,1609701020.8696976,0.19530224800109863,1609701020.717079,1609701020.7240458,0.006966829299926758
b99e08c10d9c4876b58b2bc17b9ee427,k-means,warm,exec,queue,0.030025482177734375,2.384185791015625e-07,0.0,1609701020.6758213,1609701020.9941084,0.3182871341705322,1609701020.721474,1609701020.7269964,0.005522489547729492
3f67e75f4bd841caa8c28ecd2531aa7f,k-means,warm,exec,queue,0.03536653518676758,2.384185791015625e-07,2.384185791015625e-07,1609701020.6772585,1609701020.9465823,0.26932382583618164,1609701020.7358372,1609701020.742441,0.006603717803955078
ddef7ebda81645bb897640a0048ebbe5,k-means,warm,exec,queue,0.03982234001159668,2.384185791015625e-07,0.0,1609701020.678786,1609701020.868351,0.18956494331359863,1609701020.7387455,1609701020.7461965,0.007451057434082031
738f769d14454ac39364327075d8e77a,k-means,warm,exec,queue,0.011115550994873047,2.384185791015625e-07,0.0,1609701021.672528,1609701021.8512309,0.17870283126831055,1609701021.7217731,1609701021.7291315,0.0073583126068115234
d90bc8511ae3455590f1aac46d938b82,k-means,warm,exec,queue,0.04044675827026367,4.76837158203125e-07,2.384185791015625e-07,1609701021.6767938,1609701022.0014756,0.32468175888061523,1609701021.7623043,1609701021.7692752,0.006970882415771484
ee73b59a375740318339407d950f07a8,k-means,warm,exec,queue,0.044774770736694336,4.76837158203125e-07,2.384185791015625e-07,1609701021.6792917,1609701021.9996781,0.3203864097595215,1609701021.76474,1609701021.7708771,0.00613713264465332
fa53c05e42884180beb8fc9d5d25d8e1,k-means,warm,exec,queue,0.0491023063659668,4.76837158203125e-07,2.384185791015625e-07,1609701021.681784,1609701021.9160032,0.23421931266784668,1609701021.7653494,1609701021.7715425,0.0061931610107421875
7475b03ffc314fbabfe0a34a29b3c9a6,k-means,warm,exec,queue,0.05354666709899902,4.76837158203125e-07,2.384185791015625e-07,1609701021.6845062,1609701021.9154346,0.2309284210205078,1609701021.7730033,1609701021.7803888,0.0073854923248291016
aaca5787d90549bba4dca711fb16c0df,k-means,warm,exec,queue,0.05838441848754883,2.384185791015625e-07,2.384185791015625e-07,1609701021.6859257,1609701021.9127839,0.22685813903808594,1609701021.7787454,1609701021.7845848,0.005839347839355469
09241b8b22a54654b6fe50ca4736177c,k-means,warm,exec,queue,0.06371331214904785,2.384185791015625e-07,2.384185791015625e-07,1609701021.687341,1609701021.9992602,0.3119192123413086,1609701021.7819805,1609701021.7887125,0.006731986999511719
e5a21481d5cd4f5bbf8a2f9b0ef5223a,k-means,warm,exec,queue,0.03509402275085449,2.384185791015625e-07,2.384185791015625e-07,1609701021.6887681,1609701021.8463655,0.15759730339050293,1609701021.7493155,1609701021.7555192,0.006203651428222656
ad309b35e24e48d48169193ae160b78e,k-means,warm,exec,queue,0.029788970947265625,7.152557373046875e-07,2.384185791015625e-07,1609701021.6902156,1609701021.9174075,0.22719192504882812,1609701021.7445335,1609701021.7503934,0.005859851837158203
6b91bbe02e85475a8f748414a9462de7,k-means,warm,exec,queue,0.024997711181640625,7.152557373046875e-07,2.384185791015625e-07,1609701021.6917634,1609701022.0011606,0.30939722061157227,1609701021.7437394,1609701021.750486,0.006746530532836914
25cb60ed2b9346a5a3845479cd6d1064,k-means,warm,exec,queue,0.01484227180480957,2.384185791015625e-07,0.0,1609701021.693225,1609701021.8496747,0.1564497947692871,1609701021.7268994,1609701021.7346208,0.007721424102783203
1c3a99dd99794fc6aec104517b20ab49,k-means,warm,exec,queue,0.020097970962524414,4.76837158203125e-07,2.384185791015625e-07,1609701021.694652,1609701021.8491096,0.15445756912231445,1609701021.733501,1609701021.7414408,0.007939815521240234
4802d86d014e4d6980cf0d1023827c74,k-means,warm,exec,queue,0.06780862808227539,4.76837158203125e-07,2.384185791015625e-07,1609701021.6960802,1609701022.0800517,0.3839714527130127,1609701021.7902114,1609701021.7957847,0.005573272705078125
61dee80ab04540c9b623ea0b47cff8cc,k-means,warm,exec,queue,0.07305383682250977,4.76837158203125e-07,2.384185791015625e-07,1609701021.697638,1609701021.869891,0.17225289344787598,1609701021.7949748,1609701021.8016841,0.00670933723449707
500bc847ef5542bf834dd899caa7df58,k-means,warm,exec,queue,0.07823967933654785,2.384185791015625e-07,0.0,1609701021.6990993,1609701021.9969804,0.2978811264038086,1609701021.7989204,1609701021.8044555,0.005535125732421875
fea6a2c05338416a9f003cea934b07ce,k-means,warm,exec,queue,9.560585021972656e-05,1.811981201171875e-05,2.384185791015625e-07,1609701022.6617968,1609701022.7894204,0.1276235580444336,1609701022.700158,1609701022.7082076,0.008049488067626953
8c5898773077422ab864e9910d016412,k-means,warm,exec,queue,0.0050733089447021484,4.76837158203125e-07,2.384185791015625e-07,1609701022.665286,1609701022.791973,0.12668704986572266,1609701022.6999576,1609701022.7082055,0.008247852325439453
93efa004c3714e369b60a47fb2d465d1,video,warm,exec,queue,0.021047353744506836,7.152557373046875e-07,2.384185791015625e-07,1609701022.6673963,1609701022.9504523,0.28305602073669434,1609701022.7231448,1609701022.7398446,0.016699790954589844
8504c2a368ed4adfba20aee860a5f6cb,k-means,warm,exec,queue,0.009186506271362305,7.152557373046875e-07,2.384185791015625e-07,1609701022.6695526,1609701022.8851337,0.21558117866516113,1609701022.7051897,1609701022.7131906,0.008000850677490234
183fd05cd09f4dca9ce75d86c24f0ae8,k-means,warm,exec,queue,0.01445627212524414,4.76837158203125e-07,0.0,1609701022.6716506,1609701022.791514,0.11986327171325684,1609701022.710927,1609701022.7196705,0.008743524551391602
114e450ae57a4354a6271cee0006f91f,k-means,warm,exec,queue,0.022057294845581055,7.152557373046875e-07,2.384185791015625e-07,1609701022.6735477,1609701022.9060662,0.23251843452453613,1609701022.72301,1609701022.7309935,0.00798344612121582
099e6ca1bc42489ab2194088f6ffb450,k-means,warm,exec,queue,0.027001142501831055,4.76837158203125e-07,2.384185791015625e-07,1609701022.6750896,1609701022.9487274,0.2736377716064453,1609701022.7237406,1609701022.7297766,0.006036043167114258
7bc87879135746cbae2ea10289a03986,k-means,warm,exec,queue,0.03238081932067871,2.384185791015625e-07,0.0,1609701022.6766112,1609701022.8875608,0.21094965934753418,1609701022.728921,1609701022.734827,0.005906105041503906
a48efd2e33024f548b62d59441ee8eb3,k-means,warm,exec,queue,0.037824153900146484,2.384185791015625e-07,2.384185791015625e-07,1609701022.6781197,1609701022.8857467,0.2076270580291748,1609701022.7421293,1609701022.7491236,0.0069942474365234375
2117efd56f00420ea52ecfdc12c9780a,k-means,warm,exec,queue,0.04319572448730469,2.384185791015625e-07,2.384185791015625e-07,1609701022.679929,1609701023.0244038,0.34447479248046875,1609701022.7422078,1609701022.7486901,0.006482362747192383
314028ac244a4102bbf87e8c009ebd32,k-means,warm,exec,queue,0.002619028091430664,4.76837158203125e-07,4.76837158203125e-07,1609701023.6691406,1609701023.8676808,0.19854021072387695,1609701023.710186,1609701023.7183092,0.008123159408569336
d25b1ea7ca1443d3bcb64b2bfb60533e,k-means,warm,exec,queue,0.051149606704711914,2.384185791015625e-07,0.0,1609701023.673238,1609701024.1681037,0.49486565589904785,1609701023.759265,1609701023.7656002,0.006335258483886719
a611ffdc155844b4b287d9a2e4fc1bce,k-means,warm,exec,queue,0.008846521377563477,4.76837158203125e-07,0.0,1609701023.6757512,1609701023.9249067,0.24915552139282227,1609701023.7108364,1609701023.7185078,0.007671356201171875
54510d96a01647dfb4ee0c972c40a46c,k-means,warm,exec,queue,0.04035544395446777,2.384185791015625e-07,4.76837158203125e-07,1609701023.677619,1609701023.8688822,0.19126319885253906,1609701023.7472625,1609701023.752994,0.0057315826416015625
18af888dc2e342ffbeaf71eec873e70d,k-means,warm,exec,queue,0.03577566146850586,2.384185791015625e-07,0.0,1609701023.6792164,1609701024.1699407,0.4907243251800537,1609701023.7418466,1609701023.7473347,0.005488157272338867
527d7789663a48faae577a9953661f78,k-means,warm,exec,queue,0.03116321563720703,2.384185791015625e-07,2.384185791015625e-07,1609701023.6806557,1609701024.1181207,0.43746495246887207,1609701023.7367237,1609701023.7425313,0.005807638168334961
5ab7d63e0c764ab28c0c36c5e591ffe2,k-means,warm,exec,queue,0.026512861251831055,2.384185791015625e-07,2.384185791015625e-07,1609701023.682091,1609701023.8699052,0.18781423568725586,1609701023.7312183,1609701023.7374632,0.0062448978424072266
7ffb411cf5e24efeb1d3d1992a9343a1,k-means,warm,exec,queue,0.02173161506652832,4.76837158203125e-07,2.384185791015625e-07,1609701023.683527,1609701024.027263,0.343735933303833,1609701023.7264366,1609701023.732237,0.005800485610961914
b5ae0678479641f0907640233ab16891,k-means,warm,exec,queue,0.013140201568603516,4.76837158203125e-07,0.0,1609701023.684975,1609701023.8921611,0.20718622207641602,1609701023.7147474,1609701023.7223144,0.007566928863525391
54e79c0298b8445aa6ade0c3e83f2d77,k-means,warm,exec,queue,0.018242359161376953,2.384185791015625e-07,2.384185791015625e-07,1609701023.6865122,1609701023.893938,0.20742583274841309,1609701023.7198453,1609701023.7273903,0.007544994354248047
9817ed75832c4e92a8fc78d239f0f8b7,k-means,warm,exec,queue,0.0557408332824707,2.384185791015625e-07,2.384185791015625e-07,1609701023.6879408,1609701024.0928755,0.4049346446990967,1609701023.7647765,1609701023.7707849,0.0060083866119384766
0d6129be19644893b50ed161b17a3907,k-means,warm,exec,queue,0.0458524227142334,2.384185791015625e-07,2.384185791015625e-07,1609701023.6893888,1609701024.0287187,0.33932995796203613,1609701023.7530303,1609701023.7590032,0.005972862243652344
13247a70a2f641db94d9c693a53e0e54,k-means,warm,exec,queue,0.007467508316040039,2.384185791015625e-07,0.0,1609701024.6680512,1609701024.7691092,0.1010580062866211,1609701024.7068732,1609701024.7150114,0.008138179779052734
0744c3a3608949a3bef934f3de6cfb2b,matmul,warm,exec,queue,0.024810314178466797,2.384185791015625e-07,2.384185791015625e-07,1609701024.6722593,1609701024.827453,0.15519356727600098,1609701024.7294116,1609701024.73955,0.010138511657714844
3b89a7eca77d4fcf9855ceae8aae5bb4,k-means,warm,exec,queue,0.014002323150634766,2.384185791015625e-07,2.384185791015625e-07,1609701024.674023,1609701024.7940428,0.12001991271972656,1609701024.7171984,1609701024.7248025,0.007604122161865234
ccc8cd4c6fdb47e9bfe760ae20ee7f8f,k-means,warm,exec,queue,0.02077007293701172,4.76837158203125e-07,2.384185791015625e-07,1609701024.675604,1609701024.7956994,0.12009525299072266,1609701024.7277253,1609701024.7339687,0.006243467330932617
aa1c39bff3c944ef96353c7553739931,k-means,warm,exec,queue,0.025055885314941406,2.384185791015625e-07,0.0,1609701024.67739,1609701024.9916759,0.3142857551574707,1609701024.7318225,1609701024.7384064,0.0065839290618896484
4df23c311229442d95ab8fa2b3b2767b,k-means,warm,exec,queue,0.029695749282836914,4.76837158203125e-07,4.76837158203125e-07,1609701024.6789668,1609701024.861096,0.1821291446685791,1609701024.7340903,1609701024.7407818,0.006691455841064453
14f47a0498e74a719a09386d941d7d48,k-means,warm,exec,queue,0.034378767013549805,2.384185791015625e-07,0.0,1609701024.6805773,1609701024.830022,0.1494448184967041,1609701024.7435782,1609701024.7499266,0.006348371505737305
6c00c94452884afcbebfeaf8ae5c5749,k-means,warm,exec,queue,0.039235591888427734,4.76837158203125e-07,0.0,1609701024.6821558,1609701024.9456933,0.2635374069213867,1609701024.7486503,1609701024.7558734,0.0072231292724609375
33052f8b64b94560954f50ced293c0ea,k-means,warm,exec,queue,0.04395699501037598,2.384185791015625e-07,0.0,1609701024.6837366,1609701024.9935987,0.3098621368408203,1609701024.7525144,1609701024.7590477,0.006533384323120117
a1ee0d05a8e14a0cb733c73e2e1f4b65,k-means,warm,exec,queue,0.011292219161987305,2.384185791015625e-07,2.384185791015625e-07,1609701024.6853955,1609701024.8306088,0.14521336555480957,1609701024.7121456,1609701024.719535,0.007389545440673828
d49f3abbbb4d4e9087ade0598c7e5e4d,video,warm,exec,queue,0.021381855010986328,0.0,2.384185791015625e-07,1609701024.686846,1609701024.9059649,0.21911883354187012,1609701024.726913,1609701024.7434657,0.01655268669128418
5b3e07db91a649efad634437cb5e0178,map_reduce,warm,exec,queue,0.03043985366821289,2.384185791015625e-07,0.0,1609701024.688348,1609701024.905363,0.21701502799987793,1609701024.7333894,1609701024.8184361,0.08504676818847656
6033a0e511a24a8aa759a7029e0f23e6,k-means,warm,exec,queue,0.003862619400024414,7.152557373046875e-07,2.384185791015625e-07,1609701025.6666214,1609701025.8474758,0.18085432052612305,1609701025.7088656,1609701025.7158887,0.0070230960845947266
f5cfd32d8e174739a66cb7bd30e0f221,k-means,warm,exec,queue,0.04998588562011719,2.384185791015625e-07,2.384185791015625e-07,1609701025.6707568,1609701025.9160404,0.2452836036682129,1609701025.760004,1609701025.7655504,0.0055463314056396484
21a6298bb07b442ba1283cbdb4b79619,k-means,warm,exec,queue,0.044699668884277344,2.384185791015625e-07,0.0,1609701025.6733158,1609701025.9708633,0.2975475788116455,1609701025.7513301,1609701025.7576525,0.006322383880615234
c5adcbb9529a468282cdc7c192bfc90e,k-means,warm,exec,queue,0.0401608943939209,2.384185791015625e-07,2.384185791015625e-07,1609701025.6758308,1609701025.969139,0.2933082580566406,1609701025.7467642,1609701025.751696,0.004931926727294922
aafa073cada84dab82200e2f16b3a743,k-means,warm,exec,queue,0.03504443168640137,2.384185791015625e-07,2.384185791015625e-07,1609701025.67863,1609701025.8507237,0.17209362983703613,1609701025.7440314,1609701025.7506275,0.006596088409423828
67ae4f4804a94f6a9fcde31c0c75cae5,k-means,warm,exec,queue,0.030306339263916016,2.384185791015625e-07,2.384185791015625e-07,1609701025.6807969,1609701025.913868,0.23307108879089355,1609701025.7373595,1609701025.7443583,0.006998777389526367
827c09f271464971a44631bf793edf3c,k-means,warm,exec,queue,0.025549650192260742,2.384185791015625e-07,2.384185791015625e-07,1609701025.682269,1609701025.9358206,0.2535514831542969,1609701025.7303188,1609701025.7362876,0.005968809127807617
861107bcc03c400a8230876c4d059bd2,k-means,warm,exec,queue,0.009476423263549805,2.384185791015625e-07,0.0,1609701025.6837344,1609701025.8596766,0.17594218254089355,1609701025.7088668,1609701025.715951,0.0070841312408447266
bebc65291b0e4b0e863bee5af8d1ca8b,k-means,warm,exec,queue,0.014061212539672852,4.76837158203125e-07,2.384185791015625e-07,1609701025.685212,1609701025.8501346,0.16492271423339844,1609701025.7155504,1609701025.7231627,0.0076122283935546875
f20d5f5873684453be6361b694e98371,k-means,warm,exec,queue,0.01918935775756836,7.152557373046875e-07,2.384185791015625e-07,1609701025.6867924,1609701025.8440516,0.15725922584533691,1609701025.724413,1609701025.7315845,0.007171630859375
87d535c4cacf4bf286c1f9c5c852a0ff,k-means,warm,exec,queue,0.023627519607543945,2.384185791015625e-07,2.384185791015625e-07,1609701025.688264,1609701025.8469012,0.15863728523254395,1609701025.7248127,1609701025.7305233,0.005710601806640625
a49e402db424483e853db3ba020b7aa3,k-means,warm,exec,queue,0.0027735233306884766,4.76837158203125e-07,2.384185791015625e-07,1609701026.670573,1609701026.8057733,0.13520026206970215,1609701026.7274253,1609701026.7356882,0.008262872695922852
4a9f936b1c3f4aa7aff739be25eaa637,k-means,warm,exec,queue,0.06990981101989746,2.384185791015625e-07,2.384185791015625e-07,1609701026.6746883,1609701026.9175558,0.24286746978759766,1609701026.7979293,1609701026.8045552,0.0066258907318115234
8e7f3178cbdd4a7a99f566a9aa8d00d3,k-means,warm,exec,queue,0.040657997131347656,2.384185791015625e-07,0.0,1609701026.677772,1609701026.8731642,0.19539213180541992,1609701026.7633529,1609701026.7701051,0.0067522525787353516
da429fbad7814e11b07446849498a01e,k-means,warm,exec,queue,0.046289920806884766,2.384185791015625e-07,0.0,1609701026.6819868,1609701026.9192464,0.2372596263885498,1609701026.7709494,1609701026.7785282,0.007578849792480469
94a8e216813147d691a1846edce37348,k-means,warm,exec,queue,0.05426645278930664,2.384185791015625e-07,2.384185791015625e-07,1609701026.6859727,1609701027.1324806,0.44650793075561523,1609701026.7801394,1609701026.7870088,0.006869316101074219
6b369e1e0ab942a497369b039936b890,k-means,warm,exec,queue,0.05902886390686035,4.76837158203125e-07,2.384185791015625e-07,1609701026.6885002,1609701026.9645019,0.2760016918182373,1609701026.7871826,1609701026.7937622,0.00657963752746582
844b6de8ce14497397a9cb25b588c837,k-means,warm,exec,queue,0.06394481658935547,2.384185791015625e-07,2.384185791015625e-07,1609701026.691048,1609701026.9679933,0.2769453525543213,1609701026.7883518,1609701026.7953427,0.006990909576416016
c488fd97270b4154b58c2fb434564cda,k-means,warm,exec,queue,0.032921552658081055,2.384185791015625e-07,2.384185791015625e-07,1609701026.6935284,1609701026.8748243,0.18129587173461914,1609701026.7566373,1609701026.7628198,0.006182432174682617
4a3c78b2d4b142b9b205420e432ebed7,k-means,warm,exec,queue,0.025515079498291016,2.384185791015625e-07,2.384185791015625e-07,1609701026.6959388,1609701026.9169562,0.22101736068725586,1609701026.7478955,1609701026.7556572,0.007761716842651367
65b32e403e564a10859fef9deca63753,k-means,warm,exec,queue,0.017482519149780273,2.384185791015625e-07,2.384185791015625e-07,1609701026.6982508,1609701026.9138665,0.21561574935913086,1609701026.7450268,1609701026.7516851,0.006658315658569336
c27654a85f9f434e9eae2fdcba7a01ce,k-means,warm,exec,queue,0.010380029678344727,2.384185791015625e-07,0.0,1609701026.699825,1609701026.9673884,0.2675633430480957,1609701026.7266474,1609701026.7344742,0.007826805114746094
2bda33f353094c308e6dae99a9a9d772,k-means,warm,exec,queue,0.01524972915649414,4.76837158203125e-07,0.0,1609701026.7014427,1609701026.8051677,0.10372495651245117,1609701026.733729,1609701026.7419338,0.008204936981201172
2d76c5b76b324bcabff91913685451cc,video,warm,exec,queue,0.018056869506835938,4.76837158203125e-07,2.384185791015625e-07,1609701026.7030187,1609701026.8714647,0.16844606399536133,1609701026.7473404,1609701026.763932,0.016591548919677734
aa021459042c4d3d9a7e8c3fa7b940e6,k-means,warm,exec,queue,8.034706115722656e-05,4.76837158203125e-07,2.384185791015625e-07,1609701027.668662,1609701027.799659,0.1309969425201416,1609701027.7105844,1609701027.719529,0.008944511413574219
00b82ed7aadf484594eae2bc30a49f0b,k-means,warm,exec,queue,0.0068705081939697266,4.76837158203125e-07,4.76837158203125e-07,1609701027.6726472,1609701027.801852,0.12920475006103516,1609701027.71011,1609701027.7181907,0.008080720901489258
73150294ce8a470bb97a56fd032c0276,k-means,warm,exec,queue,0.011923551559448242,7.152557373046875e-07,2.384185791015625e-07,1609701027.6752236,1609701027.8676765,0.19245290756225586,1609701027.7169967,1609701027.7250752,0.008078575134277344
68da49a77115447182068587338a257e,k-means,warm,exec,queue,0.016930341720581055,4.76837158203125e-07,2.384185791015625e-07,1609701027.6778612,1609701027.8449726,0.16711139678955078,1609701027.7211957,1609701027.7311687,0.00997304916381836
57c450783ac2414a88b720769604996a,k-means,warm,exec,queue,0.021684646606445312,2.384185791015625e-07,0.0,1609701027.6804397,1609701027.8416162,0.16117644309997559,1609701027.7265291,1609701027.734345,0.007815837860107422
06851ecaf86d4fe38d4586bfa72d92b8,k-means,warm,exec,queue,0.025868892669677734,4.76837158203125e-07,2.384185791015625e-07,1609701027.6821978,1609701027.8917146,0.2095167636871338,1609701027.7350452,1609701027.7422245,0.00717926025390625
471acb2316eb4d8bb7387ef0a3782514,k-means,warm,exec,queue,0.030163049697875977,9.5367431640625e-07,2.384185791015625e-07,1609701027.6837733,1609701027.9442606,0.26048731803894043,1609701027.7410727,1609701027.7481334,0.0070607662200927734
acaa5110735d4807b5673b6afa608586,k-means,warm,exec,queue,0.03555893898010254,2.384185791015625e-07,0.0,1609701027.6853638,1609701027.8443525,0.15898871421813965,1609701027.7414536,1609701027.7477095,0.0062558650970458984
3f626782135d4b6c91c6ae2b86f66ac7,k-means,warm,exec,queue,0.04010272026062012,4.76837158203125e-07,4.76837158203125e-07,1609701027.686949,1609701027.9422603,0.2553112506866455,1609701027.7502034,1609701027.7570775,0.00687408447265625
8b5f6b147f9c4afc8884c96d01a49190,k-means,warm,exec,queue,0.04455280303955078,4.76837158203125e-07,4.76837158203125e-07,1609701027.6886716,1609701027.8934448,0.2047731876373291,1609701027.7552173,1609701027.7616987,0.0064814090728759766
204711e5bc0d4ed99959d7fd18dfef12,k-means,warm,exec,queue,7.796287536621094e-05,7.152557373046875e-07,2.384185791015625e-07,1609701028.6727374,1609701028.8676531,0.194915771484375,1609701028.7169857,1609701028.7254684,0.008482694625854492
b781c9394a754cef932bc76607816aeb,k-means,warm,exec,queue,0.006095409393310547,2.384185791015625e-07,4.76837158203125e-07,1609701028.6770818,1609701028.8093276,0.13224577903747559,1609701028.7169921,1609701028.7249985,0.00800633430480957
721aff9bf59b483babe25afc157b7343,k-means,warm,exec,queue,0.01103067398071289,2.384185791015625e-07,2.384185791015625e-07,1609701028.6796844,1609701029.0563898,0.3767054080963135,1609701028.7222986,1609701028.7302535,0.007954835891723633
79940a407316411490b6c63859517f98,k-means,warm,exec,queue,0.016339540481567383,2.384185791015625e-07,2.384185791015625e-07,1609701028.6822984,1609701028.8444777,0.16217923164367676,1609701028.7289715,1609701028.7357612,0.006789684295654297
d07024f1844c4035a1a9737e211e96f2,k-means,warm,exec,queue,0.02169966697692871,4.76837158203125e-07,0.0,1609701028.684865,1609701028.8934102,0.20854520797729492,1609701028.7379365,1609701028.7445436,0.0066070556640625
2d2f119317564965855f470be4c4881d,k-means,warm,exec,queue,0.026214122772216797,2.384185791015625e-07,0.0,1609701028.6864283,1609701028.8433468,0.15691852569580078,1609701028.7435536,1609701028.7511106,0.007556915283203125
016e3bbc2c54408fb04f221d3cb55a99,k-means,warm,exec,queue,0.031162261962890625,2.384185791015625e-07,2.384185791015625e-07,1609701028.687996,1609701028.9978151,0.30981922149658203,1609701028.7448876,1609701028.7509236,0.006036043167114258
eb372e0284ee4538936c1c558ef0debd,k-means,warm,exec,queue,0.0367887020111084,2.384185791015625e-07,0.0,1609701028.6895711,1609701028.937166,0.24759483337402344,1609701028.7517314,1609701028.7589698,0.0072383880615234375
0cc2c299e95c4fe0a7130abee16cd552,k-means,warm,exec,queue,0.0429379940032959,2.384185791015625e-07,0.0,1609701028.6911416,1609701028.9972923,0.3061506748199463,1609701028.7610242,1609701028.7680554,0.00703120231628418
b093dfdbbae645068ffc841ccda169ab,k-means,warm,exec,queue,0.04770660400390625,2.384185791015625e-07,4.76837158203125e-07,1609701028.6928768,1609701029.0556912,0.36281442642211914,1609701028.7620583,1609701028.7678895,0.005831241607666016
10248d8680ab47d39381a96ef2ab377a,k-means,warm,exec,queue,0.052834510803222656,2.384185791015625e-07,0.0,1609701028.6944425,1609701028.8952487,0.2008061408996582,1609701028.7677464,1609701028.77443,0.0066835880279541016
87010be7eaea48a1ae976e33fd8ab027,video,warm,exec,queue,0.01658797264099121,4.76837158203125e-07,2.384185791015625e-07,1609701028.6960158,1609701028.8422077,0.14619183540344238,1609701028.7370286,1609701028.7538223,0.01679372787475586
dbc08631d0af4e65b981cf98c68a597a,k-means,warm,exec,queue,0.008412361145019531,2.384185791015625e-07,2.384185791015625e-07,1609701029.6742244,1609701029.7878096,0.11358523368835449,1609701029.7208178,1609701029.7287986,0.007980823516845703
e846ddf6b61f4be29c91005080622143,k-means,warm,exec,queue,0.04620051383972168,2.384185791015625e-07,2.384185791015625e-07,1609701029.6784074,1609701029.8563664,0.17795896530151367,1609701029.763684,1609701029.7699943,0.006310224533081055
ef7d75cdfb3d4151a5e1a95ef7de2cb8,k-means,warm,exec,queue,0.051242828369140625,2.384185791015625e-07,2.384185791015625e-07,1609701029.680937,1609701029.9292452,0.2483081817626953,1609701029.768225,1609701029.7750573,0.0068323612213134766
b2bbb4163c0341d2a10e3b9092d1b8a7,k-means,warm,exec,queue,0.05665779113769531,2.384185791015625e-07,0.0,1609701029.6834245,1609701029.8970475,0.213623046875,1609701029.7749765,1609701029.7811964,0.0062198638916015625
8aa8309e04d64569ac4cc28a8cf03948,k-means,warm,exec,queue,0.0613861083984375,2.384185791015625e-07,2.384185791015625e-07,1609701029.686197,1609701029.8964643,0.2102673053741455,1609701029.7797303,1609701029.7859902,0.006259918212890625
7c96383db1bf4bf1aa2441b7cdb24e6d,k-means,warm,exec,queue,0.04151010513305664,2.384185791015625e-07,0.0,1609701029.6885297,1609701029.8975968,0.20906710624694824,1609701029.7594159,1609701029.7657545,0.006338596343994141
101dd2103c564c2d82f66be7130ffe8b,k-means,warm,exec,queue,0.036574363708496094,2.384185791015625e-07,2.384185791015625e-07,1609701029.6899726,1609701030.0002992,0.31032657623291016,1609701029.7519276,1609701029.7588253,0.006897687911987305
411415f417ae46d28113ff2346d14e33,k-means,warm,exec,queue,0.031206846237182617,4.76837158203125e-07,2.384185791015625e-07,1609701029.6914496,1609701029.8898761,0.1984264850616455,1609701029.746759,1609701029.7535243,0.0067653656005859375
db8bbee5895f48989428af139be7bf90,k-means,warm,exec,queue,0.025023937225341797,4.76837158203125e-07,4.76837158203125e-07,1609701029.6929455,1609701029.8139853,0.12103986740112305,1609701029.7452972,1609701029.7513072,0.0060100555419921875
879599b647654194bc5ee24dded5bd62,k-means,warm,exec,queue,0.017657995223999023,2.384185791015625e-07,2.384185791015625e-07,1609701029.6945593,1609701029.8957453,0.201185941696167,1609701029.730961,1609701029.7375915,0.006630420684814453
c882140a212242a5a1639c2f025926da,k-means,warm,exec,queue,0.012376070022583008,2.384185791015625e-07,2.384185791015625e-07,1609701029.69604,1609701029.8122528,0.11621284484863281,1609701029.725801,1609701029.7333686,0.007567644119262695
961710a4fc584742af79ae736c210925,k-means,warm,exec,queue,0.06682610511779785,2.384185791015625e-07,2.384185791015625e-07,1609701029.6975288,1609701029.9008844,0.2033555507659912,1609701029.7877488,1609701029.7941608,0.006412029266357422
858d1cab1afd4d8d967416421fa736f6,k-means,warm,exec,queue,0.07219195365905762,4.76837158203125e-07,2.384185791015625e-07,1609701029.6990047,1609701029.9002929,0.20128822326660156,1609701029.791819,1609701029.7980492,0.00623011589050293
a4f3ae0f6a174d658f73078664d8d526,matmul,warm,exec,queue,0.016634464263916016,4.76837158203125e-07,4.76837158203125e-07,1609701029.7006106,1609701029.8543165,0.15370583534240723,1609701029.7459269,1609701029.7534444,0.007517576217651367
f42038d16a444a3f8bc6c7ebc38b196f,k-means,warm,exec,queue,0.006104946136474609,4.76837158203125e-07,4.76837158203125e-07,1609701030.6751986,1609701030.8062096,0.1310110092163086,1609701030.7237139,1609701030.7320042,0.008290290832519531
f316d55504934f91805d1a6dbc525f7e,k-means,warm,exec,queue,0.04704713821411133,4.76837158203125e-07,2.384185791015625e-07,1609701030.6797853,1609701030.9700499,0.2902646064758301,1609701030.769156,1609701030.7756062,0.006450176239013672
c84722767b5441dfae5bee214f3fb8d5,k-means,warm,exec,queue,0.05185532569885254,2.384185791015625e-07,2.384185791015625e-07,1609701030.682507,1609701030.8853686,0.20286154747009277,1609701030.7765048,1609701030.7829926,0.006487846374511719
123357026c7946ff949bffdc13b3c06f,k-means,warm,exec,queue,0.056551456451416016,2.384185791015625e-07,2.384185791015625e-07,1609701030.6849418,1609701030.9695692,0.28462743759155273,1609701030.7777457,1609701030.7844875,0.006741762161254883
a4b900f9a1a2447fa9882bd71282918d,k-means,warm,exec,queue,0.061266422271728516,2.384185791015625e-07,2.384185791015625e-07,1609701030.6868043,1609701031.0834188,0.39661455154418945,1609701030.7846282,1609701030.7912679,0.006639719009399414
16440633ccaa4d0c98fc51036f7cedb9,k-means,warm,exec,queue,0.019682645797729492,2.384185791015625e-07,2.384185791015625e-07,1609701030.6884706,1609701030.882124,0.19365334510803223,1609701030.735709,1609701030.7422788,0.006569862365722656
9c7b13ffd37548a2b8c5e2a892e06cfc,k-means,warm,exec,queue,0.025456666946411133,2.384185791015625e-07,2.384185791015625e-07,1609701030.6901038,1609701030.9323661,0.2422623634338379,1609701030.7432156,1609701030.7494774,0.0062618255615234375
419177fab8004874a54c94922be0e5bc,k-means,warm,exec,queue,0.03144073486328125,4.76837158203125e-07,2.384185791015625e-07,1609701030.6917465,1609701031.085418,0.39367151260375977,1609701030.7500267,1609701030.7569005,0.0068738460540771484
5fefdce1cc484db88c7d684eda8a3c74,k-means,warm,exec,queue,0.03819584846496582,4.76837158203125e-07,0.0,1609701030.6933959,1609701031.0259118,0.3325159549713135,1609701030.7559376,1609701030.7629604,0.007022857666015625
1ac57dc7ce204e9b9293cedb0c48c18a,k-means,warm,exec,queue,0.043951988220214844,2.384185791015625e-07,2.384185791015625e-07,1609701030.6951709,1609701030.9667244,0.27155351638793945,1609701030.7625945,1609701030.7698145,0.007220029830932617
66af62baeb984d4abaf862f49f1e6cbc,k-means,warm,exec,queue,0.0143585205078125,2.384185791015625e-07,2.384185791015625e-07,1609701030.6968045,1609701030.934149,0.23734450340270996,1609701030.7288473,1609701030.737104,0.008256673812866211
43f6256284a44f77bbfe82e25d3d7441,k-means,warm,exec,queue,0.009294271469116211,2.384185791015625e-07,0.0,1609701030.6984115,1609701030.8077502,0.10933876037597656,1609701030.723622,1609701030.7316697,0.00804758071899414
20594ada241f46158fbb917f2051dd04,video,warm,exec,queue,0.016733407974243164,0.0,2.384185791015625e-07,1609701030.7000465,1609701030.8848178,0.18477129936218262,1609701030.7440827,1609701030.7595592,0.015476465225219727
15248712d96644f4b2343f8b4b5580e9,k-means,warm,exec,queue,7.557868957519531e-05,7.152557373046875e-07,2.384185791015625e-07,1609701031.6757402,1609701031.8024673,0.12672710418701172,1609701031.7156575,1609701031.724634,0.008976459503173828
b06df67839344fc6b3180c9b8679a5cc,k-means,warm,exec,queue,0.0060825347900390625,2.384185791015625e-07,0.0,1609701031.6795216,1609701031.8034303,0.12390875816345215,1609701031.7161129,1609701031.7241104,0.007997512817382812
339c623191744a83b84730492f19a233,k-means,warm,exec,queue,0.011144161224365234,7.152557373046875e-07,2.384185791015625e-07,1609701031.681056,1609701031.8750978,0.19404172897338867,1609701031.721668,1609701031.7304847,0.008816719055175781
5602f851a59d4dfdabd132f5d8dd192f,k-means,warm,exec,queue,0.01554107666015625,2.384185791015625e-07,2.384185791015625e-07,1609701031.6825476,1609701031.8013499,0.11880230903625488,1609701031.7258608,1609701031.7332277,0.00736689567565918
393baf0fecd749a18ab1efba53a66620,k-means,warm,exec,queue,0.020541667938232422,2.384185791015625e-07,2.384185791015625e-07,1609701031.6842349,1609701031.8741994,0.18996453285217285,1609701031.7320201,1609701031.737835,0.005814790725708008
4bf5e73c075a43708d9ef734a2794ef1,k-means,warm,exec,queue,0.02549147605895996,2.384185791015625e-07,2.384185791015625e-07,1609701031.685727,1609701031.8709145,0.18518757820129395,1609701031.7366383,1609701031.7414963,0.0048580169677734375
0833f8bbef80437bbb64ffed3dd9dc2a,k-means,warm,exec,queue,0.030107975006103516,4.76837158203125e-07,2.384185791015625e-07,1609701031.687224,1609701031.8713791,0.18415522575378418,1609701031.7435715,1609701031.749277,0.005705595016479492
981e33138c744bc782765cd115ade540,k-means,warm,exec,queue,0.03492283821105957,4.76837158203125e-07,2.384185791015625e-07,1609701031.6887465,1609701031.9353015,0.24655508995056152,1609701031.7468975,1609701031.7511957,0.004298210144042969
7340f426b81a4890bbcf7f6a952e876f,k-means,warm,exec,queue,0.040463924407958984,2.384185791015625e-07,0.0,1609701031.690229,1609701032.1032717,0.4130427837371826,1609701031.7547379,1609701031.7613683,0.006630420684814453
a72bf6edbf8d4b8caa58a0202419575b,k-means,warm,exec,queue,0.04530143737792969,2.384185791015625e-07,0.0,1609701031.6918316,1609701031.8687246,0.17689299583435059,1609701031.7583034,1609701031.7627957,0.004492282867431641
c6a4be62dd86475fadd83a9d0bbe4126,k-means,warm,exec,queue,0.04996538162231445,2.384185791015625e-07,0.0,1609701031.6933558,1609701032.0245826,0.33122682571411133,1609701031.7638772,1609701031.7704692,0.0065920352935791016
573ba2cd482f4a258f08ead42fb4c7b0,k-means,warm,exec,queue,0.05479264259338379,2.384185791015625e-07,4.76837158203125e-07,1609701031.694842,1609701031.8746655,0.1798233985900879,1609701031.7685494,1609701031.7731323,0.004582881927490234
9271c00f78c2467db4302cbbeb27b006,k-means,warm,exec,queue,6.771087646484375e-05,7.152557373046875e-07,2.384185791015625e-07,1609701032.6802015,1609701032.7968452,0.11664366722106934,1609701032.7247283,1609701032.732894,0.008165597915649414
13db2955acc54fa39525d8c4f99addd5,k-means,warm,exec,queue,0.005511283874511719,2.384185791015625e-07,2.384185791015625e-07,1609701032.6849055,1609701032.7954102,0.1105046272277832,1609701032.7254176,1609701032.7338958,0.008478164672851562
c146f6c3c5524ecb86b2652f11b8fbbf,k-means,warm,exec,queue,0.010316133499145508,4.76837158203125e-07,2.384185791015625e-07,1609701032.6865046,1609701033.077977,0.39147233963012695,1609701032.7311058,1609701032.7414606,0.010354757308959961
87a1733c0e72429cba68987239b6593c,k-means,warm,exec,queue,0.015688419342041016,2.384185791015625e-07,2.384185791015625e-07,1609701032.6880774,1609701032.9337914,0.2457139492034912,1609701032.7359495,1609701032.7429261,0.006976604461669922
bf8d1e4a24e54499b41c6bb12a23ae3b,k-means,warm,exec,queue,0.02062201499938965,0.0,2.384185791015625e-07,1609701032.689901,1609701032.8915632,0.2016620635986328,1609701032.7465768,1609701032.7531981,0.006621360778808594
0b0bbb8cbe4a4c1bb663766137af7d54,k-means,warm,exec,queue,0.026551008224487305,2.384185791015625e-07,2.384185791015625e-07,1609701032.691458,1609701033.0796313,0.38817334175109863,1609701032.7509694,1609701032.7589562,0.007986783981323242
ce382e4145cd4f67a7a503a16d4a5e32,k-means,warm,exec,queue,0.03158164024353027,7.152557373046875e-07,2.384185791015625e-07,1609701032.6930442,1609701032.9320269,0.2389826774597168,1609701032.7559528,1609701032.7648003,0.008847475051879883
1af0ab3d2543448880ea56063c9b66db,k-means,warm,exec,queue,0.03705644607543945,2.384185791015625e-07,2.384185791015625e-07,1609701032.694604,1609701032.9730134,0.278409481048584,1609701032.762818,1609701032.7715104,0.008692264556884766
5631783c41a2484e855269f66cdca994,k-means,warm,exec,queue,0.04219985008239746,2.384185791015625e-07,0.0,1609701032.696192,1609701032.9899907,0.29379868507385254,1609701032.765601,1609701032.7737246,0.008123636245727539
19ebfab17f1a42fdab636495867328af,k-means,warm,exec,queue,0.047821760177612305,2.384185791015625e-07,0.0,1609701032.6978805,1609701033.0742576,0.3763771057128906,1609701032.7728627,1609701032.7805705,0.007707834243774414
c92dcda2f9c846af80c8fb5bce0a6b73,k-means,warm,exec,queue,0.054692745208740234,2.384185791015625e-07,2.384185791015625e-07,1609701032.6994283,1609701033.0773654,0.37793707847595215,1609701032.7791402,1609701032.7871854,0.008045196533203125
14c505c433fa4b25aad7250ef1f67f1a,k-means,warm,exec,queue,0.06095242500305176,2.384185791015625e-07,0.0,1609701032.7010016,1609701032.9302568,0.22925519943237305,1609701032.7844486,1609701032.7904305,0.005981922149658203
4cd334dc93624c0ab1b4cd2a22a10632,k-means,warm,exec,queue,0.06559920310974121,2.384185791015625e-07,2.384185791015625e-07,1609701032.7025306,1609701032.8896673,0.18713665008544922,1609701032.7888477,1609701032.794978,0.006130218505859375
238d1a9623004a81909bfd940efb3929,video,warm,exec,queue,0.015207529067993164,2.384185791015625e-07,2.384185791015625e-07,1609701032.7041957,1609701032.8460724,0.1418766975402832,1609701032.7470815,1609701032.7642236,0.017142057418823242
1c3e20f1eb334c42b48c93cf595fa220,k-means,warm,exec,queue,0.0049860477447509766,4.76837158203125e-07,2.384185791015625e-07,1609701033.6722705,1609701033.7936296,0.12135910987854004,1609701033.7082596,1609701033.7162619,0.008002281188964844
6a2130166223451ca57578d0f8134959,k-means,warm,exec,queue,0.04021596908569336,2.384185791015625e-07,0.0,1609701033.6763651,1609701033.994213,0.31784796714782715,1609701033.747879,1609701033.751846,0.0039670467376708984
60b58f6b15ea4f32ba5fcd013dde0fda,k-means,warm,exec,queue,0.035151004791259766,2.384185791015625e-07,0.0,1609701033.6790957,1609701033.921047,0.24195122718811035,1609701033.7424762,1609701033.746565,0.004088878631591797
732369793b6749ebac66e781a4fb844e,k-means,warm,exec,queue,0.009133338928222656,4.76837158203125e-07,0.0,1609701033.6816924,1609701033.7954977,0.11380529403686523,1609701033.711068,1609701033.7187898,0.007721900939941406
dd587d91f5184427ac94e70b9f18cb97,k-means,warm,exec,queue,0.014420509338378906,2.384185791015625e-07,4.76837158203125e-07,1609701033.6842687,1609701033.8384168,0.15414810180664062,1609701033.7173717,1609701033.7247574,0.007385730743408203
1be776b1c81e4b24a962cb93c1a9b682,k-means,warm,exec,queue,0.018941164016723633,7.152557373046875e-07,2.384185791015625e-07,1609701033.6860833,1609701033.8851106,0.19902729988098145,1609701033.7244475,1609701033.7315462,0.007098674774169922
f9f5ba982d47408ba52dae0addc95498,k-means,warm,exec,queue,0.023940324783325195,4.76837158203125e-07,2.384185791015625e-07,1609701033.6876311,1609701033.8349156,0.14728450775146484,1609701033.7275054,1609701033.7329018,0.005396366119384766
39bd46fc0c304f03a1b0e875d75cb2fc,k-means,warm,exec,queue,0.02827143669128418,4.76837158203125e-07,2.384185791015625e-07,1609701033.6892157,1609701033.8366942,0.14747858047485352,1609701033.73206,1609701033.7368424,0.004782438278198242
bbf9b8498c264a0093df8284ff17797d,k-means,warm,exec,queue,0.03271484375,2.384185791015625e-07,0.0,1609701033.6907563,1609701033.8868327,0.1960763931274414,1609701033.7382517,1609701033.742644,0.004392385482788086
82d635b8c6854781a46103b4f66d79cb,k-means,warm,exec,queue,0.008166313171386719,4.76837158203125e-07,2.384185791015625e-07,1609701034.6871545,1609701034.8346348,0.14748024940490723,1609701034.7474284,1609701034.7568862,0.009457826614379883
c25dcdd2e5fd42eabadd013e589685a9,k-means,warm,exec,queue,0.058556556701660156,2.384185791015625e-07,0.0,1609701034.691089,1609701034.9968293,0.3057403564453125,1609701034.8004532,1609701034.806227,0.005773782730102539
729275d4a293433e9efffe57b34a119a,k-means,warm,exec,queue,0.06695318222045898,2.384185791015625e-07,4.76837158203125e-07,1609701034.693245,1609701034.9366798,0.24343490600585938,1609701034.8208323,1609701034.82792,0.00708770751953125
2be2dd15a40648778b1657a916f909e4,k-means,warm,exec,queue,0.03986024856567383,2.384185791015625e-07,2.384185791015625e-07,1609701034.6953592,1609701034.9010246,0.20566534996032715,1609701034.779689,1609701034.7875426,0.007853507995605469
6de845e8816b470e9fac3a37a02b7953,k-means,warm,exec,queue,0.044265031814575195,2.384185791015625e-07,2.384185791015625e-07,1609701034.6977293,1609701034.8616295,0.16390013694763184,1609701034.7845345,1609701034.7909045,0.006370067596435547
66054cd2f8114998a5b894aaddf03843,k-means,warm,exec,queue,0.04885101318359375,2.384185791015625e-07,2.384185791015625e-07,1609701034.6998527,1609701035.0707865,0.37093377113342285,1609701034.7919638,1609701034.7987258,0.006762027740478516
6dab6cd8ff174ff59fae1db3bf34dcbf,k-means,warm,exec,queue,0.05443906784057617,2.384185791015625e-07,2.384185791015625e-07,1609701034.7015316,1609701034.9029853,0.20145368576049805,1609701034.795219,1609701034.8015466,0.006327629089355469
20b0b6cd66b3497cb65c3e1db9f460b8,k-means,warm,exec,queue,0.03403282165527344,4.76837158203125e-07,0.0,1609701034.7030616,1609701034.9387472,0.2356855869293213,1609701034.7754138,1609701034.7825255,0.007111787796020508
5c5395e48ddf4b649e1c2fb7f610a2af,k-means,warm,exec,queue,0.025933027267456055,2.384185791015625e-07,0.0,1609701034.704609,1609701034.8967803,0.19217133522033691,1609701034.7693918,1609701034.7770832,0.007691383361816406
2706baa4579340b5bbae22ab77d6b6ad,k-means,warm,exec,queue,0.021080493927001953,4.76837158203125e-07,2.384185791015625e-07,1609701034.7062666,1609701034.9015086,0.19524192810058594,1609701034.758449,1609701034.766545,0.008095979690551758
d8d9dd1ae6984309a6397a3d40d37661,k-means,warm,exec,queue,0.016127586364746094,4.76837158203125e-07,2.384185791015625e-07,1609701034.7077982,1609701034.8304303,0.12263202667236328,1609701034.753609,1609701034.7617745,0.008165597915649414
ed1269e9aa434814852c4883d0505d55,k-means,warm,exec,queue,0.01183938980102539,4.76837158203125e-07,0.0,1609701034.7093565,1609701034.83192,0.12256336212158203,1609701034.747647,1609701034.755766,0.008118867874145508
8c46a5d68e6c41c0948c77ddde4e7b88,k-means,warm,exec,queue,0.07320880889892578,4.76837158203125e-07,2.384185791015625e-07,1609701034.7112288,1609701035.066307,0.35507822036743164,1609701034.822015,1609701034.8292372,0.007222175598144531
7624b092150d48dba3f5c0ec0d049e13,k-means,warm,exec,queue,0.07776331901550293,4.76837158203125e-07,2.384185791015625e-07,1609701034.7127602,1609701035.069415,0.3566548824310303,1609701034.828899,1609701034.8360908,0.007191896438598633
5679cce5043a4833993e792ff0b409c7,k-means,warm,exec,queue,0.08556485176086426,9.5367431640625e-07,2.384185791015625e-07,1609701034.71427,1609701034.9391947,0.22492456436157227,1609701034.8371968,1609701034.8440962,0.006899356842041016
f5444ae98ab3451fabbba538a0b5ef65,video,warm,exec,queue,0.022710800170898438,2.384185791015625e-07,0.0,1609701034.7157905,1609701035.0678055,0.35201501846313477,1609701034.7758317,1609701034.7923436,0.016511917114257812
0fad7e819e2042beaf3091761aeb1e88,matmul,warm,exec,queue,0.023382186889648438,2.384185791015625e-07,2.384185791015625e-07,1609701034.7174282,1609701034.9004712,0.1830430030822754,1609701034.7758021,1609701034.7840824,0.008280277252197266
aff8f54cc662416e9e9aa9f2aa45b457,map_reduce,warm,exec,queue,0.028090476989746094,2.384185791015625e-07,0.0,1609701034.7189643,1609701035.0697799,0.3508155345916748,1609701034.7786145,1609701034.8634858,0.08487129211425781
410de2a8f0204db59c2f2b8b777585d2,k-means,warm,exec,queue,0.0032258033752441406,7.152557373046875e-07,2.384185791015625e-07,1609701035.6734917,1609701035.7787473,0.1052556037902832,1609701035.7027938,1609701035.7098596,0.007065773010253906
41072e5dc36044e7921294f59ff0af5b,k-means,warm,exec,queue,0.025392770767211914,4.76837158203125e-07,2.384185791015625e-07,1609701035.6774309,1609701035.803249,0.12581801414489746,1609701035.7278836,1609701035.7322807,0.004397153854370117
b10e56cbb08d41089e79f3cb69cd782c,k-means,warm,exec,queue,0.008220672607421875,4.76837158203125e-07,4.76837158203125e-07,1609701035.6800048,1609701035.8365684,0.15656352043151855,1609701035.7071745,1609701035.7149813,0.0078067779541015625
cb7c817dfc2440a884cd846286c9950c,k-means,warm,exec,queue,0.01276397705078125,4.76837158203125e-07,2.384185791015625e-07,1609701035.6832123,1609701035.7804306,0.09721827507019043,1609701035.7112634,1609701035.7189822,0.007718801498413086
f417ae4315dc45f79c30324cc3e3ff2b,k-means,warm,exec,queue,0.0180203914642334,0.0,0.0,1609701035.6863596,1609701035.8808134,0.19445371627807617,1609701035.7165523,1609701035.721141,0.0045888423919677734
2a61cea2d53a4c3caad00117f1fc3292,k-means,warm,exec,queue,0.022989749908447266,2.384185791015625e-07,2.384185791015625e-07,1609701035.6887574,1609701035.8383245,0.1495671272277832,1609701035.7220516,1609701035.7273982,0.005346536636352539
60a790f9ecd34bd69ff7ef20ac9bdfaf,k-means,warm,exec,queue,0.0025713443756103516,4.76837158203125e-07,0.0,1609701036.689795,1609701036.8379614,0.14816641807556152,1609701036.75992,1609701036.7683198,0.00839996337890625
d1a26bacdfaa4985b78ed341ebbaf557,k-means,warm,exec,queue,0.05064868927001953,2.384185791015625e-07,0.0,1609701036.6945617,1609701037.1344523,0.43989062309265137,1609701036.8055704,1609701036.8114967,0.005926370620727539
e449a9a4269b40f5a3803b2c15900d31,k-means,warm,exec,queue,0.055165767669677734,2.384185791015625e-07,0.0,1609701036.6972535,1609701036.8912866,0.19403314590454102,1609701036.8116462,1609701036.8178358,0.006189584732055664
3f1011cfde644e2eb01a642d7aa8b6a9,k-means,warm,exec,queue,0.05968737602233887,2.384185791015625e-07,2.384185791015625e-07,1609701036.699902,1609701037.1324887,0.432586669921875,1609701036.8138938,1609701036.8197644,0.0058705806732177734
dc0cecbb0ee443dfa1cff7f91b8fdfc2,k-means,warm,exec,queue,0.021397113800048828,4.76837158203125e-07,2.384185791015625e-07,1609701036.702869,1609701036.8885775,0.18570852279663086,1609701036.7687497,1609701036.7770705,0.008320808410644531
85a823dcb59742f2acc03a13c1d132ab,k-means,warm,exec,queue,0.027631521224975586,2.384185791015625e-07,0.0,1609701036.7050493,1609701037.0787637,0.3737144470214844,1609701036.7799208,1609701036.78833,0.008409261703491211
6ee7d854c2f64cf4bd9e029e72543f5d,k-means,warm,exec,queue,0.03380918502807617,0.0,2.384185791015625e-07,1609701036.706613,1609701036.8918636,0.18525052070617676,1609701036.7807148,1609701036.7880042,0.007289409637451172
4c506790792a48a6aff7517fa5dbc31b,k-means,warm,exec,queue,0.03897738456726074,2.384185791015625e-07,2.384185791015625e-07,1609701036.7082264,1609701037.0003977,0.2921712398529053,1609701036.7859287,1609701036.791814,0.00588536262512207
475384843ff44c2ba5836798a26e8564,k-means,warm,exec,queue,0.04351806640625,2.384185791015625e-07,0.0,1609701036.7099144,1609701037.191063,0.48114848136901855,1609701036.7923362,1609701036.8001091,0.007772922515869141
752ad4dffa604342af348202725b6372,k-means,warm,exec,queue,0.04953432083129883,2.384185791015625e-07,0.0,1609701036.7114763,1609701037.1988156,0.4873392581939697,1609701036.798995,1609701036.804907,0.005912065505981445
119b10ed43584da08747761713fcfd34,k-means,warm,exec,queue,0.014299392700195312,2.384185791015625e-07,0.0,1609701036.7130544,1609701037.0744119,0.3613574504852295,1609701036.761466,1609701036.7697506,0.008284568786621094
38b23eed2f4d49ccb373a00bb7cef252,k-means,warm,exec,queue,0.008696556091308594,2.384185791015625e-07,2.384185791015625e-07,1609701036.7146084,1609701036.9236414,0.20903301239013672,1609701036.7607586,1609701036.7692597,0.008501052856445312
9db9f9105ed64ffbae99db5c20185f25,k-means,warm,exec,queue,0.06436872482299805,0.0,2.384185791015625e-07,1609701036.7162814,1609701037.076947,0.36066555976867676,1609701036.8197792,1609701036.8264341,0.006654977798461914
53cb2ac872ff4f2c92794edeae3c91c7,k-means,warm,exec,queue,0.06952095031738281,2.384185791015625e-07,4.76837158203125e-07,1609701036.7178218,1609701036.9659104,0.24808859825134277,1609701036.8260183,1609701036.8311234,0.005105018615722656
e71f3e05aa7b4c6e8b72292ac9718c89,k-means,warm,exec,queue,0.0747382640838623,2.384185791015625e-07,0.0,1609701036.7193866,1609701037.1972108,0.47782421112060547,1609701036.8325884,1609701036.8388982,0.0063097476959228516
7aee884e88924539b6d28329dea6d447,k-means,warm,exec,queue,0.0795438289642334,2.384185791015625e-07,0.0,1609701036.7209475,1609701036.9220243,0.20107674598693848,1609701036.8368146,1609701036.8420472,0.005232572555541992
aab60b30378a48289d7fc56fa6f20f8d,k-means,warm,exec,queue,0.08418631553649902,2.384185791015625e-07,0.0,1609701036.7225735,1609701037.1976292,0.4750556945800781,1609701036.840945,1609701036.8469932,0.0060482025146484375
edfaa1fad1254b4f8fdf21f6bf0aa774,k-means,warm,exec,queue,0.08885335922241211,4.76837158203125e-07,2.384185791015625e-07,1609701036.7241046,1609701037.0408697,0.31676506996154785,1609701036.8470657,1609701036.852452,0.0053863525390625
cfba09a2ea274e199f412b6a06fb750c,k-means,warm,exec,queue,0.09424877166748047,2.384185791015625e-07,2.384185791015625e-07,1609701036.7256603,1609701037.0428772,0.3172168731689453,1609701036.852664,1609701036.857979,0.005315065383911133
25ac8187055349ecb6a70421fff14dc1,video,warm,exec,queue,0.017682552337646484,2.384185791015625e-07,0.0,1609701036.7272065,1609701037.193743,0.4665365219116211,1609701036.7805972,1609701036.7973554,0.016758203506469727
186ee26ce0764b339136077076d2f6b2,k-means,warm,exec,queue,0.006655216217041016,4.76837158203125e-07,2.384185791015625e-07,1609701037.6782835,1609701037.8117352,0.1334517002105713,1609701037.7183058,1609701037.7266583,0.008352518081665039
47a337599e77449d976a1f8a0f530f23,k-means,warm,exec,queue,0.0215456485748291,4.76837158203125e-07,2.384185791015625e-07,1609701037.6829143,1609701037.8921347,0.20922040939331055,1609701037.7346056,1609701037.7394488,0.004843235015869141
8a9e2cb29e56433cb47ea3869b6fcf3d,k-means,warm,exec,queue,0.026877641677856445,2.384185791015625e-07,2.384185791015625e-07,1609701037.686861,1609701037.850345,0.1634838581085205,1609701037.739541,1609701037.7459986,0.00645756721496582
6991f742c8474085a292eb097cd0c79f,k-means,warm,exec,queue,0.03202986717224121,2.384185791015625e-07,2.384185791015625e-07,1609701037.6894972,1609701037.9255822,0.2360849380493164,1609701037.7459779,1609701037.7529843,0.007006406784057617
e7db1b994503444fa91a3574fe51a1bb,k-means,warm,exec,queue,0.036794185638427734,2.384185791015625e-07,2.384185791015625e-07,1609701037.6920736,1609701037.899558,0.20748448371887207,1609701037.752396,1609701037.7586868,0.0062906742095947266
9fe09b851a7c4531bb22a7790b56a473,k-means,warm,exec,queue,0.04158306121826172,2.384185791015625e-07,2.384185791015625e-07,1609701037.69407,1609701037.8956716,0.20160150527954102,1609701037.7562134,1609701037.7616675,0.005454063415527344
5230583ab43c416c96304c5096aabfd2,k-means,warm,exec,queue,0.04643440246582031,2.384185791015625e-07,0.0,1609701037.6956196,1609701037.9001846,0.20456504821777344,1609701037.7616227,1609701037.7674375,0.005814790725708008
7df2e9be338347399daabb47124b437f,k-means,warm,exec,queue,0.05186772346496582,2.384185791015625e-07,2.384185791015625e-07,1609701037.6971886,1609701037.9511847,0.2539961338043213,1609701037.7676606,1609701037.772388,0.004727363586425781
b9ceb40c187f4fd080431ab36374498f,k-means,warm,exec,queue,0.010441780090332031,4.76837158203125e-07,2.384185791015625e-07,1609701037.6987479,1609701037.8962784,0.19753050804138184,1609701037.7230103,1609701037.7312856,0.008275270462036133
915bd54d78e8445ab68a3eecbc5e9d76,k-means,warm,exec,queue,0.01571798324584961,4.76837158203125e-07,2.384185791015625e-07,1609701037.7004201,1609701037.8093655,0.10894536972045898,1609701037.7298028,1609701037.7379196,0.008116722106933594
cac75611edde4f1c855d43cd6210594b,k-means,warm,exec,queue,8.535385131835938e-05,2.384185791015625e-07,2.384185791015625e-07,1609701038.6868575,1609701038.818296,0.1314384937286377,1609701038.7312787,1609701038.739622,0.00834345817565918
ed4fd48eb6f84c11807b2fc28ae647c0,k-means,warm,exec,queue,0.0057506561279296875,2.384185791015625e-07,2.384185791015625e-07,1609701038.691146,1609701038.8216143,0.13046836853027344,1609701038.7318041,1609701038.7395964,0.007792234420776367
64ae35c7f5774742941b8fb72c4a5c77,k-means,warm,exec,queue,0.010537385940551758,2.384185791015625e-07,0.0,1609701038.6938155,1609701038.821059,0.1272435188293457,1609701038.7367136,1609701038.7446995,0.007985830307006836
afdac803ce9547cbb1eb54b771815e1f,k-means,warm,exec,queue,0.015799999237060547,4.76837158203125e-07,4.76837158203125e-07,1609701038.6964054,1609701038.923528,0.22712254524230957,1609701038.7430842,1609701038.7514577,0.008373498916625977
658671a718f74b5bb874a42e8fb79626,k-means,warm,exec,queue,0.021140336990356445,2.384185791015625e-07,0.0,1609701038.6993074,1609701038.9198437,0.2205362319946289,1609701038.7550707,1609701038.7617238,0.0066530704498291016
7d8aa5f35cb64781a4b0892c96d84a49,k-means,warm,exec,queue,0.02671360969543457,2.384185791015625e-07,2.384185791015625e-07,1609701038.701224,1609701038.886645,0.18542098999023438,1609701038.7559562,1609701038.761351,0.005394935607910156
4d3a023bd4804a398b9117e03ba39921,k-means,warm,exec,queue,0.03245401382446289,2.384185791015625e-07,0.0,1609701038.7027876,1609701039.0025294,0.2997417449951172,1609701038.760838,1609701038.7671416,0.006303548812866211
a1b169d47dbf4dc3bec2136d1b7e8e81,k-means,warm,exec,queue,0.037635087966918945,2.384185791015625e-07,2.384185791015625e-07,1609701038.7043345,1609701038.8849158,0.18058133125305176,1609701038.7691047,1609701038.7754858,0.006381034851074219
6a22098ffd714caaa0fe871284ad85c6,k-means,warm,exec,queue,0.04428434371948242,4.76837158203125e-07,0.0,1609701038.7058733,1609701039.0043554,0.29848217964172363,1609701038.775425,1609701038.781998,0.0065729618072509766
30e2b2a9df1e440fb5eb7b14dfbf0e30,k-means,warm,exec,queue,0.04898524284362793,2.384185791015625e-07,0.0,1609701038.7075267,1609701039.037581,0.33005428314208984,1609701038.7816513,1609701038.7882833,0.006632089614868164
c746c362374949c8b1d51812756b9f7c,k-means,warm,exec,queue,0.05372738838195801,2.384185791015625e-07,2.384185791015625e-07,1609701038.709085,1609701038.9229424,0.21385741233825684,1609701038.7843375,1609701038.7897363,0.005398750305175781
3250e8093bb34b13bcde037a3252e3ce,video,warm,exec,queue,0.0157620906829834,2.384185791015625e-07,0.0,1609701038.7106166,1609701039.0357873,0.32517075538635254,1609701038.7539208,1609701038.7703452,0.01642441749572754
c4ae4f3636564c60a53d2fdaf6872e68,k-means,warm,exec,queue,0.0019009113311767578,4.76837158203125e-07,2.384185791015625e-07,1609701039.6862707,1609701039.8655477,0.1792769432067871,1609701039.7364063,1609701039.7441077,0.007701396942138672
627f71ff1e7d4d10ab1b0af3ab001cec,k-means,warm,exec,queue,0.045316219329833984,4.76837158203125e-07,2.384185791015625e-07,1609701039.6904812,1609701041.3760724,1.685591220855713,1609701039.7797706,1609701039.7854626,0.005692005157470703
b07162571dd7473fac21762241785837,k-means,warm,exec,queue,0.050176382064819336,2.384185791015625e-07,4.76837158203125e-07,1609701039.6931527,1609701040.8224092,1.1292564868927002,1609701039.7860148,1609701039.7921498,0.006134986877441406
24f4570a37414a6f9582cd32f008796c,k-means,warm,exec,queue,0.05475735664367676,2.384185791015625e-07,2.384185791015625e-07,1609701039.6957183,1609701041.1777363,1.482017993927002,1609701039.791557,1609701039.797482,0.00592494010925293
3ad70dca44d54baa81e16e78010b1eca,k-means,warm,exec,queue,0.022357940673828125,4.76837158203125e-07,0.0,1609701039.698608,1609701040.6927876,0.9941797256469727,1609701039.7570012,1609701039.7629106,0.005909442901611328
e881793b73ad414a8fd29f6d57c29c4d,k-means,warm,exec,queue,0.027590036392211914,2.384185791015625e-07,2.384185791015625e-07,1609701039.7009585,1609701040.447818,0.7468595504760742,1609701039.759487,1609701039.7653391,0.005852222442626953
5c40865aa1344b7b84efec3ea9e32520,k-means,warm,exec,queue,0.032242536544799805,2.384185791015625e-07,2.384185791015625e-07,1609701039.702505,1609701041.1755795,1.4730744361877441,1609701039.7630918,1609701039.769593,0.006501197814941406
691287a99b294426b0a49faa3e57ed7b,k-means,warm,exec,queue,0.037447214126586914,2.384185791015625e-07,2.384185791015625e-07,1609701039.7040646,1609701040.4495938,0.7455291748046875,1609701039.770913,1609701039.7770412,0.0061283111572265625
38d2fc3666cd401aa37e0711cdf0fec1,k-means,warm,exec,queue,0.042394399642944336,0.0,2.384185791015625e-07,1609701039.7056084,1609701041.3350368,1.6294283866882324,1609701039.775629,1609701039.782186,0.006556987762451172
0672f68828f943f6b5caf3e9b06010e5,k-means,warm,exec,queue,0.015689611434936523,2.384185791015625e-07,0.0,1609701039.7072637,1609701040.692221,0.984957218170166,1609701039.7455277,1609701039.753192,0.007664203643798828
abe3ff7a22724b469ac524394a9e8db6,k-means,warm,exec,queue,0.010370254516601562,2.384185791015625e-07,2.384185791015625e-07,1609701039.7088022,1609701040.689999,0.9811968803405762,1609701039.7393556,1609701039.7471783,0.007822751998901367
efa8206918f34a9bbc339370a49b8628,k-means,warm,exec,queue,0.007310152053833008,2.384185791015625e-07,0.0,1609701039.710336,1609701039.8636782,0.15334224700927734,1609701039.73635,1609701039.7437732,0.0074231624603271484
61d829b3b6b9458eab2fb14786499c2a,matmul,warm,exec,queue,0.014080047607421875,4.76837158203125e-07,2.384185791015625e-07,1609701039.7118764,1609701041.3782384,1.6663620471954346,1609701039.7576911,1609701039.767553,0.009861946105957031
98b994424705456fb60db540fdf63467,couchdb_test,cold,exec,create,0.017894506454467773,4.3679423332214355,0.0,1609701039.7135544,1609701044.2386596,4.525105237960815,1609701044.123472,1609701044.1483047,0.024832725524902344
04723680c4a644d48571d71fc07b9532,k-means,warm,exec,queue,0.008073568344116211,2.384185791015625e-07,2.384185791015625e-07,1609701040.69452,1609701041.2743034,0.5797834396362305,1609701040.7427235,1609701040.7505605,0.007837057113647461
1059ff1ba2cd4fa1a1c682070548cb1e,k-means,warm,exec,queue,0.012991189956665039,4.76837158203125e-07,2.384185791015625e-07,1609701040.6966026,1609701042.0260587,1.329456090927124,1609701040.74776,1609701040.755041,0.007280826568603516
be83add23e3a4b26ae6a50305c215d87,k-means,warm,exec,queue,0.018720388412475586,2.384185791015625e-07,2.384185791015625e-07,1609701040.6981537,1609701042.1068168,1.408663034439087,1609701040.7547345,1609701040.762548,0.007813453674316406
5feb7bbd20c747638a38a85f0af41c7b,k-means,warm,exec,queue,7.200241088867188e-05,2.384185791015625e-07,0.0,1609701040.6997042,1609701041.3373003,0.6375961303710938,1609701040.7421262,1609701040.750262,0.008135795593261719
ebdd8cd614e44cc6a6ffe5f0cf5223d3,k-means,warm,exec,queue,0.022668123245239258,2.384185791015625e-07,2.384185791015625e-07,1609701040.7023168,1609701042.1000867,1.3977699279785156,1609701040.7652001,1609701040.7720733,0.006873130798339844
fb5c55d7fbab4e5d9fe4bdca3882193b,k-means,warm,exec,queue,0.027269601821899414,2.384185791015625e-07,2.384185791015625e-07,1609701040.703833,1609701041.4274247,0.7235915660858154,1609701040.7656832,1609701040.772047,0.006363868713378906
c2f81ed0a2024e2eb46d57c0ee8dd60c,k-means,warm,exec,queue,0.03200030326843262,2.384185791015625e-07,2.384185791015625e-07,1609701040.70537,1609701041.7363834,1.0310134887695312,1609701040.7709851,1609701040.7770236,0.0060384273529052734
5e57e43e55a94c57a5959b31a104b4c3,k-means,warm,exec,queue,0.03685617446899414,2.384185791015625e-07,0.0,1609701040.7068799,1609701041.7345495,1.0276696681976318,1609701040.7797134,1609701040.786912,0.0071985721588134766
b8272c564006429c9856bf2e2189cf9a,k-means,warm,exec,queue,0.042565345764160156,2.384185791015625e-07,0.0,1609701040.708519,1609701041.7379243,1.0294053554534912,1609701040.7819786,1609701040.7874172,0.005438566207885742
53ac121c524a4274a61884c16f5a0ccc,k-means,warm,exec,queue,0.04752326011657715,2.384185791015625e-07,0.0,1609701040.710029,1609701041.4254894,0.7154605388641357,1609701040.7870777,1609701040.7930884,0.006010770797729492
d3f6fe1302e84152bb451d0940c62087,k-means,warm,exec,queue,0.053150177001953125,2.384185791015625e-07,2.384185791015625e-07,1609701040.7125463,1609701042.1071818,1.3946354389190674,1609701040.7943602,1609701040.8017273,0.007367134094238281
a5271b48f7504b35abc44b8af0ea4b37,k-means,warm,exec,queue,0.057830810546875,2.384185791015625e-07,2.384185791015625e-07,1609701040.7141998,1609701042.0266297,1.3124299049377441,1609701040.79973,1609701040.8056595,0.005929470062255859
45fd8500c52040d4a4e03c1233d143f6,k-means,warm,exec,queue,0.06250929832458496,2.384185791015625e-07,2.384185791015625e-07,1609701040.7160518,1609701042.0955076,1.379455804824829,1609701040.8022408,1609701040.8084478,0.006206989288330078
2ecf6afe665244ccb13436696343ab28,k-means,warm,exec,queue,0.06761622428894043,2.384185791015625e-07,2.384185791015625e-07,1609701040.7175982,1609701042.100723,1.383124828338623,1609701040.8110673,1609701040.8167322,0.005664825439453125
772893d17d764fe19349b2766f8a8072,k-means,warm,exec,queue,0.07247662544250488,4.76837158203125e-07,2.384185791015625e-07,1609701040.7192004,1609701042.10603,1.3868296146392822,1609701040.8165567,1609701040.8231645,0.006607770919799805
2b2de3a84d814e4eab79fcfd52fd2111,video,warm,exec,queue,0.015611410140991211,2.384185791015625e-07,0.0,1609701040.7207303,1609701042.0214233,1.3006930351257324,1609701040.7658057,1609701040.7821991,0.016393423080444336
a22dbd8283444ee9a12bf6b8877f5c18,k-means,warm,exec,queue,0.004518747329711914,2.384185791015625e-07,2.384185791015625e-07,1609701041.6783009,1609701042.099432,0.4211311340332031,1609701041.7092526,1609701041.717813,0.008560419082641602
f198115f6cec4cfeaaa1fd75c5900a24,k-means,warm,exec,queue,0.03590083122253418,2.384185791015625e-07,2.384185791015625e-07,1609701041.6823428,1609701042.1064405,0.42409777641296387,1609701041.7436295,1609701041.7496874,0.0060579776763916016
b1bd8042ca80471e88a003fd938f3527,k-means,warm,exec,queue,0.030965089797973633,2.384185791015625e-07,0.0,1609701041.6850195,1609701042.153247,0.4682276248931885,1609701041.7399962,1609701041.7468355,0.006839275360107422
f3a25a7889d1479395f4faf4b817230a,k-means,warm,exec,queue,0.00912332534790039,2.384185791015625e-07,2.384185791015625e-07,1609701041.6875892,1609701042.0436141,0.35602498054504395,1609701041.7142112,1609701041.7226157,0.00840449333190918
f32843b4d8cf4057a6bfbba43d009f7b,k-means,warm,exec,queue,0.013755083084106445,4.76837158203125e-07,4.76837158203125e-07,1609701041.6901798,1609701042.1549747,0.4647948741912842,1609701041.719675,1609701041.728298,0.008622884750366211
13026b5083f244d69c9d7ad6cf993110,k-means,warm,exec,queue,0.020177841186523438,2.384185791015625e-07,0.0,1609701041.6935225,1609701042.265978,0.572455644607544,1609701041.725617,1609701041.7319818,0.0063648223876953125
81ae2dd3f3984942b470d27ac73f7360,k-means,warm,exec,queue,0.02540111541748047,7.152557373046875e-07,2.384185791015625e-07,1609701041.6950552,1609701042.0254364,0.3303811550140381,1609701041.7316718,1609701041.7385015,0.006829738616943359
c951e50eb5064baebe236a234270b351,k-means,warm,exec,queue,0.004246711730957031,0.0,0.0,1609701042.6834133,1609701042.7797217,0.09630846977233887,1609701042.7178855,1609701042.7238548,0.00596928596496582
845268a751514cdb81e37a3d04d49869,video,warm,exec,queue,0.014297723770141602,2.384185791015625e-07,2.384185791015625e-07,1609701042.6869738,1609701042.8496835,0.16270971298217773,1609701042.7331731,1609701042.7496989,0.016525745391845703
5f4a1fb4999e43749dde0e2f7cc9d642,k-means,warm,exec,queue,0.04467630386352539,2.384185791015625e-07,0.0,1609701042.6898644,1609701042.8823047,0.19244027137756348,1609701042.7614253,1609701042.7671726,0.005747318267822266
c2deed5bc05f4984bacbee29cf09d02f,k-means,warm,exec,queue,0.03983139991760254,7.152557373046875e-07,2.384185791015625e-07,1609701042.6923912,1609701042.8809485,0.18855738639831543,1609701042.7590773,1609701042.766026,0.006948709487915039
7f3434b676684415a4e8ce10783f1b94,k-means,warm,exec,queue,0.03476428985595703,4.76837158203125e-07,0.0,1609701042.6948776,1609701042.8532836,0.15840601921081543,1609701042.752327,1609701042.758994,0.006667137145996094
2bcc4d09f3cb42aa9e10827559753612,k-means,warm,exec,queue,0.029800891876220703,4.76837158203125e-07,0.0,1609701042.6972556,1609701042.8538272,0.156571626663208,1609701042.7478034,1609701042.7544117,0.006608247756958008
6b4ffc6390354c22b6ec7051a375a510,k-means,warm,exec,queue,0.024228334426879883,2.384185791015625e-07,0.0,1609701042.6986794,1609701042.8163226,0.11764311790466309,1609701042.7389781,1609701042.7447922,0.005814075469970703
a54c0e12410e4d36ac80d5c1f353a4e1,k-means,warm,exec,queue,0.008749961853027344,2.384185791015625e-07,0.0,1609701042.7002864,1609701042.8490565,0.14877009391784668,1609701042.7231796,1609701042.7306023,0.007422685623168945
f9cf4d35c8d140a9a5385ce045c1d244,k-means,warm,exec,queue,0.014310359954833984,2.384185791015625e-07,2.384185791015625e-07,1609701042.7023683,1609701042.8145406,0.11217236518859863,1609701042.7323532,1609701042.7403388,0.007985591888427734
f547dadaf7054f72947d6546fc802ae4,k-means,warm,exec,queue,0.019039154052734375,2.384185791015625e-07,0.0,1609701042.7041278,1609701042.8543544,0.15022659301757812,1609701042.7342095,1609701042.7410133,0.006803750991821289
264febd53e6942dfbdbdd4fb2dc89351,k-means,warm,exec,queue,0.00021958351135253906,2.384185791015625e-07,2.384185791015625e-07,1609701043.6864963,1609701043.8098526,0.12335634231567383,1609701043.7276025,1609701043.7359653,0.008362770080566406
c47e1a0596934b05a4c40a9b1ac7fa55,k-means,warm,exec,queue,0.03704643249511719,2.384185791015625e-07,2.384185791015625e-07,1609701043.6903942,1609701043.8458045,0.1554102897644043,1609701043.763724,1609701043.768193,0.0044689178466796875
3d470b5207e04a909950d1d913d07d38,k-means,warm,exec,queue,0.04168248176574707,2.384185791015625e-07,2.384185791015625e-07,1609701043.6925535,1609701043.9221895,0.22963595390319824,1609701043.7703927,1609701043.776985,0.006592273712158203
632e439934064bc1a346e451136008f5,k-means,warm,exec,queue,0.04661679267883301,0.0,0.0,1609701043.6946418,1609701043.8856714,0.19102954864501953,1609701043.7738864,1609701043.7780964,0.004209995269775391
a9f4771809d24817b94672403698ce65,k-means,warm,exec,queue,0.05246138572692871,2.384185791015625e-07,0.0,1609701043.697035,1609701043.9231393,0.2261042594909668,1609701043.7823184,1609701043.7886508,0.0063323974609375
00464db1114647a3a9b76ccb7186248d,k-means,warm,exec,queue,0.0034096240997314453,4.76837158203125e-07,2.384185791015625e-07,1609701043.6991076,1609701043.8084567,0.10934901237487793,1609701043.7292676,1609701043.7368765,0.007608890533447266
f6c73c28a8a245ae857d37035bf401a8,k-means,warm,exec,queue,0.007942914962768555,2.384185791015625e-07,2.384185791015625e-07,1609701043.7009273,1609701043.921209,0.22028183937072754,1609701043.7307112,1609701043.7389016,0.008190393447875977
151cc188ae3d422eaf6e22fe628b45d3,k-means,warm,exec,queue,0.013847112655639648,2.384185791015625e-07,0.0,1609701043.7023864,1609701044.0202076,0.3178212642669678,1609701043.7365243,1609701043.7435436,0.0070192813873291016
d88c9da218294e2194309fce0bc55bbb,k-means,warm,exec,queue,0.018082857131958008,2.384185791015625e-07,0.0,1609701043.703871,1609701043.8840983,0.18022727966308594,1609701043.745873,1609701043.753515,0.007642030715942383
7307c8023168432ba672925c65ac1bde,k-means,warm,exec,queue,0.02372288703918457,0.0,0.0,1609701043.7054894,1609701043.8882668,0.18277740478515625,1609701043.7475753,1609701043.7545261,0.006950855255126953
9bba20b9d201490b91d72205a460eef8,k-means,warm,exec,queue,0.028491735458374023,2.384185791015625e-07,2.384185791015625e-07,1609701043.7069566,1609701043.886929,0.17997241020202637,1609701043.7514033,1609701043.7568371,0.005433797836303711
393618c3a85d44f78a94d8df104fe497,k-means,warm,exec,queue,0.033824920654296875,0.0,2.384185791015625e-07,1609701043.7084339,1609701043.8443232,0.13588929176330566,1609701043.7579873,1609701043.7644649,0.0064775943756103516
c310669f4ee34706b6159ed7a45fb8f9,k-means,warm,exec,queue,0.0018451213836669922,7.152557373046875e-07,2.384185791015625e-07,1609701044.7008445,1609701044.847775,0.14693045616149902,1609701044.7621994,1609701044.7698884,0.007688999176025391
b039776909ec476d97d35d87559e7825,k-means,warm,exec,queue,0.06126213073730469,2.384185791015625e-07,2.384185791015625e-07,1609701044.7046692,1609701044.9480863,0.24341702461242676,1609701044.8245437,1609701044.830716,0.00617218017578125
465dc201ccd348feba81af8c202d328b,k-means,warm,exec,queue,0.06725931167602539,2.384185791015625e-07,0.0,1609701044.7068884,1609701044.9527283,0.24583983421325684,1609701044.8248985,1609701044.831365,0.00646662712097168
2b75442b7ee54708914bd76b12784d0d,k-means,warm,exec,queue,0.021544218063354492,2.384185791015625e-07,2.384185791015625e-07,1609701044.708815,1609701044.8806522,0.17183709144592285,1609701044.7821918,1609701044.7895312,0.0073394775390625
d8ae6f82b08e423c9b5d98e22c7d9379,k-means,warm,exec,queue,0.031039953231811523,7.152557373046875e-07,2.384185791015625e-07,1609701044.710979,1609701045.0792372,0.3682582378387451,1609701044.7965112,1609701044.8035543,0.007043123245239258
b6e4296f2e624064ab863c093691e70c,k-means,warm,exec,queue,0.03945732116699219,4.76837158203125e-07,4.76837158203125e-07,1609701044.7128358,1609701044.8833237,0.1704878807067871,1609701044.7983391,1609701044.8046923,0.006353139877319336
4e76d372eaad48ed99db07b77855f4a7,k-means,warm,exec,queue,0.0443878173828125,2.384185791015625e-07,0.0,1609701044.7142823,1609701045.075759,0.3614766597747803,1609701044.7997005,1609701044.8069363,0.00723576545715332
88228e27018c48508c91116f66a62db1,k-means,warm,exec,queue,0.04913187026977539,2.384185791015625e-07,0.0,1609701044.7157187,1609701044.9145691,0.19885039329528809,1609701044.8041134,1609701044.811628,0.0075147151947021484
af1f42bfadde4f33a970fbd893a0d38d,k-means,warm,exec,queue,0.05425548553466797,7.152557373046875e-07,2.384185791015625e-07,1609701044.7172863,1609701045.0786307,0.3613443374633789,1609701044.82415,1609701044.8323312,0.008181095123291016
8c19e42e65a148c9a5587daab6416e0e,k-means,warm,exec,queue,0.016569852828979492,4.76837158203125e-07,2.384185791015625e-07,1609701044.718724,1609701044.8534062,0.13468217849731445,1609701044.7686248,1609701044.777779,0.009154319763183594
9ea1f7f207734dcfbd7cb947518067f2,k-means,warm,exec,queue,0.011676549911499023,2.384185791015625e-07,0.0,1609701044.7203557,1609701044.9162664,0.19591069221496582,1609701044.7626998,1609701044.7698941,0.0071942806243896484
0eff85fad34043c9bb3e38687619ddd0,k-means,warm,exec,queue,0.006847381591796875,2.384185791015625e-07,0.0,1609701044.721808,1609701044.850803,0.12899494171142578,1609701044.7626545,1609701044.769904,0.007249355316162109
29a7eff013254826a934edc25e21de88,k-means,warm,exec,queue,0.07227706909179688,2.384185791015625e-07,0.0,1609701044.7233515,1609701045.017131,0.2937796115875244,1609701044.830572,1609701044.8381908,0.007618904113769531
8528198e1faf4a3a8617e897eae09dc5,k-means,warm,exec,queue,0.07875561714172363,2.384185791015625e-07,4.76837158203125e-07,1609701044.7248125,1609701045.0151815,0.29036903381347656,1609701044.8446047,1609701044.8509896,0.006384849548339844
aa1997778ed34d21813c5ea919b0359f,k-means,warm,exec,queue,0.08408689498901367,4.76837158203125e-07,4.76837158203125e-07,1609701044.726249,1609701044.953297,0.22704792022705078,1609701044.8470092,1609701044.853574,0.0065648555755615234
15484a8b50574d7abe67d10edd6012b6,k-means,warm,exec,queue,0.08893990516662598,2.384185791015625e-07,2.384185791015625e-07,1609701044.727701,1609701045.1473951,0.419694185256958,1609701044.851929,1609701044.858843,0.0069141387939453125
cfd01d50118d4a70b8237b445fb383c8,video,warm,exec,queue,0.018953800201416016,2.384185791015625e-07,0.0,1609701044.7292438,1609701044.9501274,0.22088360786437988,1609701044.7962666,1609701044.8111837,0.014917135238647461
cf1123250edf4c2cb886a8716f8919c6,matmul,warm,exec,queue,0.019644975662231445,0.0,2.384185791015625e-07,1609701044.730702,1609701044.9179072,0.18720531463623047,1609701044.7961264,1609701044.8055089,0.009382486343383789
53d86ac31cb740739c295756d2cca912,map_reduce,warm,exec,queue,0.020362377166748047,2.384185791015625e-07,2.384185791015625e-07,1609701044.732147,1609701045.146748,0.41460108757019043,1609701044.7965548,1609701044.881721,0.08516621589660645
00790928af69432c91ddf6e062b816b5,disk,warm,exec,queue,0.027647972106933594,2.384185791015625e-07,2.384185791015625e-07,1609701044.7336044,1609701044.8820114,0.148406982421875,1609701044.7989407,1609701044.8049629,0.006022214889526367
187758aeec514190b0b01bdfbe6cc83f,k-means,warm,exec,queue,0.0029451847076416016,9.5367431640625e-07,2.384185791015625e-07,1609701045.6867607,1609701045.8345559,0.1477952003479004,1609701045.7276583,1609701045.7355769,0.007918596267700195
377255a1273c4b42b5cda9a38a1f27d8,k-means,warm,exec,queue,0.05092763900756836,4.76837158203125e-07,2.384185791015625e-07,1609701045.6911142,1609701045.8751135,0.18399930000305176,1609701045.77706,1609701045.7822351,0.005175113677978516
803be8bc9d4c42bcabd8431fbc1742de,k-means,warm,exec,queue,0.045996904373168945,2.384185791015625e-07,2.384185791015625e-07,1609701045.693782,1609701045.944836,0.2510538101196289,1609701045.7716732,1609701045.777014,0.0053408145904541016
225cf85b593e4c00b2a1789c65eb8df6,k-means,warm,exec,queue,0.040991783142089844,2.384185791015625e-07,2.384185791015625e-07,1609701045.6964087,1609701045.879886,0.18347716331481934,1609701045.766198,1609701045.7704563,0.004258394241333008
17426db6672a4135a85c81ba01809fb0,k-means,warm,exec,queue,0.035567283630371094,2.384185791015625e-07,0.0,1609701045.6983216,1609701045.9080975,0.2097759246826172,1609701045.7608223,1609701045.7661662,0.005343914031982422
854752ff2274459e9e408e4f745ac94a,k-means,warm,exec,queue,0.02998828887939453,2.384185791015625e-07,2.384185791015625e-07,1609701045.6998992,1609701046.1095057,0.4096064567565918,1609701045.7552707,1609701045.7607806,0.005509853363037109
2d7e1d6022764789a2da0af2f3e4594b,k-means,warm,exec,queue,0.025166034698486328,2.384185791015625e-07,2.384185791015625e-07,1609701045.701499,1609701045.993801,0.29230213165283203,1609701045.7493253,1609701045.754863,0.005537748336791992
e07b88425ce64b8ab78d60cc54be0830,k-means,warm,exec,queue,0.019580364227294922,0.0,4.76837158203125e-07,1609701045.7035627,1609701045.944266,0.24070334434509277,1609701045.7440777,1609701045.7498808,0.005803108215332031
214ee1ecf59e474494a71dc00b8c0c24,k-means,warm,exec,queue,0.007544755935668945,4.76837158203125e-07,2.384185791015625e-07,1609701045.7051594,1609701045.8783274,0.17316794395446777,1609701045.7287333,1609701045.7365425,0.007809162139892578
0efc68fb4c1d4c2ba1a224ef2cdd7bda,k-means,warm,exec,queue,0.012481212615966797,4.76837158203125e-07,2.384185791015625e-07,1609701045.706896,1609701045.877762,0.1708660125732422,1609701045.7334569,1609701045.7409494,0.007492542266845703
d1614e1ec14e4586bc3f74cfd72489e3,k-means,warm,exec,queue,0.017198801040649414,2.384185791015625e-07,2.384185791015625e-07,1609701045.7085004,1609701045.9465659,0.23806548118591309,1609701045.7392783,1609701045.7466931,0.007414817810058594
961576491a0144898e5baa908bf6275b,k-means,warm,exec,queue,0.0036096572875976562,4.76837158203125e-07,2.384185791015625e-07,1609701046.6908085,1609701046.8134966,0.12268805503845215,1609701046.736753,1609701046.7458813,0.009128332138061523
54a8256cb4764d1aa8ccf2a323bf1de4,k-means,warm,exec,queue,0.04383254051208496,2.384185791015625e-07,0.0,1609701046.6950452,1609701046.8796058,0.18456053733825684,1609701046.777241,1609701046.783553,0.006311893463134766
c5bbc9dc74d74868acbb60ed644d62ae,k-means,warm,exec,queue,0.03827190399169922,2.384185791015625e-07,2.384185791015625e-07,1609701046.697621,1609701046.9157357,0.21811461448669434,1609701046.7688086,1609701046.774929,0.006120443344116211
ae6f55977aa84aa3a5c4b9aff5ce2636,k-means,warm,exec,queue,0.03120112419128418,2.384185791015625e-07,0.0,1609701046.700126,1609701047.0791087,0.3789827823638916,1609701046.7636592,1609701046.7692716,0.005612373352050781
3d48ce6ef7ed42ca8ca10908b627ee0b,k-means,warm,exec,queue,0.009536504745483398,2.384185791015625e-07,2.384185791015625e-07,1609701046.7018569,1609701046.8160064,0.11414957046508789,1609701046.7365603,1609701046.743438,0.0068776607513427734
e2a91f1b739a406592f409ceaa333535,k-means,warm,exec,queue,0.014234066009521484,4.76837158203125e-07,2.384185791015625e-07,1609701046.7032998,1609701046.881244,0.17794418334960938,1609701046.7414446,1609701046.7507522,0.009307622909545898
7f7e71ae91c340db89589e50f4ec3e14,k-means,warm,exec,queue,0.018571138381958008,2.384185791015625e-07,0.0,1609701046.704757,1609701046.8445363,0.13977932929992676,1609701046.7465277,1609701046.7554595,0.008931875228881836
2014f82682434d438b24ea3f227cc368,k-means,warm,exec,queue,0.06511163711547852,2.384185791015625e-07,2.384185791015625e-07,1609701046.706217,1609701046.9639454,0.25772833824157715,1609701046.79867,1609701046.8051403,0.006470203399658203
776794eb503b49e8a998a3ae81676c78,k-means,warm,exec,queue,0.025439739227294922,4.76837158203125e-07,4.76837158203125e-07,1609701046.7076614,1609701046.9131255,0.20546412467956543,1609701046.7605374,1609701046.7680407,0.0075032711029052734
64f17ec4a15548a68ced42dd09543d41,k-means,warm,exec,queue,0.06053328514099121,2.384185791015625e-07,2.384185791015625e-07,1609701046.7092407,1609701046.9163284,0.20708775520324707,1609701046.7932098,1609701046.799691,0.006481170654296875
299a9e1175234f1b96506cf27ec3b74a,k-means,warm,exec,queue,0.055966854095458984,2.384185791015625e-07,2.384185791015625e-07,1609701046.710677,1609701047.0808337,0.37015676498413086,1609701046.791524,1609701046.798357,0.006833076477050781
2d833647c11a4e8180ca78cb4984920b,k-means,warm,exec,queue,0.050864219665527344,2.384185791015625e-07,2.384185791015625e-07,1609701046.712148,1609701046.8779323,0.16578435897827148,1609701046.784994,1609701046.7910552,0.0060613155364990234
6f4f1636b31d4ac8b2df9d19379b06b6,video,warm,exec,queue,0.015950441360473633,2.384185791015625e-07,0.0,1609701046.7136793,1609701046.911418,0.1977386474609375,1609701046.7614849,1609701046.7782257,0.016740798950195312
f79d3ec4a3344a609578c71e916f10bf,k-means,warm,exec,queue,0.004243612289428711,4.76837158203125e-07,2.384185791015625e-07,1609701047.684786,1609701047.7978914,0.11310529708862305,1609701047.7149312,1609701047.7230632,0.008131980895996094
6eace63e59a448298d8592398bd4be5d,k-means,warm,exec,queue,0.030628681182861328,7.152557373046875e-07,2.384185791015625e-07,1609701047.688865,1609701047.8407092,0.15184426307678223,1609701047.745245,1609701047.75213,0.006885051727294922
e34bbf5116f346e0895a6e7c34a89a6e,k-means,warm,exec,queue,0.008528709411621094,7.152557373046875e-07,0.0,1609701047.6913674,1609701047.7996883,0.10832095146179199,1609701047.7173262,1609701047.7234843,0.006158113479614258
15719798926f4df983abb8bc52e5519a,k-means,warm,exec,queue,0.012948036193847656,4.76837158203125e-07,4.76837158203125e-07,1609701047.693888,1609701047.838985,0.145097017288208,1609701047.722735,1609701047.7299275,0.0071926116943359375
f8afba12af1a4c12ada469147528d708,k-means,warm,exec,queue,0.017854928970336914,4.76837158203125e-07,4.76837158203125e-07,1609701047.6963923,1609701047.880463,0.18407058715820312,1609701047.736018,1609701047.7440517,0.00803375244140625
06825f42fcd9453e91292ed7a9f24c7d,k-means,warm,exec,queue,0.023739099502563477,4.76837158203125e-07,4.76837158203125e-07,1609701047.6980567,1609701047.9386773,0.24062061309814453,1609701047.7406266,1609701047.746464,0.005837440490722656
648cb8f6140847cfbd0458990364ffcb,k-means,warm,exec,queue,0.02811431884765625,2.384185791015625e-07,2.384185791015625e-07,1609701047.6995041,1609701047.9247365,0.22523236274719238,1609701047.7409418,1609701047.7455478,0.004606008529663086
0ddcc26e87c9462cbc956bf2f7d9c253,k-means,warm,exec,queue,0.009609699249267578,7.152557373046875e-07,0.0,1609701048.699103,1609701048.842658,0.1435549259185791,1609701048.7512646,1609701048.7596571,0.008392572402954102
bb0cdee00b754666b629bc51f88519f8,k-means,warm,exec,queue,0.02777576446533203,2.384185791015625e-07,0.0,1609701048.7036066,1609701049.1003275,0.39672088623046875,1609701048.7766285,1609701048.7841423,0.007513761520385742
def553261190471ba01bf1fc3d8bb736,k-means,warm,exec,queue,0.033162593841552734,2.384185791015625e-07,0.0,1609701048.7062788,1609701048.892787,0.1865081787109375,1609701048.7772362,1609701048.782117,0.004880666732788086
c5f6cd353dfc4ef68e5fb90e49a9e440,k-means,warm,exec,queue,0.03804326057434082,2.384185791015625e-07,2.384185791015625e-07,1609701048.7088253,1609701048.891077,0.1822516918182373,1609701048.7853227,1609701048.792692,0.007369279861450195
2914ccfccc1640d08c3f47ce88b7f676,k-means,warm,exec,queue,0.04353213310241699,2.384185791015625e-07,2.384185791015625e-07,1609701048.7105856,1609701049.2107568,0.5001711845397949,1609701048.7928455,1609701048.7988253,0.005979776382446289
05afc2052784442588374b01737c348f,k-means,warm,exec,queue,0.048456430435180664,2.384185791015625e-07,2.384185791015625e-07,1609701048.7121372,1609701049.0697925,0.35765528678894043,1609701048.7988806,1609701048.8061411,0.007260560989379883
f61aa5440bb0428e86ed8a60d9b91e99,k-means,warm,exec,queue,0.05385994911193848,2.384185791015625e-07,2.384185791015625e-07,1609701048.7137156,1609701049.2940655,0.5803499221801758,1609701048.8014233,1609701048.8082623,0.00683903694152832
24d4e1962c8442fb9a2b81c1518d754d,k-means,warm,exec,queue,0.05892777442932129,2.384185791015625e-07,0.0,1609701048.715286,1609701049.0017242,0.2864382266998291,1609701048.8072,1609701048.811869,0.0046689510345458984
025f7f8ce4cb47e397c4c73db6b78526,k-means,warm,exec,queue,0.0639650821685791,2.384185791015625e-07,0.0,1609701048.7168634,1609701049.070473,0.353609561920166,1609701048.8162603,1609701048.8236933,0.0074329376220703125
cdba93f1b5474040b7a1fcd2906f5861,k-means,warm,exec,queue,0.013263940811157227,2.384185791015625e-07,4.76837158203125e-07,1609701048.718585,1609701048.840573,0.12198805809020996,1609701048.7552402,1609701048.7631638,0.007923603057861328
f4bfa7514d5e440e8fe1580ba74e3ff1,k-means,warm,exec,queue,0.017594575881958008,2.384185791015625e-07,2.384185791015625e-07,1609701048.72013,1609701049.1022887,0.3821587562561035,1609701048.760822,1609701048.769167,0.008344888687133789
b333c33a778846d6ad646379259a0d8c,k-means,warm,exec,queue,0.021977663040161133,2.384185791015625e-07,2.384185791015625e-07,1609701048.7216747,1609701048.94118,0.21950531005859375,1609701048.770717,1609701048.778556,0.007839202880859375
0b419108be7449ad87e840f4c5bd78b4,k-means,warm,exec,queue,0.06948184967041016,2.384185791015625e-07,2.384185791015625e-07,1609701048.7232125,1609701048.9430392,0.21982669830322266,1609701048.8188148,1609701048.8248627,0.006047964096069336
9a3b9a693fba43629d9064dd76b2e141,k-means,warm,exec,queue,0.07517790794372559,2.384185791015625e-07,2.384185791015625e-07,1609701048.7248814,1609701048.9446971,0.21981573104858398,1609701048.8232186,1609701048.8283079,0.005089282989501953
7e4fbc7a497843408588534b3577df5e,k-means,warm,exec,queue,0.0797109603881836,2.384185791015625e-07,2.384185791015625e-07,1609701048.7264204,1609701049.143966,0.4175455570220947,1609701048.830907,1609701048.8386219,0.007714748382568359
7f86ea047eb14ce8bf120f152664354e,video,warm,exec,queue,0.018338918685913086,2.384185791015625e-07,2.384185791015625e-07,1609701048.7279735,1609701048.999771,0.27179765701293945,1609701048.7739797,1609701048.7904727,0.01649308204650879
222b77b7e04d4a8d9144e3fb81323824,k-means,warm,exec,queue,0.007307291030883789,2.384185791015625e-07,2.384185791015625e-07,1609701049.6920724,1609701049.8296463,0.1375739574432373,1609701049.7337365,1609701049.7407875,0.007050991058349609
2ab55d37b65a4ab8bc2bc1322190cdcf,matmul,warm,exec,queue,0.016307592391967773,2.384185791015625e-07,0.0,1609701049.6967013,1609701050.0022752,0.3055739402770996,1609701049.7506983,1609701049.761453,0.010754585266113281
e6f62c9aab06456caafb21a4fe322bc8,k-means,warm,exec,queue,0.04490065574645996,2.384185791015625e-07,2.384185791015625e-07,1609701049.6994684,1609701050.0370934,0.33762502670288086,1609701049.776656,1609701049.7823784,0.005722522735595703
cfb6638a644a4496ac956901b86abeaf,k-means,warm,exec,queue,0.04028892517089844,4.76837158203125e-07,2.384185791015625e-07,1609701049.7021475,1609701049.8940642,0.19191670417785645,1609701049.7730632,1609701049.7803826,0.007319450378417969
eab353fee81d443ebd64ee46c6c40d19,k-means,warm,exec,queue,0.03579282760620117,4.76837158203125e-07,2.384185791015625e-07,1609701049.7049644,1609701049.895967,0.19100260734558105,1609701049.7707613,1609701049.7762418,0.005480527877807617
a360cda43b614bba8e6755827d825b9a,k-means,warm,exec,queue,0.03124523162841797,2.384185791015625e-07,4.76837158203125e-07,1609701049.7065594,1609701049.944114,0.23755455017089844,1609701049.7650778,1609701049.7714164,0.006338596343994141
2311a384e23d4b379bce9bc8af5cb8d2,k-means,warm,exec,queue,0.02681875228881836,4.76837158203125e-07,2.384185791015625e-07,1609701049.7082312,1609701049.8976474,0.18941617012023926,1609701049.7600317,1609701049.7658753,0.005843639373779297
498b28a081814cb3973d626d7947bf10,k-means,warm,exec,queue,0.021836042404174805,2.384185791015625e-07,2.384185791015625e-07,1609701049.709854,1609701049.8619936,0.15213966369628906,1609701049.7497272,1609701049.7559927,0.006265401840209961
4aef36b6f6e6407989c7b50de481012b,k-means,warm,exec,queue,0.010968923568725586,4.76837158203125e-07,2.384185791015625e-07,1609701049.711489,1609701049.8279245,0.11643552780151367,1609701049.7389677,1609701049.7472281,0.008260488510131836
0fecfc6f47e640b4a14233c86237731f,k-means,warm,exec,queue,0.01622295379638672,7.152557373046875e-07,0.0,1609701049.713463,1609701049.860258,0.14679503440856934,1609701049.7443354,1609701049.7523694,0.008033990859985352
86db2fc79ff94fb69ca2d45a63ce9138,k-means,warm,exec,queue,0.04867100715637207,2.384185791015625e-07,2.384185791015625e-07,1609701049.7150874,1609701050.0040107,0.2889232635498047,1609701049.7823575,1609701049.789534,0.007176637649536133
8771dcca199b4bcdb49e6fd01903574b,k-means,warm,exec,queue,0.00011301040649414062,7.152557373046875e-07,7.152557373046875e-07,1609701050.6981819,1609701050.8211515,0.1229696273803711,1609701050.7516067,1609701050.7595131,0.007906436920166016
1bd66079a97445e3b9768ce3c072c5f2,k-means,warm,exec,queue,0.010308980941772461,2.384185791015625e-07,0.0,1609701050.7019408,1609701050.8238544,0.12191367149353027,1609701050.7512565,1609701050.759744,0.008487462997436523
3b016c5965c245d4a7dbdfe4fe0ede08,k-means,warm,exec,queue,0.015249252319335938,4.76837158203125e-07,2.384185791015625e-07,1609701050.703941,1609701050.8234022,0.1194610595703125,1609701050.757492,1609701050.7655737,0.008081674575805664
acca383414f64e08beb5f62fdefa675a,k-means,warm,exec,queue,0.019892454147338867,2.384185791015625e-07,2.384185791015625e-07,1609701050.705955,1609701050.8542497,0.14829468727111816,1609701050.7685096,1609701050.7763128,0.007803201675415039
bb5c8ac16496400bbde6f8e1c07efbf9,k-means,warm,exec,queue,0.02654242515563965,2.384185791015625e-07,2.384185791015625e-07,1609701050.7081563,1609701050.9500895,0.24193310737609863,1609701050.77251,1609701050.7786157,0.006105661392211914
2247d27a2e5f4d8fa8ac2e3af0d590e7,k-means,warm,exec,queue,0.030901193618774414,2.384185791015625e-07,2.384185791015625e-07,1609701050.7101576,1609701050.9076307,0.19747304916381836,1609701050.776378,1609701050.7828138,0.006435871124267578
5dbe8d5d99ba4be78840b5bcaa32480e,k-means,warm,exec,queue,0.03515434265136719,2.384185791015625e-07,2.384185791015625e-07,1609701050.7121506,1609701050.9071023,0.19495177268981934,1609701050.7792313,1609701050.7865796,0.007348299026489258
5b886b8725d34c9fa087ca6b36986b57,k-means,warm,exec,queue,0.04029655456542969,2.384185791015625e-07,2.384185791015625e-07,1609701050.7141519,1609701050.9925792,0.2784273624420166,1609701050.7863374,1609701050.7929332,0.0065958499908447266
e038dc4af25c478ebd15b17128a145bd,k-means,warm,exec,queue,0.046722412109375,2.384185791015625e-07,2.384185791015625e-07,1609701050.7161539,1609701050.9898295,0.27367568016052246,1609701050.7941952,1609701050.7994204,0.005225181579589844
5f2c721e6f34450d9b1d6808e43d1e06,k-means,warm,exec,queue,0.05157351493835449,2.384185791015625e-07,2.384185791015625e-07,1609701050.7179766,1609701050.9046316,0.18665504455566406,1609701050.8022761,1609701050.8092198,0.006943702697753906
921cc9f96cc342c3ae6c9a8afb0e95d2,k-means,warm,exec,queue,0.056319475173950195,2.384185791015625e-07,4.76837158203125e-07,1609701050.7194295,1609701051.0647128,0.34528326988220215,1609701050.804458,1609701050.8106594,0.006201505661010742
ad041bd22f694b36b6decda88cb667c4,k-means,warm,exec,queue,0.0608372688293457,2.384185791015625e-07,0.0,1609701050.720888,1609701051.1259658,0.4050779342651367,1609701050.8081295,1609701050.814371,0.006241559982299805
dbb54b42da134647ab7635dc09df489a,k-means,warm,exec,queue,0.06598734855651855,7.152557373046875e-07,2.384185791015625e-07,1609701050.7223442,1609701051.0808015,0.3584573268890381,1609701050.8174756,1609701050.8254137,0.007938146591186523
0cd818c247a648b3939a02be10777c43,k-means,warm,exec,queue,0.07053422927856445,2.384185791015625e-07,2.384185791015625e-07,1609701050.7238958,1609701050.9943657,0.27046990394592285,1609701050.8229046,1609701050.8285186,0.005614042282104492
3a2f9cacae6f4aedbe737e7b7fa35fba,video,warm,exec,queue,0.017052888870239258,2.384185791015625e-07,2.384185791015625e-07,1609701050.7253594,1609701050.993053,0.26769351959228516,1609701050.7731473,1609701050.7888303,0.01568293571472168
6caa62129fc442aa951ad109b317ac91,k-means,warm,exec,queue,0.004640340805053711,4.76837158203125e-07,2.384185791015625e-07,1609701051.693518,1609701052.6638176,0.9702997207641602,1609701051.7370229,1609701051.7452378,0.008214950561523438
6ef0c5b87b1644b2bad9b38575f1add7,k-means,warm,exec,queue,0.04502058029174805,2.384185791015625e-07,2.384185791015625e-07,1609701051.6978767,1609701053.0682554,1.3703787326812744,1609701051.7810717,1609701051.7875051,0.0064334869384765625
0a5719f7371b47b899c306d445be833a,k-means,warm,exec,queue,0.04033231735229492,4.76837158203125e-07,2.384185791015625e-07,1609701051.700568,1609701052.6632218,0.9626538753509521,1609701051.7758732,1609701051.7815883,0.005715131759643555
4c18baf9a2584ee994db4349d18bc238,k-means,warm,exec,queue,0.03573250770568848,2.384185791015625e-07,2.384185791015625e-07,1609701051.7031832,1609701052.8139298,1.1107466220855713,1609701051.770247,1609701051.7762375,0.005990505218505859
8451b9f172784afc8eb67a46e05849b1,k-means,warm,exec,queue,0.030968904495239258,2.384185791015625e-07,2.384185791015625e-07,1609701051.705819,1609701052.9225616,1.216742753982544,1609701051.7651334,1609701051.7709303,0.005796909332275391
b17b533f97604fe4b059e79c1be35f08,k-means,warm,exec,queue,0.009261846542358398,4.76837158203125e-07,2.384185791015625e-07,1609701051.708668,1609701052.763263,1.0545949935913086,1609701051.7368221,1609701051.7436497,0.006827592849731445
a0ae7eef53c9436990eaa5a54e7506ad,k-means,warm,exec,queue,0.01402902603149414,4.76837158203125e-07,2.384185791015625e-07,1609701051.7102904,1609701053.0691028,1.3588123321533203,1609701051.7420104,1609701051.748696,0.006685733795166016
afa8df04361840758c3c0a0a6f9e1b17,k-means,warm,exec,queue,0.01867842674255371,2.384185791015625e-07,2.384185791015625e-07,1609701051.7118883,1609701052.6605246,0.9486362934112549,1609701051.7477572,1609701051.755613,0.007855892181396484
d5a89720373a447dbdb3bd7ae85f9743,k-means,warm,exec,queue,0.02361273765563965,2.384185791015625e-07,2.384185791015625e-07,1609701051.71351,1609701053.0687013,1.3551912307739258,1609701051.7544389,1609701051.760524,0.00608515739440918
83cd858be1e145a1b0017b23576e4d3b,k-means,warm,exec,queue,0.0287020206451416,4.76837158203125e-07,2.384185791015625e-07,1609701051.715236,1609701052.812288,1.0970520973205566,1609701051.7585442,1609701051.7653139,0.006769657135009766
27332f9625e748a683029eefc4d8215a,k-means,warm,exec,queue,0.00371551513671875,2.384185791015625e-07,0.0,1609701052.695283,1609701052.8782613,0.18297839164733887,1609701052.7431521,1609701052.7500196,0.006867408752441406
91f1a8ff8dba4a1a8997462889f53b4b,k-means,warm,exec,queue,0.008559942245483398,4.76837158203125e-07,2.384185791015625e-07,1609701052.6996515,1609701052.9563513,0.256699800491333,1609701052.7437298,1609701052.750431,0.006701231002807617
c02ac6954d6040b4a9792b6e05ab0c1a,k-means,warm,exec,queue,0.06262540817260742,2.384185791015625e-07,2.384185791015625e-07,1609701052.701998,1609701052.9610019,0.2590038776397705,1609701052.8044286,1609701052.8099608,0.005532264709472656
151f1dd13ed145fe9f5f91dad4e61be4,k-means,warm,exec,queue,0.05782890319824219,2.384185791015625e-07,0.0,1609701052.7043293,1609701053.2345383,0.5302090644836426,1609701052.8000314,1609701052.8070488,0.007017374038696289
84dee4e2dde147d79726bedbfbf27099,k-means,warm,exec,queue,0.05170440673828125,2.384185791015625e-07,0.0,1609701052.7066433,1609701052.9249837,0.21834039688110352,1609701052.7921042,1609701052.7986188,0.006514549255371094
22221c0baa17483d8f5cf12e7d6dc213,k-means,warm,exec,queue,0.04608416557312012,2.384185791015625e-07,0.0,1609701052.708847,1609701052.9255166,0.21666955947875977,1609701052.7872295,1609701052.7939067,0.006677150726318359
76a3b991482f47a5b26d509bd887572b,k-means,warm,exec,queue,0.03960132598876953,4.76837158203125e-07,2.384185791015625e-07,1609701052.7102878,1609701053.2351334,0.5248456001281738,1609701052.7845082,1609701052.7899923,0.005484104156494141
cba16a53049a4a598c204d5f1f693b72,k-means,warm,exec,queue,0.0348966121673584,2.384185791015625e-07,2.384185791015625e-07,1609701052.7117643,1609701052.9579346,0.2461702823638916,1609701052.781638,1609701052.788945,0.0073070526123046875
f012d898355641fc898baed16a83c8f2,k-means,warm,exec,queue,0.01259756088256836,2.384185791015625e-07,2.384185791015625e-07,1609701052.7132542,1609701053.22923,0.5159757137298584,1609701052.7491372,1609701052.7568486,0.0077114105224609375
f3fb32b11a2a4f529ef0ffc92e404e37,k-means,warm,exec,queue,0.018216848373413086,4.76837158203125e-07,0.0,1609701052.714842,1609701053.1634374,0.4485952854156494,1609701052.7626047,1609701052.769881,0.007276296615600586
b07fe071edb64c4c8059e7169ddcf395,k-means,warm,exec,queue,0.024727344512939453,2.384185791015625e-07,2.384185791015625e-07,1609701052.716344,1609701052.9209602,0.20461606979370117,1609701052.7663083,1609701052.772287,0.005978584289550781
c5d8417b16ba42bf856e9417771a01de,k-means,warm,exec,queue,0.06791138648986816,2.384185791015625e-07,0.0,1609701052.7178342,1609701053.2339647,0.5161304473876953,1609701052.809712,1609701052.816504,0.0067920684814453125
55a0028b98874367b484ba33d9dd7a9a,k-means,warm,exec,queue,0.029292821884155273,2.384185791015625e-07,2.384185791015625e-07,1609701052.7193313,1609701053.228595,0.5092637538909912,1609701052.767001,1609701052.7726715,0.0056705474853515625
6ee332b597a24793b0f09ce914f03bcd,k-means,warm,exec,queue,0.07599020004272461,4.76837158203125e-07,2.384185791015625e-07,1609701052.7208698,1609701053.0676715,0.3468017578125,1609701052.8194087,1609701052.8247373,0.005328655242919922
1c4c80115e9d44838433a881cc7172fc,video,warm,exec,queue,0.01520395278930664,2.384185791015625e-07,2.384185791015625e-07,1609701052.7222974,1609701053.062078,0.3397805690765381,1609701052.765914,1609701052.7812443,0.015330314636230469
0312dedd1bc1412583325274325d3a0c,k-means,warm,exec,queue,0.006387948989868164,2.384185791015625e-07,2.384185791015625e-07,1609701053.6913311,1609701054.5187857,0.8274545669555664,1609701053.7372482,1609701053.7451427,0.007894515991210938
26c0e13f4ab345eb89ec3fb99b4a59f5,k-means,warm,exec,queue,0.05649924278259277,2.384185791015625e-07,4.76837158203125e-07,1609701053.6956487,1609701054.5612016,0.8655529022216797,1609701053.7933683,1609701053.7991693,0.005800962448120117
b6ab660c3d9d47ebbbf748e2c2569658,k-means,warm,exec,queue,0.05173659324645996,4.76837158203125e-07,2.384185791015625e-07,1609701053.6984398,1609701054.448441,0.7500011920928955,1609701053.786744,1609701053.7934036,0.006659507751464844
36b0f327738e453e83fafaa6f784d672,k-means,warm,exec,queue,0.04636716842651367,7.152557373046875e-07,0.0,1609701053.701063,1609701054.593505,0.892441987991333,1609701053.7818027,1609701053.7875717,0.005769014358520508
61137463b82b4693b4128e06b4059a96,k-means,warm,exec,queue,0.04095172882080078,2.384185791015625e-07,2.384185791015625e-07,1609701053.7039466,1609701054.5643907,0.8604440689086914,1609701053.774421,1609701053.7792885,0.0048675537109375
5434a4d35cd3433a8072d73bb720bdd7,k-means,warm,exec,queue,0.03626203536987305,2.384185791015625e-07,2.384185791015625e-07,1609701053.7064261,1609701054.5638373,0.8574111461639404,1609701053.7705998,1609701053.7763016,0.005701780319213867
ac8cca0f210d4395acfe33c262ae712e,k-means,warm,exec,queue,0.030839204788208008,2.384185791015625e-07,0.0,1609701053.7086608,1609701054.566108,0.8574471473693848,1609701053.7633624,1609701053.7684996,0.005137205123901367
f968e18991044729a01def27a73de725,k-means,warm,exec,queue,0.025783538818359375,2.384185791015625e-07,2.384185791015625e-07,1609701053.71097,1609701054.4439187,0.7329487800598145,1609701053.7591255,1609701053.76444,0.00531458854675293
12c956db8f72429bab7b5ac2ba92e412,k-means,warm,exec,queue,0.010299205780029297,2.384185791015625e-07,0.0,1609701053.713306,1609701054.6530175,0.9397115707397461,1609701053.7424786,1609701053.7505627,0.00808405876159668
a9d3501e6d6942a186c75520dccae118,k-means,warm,exec,queue,0.01568770408630371,2.384185791015625e-07,2.384185791015625e-07,1609701053.7157469,1609701054.4488325,0.7330856323242188,1609701053.7468028,1609701053.7542212,0.007418394088745117
9607a928a8bd4fac9de6be12cdab5eb0,k-means,warm,exec,queue,0.020424365997314453,2.384185791015625e-07,0.0,1609701053.7181644,1609701054.447908,0.729743480682373,1609701053.7517352,1609701053.757128,0.005392789840698242
df2b097046db40efa8fa534a4fbbddbb,k-means,warm,exec,queue,0.007474184036254883,4.76837158203125e-07,0.0,1609701054.7083137,1609701054.855689,0.14737534523010254,1609701054.7646372,1609701054.7720275,0.007390260696411133
2f11d6e3ebed41128361b936b8f112ea,k-means,warm,exec,queue,0.011834144592285156,2.384185791015625e-07,0.0,1609701054.7125828,1609701054.8891013,0.17651844024658203,1609701054.7701051,1609701054.7779753,0.007870197296142578
9f18bab82f7443ef85a99269bbd2f153,k-means,warm,exec,queue,0.016150951385498047,0.0,2.384185791015625e-07,1609701054.7151744,1609701055.059844,0.3446695804595947,1609701054.7749386,1609701054.783107,0.008168458938598633
896d32740af04799a4c6449933afeffc,k-means,warm,exec,queue,0.020760297775268555,2.384185791015625e-07,2.384185791015625e-07,1609701054.7178264,1609701055.1358693,0.4180428981781006,1609701054.78335,1609701054.7910938,0.00774383544921875
c7a2203020d64afca12f90095b7aa440,k-means,warm,exec,queue,0.026961326599121094,7.152557373046875e-07,0.0,1609701054.7208824,1609701055.1378129,0.4169304370880127,1609701054.7867467,1609701054.7933424,0.006595611572265625
f2887e96416945ca9e77483d28f4a63c,k-means,warm,exec,queue,0.03432965278625488,4.76837158203125e-07,2.384185791015625e-07,1609701054.7224333,1609701055.1939838,0.47155046463012695,1609701054.793844,1609701054.800157,0.0063130855560302734
feb2c141fe424b8592d860f1bbb10394,k-means,warm,exec,queue,0.03973507881164551,4.76837158203125e-07,2.384185791015625e-07,1609701054.7239678,1609701055.0164382,0.29247045516967773,1609701054.800495,1609701054.8073978,0.006902933120727539
c051cfb50c0a4de7a51a987a0b35de95,k-means,warm,exec,queue,0.04443478584289551,2.384185791015625e-07,2.384185791015625e-07,1609701054.7256215,1609701054.9333887,0.20776724815368652,1609701054.8024707,1609701054.8087652,0.0062944889068603516
94cf04d720a4495b8b07bc6bf7454763,k-means,warm,exec,queue,0.05051159858703613,0.0,2.384185791015625e-07,1609701054.7271488,1609701055.1689174,0.4417686462402344,1609701054.813409,1609701054.820507,0.007097959518432617
b052e5fdb888439a80605920fb17c6ba,k-means,warm,exec,queue,0.05514216423034668,4.76837158203125e-07,0.0,1609701054.7288406,1609701055.170638,0.44179749488830566,1609701054.816378,1609701054.8227477,0.006369590759277344
04cb55c175344562ae85f49a7f0ee21d,k-means,warm,exec,queue,0.05992412567138672,2.384185791015625e-07,0.0,1609701054.7303674,1609701054.931909,0.20154166221618652,1609701054.821913,1609701054.8284688,0.006555795669555664
7efbe3ddbce84b43b43586d090f69119,k-means,warm,exec,queue,0.06471824645996094,2.384185791015625e-07,2.384185791015625e-07,1609701054.731887,1609701055.0146687,0.28278160095214844,1609701054.8293662,1609701054.836145,0.006778717041015625
c720bc85f6034143ac571956c42d5643,k-means,warm,exec,queue,0.06997919082641602,4.76837158203125e-07,4.76837158203125e-07,1609701054.733512,1609701054.930565,0.1970531940460205,1609701054.830418,1609701054.8362997,0.005881547927856445
9a4e00d5cf334ec987056c1f4e193f97,video,warm,exec,queue,0.021145105361938477,2.384185791015625e-07,2.384185791015625e-07,1609701054.735028,1609701055.0196087,0.28458070755004883,1609701054.7874944,1609701054.8043222,0.016827821731567383
333792068ab1435292c286a3ac67fafe,matmul,warm,exec,queue,0.0248410701751709,2.384185791015625e-07,2.384185791015625e-07,1609701054.736583,1609701055.0180173,0.2814342975616455,1609701054.79114,1609701054.80104,0.00989985466003418
e47b3d6fcd434a87a92f7877caf9da1f,map_reduce,warm,exec,queue,0.027920007705688477,2.384185791015625e-07,0.0,1609701054.7381012,1609701055.195563,0.4574618339538574,1609701054.7947674,1609701054.8797615,0.08499407768249512
9be2978e749d4a699aad4cf3839cf099,k-means,warm,exec,queue,0.0006911754608154297,4.76837158203125e-07,4.76837158203125e-07,1609701055.700956,1609701055.9114897,0.21053361892700195,1609701055.7472239,1609701055.7554524,0.008228540420532227
a7388606e50f4cd184983d8782faf575,k-means,warm,exec,queue,0.043374061584472656,2.384185791015625e-07,2.384185791015625e-07,1609701055.7053635,1609701055.961013,0.2556495666503906,1609701055.7887435,1609701055.7940102,0.005266666412353516
713de322307849b9a9662f50cdf4cf94,k-means,warm,exec,queue,0.04881143569946289,2.384185791015625e-07,2.384185791015625e-07,1609701055.708021,1609701055.9267569,0.218735933303833,1609701055.7946742,1609701055.8001552,0.00548100471496582
39ceedd436a04744b90f7807e6a8cb3c,k-means,warm,exec,queue,0.05420827865600586,4.76837158203125e-07,2.384185791015625e-07,1609701055.7097552,1609701055.8829374,0.17318224906921387,1609701055.800724,1609701055.8058558,0.005131721496582031
db548dc8029f4b5b8e533a27e7d01b4f,k-means,warm,exec,queue,0.05900979042053223,2.384185791015625e-07,2.384185791015625e-07,1609701055.7115288,1609701055.925501,0.2139723300933838,1609701055.805869,1609701055.811358,0.005488872528076172
e342f49b1911435abec1af14e50953bb,k-means,warm,exec,queue,0.005772590637207031,2.384185791015625e-07,2.384185791015625e-07,1609701055.7131019,1609701055.8438418,0.13073992729187012,1609701055.7471135,1609701055.7546785,0.007565021514892578
e77da14bc22042c990f2dcf9910b2422,k-means,warm,exec,queue,0.010582447052001953,2.384185791015625e-07,2.384185791015625e-07,1609701055.714662,1609701055.8412414,0.12657928466796875,1609701055.7501464,1609701055.7578917,0.007745265960693359
5fbb25a9b97b439d99e08f64932f993e,k-means,warm,exec,queue,0.015852689743041992,2.384185791015625e-07,2.384185791015625e-07,1609701055.7162378,1609701056.1141706,0.397932767868042,1609701055.7565763,1609701055.7643037,0.007727384567260742
b3006c8f0ade4734b8b0c3f5807058e4,k-means,warm,exec,queue,0.021013975143432617,2.384185791015625e-07,2.384185791015625e-07,1609701055.7178113,1609701055.8444264,0.12661504745483398,1609701055.7636645,1609701055.768693,0.005028486251831055
7ae0c23ccf6b45e2a99a60769ef60e1e,k-means,warm,exec,queue,0.02582073211669922,2.384185791015625e-07,2.384185791015625e-07,1609701055.719499,1609701056.1169865,0.3974874019622803,1609701055.7665713,1609701055.7709732,0.0044019222259521484
b34689d87ea44779964c1b664d4b2d32,k-means,warm,exec,queue,0.030276060104370117,2.384185791015625e-07,0.0,1609701055.7210758,1609701055.9627712,0.24169540405273438,1609701055.7730336,1609701055.7777202,0.004686594009399414
8c71d5f17cd24345a05b892014a0af13,k-means,warm,exec,queue,0.035294294357299805,2.384185791015625e-07,2.384185791015625e-07,1609701055.722628,1609701055.9109356,0.188307523727417,1609701055.7774565,1609701055.7830029,0.0055463314056396484
ac1ba6f12caa43bd92bebe34aba658ef,k-means,warm,exec,queue,0.04050946235656738,2.384185791015625e-07,2.384185791015625e-07,1609701055.7241814,1609701056.1178463,0.3936648368835449,1609701055.7834187,1609701055.7890227,0.0056040287017822266
1d4d0b32e72f43858b3ebf33b8fed260,k-means,warm,exec,queue,0.0026760101318359375,4.76837158203125e-07,2.384185791015625e-07,1609701056.7028992,1609701056.8417182,0.13881897926330566,1609701056.7743313,1609701056.7824118,0.008080482482910156
70fe9e4512604439b0845c956d64d731,k-means,warm,exec,queue,0.022901535034179688,4.76837158203125e-07,2.384185791015625e-07,1609701056.7066674,1609701056.8645327,0.15786528587341309,1609701056.7961602,1609701056.802587,0.006426811218261719
68fc1d951b5648679a5b367c39e5b995,k-means,warm,exec,queue,0.0286409854888916,2.384185791015625e-07,2.384185791015625e-07,1609701056.7087831,1609701056.9537637,0.2449805736541748,1609701056.7985477,1609701056.8048112,0.0062634944915771484
6d4a81e667b746c7b15768169637b3d1,k-means,warm,exec,queue,0.03417706489562988,2.384185791015625e-07,0.0,1609701056.7103376,1609701056.9554162,0.24507856369018555,1609701056.8033073,1609701056.8082268,0.004919528961181641
2b434ec32a524754a4d37032dbbe4c80,k-means,warm,exec,queue,0.03884768486022949,7.152557373046875e-07,2.384185791015625e-07,1609701056.7121089,1609701057.0681558,0.3560469150543213,1609701056.8105881,1609701056.8178806,0.007292509078979492
81df442cfef74a6abea5b60b25ee14f7,k-means,warm,exec,queue,0.045481204986572266,2.384185791015625e-07,2.384185791015625e-07,1609701056.71369,1609701056.9774148,0.26372480392456055,1609701056.8164074,1609701056.821135,0.004727602005004883
dc8ae9473a214141a11123ab538080e3,k-means,warm,exec,queue,0.05206799507141113,2.384185791015625e-07,2.384185791015625e-07,1609701056.7152483,1609701056.9768913,0.2616429328918457,1609701056.8239644,1609701056.8312423,0.007277965545654297
0457a2aefde4462daa105431a209e2a9,k-means,warm,exec,queue,0.057289838790893555,2.384185791015625e-07,0.0,1609701056.7168217,1609701057.0726824,0.35586071014404297,1609701056.8289278,1609701056.834011,0.005083322525024414
e2293d1fa1d243b5a04bf5c329ee6cab,k-means,warm,exec,queue,0.06287407875061035,2.384185791015625e-07,0.0,1609701056.718397,1609701056.9544542,0.23605728149414062,1609701056.833672,1609701056.8398542,0.006182193756103516
7c00215d357444fdbec424e059fd7e9a,k-means,warm,exec,queue,0.01590871810913086,2.384185791015625e-07,0.0,1609701056.7202554,1609701056.9737053,0.2534499168395996,1609701056.784846,1609701056.7932787,0.008432626724243164
6f17ccf2bbe04dd5b3a6de75cb715a70,k-means,warm,exec,queue,0.011407613754272461,2.384185791015625e-07,2.384185791015625e-07,1609701056.721786,1609701056.8399806,0.118194580078125,1609701056.7752068,1609701056.7836516,0.008444786071777344
87b5c7f146174976a88ca9ac73554aa8,k-means,warm,exec,queue,0.01584625244140625,2.384185791015625e-07,2.384185791015625e-07,1609701056.7233233,1609701056.9062328,0.18290948867797852,1609701056.7795677,1609701056.7874477,0.007879972457885742
158ff7a534b04862970a367d2e028510,k-means,warm,exec,queue,0.06786799430847168,2.384185791015625e-07,0.0,1609701056.7248645,1609701057.0733507,0.34848618507385254,1609701056.8408427,1609701056.8451843,0.004341602325439453
91878f2c96dc4182a61757f21cbe9bd7,video,warm,exec,queue,0.016808509826660156,2.384185791015625e-07,0.0,1609701056.7499554,1609701056.9781654,0.2282099723815918,1609701056.797573,1609701056.813717,0.016143798828125
55c49d1d263c48c1929643f660e15147,k-means,warm,exec,queue,0.0023932456970214844,4.76837158203125e-07,0.0,1609701057.6947794,1609701057.834118,0.13933849334716797,1609701057.730708,1609701057.7391222,0.008414268493652344
c6e487d891084bbf9132ee2888e4e2ca,k-means,warm,exec,queue,0.0337984561920166,2.384185791015625e-07,2.384185791015625e-07,1609701057.6989777,1609701057.8675766,0.16859889030456543,1609701057.7649455,1609701057.7712328,0.006287336349487305
a7dd6cca788e44e8a6c09e457e4af16b,k-means,warm,exec,queue,0.02836322784423828,2.384185791015625e-07,2.384185791015625e-07,1609701057.7016203,1609701057.9347076,0.23308730125427246,1609701057.7552795,1609701057.7600832,0.004803657531738281
13022b505d6040b88f897b0c8fe5384c,k-means,warm,exec,queue,0.02333235740661621,2.384185791015625e-07,0.0,1609701057.7042396,1609701057.9388833,0.23464369773864746,1609701057.7518008,1609701057.7571428,0.005342006683349609
d340a639d4ea475ab33d494a53436edb,k-means,warm,exec,queue,0.018862247467041016,2.384185791015625e-07,4.76837158203125e-07,1609701057.7068343,1609701057.8659189,0.15908455848693848,1609701057.7495053,1609701057.7567685,0.00726318359375
56349221a5044d56947be78a729718c5,k-means,warm,exec,queue,0.00648808479309082,4.76837158203125e-07,4.76837158203125e-07,1609701057.709278,1609701057.8358526,0.12657451629638672,1609701057.7308679,1609701057.7393668,0.008498907089233398
d3bbe0147ce847a98eaab666f7f445c0,k-means,warm,exec,queue,0.011363506317138672,7.152557373046875e-07,4.76837158203125e-07,1609701057.7108328,1609701057.938206,0.2273731231689453,1609701057.735283,1609701057.7437787,0.008495807647705078
54e949f182ef43479cd45cba8cc03748,k-means,warm,exec,queue,0.01605701446533203,2.384185791015625e-07,2.384185791015625e-07,1609701057.7123976,1609701057.9079208,0.19552326202392578,1609701057.7402604,1609701057.7483869,0.008126497268676758
207cb2201192406294ca227e059d41dc,k-means,warm,exec,queue,0.002793550491333008,4.76837158203125e-07,2.384185791015625e-07,1609701058.7025466,1609701058.863224,0.16067743301391602,1609701058.7501032,1609701058.7603545,0.010251283645629883
ecd30eb8499645f8aa3238baddf82792,k-means,warm,exec,queue,0.017623424530029297,4.76837158203125e-07,0.0,1609701058.7060838,1609701058.990402,0.284318208694458,1609701058.7603319,1609701058.7686965,0.008364677429199219
4d0ad10c9eea4b13aca0f6d2297cc1a9,k-means,warm,exec,queue,0.02344655990600586,4.76837158203125e-07,2.384185791015625e-07,1609701058.70827,1609701058.8767207,0.16845059394836426,1609701058.7743933,1609701058.7822604,0.007867097854614258
58ed8f58f0b24625af5a2977a2e50b0d,k-means,warm,exec,queue,0.028551340103149414,2.384185791015625e-07,0.0,1609701058.7104144,1609701058.878307,0.1678926944732666,1609701058.777193,1609701058.785845,0.008651971817016602
fc77292c41c54872a498c4fea85678bd,k-means,warm,exec,queue,0.03415179252624512,2.384185791015625e-07,0.0,1609701058.7128031,1609701059.0193837,0.3065805435180664,1609701058.7800367,1609701058.786527,0.006490230560302734
f7ef303a3b204d79a8a64082ccbedad7,k-means,warm,exec,queue,0.03956794738769531,4.76837158203125e-07,2.384185791015625e-07,1609701058.7149282,1609701058.9886806,0.27375245094299316,1609701058.7885647,1609701058.7960951,0.0075304508209228516
b6b4aa746f9a47738ba06edbe10f4da0,k-means,warm,exec,queue,0.04444384574890137,2.384185791015625e-07,0.0,1609701058.7169268,1609701059.1365993,0.41967248916625977,1609701058.7893596,1609701058.7949445,0.0055849552154541016
000b699b881741849cf397c55ab263af,k-means,warm,exec,queue,0.05108213424682617,2.384185791015625e-07,2.384185791015625e-07,1609701058.7184958,1609701059.0717971,0.3533012866973877,1609701058.796673,1609701058.803779,0.007105827331542969
4ab7e63a4520490ab6557dfbe3b0e6da,k-means,warm,exec,queue,0.05887770652770996,2.384185791015625e-07,0.0,1609701058.7200384,1609701059.0742948,0.35425639152526855,1609701058.8058271,1609701058.8113403,0.005513191223144531
e6b63161653d472da7e88ba2a208d8ff,k-means,warm,exec,queue,0.0644223690032959,2.384185791015625e-07,0.0,1609701058.721721,1609701059.0724087,0.35068774223327637,1609701058.8119986,1609701058.818143,0.006144285202026367
d3da2125604d49bab476df3d58b6e8b5,k-means,warm,exec,queue,0.00958251953125,2.384185791015625e-07,0.0,1609701058.7232625,1609701058.8638215,0.14055895805358887,1609701058.750344,1609701058.7588332,0.008489131927490234
b98fa15740614cd5a5c23200489fbfb3,k-means,warm,exec,queue,0.014208316802978516,2.384185791015625e-07,2.384185791015625e-07,1609701058.7248225,1609701058.8604476,0.13562512397766113,1609701058.7546084,1609701058.7647748,0.010166406631469727
c2d3222999de4792ab52e87f09e40655,video,warm,exec,queue,0.0219118595123291,2.384185791015625e-07,0.0,1609701058.7263582,1609701058.9858773,0.259519100189209,1609701058.7775235,1609701058.7948515,0.01732802391052246
95215d11dd7541bab0bb766889bc81fe,k-means,warm,exec,queue,0.008194446563720703,2.384185791015625e-07,0.0,1609701059.7159858,1609701059.8411865,0.12520074844360352,1609701059.7616084,1609701059.770367,0.008758544921875
fabdab902f954dad82487edf4289b762,k-means,warm,exec,queue,0.055310964584350586,2.384185791015625e-07,2.384185791015625e-07,1609701059.720374,1609701060.0418732,0.3214991092681885,1609701059.818457,1609701059.824983,0.006525993347167969
904212aafd9d4bd1bf09db21f3aebe57,k-means,warm,exec,queue,0.06013369560241699,2.384185791015625e-07,2.384185791015625e-07,1609701059.7229471,1609701059.998638,0.27569079399108887,1609701059.8214424,1609701059.8259563,0.004513978958129883
14df2ae6a7c14dfdb166349d9b5ed1e1,k-means,warm,exec,queue,0.038374900817871094,2.384185791015625e-07,2.384185791015625e-07,1609701059.7255235,1609701059.9059803,0.18045687675476074,1609701059.7941291,1609701059.800298,0.006168842315673828
5027a46fa3494a7c99ff4506d1e2c16b,k-means,warm,exec,queue,0.047670602798461914,4.76837158203125e-07,2.384185791015625e-07,1609701059.7283902,1609701060.0412552,0.3128650188446045,1609701059.806915,1609701059.8133898,0.006474733352661133
601d65b189b24dc095e6d1a2290079cf,k-means,warm,exec,queue,0.04292559623718262,4.76837158203125e-07,0.0,1609701059.7299392,1609701060.0382986,0.30835938453674316,1609701059.8055549,1609701059.8125954,0.007040500640869141
f16dd6d4364a49388e789c29da1f0039,k-means,warm,exec,queue,0.03376626968383789,4.76837158203125e-07,0.0,1609701059.7314596,1609701059.904219,0.1727592945098877,1609701059.7886403,1609701059.7940893,0.005449056625366211
07836cdbd98c43659e8b696468d51327,k-means,warm,exec,queue,0.028174161911010742,4.76837158203125e-07,2.384185791015625e-07,1609701059.7329798,1609701059.8707511,0.1377713680267334,1609701059.7878215,1609701059.7953377,0.007516145706176758
62e5e62664a848109063b6274e93db60,k-means,warm,exec,queue,0.021620750427246094,4.76837158203125e-07,2.384185791015625e-07,1609701059.7344882,1609701059.911051,0.17656278610229492,1609701059.7861855,1609701059.7952695,0.009083986282348633
6215a7144b984060acf1403d576ed4a8,k-means,warm,exec,queue,0.016948699951171875,2.384185791015625e-07,2.384185791015625e-07,1609701059.736117,1609701059.8379323,0.10181546211242676,1609701059.7703896,1609701059.7776642,0.007274627685546875
2a2bedd3fbb34846bc5328732c0fa53e,k-means,warm,exec,queue,0.012416601181030273,4.76837158203125e-07,0.0,1609701059.737637,1609701059.8406672,0.10303020477294922,1609701059.765791,1609701059.7737865,0.00799560546875
909233aef5ec44daa88e5023d94e1a49,k-means,warm,exec,queue,0.05257296562194824,2.384185791015625e-07,2.384185791015625e-07,1609701059.739152,1609701059.9087532,0.1696012020111084,1609701059.8101268,1609701059.8150575,0.004930734634399414
54178dc9d8384261bf70b4d51ebf2c9e,matmul,warm,exec,queue,0.02056574821472168,2.384185791015625e-07,2.384185791015625e-07,1609701059.7406642,1609701059.9093597,0.16869544982910156,1609701059.7890615,1609701059.799856,0.010794401168823242
7eb8372e5f0b4e44ba9532199586ed07,k-means,warm,exec,queue,0.003821849822998047,4.76837158203125e-07,2.384185791015625e-07,1609701060.7068717,1609701060.8577707,0.15089893341064453,1609701060.7588432,1609701060.7676544,0.008811235427856445
d53d43a16ca7454989eeaffd05f2b20c,k-means,warm,exec,queue,0.06011676788330078,4.76837158203125e-07,2.384185791015625e-07,1609701060.7112274,1609701061.1656008,0.4543733596801758,1609701060.8186328,1609701060.8249164,0.00628352165222168
382bff6690264d8dbede88e09c72c866,k-means,warm,exec,queue,0.05555844306945801,2.384185791015625e-07,2.384185791015625e-07,1609701060.71385,1609701061.0315843,0.3177342414855957,1609701060.810834,1609701060.8160074,0.005173444747924805
320c8b610d1f4d49823f2f7f0385fa89,k-means,warm,exec,queue,0.05060076713562012,2.384185791015625e-07,2.384185791015625e-07,1609701060.7164485,1609701060.9948566,0.2784080505371094,1609701060.8052475,1609701060.8113902,0.006142616271972656
79e33809b5f2417d929d707b3a77756c,k-means,warm,exec,queue,0.04511713981628418,4.76837158203125e-07,0.0,1609701060.7193813,1609701060.9917204,0.2723391056060791,1609701060.8043168,1609701060.811368,0.007051229476928711
bf772f1ea872444b9fa283644dca4b84,k-means,warm,exec,queue,0.04077315330505371,2.384185791015625e-07,2.384185791015625e-07,1609701060.7213185,1609701060.9971533,0.2758347988128662,1609701060.7960558,1609701060.8018837,0.005827903747558594
eb6f230533ff49a69c13736ce474c75c,k-means,warm,exec,queue,0.03557610511779785,2.384185791015625e-07,2.384185791015625e-07,1609701060.7228518,1609701061.1165173,0.3936655521392822,1609701060.7885888,1609701060.7957134,0.007124662399291992
c5e46e82481e45cd96fd99d7823f6aa1,k-means,warm,exec,queue,0.03052353858947754,7.152557373046875e-07,2.384185791015625e-07,1609701060.724389,1609701060.9581451,0.23375606536865234,1609701060.7824588,1609701060.7887893,0.0063304901123046875
b852a3f777174e8aabcf262ef12fa907,k-means,warm,exec,queue,0.010716915130615234,2.384185791015625e-07,0.0,1609701060.7259219,1609701060.8560112,0.13008928298950195,1609701060.7586417,1609701060.766522,0.007880210876464844
efbda499485f4dccba30aa0171c3473c,k-means,warm,exec,queue,0.015628337860107422,4.76837158203125e-07,0.0,1609701060.7275865,1609701060.8909292,0.16334271430969238,1609701060.7655003,1609701060.773476,0.007975578308105469
6f9050222e4046d7a6c2fef8f3510d71,k-means,warm,exec,queue,0.02243661880493164,2.384185791015625e-07,0.0,1609701060.7291377,1609701060.8892784,0.1601407527923584,1609701060.7767773,1609701060.7851193,0.00834202766418457
0297bf9c99074841ac88a85fad0fd37c,k-means,warm,exec,queue,0.027887582778930664,2.384185791015625e-07,2.384185791015625e-07,1609701060.7306454,1609701060.8926277,0.16198229789733887,1609701060.7813897,1609701060.7880201,0.006630420684814453
c249433611f145059e7a6582727401c2,k-means,warm,exec,queue,0.0666344165802002,2.384185791015625e-07,2.384185791015625e-07,1609701060.7321632,1609701060.956242,0.22407889366149902,1609701060.8238606,1609701060.8304915,0.006630897521972656
beeef2b0bc424a9381627e9558310b85,video,warm,exec,queue,0.016247987747192383,2.384185791015625e-07,2.384185791015625e-07,1609701060.7340672,1609701060.995442,0.26137471199035645,1609701060.779367,1609701060.7965114,0.017144441604614258
3f73505a923941d8afffb580711f507c,k-means,warm,exec,queue,0.0031452178955078125,7.152557373046875e-07,2.384185791015625e-07,1609701061.7046616,1609701061.8505082,0.14584660530090332,1609701061.7513077,1609701061.7593787,0.008070945739746094
16e21977349741819d558361da370c3d,k-means,warm,exec,queue,0.03608369827270508,2.384185791015625e-07,4.76837158203125e-07,1609701061.7089326,1609701061.9101918,0.20125913619995117,1609701061.7836163,1609701061.7881076,0.004491329193115234
94f51c136c2b421aaa594f27c5a00d84,k-means,warm,exec,queue,0.041573524475097656,2.384185791015625e-07,0.0,1609701061.7115116,1609701062.1510723,0.4395606517791748,1609701061.7909622,1609701061.7967498,0.00578761100769043
b8812c616af54b89800b1d029598475d,k-means,warm,exec,queue,0.04664111137390137,4.76837158203125e-07,2.384185791015625e-07,1609701061.7141037,1609701062.0987144,0.384610652923584,1609701061.7953494,1609701061.7999904,0.004641056060791016
6b651118017a42c39b1e6038f0a92c03,k-means,warm,exec,queue,0.051599979400634766,4.76837158203125e-07,2.384185791015625e-07,1609701061.716998,1609701062.0981057,0.3811075687408447,1609701061.8021114,1609701061.8072553,0.005143880844116211
ea8319146cb743a7a3a973a5bf772bfe,k-means,warm,exec,queue,0.05625128746032715,2.384185791015625e-07,2.384185791015625e-07,1609701061.719578,1609701061.908438,0.1888599395751953,1609701061.8055038,1609701061.8098297,0.00432586669921875
beb4d1266d50444f8cf9827c493b9df3,k-means,warm,exec,queue,0.031089305877685547,4.76837158203125e-07,0.0,1609701061.7214944,1609701061.9422529,0.22075843811035156,1609701061.779287,1609701061.7855542,0.006267070770263672
1ea8d5f9b4244d84aaa746b05730a4d8,k-means,warm,exec,queue,0.026378393173217773,4.76837158203125e-07,4.76837158203125e-07,1609701061.7230272,1609701062.0089285,0.2859013080596924,1609701061.7730677,1609701061.7780323,0.004964590072631836
f0c4d170956a4bec8a428483bd1ed4c8,k-means,warm,exec,queue,0.021387577056884766,0.0,2.384185791015625e-07,1609701061.7245739,1609701061.9757183,0.2511444091796875,1609701061.7672153,1609701061.7734787,0.0062634944915771484
582a3e497d7947f89720170413e2eef0,k-means,warm,exec,queue,0.016600370407104492,2.384185791015625e-07,0.0,1609701061.7262237,1609701061.8832445,0.15702080726623535,1609701061.7629511,1609701061.7713394,0.008388280868530273
9240406d94554d70bf97e6395a0b8792,k-means,warm,exec,queue,0.00928950309753418,2.384185791015625e-07,2.384185791015625e-07,1609701061.7277524,1609701061.9119442,0.18419170379638672,1609701061.751762,1609701061.7603524,0.008590459823608398
6a0dc8876a504481bc9199ba8f25bc8f,k-means,warm,exec,queue,0.01406407356262207,4.76837158203125e-07,2.384185791015625e-07,1609701061.7293136,1609701061.8522856,0.12297201156616211,1609701061.7567894,1609701061.7652562,0.008466720581054688
edc102b27ae84ae6b9a7e996b0e1ce50,k-means,warm,exec,queue,0.010304450988769531,2.384185791015625e-07,2.384185791015625e-07,1609701062.7107706,1609701062.8612168,0.15044617652893066,1609701062.7686837,1609701062.7771423,0.008458614349365234
080b09625bde48f1828fc718c56e8799,k-means,warm,exec,queue,0.024737119674682617,2.384185791015625e-07,0.0,1609701062.71525,1609701063.0119348,0.29668474197387695,1609701062.7860935,1609701062.7943606,0.00826716423034668
181f90b28fe94996a6728d3c85361383,k-means,warm,exec,queue,0.02910327911376953,2.384185791015625e-07,2.384185791015625e-07,1609701062.7178736,1609701062.905851,0.18797731399536133,1609701062.7913015,1609701062.7990966,0.007795095443725586
5d8d35b637ae41409aaf3adf97e384cb,k-means,warm,exec,queue,0.03362464904785156,2.384185791015625e-07,0.0,1609701062.7204895,1609701063.1657338,0.44524431228637695,1609701062.79377,1609701062.8002503,0.006480216979980469
0128cb15afb84eaf8ee5515e3a91bcfe,k-means,warm,exec,queue,0.03785824775695801,2.384185791015625e-07,0.0,1609701062.7233593,1609701063.0138917,0.29053235054016113,1609701062.7978256,1609701062.8039296,0.006103992462158203
61a5fab635854295b9610f459c2dd90b,k-means,warm,exec,queue,0.04281282424926758,2.384185791015625e-07,0.0,1609701062.725232,1609701062.9275856,0.20235371589660645,1609701062.8041894,1609701062.8105612,0.006371736526489258
d3b9578095874083a520835b283b40a8,k-means,warm,exec,queue,0.0485532283782959,2.384185791015625e-07,0.0,1609701062.726759,1609701062.9025242,0.1757652759552002,1609701062.811947,1609701062.817439,0.005491971969604492
4ee7ed89896e47bc9c6cbcad62eeaccc,k-means,warm,exec,queue,0.053232431411743164,2.384185791015625e-07,2.384185791015625e-07,1609701062.7283,1609701063.137236,0.4089360237121582,1609701062.817376,1609701062.822825,0.005449056625366211
0fac4cc386574792bbf6e9e6c720230e,k-means,warm,exec,queue,0.05797743797302246,2.384185791015625e-07,2.384185791015625e-07,1609701062.72986,1609701063.0599585,0.33009839057922363,1609701062.8195994,1609701062.8243353,0.0047359466552734375
193dd309c53449d9a67546cb0b57dde6,k-means,warm,exec,queue,0.06297469139099121,2.384185791015625e-07,2.384185791015625e-07,1609701062.7315025,1609701062.905251,0.17374849319458008,1609701062.8251748,1609701062.8298895,0.0047147274017333984
67221243ae9547b18ab3e16978b9757c,k-means,warm,exec,queue,0.01592397689819336,2.384185791015625e-07,0.0,1609701062.7330434,1609701062.8629632,0.12991976737976074,1609701062.7736785,1609701062.7822764,0.008597850799560547
f5da35c552a34a3e96ffad53ca894dfc,k-means,warm,exec,queue,0.020407915115356445,2.384185791015625e-07,0.0,1609701062.734569,1609701062.9293246,0.19475555419921875,1609701062.7786562,1609701062.7874823,0.008826017379760742
9869cf26301c4c69ac47091fa9743913,k-means,warm,exec,queue,0.06825590133666992,4.76837158203125e-07,2.384185791015625e-07,1609701062.7361088,1609701062.9533443,0.21723556518554688,1609701062.8323884,1609701062.8379238,0.0055353641510009766
7b1e3dc20f364c568dfc275d1713e32b,k-means,warm,exec,queue,0.07305717468261719,2.384185791015625e-07,0.0,1609701062.7377465,1609701063.1639624,0.42621588706970215,1609701062.8360345,1609701062.8402653,0.0042307376861572266
f2d6c16af84549889d85cd0f91075899,k-means,warm,exec,queue,0.0784142017364502,2.384185791015625e-07,0.0,1609701062.7392812,1609701063.0605896,0.3213083744049072,1609701062.8434258,1609701062.8496928,0.006267070770263672
4e5f015470914ea881ae6fbd7bd374dc,k-means,warm,exec,queue,0.08391737937927246,2.384185791015625e-07,0.0,1609701062.7408292,1609701063.1622343,0.4214050769805908,1609701062.8476539,1609701062.8519719,0.0043179988861083984
455fb4e8b75a48739b0f938327671a25,video,warm,exec,queue,0.0200347900390625,0.0,2.384185791015625e-07,1609701062.7424967,1609701063.056705,0.3142082691192627,1609701062.786291,1609701062.8032444,0.016953468322753906
aea17d775ac14d0a87563a1536c0d677,k-means,warm,exec,queue,0.004360198974609375,4.76837158203125e-07,2.384185791015625e-07,1609701063.695649,1609701063.8072634,0.11161446571350098,1609701063.7226818,1609701063.7309353,0.00825357437133789
2391720eaeb7447bace2ad9e051d9e78,k-means,warm,exec,queue,0.013599157333374023,2.384185791015625e-07,2.384185791015625e-07,1609701063.6996856,1609701063.8382351,0.1385495662689209,1609701063.732027,1609701063.740016,0.007988929748535156
655a95574d124c25817b63c60615bb6f,k-means,warm,exec,queue,0.01858353614807129,2.384185791015625e-07,2.384185791015625e-07,1609701063.7023091,1609701063.9637628,0.26145362854003906,1609701063.739551,1609701063.7485337,0.008982658386230469
20204f01fe1b45ea907399f7450dc7f7,k-means,warm,exec,queue,0.022936582565307617,2.384185791015625e-07,4.76837158203125e-07,1609701063.704885,1609701063.8634133,0.15852832794189453,1609701063.7425103,1609701063.7473361,0.0048258304595947266
93d13a6b11464721af40ca6ad2665213,k-means,warm,exec,queue,0.009134292602539062,7.152557373046875e-07,2.384185791015625e-07,1609701063.707461,1609701063.805407,0.0979459285736084,1609701063.7268503,1609701063.7351744,0.008324146270751953
8c5aa3320098430b99a04ba61cbb32cd,k-means,warm,exec,queue,0.010200262069702148,2.384185791015625e-07,2.384185791015625e-07,1609701064.7274058,1609701064.8752766,0.14787077903747559,1609701064.7764895,1609701064.7846582,0.008168697357177734
4de929ca8540428bbc4480bb8f6e9620,k-means,warm,exec,queue,0.057643890380859375,2.384185791015625e-07,4.76837158203125e-07,1609701064.7317305,1609701065.0102315,0.278501033782959,1609701064.8384721,1609701064.8455396,0.007067441940307617
2d90e750d2344603871de0fc19c6651f,k-means,warm,exec,queue,0.0629420280456543,2.384185791015625e-07,2.384185791015625e-07,1609701064.7343247,1609701065.0879738,0.3536491394042969,1609701064.8421395,1609701064.848515,0.006375551223754883
a6eea0bb90a646e78324fe1482a5433f,k-means,warm,exec,queue,0.012439727783203125,2.384185791015625e-07,2.384185791015625e-07,1609701064.7367034,1609701064.8735142,0.1368107795715332,1609701064.7815845,1609701064.7896526,0.008068084716796875
25e7345b3a914ba6ae2c13c5f9c8d3ef,k-means,warm,exec,queue,0.016959667205810547,2.384185791015625e-07,2.384185791015625e-07,1609701064.7383864,1609701065.0108519,0.27246546745300293,1609701064.7865255,1609701064.7946846,0.008159160614013672
70a8d96a38f042bb994938ffbbff8255,k-means,warm,exec,queue,0.021589994430541992,2.384185791015625e-07,2.384185791015625e-07,1609701064.739897,1609701064.9746351,0.23473811149597168,1609701064.7947185,1609701064.8030512,0.00833272933959961
543d7961a68844b9b72420a1d176660a,k-means,warm,exec,queue,0.028643131256103516,2.384185791015625e-07,2.384185791015625e-07,1609701064.741433,1609701064.9350667,0.1936337947845459,1609701064.8039637,1609701064.810522,0.006558418273925781
ce580587e6eb47189460ba652ad60e67,k-means,warm,exec,queue,0.034830331802368164,2.384185791015625e-07,2.384185791015625e-07,1609701064.7429414,1609701064.9315372,0.18859577178955078,1609701064.805661,1609701064.8105922,0.004931211471557617
b20b43c2886747cba579563640327223,k-means,warm,exec,queue,0.03938579559326172,2.384185791015625e-07,0.0,1609701064.74446,1609701065.087356,0.3428959846496582,1609701064.8124375,1609701064.8209157,0.008478164672851562
24e09232694745c19067cbc6d857030a,k-means,warm,exec,queue,0.045081377029418945,2.384185791015625e-07,4.76837158203125e-07,1609701064.7462637,1609701065.1534595,0.4071958065032959,1609701064.822222,1609701064.830343,0.008121013641357422
ddccfb08618d4ce1bc427a50d070e50f,k-means,warm,exec,queue,0.05069231986999512,2.384185791015625e-07,2.384185791015625e-07,1609701064.7477698,1609701065.156981,0.4092111587524414,1609701064.8237455,1609701064.8315399,0.007794380187988281
fa0876fea1a84ba28dacbf4dac705b87,k-means,warm,exec,queue,0.05602097511291504,2.384185791015625e-07,0.0,1609701064.7492888,1609701064.9333484,0.18405961990356445,1609701064.8289464,1609701064.8349504,0.0060040950775146484
268941db7982426588dea15260213a50,video,warm,exec,queue,0.020357847213745117,4.76837158203125e-07,2.384185791015625e-07,1609701064.7508118,1609701065.007246,0.25643420219421387,1609701064.7980165,1609701064.8143458,0.016329288482666016
f86a4e37f5b6453b8bb26846c59f5775,matmul,warm,exec,queue,0.023316144943237305,2.384185791015625e-07,0.0,1609701064.7524254,1609701064.9765804,0.22415494918823242,1609701064.8046763,1609701064.8137996,0.00912332534790039
c2ac63438af84d68a201c1bd5eda67c2,map_reduce,warm,exec,queue,0.02963542938232422,2.384185791015625e-07,2.384185791015625e-07,1609701064.7539277,1609701065.1564398,0.4025120735168457,1609701064.8062005,1609701064.8911865,0.08498597145080566
c694167a86dd40a68161f2e748a80587,k-means,warm,exec,queue,0.0042955875396728516,4.76837158203125e-07,2.384185791015625e-07,1609701065.7070768,1609701065.8173091,0.11023235321044922,1609701065.7463326,1609701065.75433,0.007997274398803711
634565fde4574f2fb1bfab6ccca50d30,k-means,warm,exec,queue,0.03653669357299805,2.384185791015625e-07,0.0,1609701065.7113445,1609701066.0291321,0.31778764724731445,1609701065.7824087,1609701065.7884538,0.006045103073120117
b49d56b9e535477a9ba1166d1b3ca7dc,k-means,warm,exec,queue,0.041327714920043945,4.76837158203125e-07,0.0,1609701065.713968,1609701065.8759239,0.1619558334350586,1609701065.7879097,1609701065.794264,0.006354331970214844
57fd3fa9cc9a4bbb8f0e9733f1c811f5,k-means,warm,exec,queue,0.046135902404785156,2.384185791015625e-07,2.384185791015625e-07,1609701065.716559,1609701065.9952638,0.2787048816680908,1609701065.7926373,1609701065.7987063,0.0060689449310302734
868fbd90c92044e79c092543314189b9,k-means,warm,exec,queue,0.05170774459838867,2.384185791015625e-07,2.384185791015625e-07,1609701065.7194147,1609701065.8776965,0.15828180313110352,1609701065.7988164,1609701065.80432,0.005503654479980469
03ce5520a0c942a49a7fce0b795dfc0e,k-means,warm,exec,queue,0.01314997673034668,2.384185791015625e-07,0.0,1609701065.721437,1609701065.81909,0.09765291213989258,1609701065.7547328,1609701065.7632256,0.008492708206176758
5f06335c07e1453e8921f93e125c8f2b,k-means,warm,exec,queue,0.028081893920898438,2.384185791015625e-07,0.0,1609701065.7229884,1609701065.9458535,0.22286510467529297,1609701065.7700634,1609701065.7764032,0.0063397884368896484
6c93f076929a464ba5d8eaf16bcb1ea6,k-means,warm,exec,queue,0.03359389305114746,2.384185791015625e-07,0.0,1609701065.7245576,1609701065.8521042,0.1275465488433838,1609701065.7770417,1609701065.7830954,0.0060536861419677734
56071926dd2d48fc82a70c0ca2127e4f,k-means,warm,exec,queue,0.022838592529296875,2.384185791015625e-07,2.384185791015625e-07,1609701065.7261152,1609701065.8794222,0.1533069610595703,1609701065.764224,1609701065.7704377,0.006213665008544922
fff95ced404f4735888b2b5edc92778a,k-means,warm,exec,queue,0.017724275588989258,2.384185791015625e-07,4.76837158203125e-07,1609701065.7277896,1609701065.8503923,0.12260270118713379,1609701065.7615728,1609701065.7695155,0.007942676544189453
03669687c0fe4fcda2c6c3ada3b0f38e,k-means,warm,exec,queue,0.008384943008422852,2.384185791015625e-07,2.384185791015625e-07,1609701065.7293444,1609701065.970635,0.24129056930541992,1609701065.7488134,1609701065.7555351,0.0067217350006103516
f004d41741e84bb9a5e3853364d424a6,k-means,warm,exec,queue,0.0075261592864990234,2.384185791015625e-07,2.384185791015625e-07,1609701066.7134433,1609701066.849645,0.1362016201019287,1609701066.764053,1609701066.7723844,0.008331298828125
cef358be3ddf4f039085be9d6173ae89,k-means,warm,exec,queue,0.05694007873535156,2.384185791015625e-07,2.384185791015625e-07,1609701066.7177265,1609701067.021271,0.3035445213317871,1609701066.8200326,1609701066.8269198,0.006887197494506836
478b7afae54b41ff99b5617444b7d9d2,k-means,warm,exec,queue,0.06243538856506348,2.384185791015625e-07,2.384185791015625e-07,1609701066.720349,1609701067.023089,0.30273985862731934,1609701066.8254848,1609701066.8319552,0.006470441818237305
172ec8cf6241424290bfe5615ef9f963,k-means,warm,exec,queue,0.027032136917114258,2.384185791015625e-07,2.384185791015625e-07,1609701066.722896,1609701066.8741767,0.15128064155578613,1609701066.7853918,1609701066.7920587,0.006666898727416992
10d40be26b954eb190359d5e6b86b39c,k-means,warm,exec,queue,0.031642913818359375,2.384185791015625e-07,2.384185791015625e-07,1609701066.725755,1609701067.0185237,0.2927687168121338,1609701066.7914944,1609701066.7980876,0.006593227386474609
48f450ccbd2942709598a0f643547f16,k-means,warm,exec,queue,0.03636050224304199,2.384185791015625e-07,2.384185791015625e-07,1609701066.7283225,1609701066.9834802,0.2551577091217041,1609701066.8002555,1609701066.8074505,0.007194995880126953
bf438e4822424239bbe1b8b852e7359c,k-means,warm,exec,queue,0.04172229766845703,2.384185791015625e-07,2.384185791015625e-07,1609701066.729928,1609701066.9094398,0.17951178550720215,1609701066.800827,1609701066.8072987,0.0064716339111328125
d4d61f900fb04519a26cb1a73a7ae8e2,k-means,warm,exec,queue,0.04650735855102539,2.384185791015625e-07,0.0,1609701066.731433,1609701066.9077196,0.1762866973876953,1609701066.806463,1609701066.8127935,0.0063304901123046875
19f4e5afd7aa4462b859b7d6e5ecd7f6,k-means,warm,exec,queue,0.051895856857299805,2.384185791015625e-07,0.0,1609701066.7329504,1609701066.942658,0.20970749855041504,1609701066.8146567,1609701066.8224826,0.007825851440429688
d72c0b973d66414a980486559c02fe4f,k-means,warm,exec,queue,0.020770788192749023,2.384185791015625e-07,0.0,1609701066.7345846,1609701066.8758264,0.14124178886413574,1609701066.7835484,1609701066.7918475,0.008299112319946289
b61db8f691034f14a5dd0cecbfd99763,k-means,warm,exec,queue,0.016393661499023438,2.384185791015625e-07,0.0,1609701066.7360888,1609701066.8513682,0.1152794361114502,1609701066.7735589,1609701066.782107,0.008548259735107422
0061807e111b40a38a1dfb9110836d47,k-means,warm,exec,queue,0.011906623840332031,2.384185791015625e-07,2.384185791015625e-07,1609701066.7376218,1609701066.912093,0.17447113990783691,1609701066.7679007,1609701066.7759156,0.008014917373657227
4d6cb244df3e433bb7795fcd615b9f7f,k-means,warm,exec,queue,0.06791329383850098,0.0,2.384185791015625e-07,1609701066.739139,1609701067.0217624,0.282623291015625,1609701066.832283,1609701066.8384259,0.006142854690551758
d7bb37293cc54868959ea78c68311e22,k-means,warm,exec,queue,0.07324838638305664,2.384185791015625e-07,0.0,1609701066.7407537,1609701066.9127245,0.17197084426879883,1609701066.8374956,1609701066.8434598,0.0059642791748046875
c6013cf17df146e7bde53954d75f5ffe,video,warm,exec,queue,0.015380144119262695,2.384185791015625e-07,0.0,1609701066.7422493,1609701066.9143806,0.17213129997253418,1609701066.785835,1609701066.8030782,0.017243146896362305
bbc413e30666490d91d52a687a842daf,k-means,warm,exec,queue,0.00010824203491210938,9.5367431640625e-07,4.76837158203125e-07,1609701067.70499,1609701067.8035922,0.098602294921875,1609701067.7465112,1609701067.7549832,0.008471965789794922
ad30340c3f444543a4e18c8329e44b85,k-means,warm,exec,queue,0.0074884891510009766,2.384185791015625e-07,4.76837158203125e-07,1609701067.709104,1609701067.8018079,0.09270381927490234,1609701067.7466278,1609701067.756362,0.009734153747558594
1ca2ddd9b84a454386c88090ae34e884,k-means,warm,exec,queue,0.011967658996582031,2.384185791015625e-07,2.384185791015625e-07,1609701067.7116866,1609701067.8346984,0.12301182746887207,1609701067.7525907,1609701067.7622087,0.009618043899536133
7dc0af034f2841858348372c6cf15559,k-means,warm,exec,queue,0.016045808792114258,2.384185791015625e-07,2.384185791015625e-07,1609701067.7142699,1609701067.9292817,0.2150118350982666,1609701067.7571344,1609701067.7652428,0.008108377456665039
222979fd064a4b9a9437467f918b92cd,k-means,warm,exec,queue,0.021224260330200195,2.384185791015625e-07,2.384185791015625e-07,1609701067.716635,1609701067.9033632,0.18672823905944824,1609701067.7637203,1609701067.7703938,0.006673574447631836
1d02dc954a424ac3b6946eae945537e8,k-means,warm,exec,queue,0.025379180908203125,2.384185791015625e-07,2.384185791015625e-07,1609701067.7183764,1609701067.8708808,0.15250444412231445,1609701067.7689378,1609701067.7748358,0.005897998809814453
0c55d0ce0133497ebe31b0100b34cc34,k-means,warm,exec,queue,0.029506921768188477,2.384185791015625e-07,2.384185791015625e-07,1609701067.7199197,1609701067.901627,0.18170738220214844,1609701067.7730103,1609701067.779642,0.0066318511962890625
0ad10b070e37411ababf47bea14148bc,k-means,warm,exec,queue,0.034407854080200195,2.384185791015625e-07,0.0,1609701067.7214546,1609701067.871473,0.15001845359802246,1609701067.779505,1609701067.786221,0.006716012954711914
2302e5b425734de9930c2513f5ca8557,k-means,warm,exec,queue,0.039041757583618164,2.384185791015625e-07,2.384185791015625e-07,1609701067.722982,1609701067.9964042,0.2734222412109375,1609701067.7847965,1609701067.7916062,0.006809711456298828
494a4df84b02479ca7188f4410d88641,k-means,warm,exec,queue,0.00041604042053222656,4.76837158203125e-07,2.384185791015625e-07,1609701068.7156913,1609701068.8539476,0.13825631141662598,1609701068.7642512,1609701068.7726963,0.008445024490356445
f05d5fb59ec840cc87ef8de7d4e097ca,k-means,warm,exec,queue,0.008119821548461914,7.152557373046875e-07,0.0,1609701068.7201283,1609701068.857289,0.1371607780456543,1609701068.7659066,1609701068.7743175,0.008410930633544922
4d145ae443b24c92b9e7d80f9beb33c5,k-means,warm,exec,queue,0.013383865356445312,2.384185791015625e-07,2.384185791015625e-07,1609701068.7227416,1609701068.8566842,0.1339426040649414,1609701068.769318,1609701068.777269,0.007950782775878906
9f5ef4b3800d4228acf6756e2bb351b2,k-means,warm,exec,queue,0.018297433853149414,2.384185791015625e-07,2.384185791015625e-07,1609701068.725039,1609701069.0042932,0.2792541980743408,1609701068.7747815,1609701068.7833216,0.008540153503417969
52f279814c3e48c8b81b9308725f2237,k-means,warm,exec,queue,0.022835254669189453,2.384185791015625e-07,2.384185791015625e-07,1609701068.7267733,1609701068.858897,0.13212370872497559,1609701068.7860827,1609701068.7944207,0.008337974548339844
d6580897454f405da18456ec8a1b5c15,k-means,warm,exec,queue,0.029669761657714844,2.384185791015625e-07,2.384185791015625e-07,1609701068.7283108,1609701069.0077019,0.2793910503387451,1609701068.7875252,1609701068.7932374,0.005712270736694336
3920f4321240468dba8c0c79c903e5e2,k-means,warm,exec,queue,0.034862518310546875,2.384185791015625e-07,0.0,1609701068.7298536,1609701068.9422197,0.21236610412597656,1609701068.7922013,1609701068.7993186,0.007117271423339844
4bccacb4cc1c4c96856dd33acebec5ad,k-means,warm,exec,queue,0.040415048599243164,7.152557373046875e-07,2.384185791015625e-07,1609701068.7313852,1609701068.9455395,0.21415424346923828,1609701068.8015027,1609701068.8088844,0.0073816776275634766
6975f9c01f814709b4c6ebee26938948,k-means,warm,exec,queue,0.04476118087768555,2.384185791015625e-07,4.76837158203125e-07,1609701068.732912,1609701069.0060027,0.2730906009674072,1609701068.8073268,1609701068.814465,0.007138252258300781
60f2919bcd5c4bf298cf9be208052fd9,k-means,warm,exec,queue,0.0491948127746582,2.384185791015625e-07,2.384185791015625e-07,1609701068.7345536,1609701068.9428337,0.20828008651733398,1609701068.81255,1609701068.8182092,0.0056591033935546875
f831f4ba6986490782183648a58d60d6,k-means,warm,exec,queue,0.05392742156982422,2.384185791015625e-07,2.384185791015625e-07,1609701068.73607,1609701068.9461544,0.2100844383239746,1609701068.8154523,1609701068.8223646,0.0069122314453125
c12b97bf1c6a45fbab49585db7f65716,k-means,warm,exec,queue,0.05943155288696289,2.384185791015625e-07,2.384185791015625e-07,1609701068.7376072,1609701068.9394844,0.20187711715698242,1609701068.8209164,1609701068.8273368,0.0064203739166259766
fd2d08931d8a4f3f97fa90ed9267d0a8,k-means,warm,exec,queue,0.06558561325073242,2.384185791015625e-07,0.0,1609701068.7391367,1609701068.937619,0.19848227500915527,1609701068.8276072,1609701068.8326075,0.00500035285949707
f22dfdfce19f473ba264bd8c96afec02,video,warm,exec,queue,0.0199282169342041,2.384185791015625e-07,4.76837158203125e-07,1609701068.74076,1609701069.0094469,0.26868677139282227,1609701068.7874446,1609701068.8043294,0.016884803771972656
92e936f5ef194d41a458cb3e31bcc783,k-means,warm,exec,queue,6.461143493652344e-05,2.384185791015625e-07,2.384185791015625e-07,1609701069.716578,1609701069.8946457,0.17806768417358398,1609701069.7631247,1609701069.7710688,0.007944107055664062
98104768f0554dffac05870629e3b568,k-means,warm,exec,queue,0.007510662078857422,4.76837158203125e-07,2.384185791015625e-07,1609701069.7198474,1609701069.892948,0.17310047149658203,1609701069.7634358,1609701069.7703037,0.006867885589599609
d1695154bbd04cca88a9df442a2c8b28,k-means,warm,exec,queue,0.01229548454284668,2.384185791015625e-07,2.384185791015625e-07,1609701069.7220051,1609701069.9821944,0.2601892948150635,1609701069.7680345,1609701069.7761352,0.008100748062133789
382bf88b46ac48cdb1463d31ec23b6c4,k-means,warm,exec,queue,0.017679691314697266,2.384185791015625e-07,2.384185791015625e-07,1609701069.7241018,1609701069.8893812,0.16527938842773438,1609701069.7746336,1609701069.7825477,0.007914066314697266
8ac9560d8f3c4c429bfbb244d1350b71,k-means,warm,exec,queue,0.024069786071777344,7.152557373046875e-07,2.384185791015625e-07,1609701069.7264757,1609701069.8923092,0.1658334732055664,1609701069.78538,1609701069.7905624,0.005182504653930664
7f9b61f918fa4ce2bed852ae9d5a01de,k-means,warm,exec,queue,0.028987884521484375,2.384185791015625e-07,2.384185791015625e-07,1609701069.7285933,1609701069.938764,0.21017074584960938,1609701069.7861173,1609701069.7922432,0.006125926971435547
d66311483da3405a9efc8770dd3870b2,k-means,warm,exec,queue,0.0339510440826416,2.384185791015625e-07,2.384185791015625e-07,1609701069.730689,1609701070.0823278,0.3516387939453125,1609701069.7911837,1609701069.7970407,0.005856990814208984
e899528cfae34c3dbf115a487355c05a,k-means,warm,exec,queue,0.03877568244934082,2.384185791015625e-07,0.0,1609701069.732681,1609701069.9882624,0.2555813789367676,1609701069.798814,1609701069.8036797,0.0048656463623046875
772b78b099f344f9a868cfc50b0f8390,k-means,warm,exec,queue,0.04321599006652832,2.384185791015625e-07,0.0,1609701069.734209,1609701069.986174,0.2519650459289551,1609701069.802809,1609701069.8078117,0.005002737045288086
b4d8e27fdd194029a63917785e5c3f64,k-means,warm,exec,queue,0.04859209060668945,2.384185791015625e-07,0.0,1609701069.735862,1609701069.991751,0.2558889389038086,1609701069.8088553,1609701069.8147652,0.005909919738769531
1cce0c04b3144d5abfb4372a340d99f3,k-means,warm,exec,queue,0.05381202697753906,4.76837158203125e-07,0.0,1609701069.7374227,1609701069.9867945,0.24937176704406738,1609701069.813404,1609701069.8174198,0.004015684127807617
950b691c46954e60892066522e5b5e3b,k-means,warm,exec,queue,0.05895805358886719,2.384185791015625e-07,2.384185791015625e-07,1609701069.7389503,1609701069.9911401,0.25218987464904785,1609701069.8219,1609701069.8269498,0.005049943923950195
ee14e88389554224a6be3136bff9499a,matmul,warm,exec,queue,0.01545405387878418,4.76837158203125e-07,2.384185791015625e-07,1609701069.740508,1609701070.1898136,0.44930553436279297,1609701069.785584,1609701069.7948475,0.00926351547241211
292d8ab19e5e40f395a43cb7638e7a64,k-means,warm,exec,queue,0.003759622573852539,4.76837158203125e-07,2.384185791015625e-07,1609701070.7186532,1609701070.8408275,0.12217426300048828,1609701070.767339,1609701070.7754183,0.008079290390014648
63cf1c8da3834e9588c2dca7c6be07f0,k-means,warm,exec,queue,0.059566497802734375,2.384185791015625e-07,4.76837158203125e-07,1609701070.7230444,1609701071.1923966,0.46935224533081055,1609701070.828142,1609701070.835254,0.007112026214599609
09e02653f1d94b199d850ba0f0b0466e,k-means,warm,exec,queue,0.05482649803161621,2.384185791015625e-07,2.384185791015625e-07,1609701070.7256505,1609701070.9916835,0.2660329341888428,1609701070.819603,1609701070.825374,0.00577092170715332
1e29b938e686495d8b312a6f69e74e93,k-means,warm,exec,queue,0.04896855354309082,2.384185791015625e-07,2.384185791015625e-07,1609701070.728232,1609701070.9363658,0.20813393592834473,1609701070.8120346,1609701070.8177307,0.00569605827331543
d207920f38794f60852f28c282c32308,k-means,warm,exec,queue,0.04392743110656738,2.384185791015625e-07,2.384185791015625e-07,1609701070.7310905,1609701070.9346561,0.2035655975341797,1609701070.8070893,1609701070.8127542,0.005664825439453125
39674eb5256a4f4bad0cc2f270fcc62c,k-means,warm,exec,queue,0.03828740119934082,4.76837158203125e-07,0.0,1609701070.7332592,1609701071.0280447,0.2947854995727539,1609701070.8049421,1609701070.8116748,0.0067327022552490234
aa7e09a69a8744b7a3afd042d6e61ece,k-means,warm,exec,queue,0.03338170051574707,4.76837158203125e-07,0.0,1609701070.7347715,1609701070.8826544,0.14788293838500977,1609701070.7963736,1609701070.8024697,0.0060961246490478516
8944be965c7242a99cb299f78ccc3ef1,k-means,warm,exec,queue,0.028064966201782227,2.384185791015625e-07,0.0,1609701070.736291,1609701070.8842216,0.14793062210083008,1609701070.7906656,1609701070.7972138,0.006548166275024414
c71022a51bdf452d811921759a7d81b5,k-means,warm,exec,queue,0.008590459823608398,2.384185791015625e-07,2.384185791015625e-07,1609701070.737803,1609701070.8419394,0.10413646697998047,1609701070.7675123,1609701070.775604,0.00809168815612793
c7aedfc384984b9d9cf9b36f443cdde5,k-means,warm,exec,queue,0.013392925262451172,2.384185791015625e-07,4.76837158203125e-07,1609701070.7394412,1609701070.932944,0.19350290298461914,1609701070.7730737,1609701070.7809043,0.007830619812011719
086c04b78008464abaddfddf13aaacd3,k-means,warm,exec,queue,0.018260955810546875,2.384185791015625e-07,2.384185791015625e-07,1609701070.7409506,1609701071.0251439,0.2841932773590088,1609701070.7779677,1609701070.7849197,0.006952047348022461
70a7ed0200f24bf58f9966e79861c75c,k-means,warm,exec,queue,0.022777318954467773,2.384185791015625e-07,2.384185791015625e-07,1609701070.7424378,1609701071.0286229,0.28618502616882324,1609701070.7880793,1609701070.7958887,0.00780940055847168
869682123aa04306a86b151db282160b,video,warm,exec,queue,0.019409656524658203,2.384185791015625e-07,2.384185791015625e-07,1609701070.7439272,1609701071.150681,0.4067537784576416,1609701070.7897804,1609701070.8052893,0.015508890151977539
d929b58eb47c4cc6b0f42e29291fb399,k-means,warm,exec,queue,0.006897687911987305,7.152557373046875e-07,2.384185791015625e-07,1609701071.7152834,1609701071.866016,0.15073251724243164,1609701071.7559938,1609701071.7636123,0.007618427276611328
47802fb29f614a6fbd912f6b347c59bf,k-means,warm,exec,queue,0.055983543395996094,4.76837158203125e-07,2.384185791015625e-07,1609701071.7195141,1609701071.9940724,0.27455830574035645,1609701071.8102121,1609701071.816772,0.006559848785400391
a867d3e4ad7a4177bb8e756dd56ac599,k-means,warm,exec,queue,0.05113625526428223,2.384185791015625e-07,2.384185791015625e-07,1609701071.722112,1609701071.9910128,0.26890087127685547,1609701071.8059943,1609701071.8117929,0.0057985782623291016
4e8dac14d6734f67bc1bf058497a2efb,k-means,warm,exec,queue,0.04657125473022461,2.384185791015625e-07,0.0,1609701071.7246768,1609701071.922282,0.19760513305664062,1609701071.8005352,1609701071.8072753,0.006740093231201172
4f095479d2c044749e6811c0719ae5d4,k-means,warm,exec,queue,0.04115653038024902,2.384185791015625e-07,0.0,1609701071.727535,1609701071.9904153,0.2628803253173828,1609701071.7941406,1609701071.7994936,0.005352973937988281
80092abcc88c4d07ad6227de8e031ad5,k-means,warm,exec,queue,0.03618955612182617,2.384185791015625e-07,2.384185791015625e-07,1609701071.7295132,1609701071.994678,0.265164852142334,1609701071.7886877,1609701071.7945387,0.005851030349731445
98d3e343137d4bfab8213221ea5e0b8b,k-means,warm,exec,queue,0.03146982192993164,4.76837158203125e-07,0.0,1609701071.731045,1609701071.8638754,0.13283038139343262,1609701071.782219,1609701071.788596,0.006376981735229492
c05576cc5b1f442f87d7abce856b404b,k-means,warm,exec,queue,0.026187658309936523,4.76837158203125e-07,2.384185791015625e-07,1609701071.7325895,1609701071.9216685,0.18907904624938965,1609701071.7766788,1609701071.7828734,0.006194591522216797
06d14951a5ae4bd48826149ea4210658,k-means,warm,exec,queue,0.011585235595703125,2.384185791015625e-07,2.384185791015625e-07,1609701071.7341156,1609701071.8612423,0.12712669372558594,1609701071.761202,1609701071.769137,0.007934808731079102
e14ba135767b4e978d3ef8d454b5fbbc,k-means,warm,exec,queue,0.016177654266357422,4.76837158203125e-07,0.0,1609701071.735761,1609701071.8644614,0.12870049476623535,1609701071.766215,1609701071.7744012,0.008186101913452148
1eda873a441e498180f5eb11ca754841,k-means,warm,exec,queue,0.020995616912841797,2.384185791015625e-07,2.384185791015625e-07,1609701071.7373033,1609701071.924331,0.1870276927947998,1609701071.7707126,1609701071.7757342,0.005021572113037109
61d69264c5ec483286ccf4499b80c511,k-means,warm,exec,queue,0.007767915725708008,2.384185791015625e-07,2.384185791015625e-07,1609701072.7241287,1609701072.8710873,0.146958589553833,1609701072.780407,1609701072.7885337,0.00812673568725586
5b36e1e5fa444f86996e35d8f1c05ede,k-means,warm,exec,queue,0.031185626983642578,2.384185791015625e-07,2.384185791015625e-07,1609701072.728425,1609701072.9515631,0.22313809394836426,1609701072.8079967,1609701072.8145385,0.006541728973388672
83c90beb7f7647c0b23e230270603879,k-means,warm,exec,queue,0.03587198257446289,2.384185791015625e-07,2.384185791015625e-07,1609701072.7309852,1609701072.95089,0.21990489959716797,1609701072.8140447,1609701072.8209846,0.006939888000488281
06c1c675cd54429fba4070953612fd73,k-means,warm,exec,queue,0.040685176849365234,2.384185791015625e-07,0.0,1609701072.7335668,1609701073.1316414,0.3980746269226074,1609701072.8224292,1609701072.8291802,0.006751060485839844
b7a293ec57fb4268bfd0755ea1fe12b8,k-means,warm,exec,queue,0.04634666442871094,2.384185791015625e-07,2.384185791015625e-07,1609701072.7364278,1609701072.9127386,0.17631077766418457,1609701072.8238873,1609701072.8294182,0.005530834197998047
b433b21feed24ed49f3777fde4ed65cd,k-means,warm,exec,queue,0.05149984359741211,2.384185791015625e-07,0.0,1609701072.7380204,1609701072.947681,0.20966053009033203,1609701072.8300993,1609701072.837106,0.007006645202636719
5788fe42d517488f83394f162742b6c5,k-means,warm,exec,queue,0.057436227798461914,2.384185791015625e-07,2.384185791015625e-07,1609701072.7395582,1609701072.979885,0.2403268814086914,1609701072.8367078,1609701072.8434863,0.0067784786224365234
9436397598d64063bc5c560322941354,k-means,warm,exec,queue,0.06206560134887695,2.384185791015625e-07,0.0,1609701072.7411149,1609701073.2226226,0.4815077781677246,1609701072.842773,1609701072.8502526,0.007479667663574219
a22b9b6d47ee44b0a57e28d7734a9ed4,k-means,warm,exec,queue,0.06675124168395996,2.384185791015625e-07,2.384185791015625e-07,1609701072.7426753,1609701073.2261925,0.4835171699523926,1609701072.8447626,1609701072.8493493,0.004586696624755859
3d561b911652401eaa4de6b0551565c1,k-means,warm,exec,queue,0.0717158317565918,4.76837158203125e-07,2.384185791015625e-07,1609701072.7443779,1609701072.981778,0.23740005493164062,1609701072.850381,1609701072.857003,0.0066220760345458984
8972819207d6423e9efc6fcfb27e8589,k-means,warm,exec,queue,0.009293794631958008,4.76837158203125e-07,0.0,1609701072.7459304,1609701072.8745282,0.12859773635864258,1609701072.7807348,1609701072.788897,0.008162260055541992
43a73efb13854cfd9140c73528500924,k-means,warm,exec,queue,0.013656139373779297,2.384185791015625e-07,2.384185791015625e-07,1609701072.7474773,1609701072.8738902,0.12641286849975586,1609701072.785166,1609701072.7936368,0.008470773696899414
ba2e77ee136d468a9bc5a4ea6e2391bb,k-means,warm,exec,queue,0.01830744743347168,2.384185791015625e-07,2.384185791015625e-07,1609701072.749044,1609701072.8762207,0.12717676162719727,1609701072.7907884,1609701072.7990615,0.008273124694824219
5467795aad424c7ab41394c0c927a256,k-means,warm,exec,queue,0.02363109588623047,2.384185791015625e-07,0.0,1609701072.7507298,1609701073.0648313,0.3141014575958252,1609701072.8028953,1609701072.8116498,0.008754491806030273
80c467b2c1be47c9916f5bead4a292a4,k-means,warm,exec,queue,0.028742551803588867,2.384185791015625e-07,2.384185791015625e-07,1609701072.7522821,1609701073.0668545,0.3145723342895508,1609701072.8033435,1609701072.8096235,0.006279945373535156
f8bad09f47184fffa74723af22ea0ca3,video,warm,exec,queue,0.025784969329833984,2.384185791015625e-07,2.384185791015625e-07,1609701072.7538338,1609701073.2255886,0.471754789352417,1609701072.8033452,1609701072.8194673,0.016122102737426758
bc9b99b3dfef47e0bc1634c120540d2e,k-means,warm,exec,queue,0.0011811256408691406,4.76837158203125e-07,2.384185791015625e-07,1609701073.7158346,1609701073.8406837,0.12484908103942871,1609701073.760528,1609701073.771125,0.010596990585327148
309f4870af4b459492d508d115c712d2,video,warm,exec,queue,0.03002166748046875,2.384185791015625e-07,2.384185791015625e-07,1609701073.7199876,1609701073.883796,0.16380834579467773,1609701073.7859957,1609701073.8030736,0.017077922821044922
df6fd686d109406c8385982fb495df2d,k-means,warm,exec,queue,0.0426182746887207,2.384185791015625e-07,0.0,1609701073.7225957,1609701073.9668157,0.24422001838684082,1609701073.8041902,1609701073.8124158,0.008225679397583008
a0ca2f3ec3d04f458deabbc04d8ab92d,k-means,warm,exec,queue,0.005173206329345703,7.152557373046875e-07,2.384185791015625e-07,1609701073.7251458,1609701073.843488,0.11834216117858887,1609701073.760875,1609701073.7711267,0.010251760482788086
1d6eac96f5434a0c8b5434544f241312,k-means,warm,exec,queue,0.010415792465209961,2.384185791015625e-07,2.384185791015625e-07,1609701073.7279818,1609701073.844084,0.11610221862792969,1609701073.7637432,1609701073.7724361,0.00869297981262207
9269d4e821fb4e7b8a702eace7d06008,k-means,warm,exec,queue,0.01475381851196289,4.76837158203125e-07,0.0,1609701073.7297277,1609701074.0088701,0.2791423797607422,1609701073.7686558,1609701073.777213,0.008557319641113281
78b00e25fdc1441cb40ae66330299dc2,k-means,warm,exec,queue,0.019151687622070312,4.76837158203125e-07,2.384185791015625e-07,1609701073.73132,1609701073.919417,0.1880970001220703,1609701073.7738366,1609701073.782235,0.008398294448852539
610ac481dc544e3eaf973b51a62a9b38,k-means,warm,exec,queue,0.025840044021606445,2.384185791015625e-07,2.384185791015625e-07,1609701073.7329323,1609701073.9188023,0.18586993217468262,1609701073.7851596,1609701073.792145,0.00698542594909668
8b451195fb5e467cb61088068cf2bb4a,k-means,warm,exec,queue,0.031018972396850586,2.384185791015625e-07,0.0,1609701073.7345314,1609701074.0108774,0.27634596824645996,1609701073.787668,1609701073.7930403,0.005372285842895508
72fa73190ba540b08a7280918698ac35,k-means,warm,exec,queue,0.0360567569732666,2.384185791015625e-07,0.0,1609701073.736291,1609701073.882049,0.14575815200805664,1609701073.7916627,1609701073.7983296,0.006666898727416992
a88e268eab174acda76bb7d24fe2945a,k-means,warm,exec,queue,0.037728071212768555,2.384185791015625e-07,4.76837158203125e-07,1609701073.7378862,1609701073.91581,0.17792391777038574,1609701073.7999992,1609701073.808375,0.00837564468383789
92466b814d7844638973be8443be908d,k-means,warm,exec,queue,0.002992868423461914,2.384185791015625e-07,0.0,1609701074.7305524,1609701074.8803551,0.14980268478393555,1609701074.7979608,1609701074.8084846,0.010523796081542969
240a2fd759e742e1ae77bfb2df69f855,k-means,warm,exec,queue,0.008736610412597656,2.384185791015625e-07,0.0,1609701074.7348557,1609701074.8777459,0.14289021492004395,1609701074.798115,1609701074.8085008,0.010385751724243164
125211a84a4244949e7a66099c516b7f,k-means,warm,exec,queue,0.013327360153198242,4.76837158203125e-07,2.384185791015625e-07,1609701074.7374377,1609701074.8798754,0.14243769645690918,1609701074.8022537,1609701074.8102174,0.00796365737915039
af6c8ac7fe0e4801a222f41ee0e6a1c8,k-means,warm,exec,queue,0.01810741424560547,4.76837158203125e-07,2.384185791015625e-07,1609701074.7399685,1609701075.3957016,0.6557331085205078,1609701074.807411,1609701074.8156319,0.008220911026000977
556f59d3da6d4b57995effb7888a8ad4,k-means,warm,exec,queue,0.02311849594116211,2.384185791015625e-07,0.0,1609701074.7428265,1609701075.392552,0.6497254371643066,1609701074.8135557,1609701074.8225834,0.009027719497680664
69ee6b13914e4db69c31d3d4e3357e3a,k-means,warm,exec,queue,0.027990102767944336,4.76837158203125e-07,0.0,1609701074.7449849,1609701075.5262237,0.7812387943267822,1609701074.8293273,1609701074.8361485,0.006821155548095703
ecb457e6c4a54837aac9ca5f06ce4e9b,k-means,warm,exec,queue,0.035421133041381836,2.384185791015625e-07,2.384185791015625e-07,1609701074.7464836,1609701075.3931372,0.6466536521911621,1609701074.8333437,1609701074.8421402,0.008796453475952148
157bf81632094e86b5f8b840a3d14e15,k-means,warm,exec,queue,0.04042792320251465,4.76837158203125e-07,2.384185791015625e-07,1609701074.7479875,1609701075.564574,0.8165864944458008,1609701074.8349588,1609701074.8421326,0.007173776626586914
5de10cefefa3476aa6f58f956328f497,k-means,warm,exec,queue,0.04536128044128418,2.384185791015625e-07,2.384185791015625e-07,1609701074.7496324,1609701075.5612113,0.8115789890289307,1609701074.8388128,1609701074.846285,0.00747227668762207
2c96c61328eb41f0b138708c13c8c664,k-means,warm,exec,queue,0.0510096549987793,4.76837158203125e-07,2.384185791015625e-07,1609701074.7511551,1609701075.5275784,0.7764232158660889,1609701074.8501277,1609701074.857227,0.0070993900299072266
d8a0db9611454e44b147d3ae585cf179,k-means,warm,exec,queue,0.05618762969970703,2.384185791015625e-07,0.0,1609701074.752674,1609701075.5639467,0.8112726211547852,1609701074.8537972,1609701074.8617074,0.00791025161743164
c11c2adb18ef419abfd2202d26a9ebe5,k-means,warm,exec,queue,0.06292462348937988,2.384185791015625e-07,2.384185791015625e-07,1609701074.7541761,1609701075.6126776,0.8585014343261719,1609701074.8549252,1609701074.8615367,0.00661158561706543
71b8933e8106438d966ecd28743fa1c1,k-means,warm,exec,queue,0.06822443008422852,2.384185791015625e-07,2.384185791015625e-07,1609701074.7557936,1609701075.5592604,0.803466796875,1609701074.8600519,1609701074.866103,0.006051063537597656
459cd3e562ac43eb9921dab790df3927,k-means,warm,exec,queue,0.07317328453063965,2.384185791015625e-07,2.384185791015625e-07,1609701074.7573395,1609701075.6120422,0.8547027111053467,1609701074.8674068,1609701074.8733308,0.0059239864349365234
0d8c394b49f54844a87fcd56e4f8f16f,k-means,warm,exec,queue,0.07840180397033691,4.76837158203125e-07,2.384185791015625e-07,1609701074.7588632,1609701075.3963292,0.6374659538269043,1609701074.8719654,1609701074.8779724,0.006006956100463867
0e5724aba4474cfe85d33da8c3395cf8,k-means,warm,exec,queue,0.08384013175964355,4.76837158203125e-07,2.384185791015625e-07,1609701074.7603853,1609701075.5122688,0.7518835067749023,1609701074.8810847,1609701074.8871624,0.006077766418457031
7f10f12aece145f08300f74ae53576d8,matmul,warm,exec,queue,0.021257877349853516,0.0,2.384185791015625e-07,1609701074.7620015,1609701075.389826,0.6278245449066162,1609701074.8299417,1609701074.8394825,0.009540796279907227
73976fabde7e4acfa3292373baf6ed09,map_reduce,warm,exec,queue,0.026313304901123047,0.0,2.384185791015625e-07,1609701074.763534,1609701076.7760408,2.0125067234039307,1609701074.8339086,1609701074.919338,0.08542943000793457
f2c44035a47d425885bf56745ddca243,disk,warm,exec,queue,0.02828383445739746,2.384185791015625e-07,0.0,1609701074.765076,1609701075.5248535,0.7597775459289551,1609701074.8333726,1609701074.8416073,0.008234739303588867
421f4076a9124a53a6a9db078ca4cd40,image,cold,exec,create,0.03294730186462402,5.321484327316284,2.384185791015625e-07,1609701074.766604,1609701080.2702887,5.503684759140015,1609701080.150118,1609701080.184052,0.03393387794494629
d89d382a07724f689f88955662156fdb,network,cold,exec,create,0.037748098373413086,5.3044657707214355,0.0,1609701074.7686934,1609701080.2464473,5.4777538776397705,1609701080.138332,1609701080.1682303,0.029898405075073242
c19823755ffc41f4b9aba7f2818bf6c7,k-means,warm,exec,queue,0.0050122737884521484,2.384185791015625e-07,2.384185791015625e-07,1609701075.713325,1609701076.662957,0.949631929397583,1609701075.7487955,1609701075.7567673,0.007971763610839844
113666e6b81d456799a2c37a785eb2bf,k-means,warm,exec,queue,0.04650068283081055,2.384185791015625e-07,2.384185791015625e-07,1609701075.7168705,1609701076.7745833,1.0577127933502197,1609701075.7951295,1609701075.8007214,0.005591869354248047
0c683c566fb74b67b5c133c3629a7b7f,k-means,warm,exec,queue,0.04178953170776367,4.76837158203125e-07,2.384185791015625e-07,1609701075.7189648,1609701076.7569683,1.0380034446716309,1609701075.7911987,1609701075.7976851,0.006486415863037109
d1445a36531148c9a31ca1aca28d8528,k-means,warm,exec,queue,0.009765148162841797,2.384185791015625e-07,2.384185791015625e-07,1609701075.7211552,1609701076.758944,1.0377888679504395,1609701075.753178,1609701075.760966,0.007788181304931641
27a1fa16c5ec43248395664dad717cbc,k-means,warm,exec,queue,0.014470577239990234,2.384185791015625e-07,2.384185791015625e-07,1609701075.7235336,1609701076.7584496,1.0349159240722656,1609701075.7581496,1609701075.766249,0.00809931755065918
fb7d3e3b2acc42ec8fb6d2ad251dfb26,k-means,warm,exec,queue,0.018888473510742188,4.76837158203125e-07,2.384185791015625e-07,1609701075.7257085,1609701077.7566056,2.0308971405029297,1609701075.7649567,1609701075.7736256,0.008668899536132812
c314548731bd4e6b8955c8430a1787cf,k-means,warm,exec,queue,0.023679494857788086,2.384185791015625e-07,2.384185791015625e-07,1609701075.7271888,1609701077.7554903,2.028301477432251,1609701075.7683072,1609701075.7729084,0.004601240158081055
a3ca101a1e614d95986bd2e97fcce421,k-means,warm,exec,queue,0.028603792190551758,4.76837158203125e-07,2.384185791015625e-07,1609701075.7286808,1609701077.0340593,1.3053784370422363,1609701075.773762,1609701075.780261,0.006499052047729492
49d2a1d8b0084c7da7c1b923e04159e0,k-means,warm,exec,queue,0.033905744552612305,4.76837158203125e-07,2.384185791015625e-07,1609701075.7301548,1609701076.7775412,1.0473864078521729,1609701075.780571,1609701075.7855322,0.004961252212524414
e66fa298bc334743ae7cb77776efa963,k-means,warm,exec,queue,0.03899645805358887,2.384185791015625e-07,0.0,1609701075.7317164,1609701077.4982305,1.7665140628814697,1609701075.7856586,1609701075.7916594,0.0060007572174072266
15a03bf90e554a2eabb2299f6c8dff23,k-means,warm,exec,queue,0.0021209716796875,2.384185791015625e-07,2.384185791015625e-07,1609701076.7208893,1609701077.6183972,0.897507905960083,1609701076.7849422,1609701076.7927303,0.007788181304931641
7bd3e55d0d7746849a9374de00bcc6ed,k-means,warm,exec,queue,0.011330366134643555,2.384185791015625e-07,4.76837158203125e-07,1609701076.7250693,1609701077.899798,1.1747286319732666,1609701076.7927306,1609701076.8018405,0.009109973907470703
e9241349cf544f1ea725c314c279af42,k-means,warm,exec,queue,0.01842975616455078,2.384185791015625e-07,4.76837158203125e-07,1609701076.728467,1609701077.3781514,0.6496844291687012,1609701076.7959216,1609701076.8035705,0.007648944854736328
591c70764a3c4d3698b69dba9723840a,k-means,warm,exec,queue,0.02565932273864746,2.384185791015625e-07,2.384185791015625e-07,1609701076.7324646,1609701077.618985,0.8865203857421875,1609701076.8050063,1609701076.8116612,0.006654977798461914
34a383195f6543748f7da249302d0219,k-means,warm,exec,queue,0.03099513053894043,2.384185791015625e-07,2.384185791015625e-07,1609701076.7340221,1609701077.9044864,1.170464277267456,1609701076.8127396,1609701076.819596,0.006856441497802734
2110954ea4f44bc8b834a1c06ab5fd86,k-means,warm,exec,queue,0.03773140907287598,2.384185791015625e-07,0.0,1609701076.735539,1609701078.2631333,1.5275943279266357,1609701076.8135946,1609701076.8188007,0.005206108093261719
ed00ce15191c4ffe8c37ef6f8cc8b55c,k-means,warm,exec,queue,0.04302191734313965,2.384185791015625e-07,2.384185791015625e-07,1609701076.737136,1609701078.5799758,1.8428399562835693,1609701076.821431,1609701076.8282187,0.006787776947021484
27cbf8e704e240e2a38913cb37bf43ab,k-means,warm,exec,queue,0.04908895492553711,2.384185791015625e-07,2.384185791015625e-07,1609701076.7386005,1609701078.5804684,1.8418679237365723,1609701076.8298512,1609701076.837215,0.007363796234130859
6e03429cc7b84f3b85ce45d817329801,k-means,warm,exec,queue,0.05285763740539551,2.384185791015625e-07,2.384185791015625e-07,1609701076.7400668,1609701077.614909,0.8748421669006348,1609701076.8312006,1609701076.8377864,0.006585836410522461
f7e4853b6e8a40658c977ed422e85cca,k-means,warm,exec,queue,0.05653023719787598,2.384185791015625e-07,0.0,1609701076.7415714,1609701078.0574071,1.31583571434021,1609701076.8366961,1609701076.8416905,0.004994392395019531
a6662163f4e54b6c8c8dd8bfda4ccc15,k-means,warm,exec,queue,0.0609736442565918,4.76837158203125e-07,2.384185791015625e-07,1609701076.7431173,1609701078.0568388,1.3137214183807373,1609701076.8474965,1609701076.8541815,0.006685018539428711
af9c20e5cb63478da9fc78af5547bb48,k-means,warm,exec,queue,0.0047283172607421875,2.384185791015625e-07,4.76837158203125e-07,1609701076.7446167,1609701077.9083147,1.1636979579925537,1609701076.7888763,1609701076.797163,0.008286714553833008
0673689c8a8647dfb8314f1e958fef49,k-means,warm,exec,queue,0.0661935806274414,2.384185791015625e-07,0.0,1609701076.7461243,1609701077.9039147,1.1577904224395752,1609701076.8497458,1609701076.8569558,0.0072100162506103516
d276b89a326d4bef8e643a05b5802f1d,k-means,warm,exec,queue,0.07200813293457031,2.384185791015625e-07,2.384185791015625e-07,1609701076.7476485,1609701077.9049966,1.1573481559753418,1609701076.8547432,1609701076.8604927,0.00574946403503418
cdd24e22d7c04dad99722f76816448ac,video,warm,exec,queue,0.01568889617919922,2.384185791015625e-07,0.0,1609701076.7491486,1609701077.907761,1.1586124897003174,1609701076.8056743,1609701076.8217595,0.016085147857666016
1d09fba358324ae4a9adeeffdbd3ca02,k-means,warm,exec,queue,0.005105733871459961,4.76837158203125e-07,2.384185791015625e-07,1609701077.717672,1609701077.9498096,0.23213744163513184,1609701077.7512386,1609701077.7589033,0.007664680480957031
a84b8f78f80e426f9e5ffdabb2991ffa,k-means,warm,exec,queue,0.041071414947509766,0.0,2.384185791015625e-07,1609701077.721782,1609701078.2609441,0.5391621589660645,1609701077.7925131,1609701077.7983935,0.0058803558349609375
9c9b4c29f0c740be9bf3646c97c4456e,k-means,warm,exec,queue,0.009531497955322266,4.76837158203125e-07,2.384185791015625e-07,1609701077.7247345,1609701078.0537102,0.3289756774902344,1609701077.7566645,1609701077.7643335,0.007668972015380859
52b33536de14446c932257aa739e8fe4,k-means,warm,exec,queue,0.01386713981628418,2.384185791015625e-07,2.384185791015625e-07,1609701077.7273161,1609701078.16441,0.43709397315979004,1609701077.7612138,1609701077.7693264,0.008112668991088867
106deb62a2fa47fe8e5cc23d64916c69,k-means,warm,exec,queue,0.018385887145996094,2.384185791015625e-07,2.384185791015625e-07,1609701077.729683,1609701078.0924077,0.36272478103637695,1609701077.7656136,1609701077.7719254,0.006311893463134766
1da27653578843129349a15dc694ab13,k-means,warm,exec,queue,0.023556947708129883,2.384185791015625e-07,2.384185791015625e-07,1609701077.7311254,1609701078.5817232,0.8505978584289551,1609701077.7710087,1609701077.7775402,0.006531476974487305
e7e22b1342d04a8a8156d869330ee290,k-means,warm,exec,queue,0.028132915496826172,2.384185791015625e-07,2.384185791015625e-07,1609701077.7325702,1609701078.264909,0.5323388576507568,1609701077.7769918,1609701077.7833,0.006308078765869141
96d1c9af63684fd695028e1172f95559,k-means,warm,exec,queue,0.03348255157470703,2.384185791015625e-07,2.384185791015625e-07,1609701077.7340043,1609701078.5778537,0.8438494205474854,1609701077.7834418,1609701077.7898793,0.006437540054321289
234341a6938044a2b35c34589fb7bda9,k-means,warm,exec,queue,0.03832530975341797,2.384185791015625e-07,2.384185791015625e-07,1609701077.735437,1609701078.2635791,0.5281422138214111,1609701077.7884526,1609701077.7946208,0.0061681270599365234
02fa7d83c15d4a03885771fbdaa6faf3,k-means,warm,exec,queue,0.009353399276733398,4.76837158203125e-07,2.384185791015625e-07,1609701078.7230783,1609701078.829185,0.10610675811767578,1609701078.766367,1609701078.7739356,0.0075685977935791016
aa5406acd38e49b28d3e452a629438ee,k-means,warm,exec,queue,0.02977275848388672,2.384185791015625e-07,0.0,1609701078.7271683,1609701078.9477131,0.22054481506347656,1609701078.7888217,1609701078.7949958,0.0061740875244140625
d964ec60f70b425187a554bd74c53c35,k-means,warm,exec,queue,0.035331010818481445,2.384185791015625e-07,2.384185791015625e-07,1609701078.7292218,1609701078.947197,0.21797513961791992,1609701078.7961624,1609701078.8026414,0.006479024887084961
09464a6aea104528b0706179f7ee0738,k-means,warm,exec,queue,0.04121232032775879,4.76837158203125e-07,2.384185791015625e-07,1609701078.7307684,1609701078.948228,0.21745944023132324,1609701078.8025696,1609701078.8084738,0.005904197692871094
356958ca33794bed8bd605af6d47ee2e,k-means,warm,exec,queue,0.04781770706176758,2.384185791015625e-07,0.0,1609701078.732551,1609701078.896374,0.16382288932800293,1609701078.8101509,1609701078.8168776,0.006726741790771484
bd6867ae78cf4c1aa554aed374b58e57,k-means,warm,exec,queue,0.05355191230773926,2.384185791015625e-07,0.0,1609701078.7340944,1609701078.9391143,0.20501995086669922,1609701078.8163252,1609701078.8222873,0.0059621334075927734
63434df8460447ba91a3b942c7fb335c,k-means,warm,exec,queue,0.0593564510345459,2.384185791015625e-07,2.384185791015625e-07,1609701078.7356322,1609701078.9487157,0.21308350563049316,1609701078.823211,1609701078.8295994,0.006388425827026367
68c3b788d27143fc9032ccf413d258f2,k-means,warm,exec,queue,0.0650784969329834,2.384185791015625e-07,0.0,1609701078.7371905,1609701078.989263,0.2520725727081299,1609701078.8300939,1609701078.8368125,0.006718635559082031
f7a40820b1a448ec948cfb501f06216d,k-means,warm,exec,queue,0.07003664970397949,2.384185791015625e-07,0.0,1609701078.738758,1609701078.9436226,0.204864501953125,1609701078.8374374,1609701078.844501,0.007063627243041992
349c89e34cd84fbb8327a475eca99d8e,k-means,warm,exec,queue,0.024434804916381836,2.384185791015625e-07,0.0,1609701078.7407634,1609701078.9426212,0.2018578052520752,1609701078.7828066,1609701078.7881355,0.0053288936614990234
2fe6f33165af4707a8648ac325fa4e83,k-means,warm,exec,queue,0.013141393661499023,4.76837158203125e-07,2.384185791015625e-07,1609701078.7421944,1609701078.853665,0.11147069931030273,1609701078.7727835,1609701078.7803102,0.0075266361236572266
9eeff46a229e4645a3b39b6704f2d853,k-means,warm,exec,queue,0.01778697967529297,4.76837158203125e-07,2.384185791015625e-07,1609701078.743659,1609701078.8551521,0.11149311065673828,1609701078.7785373,1609701078.7861829,0.007645606994628906
3d2f84a632bb46bb93f2dfe384c5354a,video,warm,exec,queue,0.016294479370117188,2.384185791015625e-07,2.384185791015625e-07,1609701078.745158,1609701078.9431355,0.19797754287719727,1609701078.783671,1609701078.7999187,0.01624774932861328
a1fa23b97f71409f84cea69189a5f634,k-means,warm,exec,queue,6.818771362304688e-05,2.384185791015625e-07,2.384185791015625e-07,1609701079.7267387,1609701079.933746,0.20700740814208984,1609701079.7781546,1609701079.7858052,0.007650613784790039
f26e3627357c47daac5afd0ae4204d57,k-means,warm,exec,queue,0.008388042449951172,2.384185791015625e-07,2.384185791015625e-07,1609701079.7312057,1609701079.8684638,0.13725805282592773,1609701079.7782679,1609701079.7855477,0.007279872894287109
09eb7de533e24a43a8b0a8c521b6e159,k-means,warm,exec,queue,0.01379251480102539,2.384185791015625e-07,2.384185791015625e-07,1609701079.733827,1609701079.9368005,0.2029733657836914,1609701079.7826655,1609701079.7913327,0.008667230606079102
fa80a19adcb04804bdfe7cb9e3942743,k-means,warm,exec,queue,0.019113779067993164,4.76837158203125e-07,2.384185791015625e-07,1609701079.7353168,1609701079.866684,0.13136720657348633,1609701079.7909355,1609701079.7971823,0.006246805191040039
28973c4f26bf4ab0bae929d36ddca997,k-means,warm,exec,queue,0.02251577377319336,2.384185791015625e-07,2.384185791015625e-07,1609701079.7370236,1609701079.936269,0.19924545288085938,1609701079.7988193,1609701079.8055441,0.006724834442138672
f515251cd12d4e6b9937148ed809408a,k-means,warm,exec,queue,0.02827143669128418,2.384185791015625e-07,0.0,1609701079.7384973,1609701080.0937607,0.35526347160339355,1609701079.8024082,1609701079.809181,0.006772756576538086
b65cc7a9bf364a8eb694426ee16e1312,k-means,warm,exec,queue,0.03190779685974121,2.384185791015625e-07,2.384185791015625e-07,1609701079.7399669,1609701079.9212766,0.18130970001220703,1609701079.8044791,1609701079.810646,0.006166934967041016
d5eacb4997ef40d5a174ad28114eb2da,k-means,warm,exec,queue,0.037764549255371094,2.384185791015625e-07,0.0,1609701079.7414572,1609701080.0191705,0.2777132987976074,1609701079.8109996,1609701079.8183975,0.007397890090942383
6a8af9ae7bf94f72864593c9512c2eb9,k-means,warm,exec,queue,0.04241538047790527,2.384185791015625e-07,0.0,1609701079.7429407,1609701079.9239268,0.1809861660003662,1609701079.8206906,1609701079.8273609,0.006670236587524414
0af52726ae4f49b2a07824e9a04b95e8,k-means,warm,exec,queue,0.04883408546447754,2.384185791015625e-07,2.384185791015625e-07,1609701079.7445507,1609701079.979026,0.23447537422180176,1609701079.8214965,1609701079.8285787,0.007082223892211914
67cbef322e0b42588043485df02c9fa1,k-means,warm,exec,queue,0.05449628829956055,2.384185791015625e-07,0.0,1609701079.7459795,1609701079.9796267,0.23364710807800293,1609701079.8289073,1609701079.8345885,0.005681276321411133
13cde235216e44e78d0acb7af1c8214b,k-means,warm,exec,queue,0.05938315391540527,2.384185791015625e-07,0.0,1609701079.7473934,1609701079.976302,0.22890853881835938,1609701079.8343127,1609701079.8413153,0.007002592086791992
640ef2b7be004ec791d54cb76c56d698,k-means,warm,exec,queue,0.06611776351928711,2.384185791015625e-07,0.0,1609701079.7488146,1609701080.0740194,0.32520484924316406,1609701079.8431633,1609701079.8497956,0.006632328033447266
ce0b1f10eb7f40609c5678b69d399280,k-means,warm,exec,queue,0.06937003135681152,2.384185791015625e-07,2.384185791015625e-07,1609701079.7503188,1609701079.9380746,0.18775582313537598,1609701079.8443394,1609701079.8503184,0.005979061126708984
fab1090538bd4644933552154dcda82c,k-means,warm,exec,queue,0.07415080070495605,4.76837158203125e-07,4.76837158203125e-07,1609701079.751728,1609701080.0717895,0.32006144523620605,1609701079.8481114,1609701079.8527493,0.004637956619262695
21f5d1fd998a4d46a1b0b995d284a442,matmul,warm,exec,queue,0.019787073135375977,4.76837158203125e-07,0.0,1609701079.7531533,1609701079.92454,0.17138671875,1609701079.8014216,1609701079.808592,0.007170438766479492
b0a164b736c447a684aabef1c34dbb35,k-means,warm,exec,queue,0.006230354309082031,4.76837158203125e-07,2.384185791015625e-07,1609701080.7264738,1609701080.8556728,0.12919902801513672,1609701080.7774386,1609701080.7850335,0.0075948238372802734
5a1fe956a94049569e7df033b315985b,k-means,warm,exec,queue,0.048169851303100586,2.384185791015625e-07,2.384185791015625e-07,1609701080.7307308,1609701081.150018,0.41928720474243164,1609701080.8227136,1609701080.830225,0.0075113773345947266
cc9f80e97b6f44db8741a0f57a495bba,k-means,warm,exec,queue,0.053060293197631836,4.76837158203125e-07,0.0,1609701080.7342062,1609701081.152833,0.4186267852783203,1609701080.827436,1609701080.833111,0.005675077438354492
d03add0ce2e7487bb51c2590d26d5f06,k-means,warm,exec,queue,0.05781865119934082,2.384185791015625e-07,2.384185791015625e-07,1609701080.7370863,1609701080.9779665,0.24088025093078613,1609701080.8339257,1609701080.840069,0.006143331527709961
40270070e0e04a0f9a2e71dd3bdacb4f,k-means,warm,exec,queue,0.02603936195373535,2.384185791015625e-07,2.384185791015625e-07,1609701080.7399104,1609701080.882501,0.14259052276611328,1609701080.7945046,1609701080.7994301,0.00492548942565918
9b172b132c4d46898109e4262c88690d,k-means,warm,exec,queue,0.032190561294555664,2.384185791015625e-07,0.0,1609701080.7416947,1609701080.9307146,0.18901991844177246,1609701080.8006613,1609701080.8066459,0.00598454475402832
dd2d9c76b03543c1843dc8427b1accf0,k-means,warm,exec,queue,0.03683352470397949,2.384185791015625e-07,0.0,1609701080.7431808,1609701080.8820255,0.13884472846984863,1609701080.8081236,1609701080.8154693,0.007345676422119141
d971c8ab525447ab9480abe7df766b7e,k-means,warm,exec,queue,0.04130125045776367,2.384185791015625e-07,2.384185791015625e-07,1609701080.7446723,1609701081.065064,0.3203916549682617,1609701080.8132238,1609701080.819886,0.006662130355834961
857500b82f164215b44e83f85b541c32,k-means,warm,exec,queue,0.045866966247558594,2.384185791015625e-07,2.384185791015625e-07,1609701080.7461538,1609701081.153245,0.4070911407470703,1609701080.8199227,1609701080.82691,0.006987333297729492
d02910cf2fe0454ca5b046f0a22fb4f3,k-means,warm,exec,queue,0.020288705825805664,2.384185791015625e-07,2.384185791015625e-07,1609701080.7477648,1609701081.0060706,0.25830578804016113,1609701080.7926877,1609701080.8002422,0.007554531097412109
7c030012d6294e92b4e009953d032b30,k-means,warm,exec,queue,0.015845298767089844,2.384185791015625e-07,2.384185791015625e-07,1609701080.7492468,1609701081.0668893,0.3176424503326416,1609701080.7828128,1609701080.7906113,0.007798433303833008
8adad13e019e4a9c9596a61dccb72666,k-means,warm,exec,queue,0.011014461517333984,0.0,0.0,1609701080.7507105,1609701080.8543038,0.10359334945678711,1609701080.7775412,1609701080.7850704,0.007529258728027344
18e1b86842724d6a80a4c019e25dbc01,k-means,warm,exec,queue,0.06293630599975586,2.384185791015625e-07,4.76837158203125e-07,1609701080.7521832,1609701080.9756298,0.22344660758972168,1609701080.8399687,1609701080.845516,0.005547285079956055
e0993f3df11d423daa54ce36480ba95f,video,warm,exec,queue,0.016664505004882812,2.384185791015625e-07,2.384185791015625e-07,1609701080.7537658,1609701080.8796961,0.1259303092956543,1609701080.7953424,1609701080.8107378,0.015395402908325195
8865c71f0a304130a0aec917da89bec0,k-means,warm,exec,queue,0.0009832382202148438,4.76837158203125e-07,2.384185791015625e-07,1609701081.724036,1609701081.9069183,0.18288230895996094,1609701081.7719257,1609701081.7787364,0.006810665130615234
ab9d33b79f694bc2bb5ee305136363ba,k-means,warm,exec,queue,0.01001429557800293,2.384185791015625e-07,2.384185791015625e-07,1609701081.7281146,1609701081.9038587,0.17574405670166016,1609701081.7774863,1609701081.7847424,0.007256031036376953
2772ade0a74b4b9ea9abe5fadf6ffaad,k-means,warm,exec,queue,0.015262603759765625,2.384185791015625e-07,2.384185791015625e-07,1609701081.731713,1609701081.9909632,0.2592501640319824,1609701081.7888837,1609701081.7955794,0.006695747375488281
52a858a62b64424881136b4c9aa72b51,k-means,warm,exec,queue,0.021212339401245117,2.384185791015625e-07,0.0,1609701081.7343233,1609701081.9865158,0.25219249725341797,1609701081.7902846,1609701081.7954142,0.005129575729370117
5b7a8acaf3fb4388917bcd9867340f7c,k-means,warm,exec,queue,0.026129961013793945,2.384185791015625e-07,2.384185791015625e-07,1609701081.7367275,1609701082.1712089,0.4344813823699951,1609701081.7941546,1609701081.7991688,0.005014181137084961
2dca5a3e3b9a47629238c59b8c2571ae,k-means,warm,exec,queue,0.03142523765563965,2.384185791015625e-07,2.384185791015625e-07,1609701081.7381372,1609701082.167959,0.4298217296600342,1609701081.8026276,1609701081.8100383,0.007410764694213867
eac425f34c074097b53d4a823ba651e6,k-means,warm,exec,queue,0.03666520118713379,2.384185791015625e-07,0.0,1609701081.739543,1609701082.170634,0.4310910701751709,1609701081.8058007,1609701081.810652,0.004851341247558594
dd23095ff477408e9b473e27cfc41a32,k-means,warm,exec,queue,0.04193687438964844,2.384185791015625e-07,2.384185791015625e-07,1609701081.74097,1609701081.9871116,0.24614167213439941,1609701081.812036,1609701081.8182228,0.006186723709106445
2501e687b95f4904b8c5d8ec12633f91,k-means,warm,exec,queue,0.04736781120300293,2.384185791015625e-07,2.384185791015625e-07,1609701081.7423851,1609701081.9915025,0.24911737442016602,1609701081.817312,1609701081.8220544,0.00474238395690918
db3a65b1c636490a8ed4d6df9e1dac56,k-means,warm,exec,queue,0.052477359771728516,2.384185791015625e-07,0.0,1609701081.7439,1609701082.0423467,0.2984466552734375,1609701081.8244157,1609701081.830547,0.006131410598754883
d622693e64a4418d9a402a6827498e20,k-means,warm,exec,queue,0.002264738082885742,4.76837158203125e-07,2.384185791015625e-07,1609701081.745329,1609701081.9063573,0.16102838516235352,1609701081.7722616,1609701081.7795446,0.00728297233581543
b4c8778ec6d04e379415c9ad2ae0949a,k-means,warm,exec,queue,0.008562088012695312,2.384185791015625e-07,0.0,1609701081.746739,1609701081.9032943,0.1565554141998291,1609701081.7718973,1609701081.7791097,0.007212400436401367
1bf0206eca694f7c9b8520ced65589bd,video,warm,exec,queue,0.021976709365844727,2.384185791015625e-07,2.384185791015625e-07,1609701081.7481718,1609701081.9006376,0.1524658203125,1609701081.7892687,1609701081.8041234,0.014854669570922852
19a99eb63d604179afa342864b5d79e9,k-means,warm,exec,queue,0.006939411163330078,7.152557373046875e-07,2.384185791015625e-07,1609701082.7261066,1609701082.8452325,0.1191258430480957,1609701082.776227,1609701082.7836757,0.007448673248291016
04f94201f5454a819fcf0df9745a36a2,k-means,warm,exec,queue,0.04948306083679199,2.384185791015625e-07,2.384185791015625e-07,1609701082.7303913,1609701083.063519,0.3331277370452881,1609701082.8219137,1609701082.8276117,0.005697965621948242
0c8d9df280c44864a6baa7a239edf2be,k-means,warm,exec,queue,0.054805755615234375,2.384185791015625e-07,2.384185791015625e-07,1609701082.7329955,1609701083.0952432,0.3622477054595947,1609701082.826856,1609701082.8325222,0.005666255950927734
846b328bee4743289efef5eba6e5a5f4,k-means,warm,exec,queue,0.06005454063415527,2.384185791015625e-07,2.384185791015625e-07,1609701082.7355561,1609701082.9358528,0.20029664039611816,1609701082.8333938,1609701082.8390288,0.00563502311706543
d52b9dbcc6734e699008d74f98118d75,k-means,warm,exec,queue,0.02472662925720215,2.384185791015625e-07,0.0,1609701082.7384384,1609701082.8869495,0.14851117134094238,1609701082.7945237,1609701082.8003016,0.005777835845947266
208d354837314301979d8f0ab06b9f70,k-means,warm,exec,queue,0.029266357421875,2.384185791015625e-07,0.0,1609701082.7407784,1609701082.8853035,0.14452505111694336,1609701082.7972622,1609701082.803209,0.0059468746185302734
4e8116f81f4c44f2a7dddb08363f20e1,k-means,warm,exec,queue,0.035300493240356445,2.384185791015625e-07,2.384185791015625e-07,1609701082.7423131,1609701083.0383892,0.29607605934143066,1609701082.803306,1609701082.8090706,0.005764484405517578
e4f0485383df4f6a81932348e2165779,k-means,warm,exec,queue,0.04098773002624512,2.384185791015625e-07,2.384185791015625e-07,1609701082.7438424,1609701083.03649,0.2926476001739502,1609701082.8098419,1609701082.8151076,0.005265712738037109
aedfe16a6f3d4596a8ff9a8a3bf64f91,k-means,warm,exec,queue,0.046224117279052734,2.384185791015625e-07,2.384185791015625e-07,1609701082.7453868,1609701083.0616128,0.3162260055541992,1609701082.8164914,1609701082.8236032,0.007111787796020508
d5f6650830b14604b0e006aaadcd30e5,k-means,warm,exec,queue,0.02026820182800293,2.384185791015625e-07,2.384185791015625e-07,1609701082.7470365,1609701082.9632137,0.21617722511291504,1609701082.7880921,1609701082.7957642,0.00767207145690918
91fa62e562b44d3fac1f97afde3e6cbe,k-means,warm,exec,queue,0.01566791534423828,2.384185791015625e-07,2.384185791015625e-07,1609701082.7485886,1609701082.9377632,0.18917465209960938,1609701082.7833326,1609701082.7911751,0.007842540740966797
5e25f8c78bdb4f6da6376cd8a6803b7a,k-means,warm,exec,queue,0.010540962219238281,4.76837158203125e-07,0.0,1609701082.750105,1609701082.843645,0.09354019165039062,1609701082.7772682,1609701082.7848845,0.007616281509399414
38457d2d651140df8fd18a231fd68944,k-means,warm,exec,queue,0.06561398506164551,2.384185791015625e-07,2.384185791015625e-07,1609701082.7516208,1609701083.0027764,0.2511556148529053,1609701082.8393977,1609701082.844112,0.004714250564575195
d4900339402f4965b70db0f4cc48892f,k-means,warm,exec,queue,0.002171039581298828,4.76837158203125e-07,2.384185791015625e-07,1609701083.721693,1609701084.084572,0.36287903785705566,1609701083.762789,1609701083.7710745,0.0082855224609375
3d05a3902736465b9241a29d4130aca6,k-means,warm,exec,queue,0.04049205780029297,2.384185791015625e-07,2.384185791015625e-07,1609701083.725773,1609701083.895872,0.17009902000427246,1609701083.7992554,1609701083.8048408,0.005585432052612305
c11f8fc1fc9d4e9481eee59e3e84fbfd,k-means,warm,exec,queue,0.0356595516204834,2.384185791015625e-07,2.384185791015625e-07,1609701083.728301,1609701084.0798538,0.35155272483825684,1609701083.7967806,1609701083.8042173,0.0074367523193359375
962e4a44864b4332baef412e7a7f40b0,k-means,warm,exec,queue,0.030505657196044922,4.76837158203125e-07,2.384185791015625e-07,1609701083.7307944,1609701084.046851,0.316056489944458,1609701083.7876554,1609701083.793518,0.005862712860107422
27dc8ab467ed44659cb11c1c1efa139d,k-means,warm,exec,queue,0.02542567253112793,2.384185791015625e-07,0.0,1609701083.733286,1609701083.8975325,0.1642465591430664,1609701083.7841356,1609701083.7900636,0.00592803955078125
9b067f16c6b64e6eb98c1f3c1edd58b0,k-means,warm,exec,queue,0.02003169059753418,2.384185791015625e-07,2.384185791015625e-07,1609701083.7360382,1609701084.0814714,0.34543323516845703,1609701083.7819617,1609701083.7889273,0.00696563720703125
b293d6c85c6a4059b7aab26e16618997,k-means,warm,exec,queue,0.01536703109741211,4.76837158203125e-07,4.76837158203125e-07,1609701083.7377357,1609701083.8407733,0.10303759574890137,1609701083.7714255,1609701083.778905,0.007479429244995117
7747b511a1654c34b196d626adba01ad,k-means,warm,exec,queue,0.008504152297973633,4.76837158203125e-07,2.384185791015625e-07,1609701083.7391655,1609701083.8413463,0.10218071937561035,1609701083.7626398,1609701083.771133,0.008493185043334961
fd3cca59134a486bb722696c6c2894f5,k-means,warm,exec,queue,0.01321101188659668,2.384185791015625e-07,0.0,1609701083.740617,1609701083.8382082,0.09759116172790527,1609701083.766592,1609701083.7739837,0.007391691207885742
d3f5f62f4d7e4a41904635f48b3cf4ed,k-means,warm,exec,queue,0.04477500915527344,2.384185791015625e-07,2.384185791015625e-07,1609701083.7421486,1609701084.083988,0.3418393135070801,1609701083.8047116,1609701083.810993,0.006281375885009766
7ed046b6969e4f86a8bf71afa6d764cc,k-means,warm,exec,queue,0.0007600784301757812,4.76837158203125e-07,2.384185791015625e-07,1609701084.7280018,1609701084.898898,0.17089605331420898,1609701084.7726552,1609701084.7798088,0.007153511047363281
ab5a6ba1bbbd417984dc1169f9193920,video,warm,exec,queue,0.018739700317382812,2.384185791015625e-07,2.384185791015625e-07,1609701084.7322505,1609701085.1123712,0.38012075424194336,1609701084.7987397,1609701084.814383,0.01564335823059082
aff902078b8f416f83d6c106bbee63a4,k-means,warm,exec,queue,0.033498525619506836,2.384185791015625e-07,2.384185791015625e-07,1609701084.7347848,1609701084.903685,0.1689002513885498,1609701084.8077602,1609701084.8145554,0.006795167922973633
2815b52ad6e1416097e24da0f9832dc6,k-means,warm,exec,queue,0.03915715217590332,2.384185791015625e-07,0.0,1609701084.7372935,1609701085.1281066,0.39081311225891113,1609701084.8176613,1609701084.8245192,0.006857872009277344
29a0da28ca7e416bb6e080bfcd8d74dd,k-means,warm,exec,queue,0.04550671577453613,2.384185791015625e-07,2.384185791015625e-07,1609701084.7400541,1609701084.9694145,0.22936034202575684,1609701084.820037,1609701084.826221,0.006184101104736328
e84d0b425f3947fe8be376b89effebfc,k-means,warm,exec,queue,0.004283905029296875,4.76837158203125e-07,2.384185791015625e-07,1609701084.7417579,1609701084.8821528,0.140394926071167,1609701084.7724624,1609701084.7803152,0.007852792739868164
de650351c5944e17831f69d49e223cd0,k-means,warm,exec,queue,0.008719444274902344,2.384185791015625e-07,2.384185791015625e-07,1609701084.743193,1609701085.0459101,0.3027172088623047,1609701084.7772229,1609701084.7852929,0.008069992065429688
2829706d72fe4d0a953ec7d502e34a0d,k-means,warm,exec,queue,0.014892339706420898,2.384185791015625e-07,2.384185791015625e-07,1609701084.744651,1609701084.8657024,0.12105131149291992,1609701084.7829201,1609701084.7907808,0.007860660552978516
184fb454aaec412098091ff7f8055815,k-means,warm,exec,queue,0.019589662551879883,2.384185791015625e-07,2.384185791015625e-07,1609701084.7460854,1609701084.901527,0.1554415225982666,1609701084.7965794,1609701084.8045824,0.008002996444702148
4d86e2d5f1c34c589191e5294ea4814f,k-means,warm,exec,queue,0.025000810623168945,2.384185791015625e-07,4.76837158203125e-07,1609701084.7476242,1609701084.9021027,0.1544785499572754,1609701084.798679,1609701084.805546,0.006866931915283203
415d90e0fc334fc9abc91298aa32b4c8,k-means,warm,exec,queue,0.031066417694091797,2.384185791015625e-07,2.384185791015625e-07,1609701084.7490807,1609701085.0860221,0.3369414806365967,1609701084.8019342,1609701084.8080842,0.006150007247924805
d7a8bc04e6994246b14e26f9262f43f8,matmul,warm,exec,queue,0.02227163314819336,2.384185791015625e-07,0.0,1609701084.750525,1609701084.971488,0.2209630012512207,1609701084.7991111,1609701084.8099294,0.010818243026733398
c604d44d034f48288dfc52cfade97349,map_reduce,warm,exec,queue,0.026677608489990234,0.0,0.0,1609701084.7519722,1609701085.0440571,0.2920849323272705,1609701084.8017695,1609701084.8864338,0.08466434478759766
efdfef7d3f2f40c4abae61a7c13629f4,k-means,warm,exec,queue,6.604194641113281e-05,4.76837158203125e-07,4.76837158203125e-07,1609701085.7163653,1609701085.868957,0.15259170532226562,1609701085.7416892,1609701085.747475,0.005785703659057617
dfb85c550a834d7c8d0cede7b6252a68,k-means,warm,exec,queue,0.007942914962768555,4.76837158203125e-07,2.384185791015625e-07,1609701085.7203739,1609701085.865588,0.14521408081054688,1609701085.746612,1609701085.7538624,0.007250308990478516
a64fd141c77c4c8faacc2982642ea81c,k-means,warm,exec,queue,0.013275623321533203,2.384185791015625e-07,2.384185791015625e-07,1609701085.7229266,1609701085.9066942,0.18376755714416504,1609701085.754381,1609701085.7613165,0.006935596466064453
11a5dc04f23f44a98ff43151d0c5954f,k-means,warm,exec,queue,0.018114805221557617,4.76837158203125e-07,2.384185791015625e-07,1609701085.7250037,1609701085.9499931,0.2249894142150879,1609701085.7603984,1609701085.7660031,0.005604743957519531
546f0ea744414236af7f2b2eb4f30904,k-means,warm,exec,queue,0.002841472625732422,2.384185791015625e-07,4.76837158203125e-07,1609701085.7264535,1609701085.8684113,0.14195775985717773,1609701085.7420835,1609701085.7496185,0.007534980773925781
5d6795b1a3254f4196a73b0343c942bd,video,warm,exec,queue,6.866455078125e-05,4.76837158203125e-07,2.384185791015625e-07,1609701086.7113667,1609701086.7840626,0.07269597053527832,1609701086.7219963,1609701086.7390103,0.017014026641845703
e4e908b2297f4008a464a8f917edd031,video,warm,exec,queue,0.0031321048736572266,2.384185791015625e-07,2.384185791015625e-07,1609701088.7132962,1609701088.8345256,0.12122941017150879,1609701088.7267098,1609701088.7437994,0.0170896053314209
3d897a93d21346f1abf091e1782aaec1,matmul,warm,exec,queue,0.0011739730834960938,2.384185791015625e-07,2.384185791015625e-07,1609701089.714345,1609701089.8528688,0.13852381706237793,1609701089.7257955,1609701089.736832,0.011036396026611328
e9473406288a41b2931137a7a9e05c49,k-means,warm,exec,queue,0.00305938720703125,2.384185791015625e-07,2.384185791015625e-07,1609701090.7459192,1609701090.99178,0.24586081504821777,1609701090.8043394,1609701090.8116786,0.0073392391204833984
7f643474e12749e79c4aff348a6f26a3,k-means,warm,exec,queue,0.008372068405151367,2.384185791015625e-07,2.384185791015625e-07,1609701090.7494116,1609701090.9052293,0.15581774711608887,1609701090.8041296,1609701090.8106377,0.0065081119537353516
b274d738abb84c5eb86acb35fe7a872a,k-means,warm,exec,queue,0.014223337173461914,2.384185791015625e-07,2.384185791015625e-07,1609701090.751263,1609701090.9036531,0.1523902416229248,1609701090.8116262,1609701090.8190098,0.007383584976196289
81639e3a53724446b8ee778feb67c0fd,k-means,warm,exec,queue,0.02113032341003418,4.76837158203125e-07,2.384185791015625e-07,1609701090.7533286,1609701090.9452927,0.19196414947509766,1609701090.822495,1609701090.8303955,0.007900476455688477
b711722c4f73419c8d7aeef6bbd2c693,k-means,warm,exec,queue,0.026598691940307617,2.384185791015625e-07,2.384185791015625e-07,1609701090.7551816,1609701091.0806112,0.32542967796325684,1609701090.8273578,1609701090.8342185,0.0068607330322265625
73ea86bc0f4c4087b1c75ba85c23d818,k-means,warm,exec,queue,0.03168344497680664,2.384185791015625e-07,2.384185791015625e-07,1609701090.756857,1609701090.9911835,0.23432660102844238,1609701090.8288841,1609701090.8347526,0.005868434906005859
e3deeb82de67467c80779bc439d78e26,k-means,warm,exec,queue,0.03807330131530762,4.76837158203125e-07,2.384185791015625e-07,1609701090.7581623,1609701090.9479082,0.18974590301513672,1609701090.8404322,1609701090.8475626,0.00713038444519043
c511c465f54a478989c864ddd2618521,k-means,warm,exec,queue,0.043601036071777344,2.384185791015625e-07,2.384185791015625e-07,1609701090.7594447,1609701091.2480278,0.4885830879211426,1609701090.8463428,1609701090.852684,0.006341218948364258
e7a3ee69dd5b4b149605f10babfaafb6,k-means,warm,exec,queue,0.049266815185546875,2.384185791015625e-07,0.0,1609701090.7608762,1609701091.2229505,0.46207427978515625,1609701090.8482106,1609701090.854847,0.006636381149291992
525e04d309964f7084d3118af07768fa,k-means,warm,exec,queue,0.05597352981567383,7.152557373046875e-07,4.76837158203125e-07,1609701090.7621534,1609701091.1221757,0.36002230644226074,1609701090.8589332,1609701090.8657644,0.006831169128417969
8d7615b1140b4f3588760e6b03113850,k-means,warm,exec,queue,0.06096506118774414,2.384185791015625e-07,0.0,1609701090.763445,1609701090.993527,0.23008203506469727,1609701090.863938,1609701090.8706849,0.006746768951416016
f48fc733a42a43a28cc2c83efecd2c05,k-means,warm,exec,queue,0.0656900405883789,2.384185791015625e-07,0.0,1609701090.764783,1609701090.9485314,0.18374848365783691,1609701090.865365,1609701090.870854,0.005488872528076172
c90b73b625a842478b881bebdc4e2d4b,k-means,warm,exec,queue,0.07206296920776367,4.76837158203125e-07,2.384185791015625e-07,1609701090.7662983,1609701091.0403683,0.27407002449035645,1609701090.8749177,1609701090.8817408,0.006823062896728516
bf298f549a7149528e777673415cdeea,k-means,warm,exec,queue,0.07850527763366699,2.384185791015625e-07,2.384185791015625e-07,1609701090.7675903,1609701091.3576658,0.5900754928588867,1609701090.8789308,1609701090.8834996,0.004568815231323242
0690414ac59a45dc9ce9b14e002cbc40,k-means,warm,exec,queue,0.08363771438598633,4.76837158203125e-07,2.384185791015625e-07,1609701090.768953,1609701091.1627069,0.3937537670135498,1609701090.883625,1609701090.8909276,0.007302522659301758
5047ad818276462b89261027c8106e55,k-means,warm,exec,queue,0.08944153785705566,4.76837158203125e-07,0.0,1609701090.770236,1609701091.3558908,0.5856547355651855,1609701090.8905072,1609701090.8957999,0.005292654037475586
db52a5f5bb7c4f83a89a468fb7aeeec5,k-means,warm,exec,queue,0.09457707405090332,7.152557373046875e-07,0.0,1609701090.771557,1609701091.2464023,0.47484517097473145,1609701090.8963401,1609701090.9020085,0.0056684017181396484
46b30235db0340f086c1cf14b20a76a8,k-means,warm,exec,queue,0.09995913505554199,2.384185791015625e-07,0.0,1609701090.772925,1609701091.2249193,0.4519944190979004,1609701090.9009192,1609701090.9061263,0.005207061767578125
6d06018357964fd4b6198171c839f5dc,k-means,warm,exec,queue,0.10465145111083984,2.384185791015625e-07,0.0,1609701090.7743154,1609701091.0385585,0.26424312591552734,1609701090.9082355,1609701090.9153845,0.0071489810943603516
8b254eb9c18340dc8b60b6a2a51cde5f,k-means,warm,exec,queue,0.10951709747314453,2.384185791015625e-07,2.384185791015625e-07,1609701090.7757337,1609701091.324526,0.5487923622131348,1609701090.9112635,1609701090.9161942,0.004930734634399414
87261ad6ded44188be23cf25e23fa67e,video,warm,exec,queue,0.016410112380981445,2.384185791015625e-07,2.384185791015625e-07,1609701090.7771864,1609701090.9882479,0.2110614776611328,1609701090.8231091,1609701090.8398554,0.01674628257751465
6961c3c5b7df4620b3a832cd2323818d,k-means,warm,exec,queue,0.010822057723999023,4.76837158203125e-07,2.384185791015625e-07,1609701091.7397895,1609701091.8773227,0.13753318786621094,1609701091.7880812,1609701091.7966585,0.008577346801757812
9ce8a1df5b984f0a887a098c991e3ee4,k-means,warm,exec,queue,0.056285858154296875,2.384185791015625e-07,2.384185791015625e-07,1609701091.7434826,1609701091.936075,0.19259238243103027,1609701091.8414419,1609701091.8490531,0.007611274719238281
ee97e90ca8c447f08d531829318f66aa,k-means,warm,exec,queue,0.05182456970214844,2.384185791015625e-07,0.0,1609701091.7455177,1609701092.0691998,0.3236820697784424,1609701091.8347573,1609701091.8412,0.0064427852630615234
9baf971971614b50a712ea81f2203620,k-means,warm,exec,queue,0.04723167419433594,2.384185791015625e-07,0.0,1609701091.7475162,1609701091.936642,0.18912577629089355,1609701091.828517,1609701091.83494,0.006422996520996094
a1f8eee399b3459ebc5af2eafc819421,k-means,warm,exec,queue,0.04246163368225098,4.76837158203125e-07,4.76837158203125e-07,1609701091.7497616,1609701092.0032914,0.25352978706359863,1609701091.8278458,1609701091.835663,0.007817268371582031
98e00e24d6054b95a5d821295a7b260d,k-means,warm,exec,queue,0.03777956962585449,2.384185791015625e-07,4.76837158203125e-07,1609701091.7517505,1609701091.9681315,0.21638107299804688,1609701091.8179607,1609701091.8254259,0.0074651241302490234
bf1d55e064174eac955ccfed0f169bae,k-means,warm,exec,queue,0.0332639217376709,2.384185791015625e-07,2.384185791015625e-07,1609701091.753261,1609701091.9331236,0.17986249923706055,1609701091.8124669,1609701091.8187082,0.006241321563720703
7d7de7d1a88e427fb5f08f7d033e05f0,k-means,warm,exec,queue,0.02886176109313965,4.76837158203125e-07,2.384185791015625e-07,1609701091.7547002,1609701091.9093046,0.15460443496704102,1609701091.811906,1609701091.8192923,0.007386207580566406
626fba0cd78741779e07de0861dcfcb0,k-means,warm,exec,queue,0.024447202682495117,2.384185791015625e-07,2.384185791015625e-07,1609701091.756132,1609701091.9075375,0.15140557289123535,1609701091.809764,1609701091.8179355,0.008171558380126953
04f3703121b2482695349ce441dd380c,k-means,warm,exec,queue,0.014580965042114258,2.384185791015625e-07,2.384185791015625e-07,1609701091.7576635,1609701091.8778787,0.12021517753601074,1609701091.7919703,1609701091.800335,0.008364677429199219
66f67571caad4e7c8b1659b13ffbad31,k-means,warm,exec,queue,0.019877910614013672,2.384185791015625e-07,2.384185791015625e-07,1609701091.759085,1609701091.874602,0.11551713943481445,1609701091.7976997,1609701091.8052003,0.007500648498535156
9bf89992f2a2441e8cc7a2b0ac120e65,k-means,warm,exec,queue,0.061368703842163086,2.384185791015625e-07,2.384185791015625e-07,1609701091.7605205,1609701092.00125,0.24072957038879395,1609701091.8456645,1609701091.851802,0.0061376094818115234
05d9269598c743c7994f6230b546d2eb,k-means,warm,exec,queue,0.06661391258239746,2.384185791015625e-07,0.0,1609701091.7619061,1609701092.0672283,0.30532217025756836,1609701091.8506813,1609701091.8571713,0.006489992141723633
41586663edc0446098f03c09c47885bb,k-means,warm,exec,queue,0.07110953330993652,2.384185791015625e-07,2.384185791015625e-07,1609701091.7633827,1609701091.9378893,0.17450666427612305,1609701091.8571496,1609701091.8635526,0.0064029693603515625
9be4c4132c4c4993aa7dad2b5f7e5380,video,warm,exec,queue,0.01946568489074707,2.384185791015625e-07,2.384185791015625e-07,1609701091.764825,1609701091.9663854,0.20156025886535645,1609701091.8123636,1609701091.8291838,0.016820192337036133
bf130ee8890d480e9d6a826461a60ab5,k-means,warm,exec,queue,0.00465846061706543,4.76837158203125e-07,2.384185791015625e-07,1609701092.7402253,1609701092.91426,0.17403459548950195,1609701092.8113987,1609701092.8191402,0.007741451263427734
dbf11a60ffcf434dbba2f16ecbcae238,k-means,warm,exec,queue,0.02767205238342285,2.384185791015625e-07,0.0,1609701092.7449963,1609701093.039788,0.29479169845581055,1609701092.8341532,1609701092.840784,0.006630897521972656
7d0c042f6f67424cabd3532cd29255ab,k-means,warm,exec,queue,0.02167224884033203,2.384185791015625e-07,2.384185791015625e-07,1609701092.7477572,1609701093.0380836,0.2903263568878174,1609701092.8289633,1609701092.8359053,0.006942033767700195
d96972d368674e729e1a2335986644eb,k-means,warm,exec,queue,0.01696610450744629,2.384185791015625e-07,2.384185791015625e-07,1609701092.7505255,1609701092.937177,0.18665146827697754,1609701092.8273065,1609701092.8347979,0.007491350173950195
0282bddc242d4872bb8950cc091ffd51,k-means,warm,exec,queue,0.011840105056762695,2.384185791015625e-07,0.0,1609701092.7535868,1609701092.9712045,0.21761775016784668,1609701092.817817,1609701092.8257608,0.007943868637084961
80236df82b6e4aca8706111e5f4ae5b4,k-means,warm,exec,queue,0.007201671600341797,2.384185791015625e-07,4.76837158203125e-07,1609701092.7563462,1609701092.9125433,0.15619707107543945,1609701092.812955,1609701092.8210135,0.008058547973632812
0c2e03034631498694506bdb6cd94a0d,k-means,warm,exec,queue,0.03174567222595215,4.76837158203125e-07,0.0,1609701092.759105,1609701093.1082723,0.3491673469543457,1609701092.8447464,1609701092.8519583,0.007211923599243164
a6930d0bef384396ba7bd398f320913b,k-means,warm,exec,queue,0.037482261657714844,2.384185791015625e-07,0.0,1609701092.761882,1609701093.184371,0.4224889278411865,1609701092.846609,1609701092.8530033,0.006394147872924805
8acf2bf85d494d33bb82e2285f3e1431,k-means,warm,exec,queue,0.042960405349731445,2.384185791015625e-07,2.384185791015625e-07,1609701092.7646403,1609701093.1870654,0.4224250316619873,1609701092.8515823,1609701092.8584075,0.00682520866394043
d4d1b967a28d47c49d8d844145d01404,k-means,warm,exec,queue,0.047287940979003906,4.76837158203125e-07,2.384185791015625e-07,1609701092.7675824,1609701093.1837049,0.4161224365234375,1609701092.859595,1609701092.8665395,0.006944417953491211
58cfd4a5c91646c58cee63a0100373d0,k-means,warm,exec,queue,0.052567243576049805,2.384185791015625e-07,0.0,1609701092.7703516,1609701093.1105275,0.3401758670806885,1609701092.8634465,1609701092.8702383,0.006791830062866211
40e2b74e980347a892765c20af866785,k-means,warm,exec,queue,0.05799388885498047,2.384185791015625e-07,2.384185791015625e-07,1609701092.7731266,1609701093.0159385,0.242811918258667,1609701092.8680096,1609701092.8742297,0.006220102310180664
26febb7c84b14052aa0d3cc140113ab1,k-means,warm,exec,queue,0.06306672096252441,2.384185791015625e-07,0.0,1609701092.7758675,1609701093.1807196,0.40485215187072754,1609701092.8736944,1609701092.8799388,0.0062444210052490234
992f1f464ce84a7e889745a352c535e8,k-means,warm,exec,queue,0.0678715705871582,2.384185791015625e-07,2.384185791015625e-07,1609701092.7787802,1609701093.0139694,0.23518919944763184,1609701092.8801298,1609701092.8863497,0.0062198638916015625
615b656ecef3496798e4b7041d6f567e,k-means,warm,exec,queue,0.07247471809387207,2.384185791015625e-07,2.384185791015625e-07,1609701092.7815304,1609701093.1876733,0.4061429500579834,1609701092.8851926,1609701092.8914955,0.006302833557128906
874eeedf2b114443ab0f5c62d54dc583,k-means,warm,exec,queue,0.004922389984130859,4.76837158203125e-07,2.384185791015625e-07,1609701093.7363427,1609701093.849324,0.11298131942749023,1609701093.7764404,1609701093.784593,0.00815272331237793
04f69c398fd24f708f0b357a832de11e,k-means,warm,exec,queue,0.04723715782165527,2.384185791015625e-07,2.384185791015625e-07,1609701093.7405305,1609701094.0746813,0.3341507911682129,1609701093.8210337,1609701093.8267016,0.005667924880981445
41b3c25f96db4ee3901184960cc52450,k-means,warm,exec,queue,0.0424494743347168,4.76837158203125e-07,2.384185791015625e-07,1609701093.7430687,1609701094.2007892,0.4577205181121826,1609701093.8169816,1609701093.8237891,0.006807565689086914
991355392a2b4986b23e5ab6f854f9e0,k-means,warm,exec,queue,0.03725171089172363,2.384185791015625e-07,0.0,1609701093.7456176,1609701094.1255357,0.37991809844970703,1609701093.8097775,1609701093.8157196,0.005942106246948242
0424d95e28894d4792ebaec5028499a3,k-means,warm,exec,queue,0.008723258972167969,2.384185791015625e-07,2.384185791015625e-07,1609701093.748138,1609701093.8478317,0.09969377517700195,1609701093.775911,1609701093.7836215,0.007710456848144531
d13040144656435b98e15164fe31e99e,k-means,warm,exec,queue,0.013637781143188477,7.152557373046875e-07,2.384185791015625e-07,1609701093.7498727,1609701093.9005172,0.15064454078674316,1609701093.7831433,1609701093.7917297,0.008586406707763672
6610a75ae562412d9932dbfabbb32108,k-means,warm,exec,queue,0.0186002254486084,2.384185791015625e-07,2.384185791015625e-07,1609701093.7513704,1609701093.9395578,0.1881873607635498,1609701093.7920046,1609701093.800365,0.00836038589477539
475fd14d39ad495387416c9ad37d5b80,k-means,warm,exec,queue,0.023911714553833008,2.384185791015625e-07,2.384185791015625e-07,1609701093.7528708,1609701094.035584,0.2827131748199463,1609701093.7923918,1609701093.7986069,0.006215095520019531
717842361a6e45b6ac86ab2da4b289f9,k-means,warm,exec,queue,0.02923893928527832,2.384185791015625e-07,2.384185791015625e-07,1609701093.7543616,1609701093.9010818,0.14672017097473145,1609701093.7981873,1609701093.8043804,0.0061931610107421875
bf45b3ecca5945b68c8a90df52b9f07b,k-means,warm,exec,queue,0.03458213806152344,2.384185791015625e-07,0.0,1609701093.7559478,1609701093.897841,0.1418931484222412,1609701093.8052855,1609701093.8113196,0.006034135818481445
dcfef44beaa8473194fcd2b197e2010b,k-means,warm,exec,queue,0.008388280868530273,2.384185791015625e-07,0.0,1609701094.7392263,1609701094.852647,0.11342072486877441,1609701094.784902,1609701094.7931914,0.008289337158203125
f8bf5fec2c7c400ba2f1ccf077ab50d9,video,warm,exec,queue,0.026311159133911133,2.384185791015625e-07,2.384185791015625e-07,1609701094.7434142,1609701094.9105456,0.1671314239501953,1609701094.8043451,1609701094.820882,0.016536951065063477
5e2e1f64ed3e4c429059a512fadf9673,k-means,warm,exec,queue,0.023357391357421875,2.384185791015625e-07,4.76837158203125e-07,1609701094.7459936,1609701094.9880357,0.24204206466674805,1609701094.8053098,1609701094.8128545,0.007544755935668945
28c3991a4e344800b60f9b628c4666f3,k-means,warm,exec,queue,0.027857303619384766,2.384185791015625e-07,0.0,1609701094.7485185,1609701095.0737655,0.32524704933166504,1609701094.8149166,1609701094.8224678,0.0075511932373046875
074741c825ab4516a01fee0c5cc9e3be,k-means,warm,exec,queue,0.036412954330444336,2.384185791015625e-07,0.0,1609701094.751307,1609701094.945343,0.19403600692749023,1609701094.8165631,1609701094.82413,0.007566928863525391
e5cc6ca29d0943e8842cd20e5cff9a05,k-means,warm,exec,queue,0.041013479232788086,2.384185791015625e-07,2.384185791015625e-07,1609701094.753281,1609701095.159727,0.4064459800720215,1609701094.8220806,1609701094.8294315,0.007350921630859375
094ee838fb184fb396c0aa17496ed767,k-means,warm,exec,queue,0.047200918197631836,2.384185791015625e-07,0.0,1609701094.7547264,1609701095.156874,0.4021475315093994,1609701094.831906,1609701094.8392682,0.0073621273040771484
b08f94815e5a424c861f56dc5322b3fe,k-means,warm,exec,queue,0.05212736129760742,2.384185791015625e-07,2.384185791015625e-07,1609701094.7561846,1609701095.0730925,0.3169078826904297,1609701094.83832,1609701094.8459706,0.007650613784790039
c36e1a3613b84206a8bed804573bf23e,k-means,warm,exec,queue,0.0579526424407959,2.384185791015625e-07,2.384185791015625e-07,1609701094.7576327,1609701095.1603186,0.40268588066101074,1609701094.8393183,1609701094.845556,0.00623774528503418
88d05702f0d843b19a59aa69ddf046c7,k-means,warm,exec,queue,0.016365766525268555,4.76837158203125e-07,2.384185791015625e-07,1609701094.7591956,1609701094.878077,0.1188814640045166,1609701094.795394,1609701094.8034089,0.008014917373657227
c7238eb22e22486986bef40f5af26a95,k-means,warm,exec,queue,0.011934280395507812,2.384185791015625e-07,2.384185791015625e-07,1609701094.7606564,1609701094.876789,0.11613273620605469,1609701094.7942634,1609701094.8020325,0.007769107818603516
5e299e43db9e4f1bb793d5535e092e19,matmul,warm,exec,queue,0.03601479530334473,2.384185791015625e-07,0.0,1609701094.7621148,1609701094.9122512,0.15013647079467773,1609701094.8167412,1609701094.827397,0.010655879974365234
3276ebf95af64bde8d7c5af52cbbd96f,map_reduce,warm,exec,queue,0.031343698501586914,2.384185791015625e-07,0.0,1609701094.7635896,1609701094.9899106,0.22632098197937012,1609701094.8167467,1609701094.9019089,0.08516216278076172
4ae28905eb724fddab4f0e7073c2dc21,k-means,warm,exec,queue,0.0042798519134521484,4.76837158203125e-07,2.384185791015625e-07,1609701095.738318,1609701095.9346397,0.19632172584533691,1609701095.7798018,1609701095.7878141,0.00801229476928711
c4fc91334c2a40f89d384cb41b1df87e,k-means,warm,exec,queue,0.05122232437133789,4.76837158203125e-07,2.384185791015625e-07,1609701095.7424777,1609701096.101065,0.35858726501464844,1609701095.8298917,1609701095.8358366,0.005944967269897461
02011796d13a428d9b1acde3a10e5647,k-means,warm,exec,queue,0.04610252380371094,2.384185791015625e-07,2.384185791015625e-07,1609701095.7450266,1609701096.1030767,0.3580501079559326,1609701095.824126,1609701095.8302042,0.006078243255615234
a6bdaf5edcee4b26b1262ff3181a2583,k-means,warm,exec,queue,0.04111671447753906,2.384185791015625e-07,0.0,1609701095.7475243,1609701095.9340312,0.186506986618042,1609701095.8175364,1609701095.8241968,0.00666046142578125
b781e4044c214e789066c0d51da02b3b,k-means,warm,exec,queue,0.03622865676879883,2.384185791015625e-07,2.384185791015625e-07,1609701095.7495852,1609701095.9046545,0.15506935119628906,1609701095.8120234,1609701095.8181317,0.006108283996582031
98220b7e12a14e30b5ecede0f73da30a,k-means,warm,exec,queue,0.03188443183898926,4.76837158203125e-07,2.384185791015625e-07,1609701095.7510448,1609701096.0287797,0.27773499488830566,1609701095.8099933,1609701095.8160017,0.0060083866119384766
0707bd9af8864fe0a3f55481db9c818d,k-means,warm,exec,queue,0.009232521057128906,4.76837158203125e-07,2.384185791015625e-07,1609701095.7525196,1609701095.8626537,0.11013412475585938,1609701095.7802835,1609701095.7876678,0.007384300231933594
acd7d5f7d4194b33bba0d436068bef15,k-means,warm,exec,queue,0.014552831649780273,4.76837158203125e-07,0.0,1609701095.7539804,1609701095.9361837,0.1822032928466797,1609701095.7853434,1609701095.7930503,0.007706880569458008
90c59a5e712f44ebad125eb388957242,k-means,warm,exec,queue,0.019802570343017578,2.384185791015625e-07,0.0,1609701095.7554464,1609701095.9063559,0.150909423828125,1609701095.7918062,1609701095.79959,0.0077838897705078125
7bcb0175916b4a00b8228da65193c6e8,k-means,warm,exec,queue,0.0247955322265625,4.76837158203125e-07,4.76837158203125e-07,1609701095.7570262,1609701096.028114,0.2710878849029541,1609701095.7966316,1609701095.8019702,0.0053386688232421875
5ed9b732eb804f4fbde247c7663e5289,k-means,warm,exec,queue,0.029566287994384766,4.76837158203125e-07,2.384185791015625e-07,1609701095.758485,1609701095.9313972,0.1729121208190918,1609701095.8031816,1609701095.80958,0.006398439407348633
eb6875ef0a8344059114b111e61b5b18,k-means,warm,exec,queue,0.007862329483032227,2.384185791015625e-07,2.384185791015625e-07,1609701096.7419612,1609701096.884471,0.14250969886779785,1609701096.7901416,1609701096.7994816,0.009340047836303711
4b788cffa34b4f9eb3a08809d9db5031,k-means,warm,exec,queue,0.03640937805175781,2.384185791015625e-07,0.0,1609701096.7460244,1609701096.9679759,0.22195148468017578,1609701096.8188164,1609701096.8261824,0.0073659420013427734
aff81ec4449047f7969ef7d55958aae7,k-means,warm,exec,queue,0.04111170768737793,2.384185791015625e-07,0.0,1609701096.7486212,1609701096.9279425,0.1793212890625,1609701096.8255403,1609701096.833186,0.007645606994628906
99911e5b2077440bb604de754904945b,k-means,warm,exec,queue,0.04743599891662598,2.384185791015625e-07,0.0,1609701096.751202,1609701096.9296708,0.1784687042236328,1609701096.8325346,1609701096.8381305,0.0055959224700927734
68b508465b334426842d06dcecb60572,k-means,warm,exec,queue,0.052657127380371094,2.384185791015625e-07,0.0,1609701096.7540631,1609701096.9748187,0.22075557708740234,1609701096.840203,1609701096.8460417,0.005838632583618164
e724e2e9ddf0427594cb898452eb70b5,k-means,warm,exec,queue,0.05724906921386719,2.384185791015625e-07,0.0,1609701096.7565978,1609701097.0052795,0.24868178367614746,1609701096.841844,1609701096.8483222,0.006478071212768555
6a5aba4de4c74a049ce2f42d3c341a9a,k-means,warm,exec,queue,0.031222105026245117,2.384185791015625e-07,0.0,1609701096.7581851,1609701096.926217,0.16803193092346191,1609701096.8169808,1609701096.8231995,0.006218671798706055
6327973e82a3490dba5b2d607b402cf5,k-means,warm,exec,queue,0.024550199508666992,2.384185791015625e-07,0.0,1609701096.7597702,1609701096.976502,0.21673178672790527,1609701096.811884,1609701096.8195088,0.00762486457824707
a9c85873601d4adc9c6ca797cf60b3a3,k-means,warm,exec,queue,0.019659757614135742,2.384185791015625e-07,0.0,1609701096.7613587,1609701096.971452,0.21009325981140137,1609701096.8008766,1609701096.8083596,0.007483005523681641
fd0083bb08cf46cd900ee5ecc67fb6e9,k-means,warm,exec,queue,0.014900684356689453,2.384185791015625e-07,2.384185791015625e-07,1609701096.7630773,1609701096.886225,0.12314772605895996,1609701096.79623,1609701096.8043666,0.008136510848999023
66c9338d9ba8483a9973ac3844f7e310,k-means,warm,exec,queue,0.011347532272338867,2.384185791015625e-07,2.384185791015625e-07,1609701096.7646697,1609701096.969749,0.2050793170928955,1609701096.7945619,1609701096.802397,0.007835149765014648
3eb4826b2aa6499d93c6458191803c7d,video,warm,exec,queue,0.029167652130126953,2.384185791015625e-07,2.384185791015625e-07,1609701096.7662523,1609701096.974205,0.20795273780822754,1609701096.812845,1609701096.8294182,0.016573190689086914
dc1fc5989b4b4a19bb82680ce90570ed,k-means,warm,exec,queue,0.0032224655151367188,4.76837158203125e-07,2.384185791015625e-07,1609701097.7419426,1609701098.161933,0.41999030113220215,1609701097.7873378,1609701097.7947452,0.007407426834106445
777d6b3278de4d8388be71c72747a2d8,k-means,warm,exec,queue,0.023610591888427734,2.384185791015625e-07,0.0,1609701097.7451322,1609701098.2796276,0.5344953536987305,1609701097.804585,1609701097.81071,0.006124973297119141
c5944d0562564c95821b1793f5626eae,k-means,warm,exec,queue,0.028990507125854492,4.76837158203125e-07,2.384185791015625e-07,1609701097.7468674,1609701098.2255526,0.4786851406097412,1609701097.810206,1609701097.8159194,0.005713462829589844
22bd4e336aae47708753bdf28914ec06,k-means,warm,exec,queue,0.03383612632751465,2.384185791015625e-07,2.384185791015625e-07,1609701097.7483394,1609701098.1131635,0.3648240566253662,1609701097.816622,1609701097.822182,0.0055599212646484375
f0a2311846e24e0eb0f9dfb59f4cf13d,k-means,warm,exec,queue,0.038332462310791016,2.384185791015625e-07,0.0,1609701097.7504926,1609701098.3069122,0.5564196109771729,1609701097.8217318,1609701097.8273375,0.0056056976318359375
14ab2e17b829442682dee61e84c8d524,k-means,warm,exec,queue,0.042944908142089844,2.384185791015625e-07,4.76837158203125e-07,1609701097.7523935,1609701098.3642054,0.6118118762969971,1609701097.827158,1609701097.8334281,0.006270170211791992
237860beac37435d85db0f8760738437,k-means,warm,exec,queue,0.0474398136138916,2.384185791015625e-07,0.0,1609701097.7542965,1609701098.1141126,0.3598160743713379,1609701097.832024,1609701097.8371313,0.00510716438293457
a7e93ee146c341f3a485db8f3ff3a387,k-means,warm,exec,queue,0.05211615562438965,4.76837158203125e-07,4.76837158203125e-07,1609701097.7562084,1609701098.2276988,0.47149038314819336,1609701097.8365378,1609701097.842347,0.00580906867980957
4382827d34e34e6b8011a3a811477ab4,k-means,warm,exec,queue,0.05702042579650879,2.384185791015625e-07,2.384185791015625e-07,1609701097.758118,1609701098.367761,0.6096429824829102,1609701097.8428466,1609701097.848329,0.00548243522644043
50b41513031147689079fda9fdbc6313,k-means,warm,exec,queue,0.009874582290649414,2.384185791015625e-07,2.384185791015625e-07,1609701097.7603714,1609701098.116905,0.3565335273742676,1609701097.7871373,1609701097.7964988,0.009361505508422852
c4a5404a05f84d2eb5d37e8adb55c360,k-means,warm,exec,queue,0.015018463134765625,4.76837158203125e-07,0.0,1609701097.761871,1609701098.3671632,0.6052920818328857,1609701097.7930923,1609701097.8021216,0.009029388427734375
d1ac077c88734f4f9e244d49f6bfd1d1,k-means,warm,exec,queue,0.020357131958007812,2.384185791015625e-07,2.384185791015625e-07,1609701097.7632966,1609701098.115288,0.3519914150238037,1609701097.7988114,1609701097.806626,0.007814645767211914
c3aa4fa96de74f9187d7a5ca0ef7adab,k-means,warm,exec,queue,0.06227684020996094,2.384185791015625e-07,2.384185791015625e-07,1609701097.7647336,1609701098.112049,0.34731554985046387,1609701097.8486648,1609701097.8549087,0.00624394416809082
b20ba5f2520c4cbb87aff72d445415ab,k-means,warm,exec,queue,0.008168458938598633,4.76837158203125e-07,2.384185791015625e-07,1609701098.7485433,1609701098.8903222,0.14177894592285156,1609701098.8032496,1609701098.8112552,0.008005619049072266
41975b7c67c64b0b908a271807f4deb1,k-means,warm,exec,queue,0.012529373168945312,2.384185791015625e-07,2.384185791015625e-07,1609701098.7528148,1609701098.8921263,0.1393115520477295,1609701098.8035092,1609701098.8131483,0.00963902473449707
df389ba7e5e1449a99d3b224d1e28738,k-means,warm,exec,queue,0.01683783531188965,4.76837158203125e-07,2.384185791015625e-07,1609701098.7553437,1609701098.9157279,0.1603841781616211,1609701098.8088992,1609701098.8184972,0.009598016738891602
511dda0a0a3047f4a9a3c9b4ea8aff6d,k-means,warm,exec,queue,0.021146059036254883,2.384185791015625e-07,2.384185791015625e-07,1609701098.7578576,1609701099.0362713,0.2784137725830078,1609701098.8131866,1609701098.821124,0.007937431335449219
3d223e339db44e849f36e648e7f288f4,k-means,warm,exec,queue,0.026206016540527344,2.384185791015625e-07,2.384185791015625e-07,1609701098.7604964,1609701099.3008482,0.5403518676757812,1609701098.8230603,1609701098.8296077,0.006547451019287109
b132b9d490d840169cc937d64f58546e,k-means,warm,exec,queue,0.03163337707519531,2.384185791015625e-07,0.0,1609701098.7619321,1609701098.9920273,0.23009514808654785,1609701098.830285,1609701098.8370411,0.0067560672760009766
78651d8ad413498ea2d1e4d850536e05,k-means,warm,exec,queue,0.037909507751464844,2.384185791015625e-07,0.0,1609701098.763361,1609701099.3024337,0.5390727519989014,1609701098.831267,1609701098.8374922,0.006225109100341797
1dfc32ec66904cffb5bebf6166ca8118,k-means,warm,exec,queue,0.04267430305480957,2.384185791015625e-07,2.384185791015625e-07,1609701098.7648084,1609701099.0328977,0.26808929443359375,1609701098.8390994,1609701098.8460934,0.006994009017944336
0d11ace3ac8b4697a5a4510c6893b37e,k-means,warm,exec,queue,0.04852437973022461,2.384185791015625e-07,0.0,1609701098.7662334,1609701099.1828756,0.4166421890258789,1609701098.8459122,1609701098.852931,0.0070188045501708984
fd2fd0de280d46b08547a7eb041e8f78,k-means,warm,exec,queue,0.05329704284667969,2.384185791015625e-07,4.76837158203125e-07,1609701098.76777,1609701099.3038168,0.5360467433929443,1609701098.8529375,1609701098.8595934,0.00665593147277832
2f575942248b4899909094ac3154dfb1,k-means,warm,exec,queue,0.05780386924743652,2.384185791015625e-07,2.384185791015625e-07,1609701098.7692027,1609701099.2329698,0.46376705169677734,1609701098.8540046,1609701098.859245,0.005240440368652344
7f6c92b242d04e0eb133c8eea580850d,k-means,warm,exec,queue,0.062177419662475586,2.384185791015625e-07,2.384185791015625e-07,1609701098.7706232,1609701099.2345502,0.4639270305633545,1609701098.8609936,1609701098.867468,0.006474494934082031
16da0b9f94424c529e4678fb9cca4549,k-means,warm,exec,queue,0.0653531551361084,2.384185791015625e-07,2.384185791015625e-07,1609701098.7720547,1609701098.993936,0.22188138961791992,1609701098.8684075,1609701098.8753986,0.006991147994995117
545283ffe0234d8bb02ca93447ac122f,k-means,warm,exec,queue,0.0702369213104248,2.384185791015625e-07,2.384185791015625e-07,1609701098.7735877,1609701099.3513556,0.5777678489685059,1609701098.875153,1609701098.8831825,0.008029460906982422
6a62c58b1f5343159dc0e051584a1017,k-means,warm,exec,queue,0.07489418983459473,2.384185791015625e-07,2.384185791015625e-07,1609701098.7750118,1609701099.0356383,0.26062655448913574,1609701098.8765566,1609701098.8831048,0.006548166275024414
e7aae261662d4377ad5db5bc6fa95983,video,warm,exec,queue,0.018741369247436523,4.76837158203125e-07,2.384185791015625e-07,1609701098.7764468,1609701099.084262,0.3078150749206543,1609701098.8257065,1609701098.8418767,0.016170263290405273
d07bd86e6cae49c2829f2f5dbd0d747e,k-means,warm,exec,queue,0.002809286117553711,4.76837158203125e-07,4.76837158203125e-07,1609701099.738049,1609701099.8447812,0.10673213005065918,1609701099.7733529,1609701099.7826252,0.009272336959838867
b28c47811d09437c861d170f7d94d82c,matmul,warm,exec,queue,0.022008657455444336,4.76837158203125e-07,2.384185791015625e-07,1609701099.742161,1609701099.9615831,0.2194221019744873,1609701099.7999506,1609701099.8099432,0.009992599487304688
85e289c45ab14181bb0e7bacd205fd45,k-means,warm,exec,queue,0.030997037887573242,4.76837158203125e-07,2.384185791015625e-07,1609701099.7447393,1609701099.9194098,0.17467045783996582,1609701099.8008568,1609701099.80797,0.007113218307495117
0346e21a7735444eb21b84c65d22443a,k-means,warm,exec,queue,0.026381731033325195,2.384185791015625e-07,2.384185791015625e-07,1609701099.747255,1609701099.8693178,0.12206268310546875,1609701099.7991717,1609701099.805158,0.005986213684082031
6dd818eb85ad4903ad98490a6b23d612,k-means,warm,exec,queue,0.019832134246826172,2.384185791015625e-07,2.384185791015625e-07,1609701099.749263,1609701100.011757,0.2624938488006592,1609701099.7977817,1609701099.8046784,0.0068967342376708984
6e39a4481a6d4ae7a84493fe7074d584,k-means,warm,exec,queue,0.007324695587158203,2.384185791015625e-07,2.384185791015625e-07,1609701099.7509599,1609701099.8465526,0.09559273719787598,1609701099.7737124,1609701099.7824745,0.008762121200561523
f05e7a43dc6b4ad59e084be91bb732ad,k-means,warm,exec,queue,0.012234210968017578,2.384185791015625e-07,0.0,1609701099.7524562,1609701099.9212208,0.16876459121704102,1609701099.777237,1609701099.7850187,0.0077817440032958984
cd2c76ae32e140ef93292d4b88f839d3,k-means,warm,exec,queue,0.016767024993896484,2.384185791015625e-07,0.0,1609701099.7539399,1609701099.9634604,0.20952057838439941,1609701099.7822006,1609701099.7898254,0.00762486457824707
6723e6383eb049c89a084ab8753276f9,k-means,warm,exec,queue,7.534027099609375e-05,4.76837158203125e-07,2.384185791015625e-07,1609701100.7464333,1609701100.8752239,0.12879061698913574,1609701100.7955325,1609701100.8039296,0.008397102355957031
3e7d5ae51d054a4095ca2b69f7b41f1c,k-means,warm,exec,queue,0.008261680603027344,2.384185791015625e-07,0.0,1609701100.7508352,1609701100.8746512,0.12381601333618164,1609701100.7957497,1609701100.8040557,0.008306026458740234
5e31bc13f52f428eb077411adaf1d5bb,k-means,warm,exec,queue,0.013583183288574219,2.384185791015625e-07,0.0,1609701100.752943,1609701100.9658437,0.21290063858032227,1609701100.8014858,1609701100.8093808,0.00789499282836914
b32aa95d51d44c2b8224748557b0b58f,k-means,warm,exec,queue,0.018072843551635742,4.76837158203125e-07,2.384185791015625e-07,1609701100.7544432,1609701100.871878,0.11743474006652832,1609701100.8066292,1609701100.814462,0.007832765579223633
c3dcf9f7186e425e8aab9d2d160fd19b,k-means,warm,exec,queue,0.02327561378479004,2.384185791015625e-07,0.0,1609701100.7561324,1609701100.9691136,0.2129812240600586,1609701100.8181043,1609701100.8258293,0.0077250003814697266
554a98e60f754fa28be07d176e282054,k-means,warm,exec,queue,0.02811598777770996,2.384185791015625e-07,0.0,1609701100.7576509,1609701100.9222794,0.1646285057067871,1609701100.8190005,1609701100.8261569,0.0071563720703125
743e106154af4e84a79c032bc74476a2,k-means,warm,exec,queue,0.03484392166137695,2.384185791015625e-07,2.384185791015625e-07,1609701100.7591524,1609701101.0654554,0.3063030242919922,1609701100.8236222,1609701100.830574,0.006951808929443359
1dadc498ce924e1e9b4924e4780dd088,k-means,warm,exec,queue,0.03964734077453613,2.384185791015625e-07,2.384185791015625e-07,1609701100.7606623,1609701101.093176,0.33251357078552246,1609701100.8301253,1609701100.8378122,0.0076868534088134766
c88913a4603848bc9498b81d976d222d,k-means,warm,exec,queue,0.04597830772399902,2.384185791015625e-07,2.384185791015625e-07,1609701100.7621646,1609701101.1983645,0.4361999034881592,1609701100.8369687,1609701100.8436246,0.00665593147277832
6bf5f2d9c8cf4424a9430e3ea8a4687e,k-means,warm,exec,queue,0.05209207534790039,4.76837158203125e-07,0.0,1609701100.7637808,1609701100.9696488,0.20586800575256348,1609701100.844336,1609701100.8514495,0.007113456726074219
6389599766494913bf62558f30d720cb,k-means,warm,exec,queue,0.05685877799987793,2.384185791015625e-07,2.384185791015625e-07,1609701100.765315,1609701100.9664028,0.20108771324157715,1609701100.850453,1609701100.8569663,0.006513357162475586
6842d6c162ac43d984fe869e8144fc23,k-means,warm,exec,queue,0.06156349182128906,2.384185791015625e-07,2.384185791015625e-07,1609701100.7668142,1609701100.9896092,0.2227950096130371,1609701100.8522787,1609701100.8586411,0.006362438201904297
01b259db6e604e8badc917a628613902,k-means,warm,exec,queue,0.06669330596923828,2.384185791015625e-07,0.0,1609701100.7683458,1609701101.1408396,0.3724937438964844,1609701100.8580198,1609701100.8642745,0.006254673004150391
65890c4b42794565ad76b163e7b89ff2,k-means,warm,exec,queue,0.07135272026062012,4.76837158203125e-07,2.384185791015625e-07,1609701100.7699387,1609701101.0675664,0.29762768745422363,1609701100.8651092,1609701100.871863,0.006753683090209961
85e474e726fd44e99ba5057b9c9e42fe,video,warm,exec,queue,0.021627426147460938,4.76837158203125e-07,0.0,1609701100.7714314,1609701100.990979,0.21954751014709473,1609701100.8194783,1609701100.8358595,0.016381263732910156
cd237ecb6e9f485e8645a903fae38b01,k-means,warm,exec,queue,0.010352611541748047,4.76837158203125e-07,2.384185791015625e-07,1609701101.7470875,1609701101.8951445,0.1480569839477539,1609701101.8192978,1609701101.8266435,0.007345676422119141
6b723ecc11db453e9a27c9bc2d5e870e,k-means,warm,exec,queue,0.0282437801361084,7.152557373046875e-07,2.384185791015625e-07,1609701101.7512805,1609701101.9455945,0.19431400299072266,1609701101.8448431,1609701101.8527157,0.007872581481933594
a8c3a099c0104e8ab60a9a210617be97,k-means,warm,exec,queue,0.03368544578552246,2.384185791015625e-07,2.384185791015625e-07,1609701101.7538803,1609701101.9910681,0.23718786239624023,1609701101.8463867,1609701101.8524587,0.006072044372558594
54ecfc6ad0f547689e82d961fc9589cb,k-means,warm,exec,queue,0.038263797760009766,2.384185791015625e-07,2.384185791015625e-07,1609701101.7564356,1609701102.1851513,0.42871570587158203,1609701101.850197,1609701101.8564777,0.006280660629272461
4c0bba83b57f4b58868c70ed3cb6073d,k-means,warm,exec,queue,0.04350781440734863,4.76837158203125e-07,2.384185791015625e-07,1609701101.759271,1609701102.0850513,0.32578039169311523,1609701101.863699,1609701101.8711503,0.007451295852661133
2fcf630e07b54b619bb069e7c13a06e3,k-means,warm,exec,queue,0.04896140098571777,2.384185791015625e-07,2.384185791015625e-07,1609701101.7613184,1609701101.9425051,0.18118667602539062,1609701101.863788,1609701101.8705108,0.006722927093505859
8378b7bae4e748259ccbd0a7d5ce7dca,k-means,warm,exec,queue,0.0536954402923584,2.384185791015625e-07,0.0,1609701101.7628217,1609701102.1339223,0.37110066413879395,1609701101.8676662,1609701101.8728826,0.005216360092163086
28751982bfab4aeab6379de9ebfe4b02,k-means,warm,exec,queue,0.05890703201293945,7.152557373046875e-07,4.76837158203125e-07,1609701101.7643404,1609701102.1376874,0.37334704399108887,1609701101.8804913,1609701101.8878672,0.007375955581665039
4bf1bc3516954c00bceb066a8a86776b,k-means,warm,exec,queue,0.0651998519897461,2.384185791015625e-07,2.384185791015625e-07,1609701101.7658522,1609701102.1875231,0.42167091369628906,1609701101.8808548,1609701101.8870406,0.006185770034790039
35ec460fb08d4f61a82ec645cf5e057f,k-means,warm,exec,queue,0.023157835006713867,4.76837158203125e-07,2.384185791015625e-07,1609701101.7908685,1609701102.020803,0.2299344539642334,1609701101.8330667,1609701101.8391712,0.006104469299316406
5fa5c0cbf10f434984d27d8cc8839102,k-means,warm,exec,queue,0.014150619506835938,4.76837158203125e-07,2.384185791015625e-07,1609701101.7923827,1609701101.9408872,0.14850449562072754,1609701101.8251715,1609701101.8332071,0.008035659790039062
5a13a913ed8c46229aa5328ca63923f1,k-means,warm,exec,queue,0.018845558166503906,7.152557373046875e-07,2.384185791015625e-07,1609701101.7938976,1609701101.945023,0.15112543106079102,1609701101.8295362,1609701101.837722,0.008185863494873047
db969953cdda4b4abc5a696ff74e2428,k-means,warm,exec,queue,0.06955647468566895,2.384185791015625e-07,2.384185791015625e-07,1609701101.7954614,1609701102.0186188,0.22315740585327148,1609701101.8859808,1609701101.8922682,0.006287336349487305
6ed2fa56162943ef83d3413e3c3d10bc,k-means,warm,exec,queue,0.07393050193786621,9.5367431640625e-07,2.384185791015625e-07,1609701101.7969522,1609701102.138308,0.3413558006286621,1609701101.898637,1609701101.9056253,0.0069882869720458984
a16bccd8f1ad4216a2ffb12b751f8559,k-means,warm,exec,queue,0.0074214935302734375,4.76837158203125e-07,4.76837158203125e-07,1609701102.7466617,1609701102.8773763,0.13071465492248535,1609701102.7952645,1609701102.8028688,0.007604360580444336
3bb4cfac52314f51b232267fa2d68c27,k-means,warm,exec,queue,0.06091952323913574,2.384185791015625e-07,2.384185791015625e-07,1609701102.7507236,1609701102.9976532,0.24692964553833008,1609701102.8531432,1609701102.8604379,0.007294654846191406
6ad280bc889c4f6faa68211531a786b3,k-means,warm,exec,queue,0.06759333610534668,4.76837158203125e-07,2.384185791015625e-07,1609701102.7533267,1609701102.9970412,0.2437145709991455,1609701102.8656094,1609701102.8731945,0.007585048675537109
f1dc15c16c3f4d7690c2b21fb1c6b00c,k-means,warm,exec,queue,0.018933773040771484,4.76837158203125e-07,2.384185791015625e-07,1609701102.755872,1609701102.9121532,0.1562812328338623,1609701102.8061757,1609701102.8144834,0.008307695388793945
8e51753489e54fa39e376735df41a471,k-means,warm,exec,queue,0.031507253646850586,0.0,0.0,1609701102.7587175,1609701103.0722685,0.3135509490966797,1609701102.8178513,1609701102.8249838,0.007132530212402344
9397202c10ff4abba204ac92747281be,k-means,warm,exec,queue,0.03702974319458008,2.384185791015625e-07,2.384185791015625e-07,1609701102.7610178,1609701103.0013485,0.24033069610595703,1609701102.8244052,1609701102.8316476,0.007242441177368164
2b45165c9de14f08b28fe7104558aee4,k-means,warm,exec,queue,0.04172182083129883,2.384185791015625e-07,4.76837158203125e-07,1609701102.7625515,1609701102.9104903,0.14793872833251953,1609701102.8296418,1609701102.8378084,0.00816655158996582
10806c66ab444d5eabd0f15e45ba9923,k-means,warm,exec,queue,0.04707837104797363,4.76837158203125e-07,2.384185791015625e-07,1609701102.7640827,1609701103.1463568,0.38227415084838867,1609701102.8455436,1609701102.8519576,0.006413936614990234
ee51a49d71624904be1aa3b3169d6476,k-means,warm,exec,queue,0.05252528190612793,4.76837158203125e-07,2.384185791015625e-07,1609701102.7656422,1609701102.9520636,0.18642139434814453,1609701102.8473,1609701102.8548121,0.007512092590332031
c279f45bacfd45a599db7a898a89bf99,k-means,warm,exec,queue,0.057102203369140625,2.384185791015625e-07,0.0,1609701102.7673166,1609701102.9555163,0.18819975852966309,1609701102.848153,1609701102.8549902,0.006837129592895508
d358340d708c4680a9604105ff12de97,k-means,warm,exec,queue,0.02650904655456543,2.384185791015625e-07,2.384185791015625e-07,1609701102.7688644,1609701102.9538448,0.1849803924560547,1609701102.817857,1609701102.8260643,0.008207321166992188
fd8a1ff6efe341d185720e01b677c430,k-means,warm,exec,queue,0.011914968490600586,2.384185791015625e-07,0.0,1609701102.770407,1609701102.8790536,0.10864663124084473,1609701102.7966487,1609701102.8047378,0.008089065551757812
4505d90ec111425eb29cae13c86e3639,video,warm,exec,queue,0.02184152603149414,0.0,2.384185791015625e-07,1609701102.771948,1609701103.0007439,0.22879576683044434,1609701102.8182676,1609701102.8346035,0.01633596420288086
ac9c3ffdbc9d42e2911aeba724c090a9,k-means,warm,exec,queue,0.0016922950744628906,4.76837158203125e-07,0.0,1609701103.7525856,1609701103.9530842,0.2004985809326172,1609701103.8055804,1609701103.8139515,0.008371114730834961
a258df8d224e4b0fb49d3c88855317ee,k-means,warm,exec,queue,0.07080721855163574,4.76837158203125e-07,2.384185791015625e-07,1609701103.7568815,1609701104.0411274,0.28424596786499023,1609701103.8789907,1609701103.8853147,0.006324052810668945
c3d51ed1a6b54e08a92fee07b68d64b4,k-means,warm,exec,queue,0.043212175369262695,4.76837158203125e-07,2.384185791015625e-07,1609701103.7594535,1609701103.9492989,0.18984532356262207,1609701103.8456986,1609701103.8528137,0.00711512565612793
d357aaf4e903455abd5bce4160a71296,k-means,warm,exec,queue,0.038069725036621094,2.384185791015625e-07,2.384185791015625e-07,1609701103.7620335,1609701104.005835,0.24380159378051758,1609701103.8369079,1609701103.843021,0.0061130523681640625
38afcb85b6934ab0a9ca86d8bf0b6587,k-means,warm,exec,queue,0.033154964447021484,7.152557373046875e-07,7.152557373046875e-07,1609701103.7648218,1609701103.9527097,0.18788790702819824,1609701103.8340292,1609701103.8406758,0.006646633148193359
ba25a3faab554df1ac7efa1ebb58c5ce,k-means,warm,exec,queue,0.027274131774902344,2.384185791015625e-07,4.76837158203125e-07,1609701103.7663562,1609701103.9128158,0.14645957946777344,1609701103.8284073,1609701103.834857,0.006449699401855469
c190c64cd23245b1b6bc45d9846f5f2a,k-means,warm,exec,queue,0.022298097610473633,4.76837158203125e-07,2.384185791015625e-07,1609701103.7679014,1609701103.9498913,0.1819899082183838,1609701103.820701,1609701103.8280947,0.007393836975097656
305db93dac80429cb445cf0d0b56d244,k-means,warm,exec,queue,0.017572641372680664,7.152557373046875e-07,2.384185791015625e-07,1609701103.7695131,1609701103.8828044,0.11329126358032227,1609701103.8160043,1609701103.8244753,0.008471012115478516
9239625ca0754181ab96104fafdd0034,k-means,warm,exec,queue,0.012712717056274414,4.76837158203125e-07,2.384185791015625e-07,1609701103.771129,1609701103.883314,0.11218500137329102,1609701103.8112319,1609701103.8195264,0.00829458236694336
aa55f5d57f594dddb3050519e48974ab,k-means,warm,exec,queue,0.010115861892700195,2.384185791015625e-07,2.384185791015625e-07,1609701103.7729206,1609701103.8803453,0.10742473602294922,1609701103.8052554,1609701103.812717,0.0074615478515625
727eef92c7f648148e5d3c429e641d89,k-means,warm,exec,queue,0.04783439636230469,4.76837158203125e-07,2.384185791015625e-07,1609701103.7745247,1609701104.0740645,0.29953980445861816,1609701103.8492806,1609701103.8557239,0.0064432621002197266
e2d4277229db42a681d15c32186e9106,k-means,warm,exec,queue,0.05258464813232422,2.384185791015625e-07,4.76837158203125e-07,1609701103.7761319,1609701104.0077147,0.2315828800201416,1609701103.8532884,1609701103.8599792,0.0066907405853271484
362b2b875a97476b84990a5055e170e0,k-means,warm,exec,queue,0.058364152908325195,4.76837158203125e-07,2.384185791015625e-07,1609701103.7777305,1609701104.0723329,0.2946023941040039,1609701103.8622441,1609701103.8687608,0.006516695022583008
a66c484710af4c2083ca4ca5620a9643,k-means,warm,exec,queue,0.0630652904510498,4.76837158203125e-07,2.384185791015625e-07,1609701103.7793646,1609701104.077324,0.2979593276977539,1609701103.8663995,1609701103.873189,0.006789445877075195
232f2ebdf95c4fa7bff1810245516803,k-means,warm,exec,queue,0.06776785850524902,2.384185791015625e-07,2.384185791015625e-07,1609701103.7809064,1609701104.0768015,0.2958950996398926,1609701103.8700304,1609701103.8767583,0.006727933883666992
0a5102fa12844af3a6091b44636cfcba,k-means,warm,exec,queue,0.00510406494140625,4.76837158203125e-07,4.76837158203125e-07,1609701104.7552886,1609701104.9658635,0.21057486534118652,1609701104.8118718,1609701104.8201578,0.008285999298095703
bc0efe40299647f893a48181dd8d27eb,k-means,warm,exec,queue,0.06768441200256348,2.384185791015625e-07,2.384185791015625e-07,1609701104.7598133,1609701105.036382,0.2765686511993408,1609701104.8735082,1609701104.8795002,0.005991935729980469
1c5532f874bb4753a28c00242a47ee9d,k-means,warm,exec,queue,0.06166577339172363,2.384185791015625e-07,2.384185791015625e-07,1609701104.7623894,1609701105.0357816,0.2733922004699707,1609701104.8682888,1609701104.8753178,0.007029056549072266
6c54b8359110434e84c0b37da229b158,k-means,warm,exec,queue,0.008802175521850586,2.384185791015625e-07,0.0,1609701104.7649298,1609701104.9235637,0.15863394737243652,1609701104.8119347,1609701104.8202662,0.008331537246704102
34d641717ab24e48bd497903ac0cb496,k-means,warm,exec,queue,0.013731956481933594,4.76837158203125e-07,0.0,1609701104.7677526,1609701104.8894706,0.12171792984008789,1609701104.8169518,1609701104.8252835,0.008331775665283203
b04e247494934ff6b35a6966c0eddf86,k-means,warm,exec,queue,0.02038741111755371,2.384185791015625e-07,0.0,1609701104.7695558,1609701104.9263198,0.15676403045654297,1609701104.8221922,1609701104.8293533,0.007161140441894531
997a0b1e66804cc0a2ea10fac2147ba0,k-means,warm,exec,queue,0.025214672088623047,2.384185791015625e-07,0.0,1609701104.7710345,1609701105.1712255,0.400191068649292,1609701104.836424,1609701104.8443797,0.007955551147460938
2e3bab07c6954e97ae7d306323feb892,k-means,warm,exec,queue,0.030683517456054688,2.384185791015625e-07,0.0,1609701104.7725165,1609701104.9269235,0.15440702438354492,1609701104.8402605,1609701104.847719,0.00745844841003418
a6d7bc54c18b4d59a914b3f18a9139e5,k-means,warm,exec,queue,0.03866910934448242,2.384185791015625e-07,0.0,1609701104.7739863,1609701105.03298,0.25899362564086914,1609701104.844727,1609701104.8527355,0.008008480072021484
ab0dd35b4e6c4e0abd8d1f169f8be247,k-means,warm,exec,queue,0.043592214584350586,2.384185791015625e-07,0.0,1609701104.7755685,1609701105.1693625,0.39379405975341797,1609701104.8462605,1609701104.8530748,0.006814241409301758
82306aa303c3400caa21ea4a0b343150,k-means,warm,exec,queue,0.04866600036621094,7.152557373046875e-07,2.384185791015625e-07,1609701104.7770402,1609701105.2033572,0.4263169765472412,1609701104.8573806,1609701104.8646154,0.007234811782836914
cf9897295be24153832be346dbadd387,k-means,warm,exec,queue,0.05351591110229492,2.384185791015625e-07,2.384185791015625e-07,1609701104.7785256,1609701105.0667605,0.2882349491119385,1609701104.8659964,1609701104.873159,0.007162570953369141
4038e5f6d9bb442ba915ea4b5c0330a4,k-means,warm,exec,queue,0.07283544540405273,2.384185791015625e-07,0.0,1609701104.7799852,1609701105.207813,0.4278278350830078,1609701104.8822234,1609701104.8884223,0.006198883056640625
23294789a8a14037b5303881b3fa6504,video,warm,exec,queue,0.02228713035583496,2.384185791015625e-07,0.0,1609701104.7817895,1609701105.2084146,0.42662501335144043,1609701104.8408308,1609701104.8571737,0.016342878341674805
8de2064fa50f4f749596aa93f3b7c2ee,matmul,warm,exec,queue,0.023003816604614258,2.384185791015625e-07,0.0,1609701104.7832503,1609701105.2051132,0.4218628406524658,1609701104.8408785,1609701104.8518217,0.010943174362182617
1bfb398171de4fbd915379b72a3a1916,map_reduce,warm,exec,queue,0.027586936950683594,2.384185791015625e-07,4.76837158203125e-07,1609701104.7847254,1609701105.1174908,0.3327653408050537,1609701104.8435962,1609701104.9288838,0.08528757095336914
3d5c41194a7c485f8112a8f9cd371708,disk,warm,exec,queue,0.030600547790527344,2.384185791015625e-07,2.384185791015625e-07,1609701104.7862809,1609701105.2101028,0.42382192611694336,1609701104.844131,1609701104.8510914,0.006960391998291016
2877c005823b44668570ab0b15ca56bb,k-means,warm,exec,queue,0.004333972930908203,2.384185791015625e-07,2.384185791015625e-07,1609701105.7422006,1609701105.8595262,0.1173255443572998,1609701105.7724564,1609701105.7809646,0.00850820541381836
0e0024db906a4a5dad318685bd0218b0,k-means,warm,exec,queue,0.030344724655151367,7.152557373046875e-07,4.76837158203125e-07,1609701105.7463543,1609701105.8753378,0.1289834976196289,1609701105.8018486,1609701105.8084881,0.0066394805908203125
6b0f18cef7ce4076a0c67df8c191e8a8,video,warm,exec,queue,0.021288156509399414,4.76837158203125e-07,4.76837158203125e-07,1609701105.748947,1609701105.9090786,0.16013169288635254,1609701105.8013048,1609701105.8176093,0.016304492950439453
2d62fe3589d443a686b33151fec8052e,k-means,warm,exec,queue,0.009058475494384766,2.384185791015625e-07,2.384185791015625e-07,1609701105.7515059,1609701105.8616168,0.11011099815368652,1609701105.7774644,1609701105.7858298,0.008365392684936523
94a7bf5e83c8420abefbb94aa309a929,k-means,warm,exec,queue,0.013480186462402344,4.76837158203125e-07,0.0,1609701105.7540865,1609701105.936223,0.18213653564453125,1609701105.7824478,1609701105.7906046,0.008156776428222656
ba1fb553acc64f56936c414cf57e9eb7,k-means,warm,exec,queue,0.018029451370239258,7.152557373046875e-07,4.76837158203125e-07,1609701105.7567272,1609701105.9696066,0.21287941932678223,1609701105.7969892,1609701105.8050056,0.008016347885131836
f606e33877f04438bdc15eac85e9baa2,k-means,warm,exec,queue,0.024828195571899414,4.76837158203125e-07,2.384185791015625e-07,1609701105.7582612,1609701106.0194004,0.2611391544342041,1609701105.8007245,1609701105.8074527,0.006728172302246094
0d067ef97e9d4e808f5e8ba7246f71d1,k-means,warm,exec,queue,7.605552673339844e-05,4.76837158203125e-07,2.384185791015625e-07,1609701106.7556686,1609701106.8735785,0.11790990829467773,1609701106.805536,1609701106.8139606,0.008424520492553711
98e909c928484e688e598bfdd84be87e,k-means,warm,exec,queue,0.007107257843017578,2.384185791015625e-07,2.384185791015625e-07,1609701106.760218,1609701106.8750942,0.11487627029418945,1609701106.806499,1609701106.8148797,0.008380651473999023
a6a36c44b65c40bda57d45ce02d81ae7,k-means,warm,exec,queue,0.011821508407592773,2.384185791015625e-07,4.76837158203125e-07,1609701106.761788,1609701106.91481,0.15302205085754395,1609701106.8115673,1609701106.819756,0.008188724517822266
bd598b73e05c41038db8600210fe3752,k-means,warm,exec,queue,0.016295671463012695,2.384185791015625e-07,2.384185791015625e-07,1609701106.7633421,1609701107.5254767,0.7621345520019531,1609701106.8168702,1609701106.824895,0.00802469253540039
7c9c5c4ae5684689a2edf42a89d1e55c,k-means,warm,exec,queue,0.022373437881469727,2.384185791015625e-07,2.384185791015625e-07,1609701106.7651439,1609701107.524369,0.7592251300811768,1609701106.822321,1609701106.8288746,0.00655364990234375
42d4c6d545ae4d66bdd160045540b04c,k-means,warm,exec,queue,0.02799844741821289,2.384185791015625e-07,2.384185791015625e-07,1609701106.7667298,1609701107.7409916,0.9742617607116699,1609701106.8284411,1609701106.8346326,0.0061914920806884766
4e4a4d49e04241fc8048a50bb96c78e4,k-means,warm,exec,queue,0.03307747840881348,2.384185791015625e-07,2.384185791015625e-07,1609701106.768344,1609701107.5677185,0.7993745803833008,1609701106.835026,1609701106.8414145,0.006388425827026367
d3700781979841a28c36b863547ebd58,k-means,warm,exec,queue,0.03871417045593262,2.384185791015625e-07,2.384185791015625e-07,1609701106.7699008,1609701107.499342,0.7294411659240723,1609701106.8408008,1609701106.8464606,0.005659818649291992
db3a97113b604bf99be9be9c75a29fbc,k-means,warm,exec,queue,0.04438185691833496,2.384185791015625e-07,2.384185791015625e-07,1609701106.7714353,1609701107.7162557,0.9448204040527344,1609701106.8473275,1609701106.853887,0.006559610366821289
466846158b604f60a8801987ab88c8eb,k-means,warm,exec,queue,0.04986882209777832,2.384185791015625e-07,0.0,1609701106.7731254,1609701107.717775,0.9446496963500977,1609701106.85292,1609701106.8592908,0.0063707828521728516
2608c32a74b4428193c4c48b1c27b8a5,k-means,warm,exec,queue,0.055010318756103516,4.76837158203125e-07,4.76837158203125e-07,1609701106.7746596,1609701107.701697,0.9270374774932861,1609701106.8586926,1609701106.8648317,0.006139039993286133
4e5a901ce4724c71abca14605b504476,k-means,warm,exec,queue,0.06066417694091797,2.384185791015625e-07,2.384185791015625e-07,1609701106.7761743,1609701107.5659332,0.7897589206695557,1609701106.8646572,1609701106.8706532,0.005995988845825195
11afd00474044141811c836273b4456c,k-means,warm,exec,queue,0.06531357765197754,2.384185791015625e-07,2.384185791015625e-07,1609701106.7776897,1609701107.7039227,0.9262330532073975,1609701106.8696725,1609701106.876198,0.006525516510009766
f75fc2e75c9a4710920d7d7ac5093cc8,k-means,warm,exec,queue,0.06996679306030273,2.384185791015625e-07,0.0,1609701106.7793078,1609701107.5232358,0.7439279556274414,1609701106.8763325,1609701106.8832564,0.0069239139556884766
b88958300df74fd1aaeceda2ab97378f,k-means,warm,exec,queue,0.07494807243347168,2.384185791015625e-07,0.0,1609701106.7808352,1609701107.617971,0.8371357917785645,1609701106.879233,1609701106.885337,0.006104230880737305
25f9d05d19b04225992f3556091b0dc9,k-means,warm,exec,queue,0.005964517593383789,4.76837158203125e-07,2.384185791015625e-07,1609701107.751256,1609701107.8771129,0.12585687637329102,1609701107.7876506,1609701107.795297,0.007646322250366211
4fff0cd47a90457a83bdbb1fb0846069,k-means,warm,exec,queue,0.029335498809814453,2.384185791015625e-07,2.384185791015625e-07,1609701107.7552485,1609701107.946692,0.19144344329833984,1609701107.8146493,1609701107.8207169,0.006067514419555664
5857b0ff4f734b87911e1ff9aaa80e6f,k-means,warm,exec,queue,0.034053802490234375,4.76837158203125e-07,4.76837158203125e-07,1609701107.756816,1609701107.9490094,0.19219350814819336,1609701107.8200212,1609701107.82652,0.006498813629150391
d5d10d0a69814ca2a1a7bdff77577254,k-means,warm,exec,queue,0.03900003433227539,2.384185791015625e-07,0.0,1609701107.7583287,1609701107.9170787,0.15875005722045898,1609701107.825068,1609701107.8307183,0.00565028190612793
fdfa5f15945f4d82bab9ea6e1d046abd,k-means,warm,exec,queue,0.04458165168762207,2.384185791015625e-07,2.384185791015625e-07,1609701107.7600765,1609701107.9187963,0.15871977806091309,1609701107.8310137,1609701107.8369803,0.005966663360595703
63b3e5051fb449829dc8ae8c432a1a8f,k-means,warm,exec,queue,0.04931831359863281,2.384185791015625e-07,0.0,1609701107.7616353,1609701107.9439063,0.18227100372314453,1609701107.8363755,1609701107.8432252,0.006849765777587891
da2216a4a5674b59b4b1a84b2c50b8ed,k-means,warm,exec,queue,0.05413103103637695,4.76837158203125e-07,2.384185791015625e-07,1609701107.7631338,1609701107.9774354,0.21430158615112305,1609701107.841519,1609701107.848043,0.006523847579956055
867cb7af09924cf6a5212166c0d3d942,k-means,warm,exec,queue,0.058920860290527344,2.384185791015625e-07,2.384185791015625e-07,1609701107.764665,1609701108.1347985,0.370133638381958,1609701107.8454792,1609701107.852086,0.0066068172454833984
4e4bbf96404b42b8bc3cbead669a9130,k-means,warm,exec,queue,0.014700889587402344,2.384185791015625e-07,2.384185791015625e-07,1609701107.7661695,1609701107.9472947,0.18112516403198242,1609701107.7989938,1609701107.806793,0.0077991485595703125
105b43e624e94a81a4a2dc9eecfbb566,k-means,warm,exec,queue,0.019951581954956055,4.76837158203125e-07,2.384185791015625e-07,1609701107.7677963,1609701107.9421532,0.17435693740844727,1609701107.803753,1609701107.8102162,0.006463289260864258
f06488b8968e494288e0150b76883375,k-means,warm,exec,queue,0.024682998657226562,4.76837158203125e-07,0.0,1609701107.7693272,1609701107.975663,0.20633578300476074,1609701107.8087344,1609701107.813947,0.005212545394897461
95e79a423f4f4a9a9a8c780734d27d95,k-means,warm,exec,queue,0.009726285934448242,2.384185791015625e-07,2.384185791015625e-07,1609701107.7708254,1609701107.8753452,0.10451984405517578,1609701107.7935903,1609701107.8016086,0.008018255233764648
f59fbf83d81a47728f06297de15a2a3e,k-means,warm,exec,queue,0.0044252872467041016,4.76837158203125e-07,2.384185791015625e-07,1609701108.7513194,1609701108.8710608,0.11974143981933594,1609701108.791772,1609701108.799873,0.008101224899291992
a37575b1290642b2928e723c82f8542f,video,warm,exec,queue,0.02050948143005371,2.384185791015625e-07,0.0,1609701108.755175,1609701108.9303057,0.17513060569763184,1609701108.814396,1609701108.8306296,0.01623368263244629
3d324e72d85a4c32afada0f9fde22e4a,k-means,warm,exec,queue,0.048421621322631836,2.384185791015625e-07,0.0,1609701108.7567785,1609701108.9786396,0.2218611240386963,1609701108.8401453,1609701108.8476799,0.007534503936767578
d5ed8a005e5e4649a15f48ef47cad50e,k-means,warm,exec,queue,0.043619632720947266,2.384185791015625e-07,2.384185791015625e-07,1609701108.7583253,1609701109.0479677,0.289642333984375,1609701108.833605,1609701108.840681,0.0070760250091552734
cb6c1c09e61f49558dcecbfc14c3c3af,k-means,warm,exec,queue,0.03804492950439453,2.384185791015625e-07,0.0,1609701108.7598448,1609701108.9044688,0.1446239948272705,1609701108.8265991,1609701108.8334467,0.0068476200103759766
664571a9c6e745e2ae09473144741e7e,k-means,warm,exec,queue,0.03210568428039551,2.384185791015625e-07,0.0,1609701108.7615888,1609701108.9803941,0.21880531311035156,1609701108.8201282,1609701108.8269362,0.006808042526245117
1792069a2d534e86b5b4d754109529ea,k-means,warm,exec,queue,0.00941324234008789,4.76837158203125e-07,2.384185791015625e-07,1609701108.763109,1609701108.8693411,0.1062321662902832,1609701108.7919374,1609701108.8003361,0.008398771286010742
cb57186eac844e5ead1ba91148607662,k-means,warm,exec,queue,0.015317201614379883,2.384185791015625e-07,0.0,1609701108.7646718,1609701109.0124872,0.24781537055969238,1609701108.798479,1609701108.807094,0.00861501693725586
772415336fe74b28bb4fb1f1d46523da,k-means,warm,exec,queue,0.0197141170501709,2.384185791015625e-07,2.384185791015625e-07,1609701108.766179,1609701108.9325497,0.16637063026428223,1609701108.8030722,1609701108.8107774,0.007705211639404297
eb4e75e47d9c44d1951f394898893a8f,k-means,warm,exec,queue,0.024105072021484375,2.384185791015625e-07,0.0,1609701108.7679641,1609701108.9027936,0.13482952117919922,1609701108.8129678,1609701108.819961,0.006993293762207031
8fbf9e7b4e4e4a97b198e2e3268486ec,k-means,warm,exec,queue,0.028717994689941406,2.384185791015625e-07,2.384185791015625e-07,1609701108.7694879,1609701109.0460477,0.27655982971191406,1609701108.8178897,1609701108.8253648,0.007475137710571289
fb8243ee6b5e417fbc8fcb378285c2d8,k-means,warm,exec,queue,0.0026197433471679688,7.152557373046875e-07,2.384185791015625e-07,1609701109.7514625,1609701109.8826773,0.13121485710144043,1609701109.791223,1609701109.7991478,0.007924795150756836
91d8ec554b964ae99830213afe0c7333,matmul,warm,exec,queue,0.022451162338256836,2.384185791015625e-07,2.384185791015625e-07,1609701109.7551742,1609701110.11845,0.36327576637268066,1609701109.813524,1609701109.8239243,0.01040029525756836
37fd787b1b8e44d5808b80cfcceef064,k-means,warm,exec,queue,0.016861677169799805,4.76837158203125e-07,2.384185791015625e-07,1609701109.7567167,1609701109.8800404,0.12332367897033691,1609701109.8019898,1609701109.8103118,0.008322000503540039
a6c64694105f4205ba0b1900053c5009,k-means,warm,exec,queue,0.02346658706665039,4.76837158203125e-07,2.384185791015625e-07,1609701109.7582128,1609701110.0658844,0.30767154693603516,1609701109.8123364,1609701109.818901,0.006564617156982422
d493f9609cd74ca982e25811824b0071,k-means,warm,exec,queue,0.027707576751708984,2.384185791015625e-07,2.384185791015625e-07,1609701109.7598717,1609701109.8832316,0.12335991859436035,1609701109.8150373,1609701109.82142,0.00638270378112793
4495da8d80454e64b19ade9154ca82a8,k-means,warm,exec,queue,0.03289031982421875,2.384185791015625e-07,0.0,1609701109.7613873,1609701110.00604,0.24465274810791016,1609701109.8187864,1609701109.8251305,0.0063440799713134766
e267b0684a804659b86bc2fa545284f1,k-means,warm,exec,queue,0.0382688045501709,2.384185791015625e-07,2.384185791015625e-07,1609701109.7628882,1609701110.1157048,0.3528165817260742,1609701109.8263462,1609701109.8325915,0.00624537467956543
a15dc8b16ec54443a218620ba7aa1f22,k-means,warm,exec,queue,0.04354739189147949,2.384185791015625e-07,0.0,1609701109.7643986,1609701110.1190412,0.3546426296234131,1609701109.831113,1609701109.8374069,0.006293773651123047
91ef9709f880430eab1e64737d6c167c,k-means,warm,exec,queue,0.047980308532714844,2.384185791015625e-07,0.0,1609701109.7658904,1609701110.0639277,0.2980372905731201,1609701109.837828,1609701109.8441339,0.0063059329986572266
66ce0dc7a2474dcfa012a14a4b4e635e,k-means,warm,exec,queue,0.009610652923583984,4.76837158203125e-07,2.384185791015625e-07,1609701109.7674892,1609701109.9565988,0.18910956382751465,1609701109.791529,1609701109.800325,0.008795976638793945
2d885385d05040d396f052058a7776cf,k-means,warm,exec,queue,0.014591217041015625,2.384185791015625e-07,2.384185791015625e-07,1609701109.7689805,1609701110.1139894,0.34500885009765625,1609701109.7960799,1609701109.8047972,0.00871729850769043
86cf0b6eb41442dfb3c51160d4a6a271,k-means,warm,exec,queue,0.0034208297729492188,4.76837158203125e-07,2.384185791015625e-07,1609701110.7547991,1609701110.8735535,0.11875438690185547,1609701110.802142,1609701110.8093657,0.007223844528198242
942a58dd02b04bb286b33080d53304fc,k-means,warm,exec,queue,0.03085041046142578,0.0,0.0,1609701110.7591379,1609701111.0412,0.2820620536804199,1609701110.8298762,1609701110.8364537,0.006577491760253906
7b5d84ff996e4d5498e5f32709511c8e,k-means,warm,exec,queue,0.035668134689331055,4.76837158203125e-07,0.0,1609701110.7617424,1609701111.0025656,0.24082326889038086,1609701110.8386443,1609701110.8458486,0.007204294204711914
f341e1b8b11e422a974eb8587d0a6876,k-means,warm,exec,queue,0.041780710220336914,2.384185791015625e-07,0.0,1609701110.7643292,1609701111.0059009,0.24157166481018066,1609701110.839384,1609701110.8444283,0.005044221878051758
7fa071a6101e43edbffd67996fa46257,k-means,warm,exec,queue,0.046502113342285156,2.384185791015625e-07,0.0,1609701110.7671506,1609701111.1114078,0.344257116317749,1609701110.8461595,1609701110.8535376,0.007378101348876953
4718a139f97b4fbab620b5386109f0e3,k-means,warm,exec,queue,0.052017927169799805,2.384185791015625e-07,0.0,1609701110.769113,1609701111.0428321,0.27371907234191895,1609701110.8513134,1609701110.8572998,0.005986452102661133
88e878e979324bfe91be48cc6f4a1fa5,k-means,warm,exec,queue,0.057641029357910156,2.384185791015625e-07,2.384185791015625e-07,1609701110.7706082,1609701110.9996107,0.2290024757385254,1609701110.8563046,1609701110.8616557,0.005351066589355469
d6e2c93efc9d4293974d0a39c0efec2d,k-means,warm,exec,queue,0.026187896728515625,2.384185791015625e-07,2.384185791015625e-07,1609701110.7721071,1609701110.9203513,0.14824414253234863,1609701110.8251112,1609701110.8310976,0.005986452102661133
559763d0bf194d348f1821ddade2b158,k-means,warm,exec,queue,0.021618127822875977,4.76837158203125e-07,4.76837158203125e-07,1609701110.7736297,1609701110.9197302,0.14610052108764648,1609701110.8225765,1609701110.8290458,0.006469249725341797
80cfcfa4ec334ae7a80432a6cb6b0c4d,k-means,warm,exec,queue,0.010225534439086914,2.384185791015625e-07,0.0,1609701110.7752328,1609701110.917055,0.14182209968566895,1609701110.8033152,1609701110.8110607,0.007745504379272461
f69796772e784f3aba61761ac320aeaa,k-means,warm,exec,queue,0.01287388801574707,4.76837158203125e-07,0.0,1609701110.7767406,1609701111.0031736,0.22643303871154785,1609701110.8084679,1609701110.8172615,0.00879359245300293
a3e8f90df7664b6da7c5cef81589c0a3,k-means,warm,exec,queue,0.017524242401123047,2.384185791015625e-07,2.384185791015625e-07,1609701110.7782388,1609701110.9153628,0.13712406158447266,1609701110.8133414,1609701110.8200655,0.006724119186401367
2f722508332648ffae257cf075667d3f,video,warm,exec,queue,0.016227245330810547,2.384185791015625e-07,2.384185791015625e-07,1609701110.7797372,1609701111.0054917,0.2257544994354248,1609701110.822773,1609701110.8392203,0.01644730567932129
2d5efadecfde429384fa30e432b2e231,k-means,warm,exec,queue,0.0011832714080810547,4.76837158203125e-07,4.76837158203125e-07,1609701111.7556603,1609701112.5283945,0.7727341651916504,1609701111.7998655,1609701111.807538,0.007672548294067383
70efcffd523c4be18c4312a7803ad4a2,k-means,warm,exec,queue,0.0092315673828125,7.152557373046875e-07,2.384185791015625e-07,1609701111.759484,1609701112.6237278,0.864243745803833,1609701111.7998433,1609701111.8073778,0.007534503936767578
33ae13b7512045fdb69ddd201d7902d3,k-means,warm,exec,queue,0.053572893142700195,2.384185791015625e-07,2.384185791015625e-07,1609701111.7618146,1609701112.4385598,0.6767451763153076,1609701111.8552668,1609701111.8613944,0.006127595901489258
144a0600ad3f4aecb2ee747072e63ceb,k-means,warm,exec,queue,0.011296272277832031,4.76837158203125e-07,0.0,1609701111.7640073,1609701112.4366539,0.6726465225219727,1609701111.8032176,1609701111.8118186,0.008600950241088867
8f1703d49554446e963ec5a728b53941,k-means,warm,exec,queue,0.016508817672729492,2.384185791015625e-07,0.0,1609701111.7664838,1609701112.5362465,0.7697627544403076,1609701111.8098526,1609701111.8169916,0.007138967514038086
cd82e06441864521854721a10569240a,k-means,warm,exec,queue,0.021338701248168945,4.76837158203125e-07,2.384185791015625e-07,1609701111.7686138,1609701112.5357056,0.7670917510986328,1609701111.8150015,1609701111.8198528,0.004851341247558594
487ada82c88a443faf9f5eef5a572aee,k-means,warm,exec,queue,0.02621746063232422,2.384185791015625e-07,0.0,1609701111.7700734,1609701112.5332673,0.7631938457489014,1609701111.8198056,1609701111.8257158,0.005910158157348633
11c38812e42241f6aba6e53bab5bf1d6,k-means,warm,exec,queue,0.030626535415649414,2.384185791015625e-07,2.384185791015625e-07,1609701111.7715414,1609701112.530124,0.758582592010498,1609701111.825457,1609701111.8308792,0.005422115325927734
39e343947cc74f61a1e7eed1e860cb2d,k-means,warm,exec,queue,0.03592419624328613,2.384185791015625e-07,2.384185791015625e-07,1609701111.7730284,1609701112.4692094,0.696181058883667,1609701111.8315241,1609701111.8367565,0.005232334136962891
69eb321ce21d439394a19f7aa09600f3,k-means,warm,exec,queue,0.041365861892700195,2.384185791015625e-07,2.384185791015625e-07,1609701111.7745905,1609701112.5316963,0.757105827331543,1609701111.8364189,1609701111.8406978,0.004278898239135742
fb4406475dec4296aa8fc9126f7dc24a,k-means,warm,exec,queue,0.045745849609375,7.152557373046875e-07,2.384185791015625e-07,1609701111.776037,1609701112.6231916,0.8471546173095703,1609701111.843339,1609701111.8499005,0.0065615177154541016
1221063563e34d6e8c020c51e061f79f,k-means,warm,exec,queue,0.04835963249206543,2.384185791015625e-07,2.384185791015625e-07,1609701111.7774963,1609701112.4709911,0.6934947967529297,1609701111.8476496,1609701111.8526955,0.005045890808105469
242fe01c92344bb0857aff18e454c5b1,k-means,warm,exec,queue,0.0024781227111816406,7.152557373046875e-07,2.384185791015625e-07,1609701112.7582104,1609701112.8981287,0.13991832733154297,1609701112.807898,1609701112.8159285,0.008030414581298828
265dc930c70c4c468157db556ca73de9,k-means,warm,exec,queue,0.04352450370788574,2.384185791015625e-07,0.0,1609701112.7625442,1609701112.9523363,0.18979215621948242,1609701112.8458226,1609701112.8535194,0.007696866989135742
024d9be5c33d436fa30598f36780346f,k-means,warm,exec,queue,0.048127174377441406,2.384185791015625e-07,0.0,1609701112.7651653,1609701113.1163888,0.3512234687805176,1609701112.8533502,1609701112.859645,0.006294727325439453
84cc9cdbaa6c448e9d3432abb5874329,k-means,warm,exec,queue,0.052472829818725586,2.384185791015625e-07,0.0,1609701112.767732,1609701113.2174091,0.4496772289276123,1609701112.8560607,1609701112.8638382,0.00777745246887207
81bae34201c347b3a3cc024444498f9a,k-means,warm,exec,queue,0.058408498764038086,2.384185791015625e-07,2.384185791015625e-07,1609701112.7698524,1609701112.949969,0.1801166534423828,1609701112.862223,1609701112.8698494,0.007626533508300781
6fa4a7f1172e4af7840f546253f23203,k-means,warm,exec,queue,0.06371355056762695,2.384185791015625e-07,2.384185791015625e-07,1609701112.7713761,1609701113.0769656,0.3055894374847412,1609701112.8730006,1609701112.8790538,0.00605320930480957
8c56573cb4dc448ba3e1b0c81ad36289,k-means,warm,exec,queue,0.03821587562561035,2.384185791015625e-07,2.384185791015625e-07,1609701112.772916,1609701113.1196265,0.3467104434967041,1609701112.8377552,1609701112.8445787,0.006823539733886719
815bb4121df34ab9aab2e41a9986dde3,k-means,warm,exec,queue,0.030644655227661133,2.384185791015625e-07,0.0,1609701112.7744246,1609701112.9511733,0.17674875259399414,1609701112.8364656,1609701112.8426342,0.0061686038970947266
de937126e661435f85014b2c786a9991,k-means,warm,exec,queue,0.025609731674194336,2.384185791015625e-07,2.384185791015625e-07,1609701112.7759469,1609701113.0750916,0.2991447448730469,1609701112.8295202,1609701112.83704,0.007519721984863281
82f572d94346441594acbb84424fa997,k-means,warm,exec,queue,0.019130945205688477,2.384185791015625e-07,4.76837158203125e-07,1609701112.7779238,1609701113.11808,0.34015607833862305,1609701112.8188407,1609701112.826406,0.00756525993347168
6a3f55288ef7480e9031879240edaa71,k-means,warm,exec,queue,0.01060628890991211,4.76837158203125e-07,2.384185791015625e-07,1609701112.7794342,1609701112.8992085,0.11977434158325195,1609701112.8079634,1609701112.8158126,0.00784921646118164
6668b9cd6112481aafa86a1994965e24,k-means,warm,exec,queue,0.014716625213623047,2.384185791015625e-07,2.384185791015625e-07,1609701112.7809625,1609701113.2186947,0.4377322196960449,1609701112.8176746,1609701112.824935,0.007260322570800781
c7c0ccdeb03a40f7a908e179d1bc9de0,video,warm,exec,queue,0.02295517921447754,2.384185791015625e-07,2.384185791015625e-07,1609701112.7824879,1609701113.3098538,0.5273659229278564,1609701112.8317049,1609701112.8484273,0.016722440719604492
34db57f1c7ce428fab0d91695ea21e4e,k-means,warm,exec,queue,0.0031337738037109375,4.76837158203125e-07,2.384185791015625e-07,1609701113.7576973,1609701114.1309457,0.3732483386993408,1609701113.802001,1609701113.8096702,0.007669210433959961
ca72172ecfa94c74bb3fcd53015a2c7f,k-means,warm,exec,queue,0.025998592376708984,4.76837158203125e-07,2.384185791015625e-07,1609701113.7618933,1609701114.0509875,0.2890942096710205,1609701113.82524,1609701113.8303857,0.0051457881927490234
9c0e346faff048b78cbfdb26ba6c67bb,k-means,warm,exec,queue,0.030832529067993164,2.384185791015625e-07,2.384185791015625e-07,1609701113.7644565,1609701114.0487316,0.2842750549316406,1609701113.8279552,1609701113.8330898,0.00513458251953125
d2abef83d426466b99f48286fcf56eff,k-means,warm,exec,queue,0.03578662872314453,4.76837158203125e-07,2.384185791015625e-07,1609701113.7669673,1609701114.1803503,0.41338300704956055,1609701113.8404284,1609701113.8480177,0.0075893402099609375
b8e4b3a8736347d08b8a32f735868377,k-means,warm,exec,queue,0.04238724708557129,2.384185791015625e-07,2.384185791015625e-07,1609701113.769799,1609701114.296999,0.5271999835968018,1609701113.8408246,1609701113.8467426,0.005918025970458984
0e4bc619e0524d88b7cde6c971df2515,k-means,warm,exec,queue,0.04703664779663086,2.384185791015625e-07,2.384185791015625e-07,1609701113.772346,1609701114.048121,0.2757749557495117,1609701113.845592,1609701113.851376,0.005784034729003906
6a8dc7570a1145489421c6a80a2d086e,k-means,warm,exec,queue,0.05246758460998535,4.76837158203125e-07,2.384185791015625e-07,1609701113.773911,1609701114.044565,0.27065396308898926,1609701113.8587906,1609701113.866303,0.007512331008911133
30d1b521f6fe45e2a5ebe4450492dc0a,k-means,warm,exec,queue,0.05938291549682617,4.76837158203125e-07,2.384185791015625e-07,1609701113.7753837,1609701114.1303208,0.3549370765686035,1609701113.859006,1609701113.8636065,0.00460052490234375
3cd9be1c1f894ced95ed42daa49ceef7,k-means,warm,exec,queue,0.020506858825683594,4.76837158203125e-07,4.76837158203125e-07,1609701113.7768748,1609701114.298177,0.5213022232055664,1609701113.8229492,1609701113.8283541,0.005404949188232422
f5989b4112c44c38b4e093bbd8d5af7e,k-means,warm,exec,queue,0.007996082305908203,2.384185791015625e-07,2.384185791015625e-07,1609701113.7784674,1609701114.3240714,0.5456039905548096,1609701113.802207,1609701113.8101182,0.007911205291748047
657f9204333a4bda824ad086683b905e,k-means,warm,exec,queue,0.013378143310546875,4.76837158203125e-07,2.384185791015625e-07,1609701113.7799535,1609701114.3225617,0.5426082611083984,1609701113.8075836,1609701113.8149998,0.007416248321533203
3163a727cfe64253af8af9778f8bd3ea,k-means,warm,exec,queue,0.01800060272216797,2.384185791015625e-07,0.0,1609701113.781446,1609701114.0939467,0.3125007152557373,1609701113.8118775,1609701113.8194432,0.007565736770629883
c560d22ed0b0466db06849dd225aa3e3,k-means,warm,exec,queue,0.008156061172485352,2.384185791015625e-07,2.384185791015625e-07,1609701114.760067,1609701114.9334054,0.1733384132385254,1609701114.816912,1609701114.8245943,0.007682323455810547
8f9c575ed9be4c518919c02c7f8adbe8,k-means,warm,exec,queue,0.042841434478759766,2.384185791015625e-07,0.0,1609701114.764587,1609701115.2419028,0.47731590270996094,1609701114.8488672,1609701114.8552032,0.0063359737396240234
1909f75805c04240b236504eed5ff49e,k-means,warm,exec,queue,0.04844999313354492,2.384185791015625e-07,0.0,1609701114.767427,1609701115.0131638,0.24573683738708496,1609701114.860284,1609701114.8686805,0.008396387100219727
f3412fd021a7431cb5fa1c3487f361c2,k-means,warm,exec,queue,0.05390644073486328,2.384185791015625e-07,0.0,1609701114.7699783,1609701115.2413065,0.4713282585144043,1609701114.862619,1609701114.868459,0.0058400630950927734
9d2e185c8f814e19ad8a0acf6d82eb2d,k-means,warm,exec,queue,0.05860400199890137,2.384185791015625e-07,0.0,1609701114.7727916,1609701115.0656357,0.2928440570831299,1609701114.8683994,1609701114.875397,0.006997585296630859
51fbc5c38d8c4e13957de1b9e98840d2,k-means,warm,exec,queue,0.06437420845031738,2.384185791015625e-07,0.0,1609701114.775279,1609701115.0081336,0.23285460472106934,1609701114.877052,1609701114.8828757,0.005823612213134766
31195f3134f34fa5839d431696826675,k-means,warm,exec,queue,0.03682279586791992,2.384185791015625e-07,2.384185791015625e-07,1609701114.7772763,1609701115.0120485,0.2347722053527832,1609701114.8438294,1609701114.8507214,0.006891965866088867
93fc0aec8b8b4bf18a872184a082c0e7,k-means,warm,exec,queue,0.03063201904296875,2.384185791015625e-07,0.0,1609701114.7787216,1609701114.9746346,0.19591307640075684,1609701114.8409839,1609701114.8468785,0.005894660949707031
2f0ada18f9ed4f4ea22cb8c8bf1381c3,k-means,warm,exec,queue,0.022199630737304688,2.384185791015625e-07,0.0,1609701114.7801833,1609701114.9730256,0.1928422451019287,1609701114.8292477,1609701114.8368735,0.0076258182525634766
3a38c2e71573480b831c6863af6627f2,k-means,warm,exec,queue,0.017698049545288086,2.384185791015625e-07,2.384185791015625e-07,1609701114.7817636,1609701115.0126164,0.23085284233093262,1609701114.8221433,1609701114.8294818,0.007338523864746094
4bdadb88f7754376903c2fb576e06d4b,k-means,warm,exec,queue,0.013223409652709961,2.384185791015625e-07,2.384185791015625e-07,1609701114.783213,1609701114.9316676,0.1484546661376953,1609701114.8172462,1609701114.8251112,0.007864952087402344
678dcb85ed6e48738a170a121508fd73,k-means,warm,exec,queue,0.059211015701293945,2.384185791015625e-07,2.384185791015625e-07,1609701114.7846677,1609701115.2386181,0.4539504051208496,1609701114.8764293,1609701114.883833,0.00740361213684082
0e80e571cc7c41be9ca03258955eff67,k-means,warm,exec,queue,0.06979537010192871,4.76837158203125e-07,2.384185791015625e-07,1609701114.786118,1609701115.1082966,0.32217860221862793,1609701114.8829107,1609701114.8889158,0.006005048751831055
0d9635df4aea4ae1990bc7030bd30b3d,video,warm,exec,queue,0.0180513858795166,2.384185791015625e-07,2.384185791015625e-07,1609701114.7876658,1609701115.2369144,0.4492485523223877,1609701114.8416893,1609701114.85763,0.01594066619873047
21e962354a3e419bbe6819da2ad0fd48,matmul,warm,exec,queue,0.018590450286865234,2.384185791015625e-07,2.384185791015625e-07,1609701114.7891355,1609701115.1443634,0.3552279472351074,1609701114.841798,1609701114.8517878,0.009989738464355469
baacd356373941ccacb0d18cc4fb80e8,map_reduce,warm,exec,queue,0.022779464721679688,2.384185791015625e-07,0.0,1609701114.7905927,1609701115.1939206,0.40332794189453125,1609701114.842631,1609701114.92801,0.08537888526916504
374f02f8e7434567b9eb0c35295c480c,k-means,warm,exec,queue,0.0003247261047363281,4.76837158203125e-07,2.384185791015625e-07,1609701115.7672563,1609701115.9260368,0.15878057479858398,1609701115.8261516,1609701115.834739,0.008587360382080078
718f40f731cd4fba97191241dd369db6,k-means,warm,exec,queue,0.009748697280883789,2.384185791015625e-07,0.0,1609701115.771485,1609701115.9292185,0.15773344039916992,1609701115.826431,1609701115.8344896,0.008058547973632812
7cc4fb3e415646dd9c56ebc0a515184b,k-means,warm,exec,queue,0.014586687088012695,4.76837158203125e-07,2.384185791015625e-07,1609701115.773932,1609701115.9286666,0.15473461151123047,1609701115.8311002,1609701115.8389184,0.007818222045898438
8514dd98340d49869f41e829d26c09fb,k-means,warm,exec,queue,0.019063949584960938,2.384185791015625e-07,0.0,1609701115.7763941,1609701116.0542316,0.27783751487731934,1609701115.8370206,1609701115.845914,0.008893251419067383
c298e73745ba4331acad8f5393dd280c,k-means,warm,exec,queue,0.023868799209594727,2.384185791015625e-07,2.384185791015625e-07,1609701115.778217,1609701116.0038753,0.22565817832946777,1609701115.8424296,1609701115.8478441,0.005414485931396484
db6056324bc148c19929cbfc53efdb18,k-means,warm,exec,queue,0.028584003448486328,2.384185791015625e-07,4.76837158203125e-07,1609701115.7798162,1609701116.028532,0.24871587753295898,1609701115.8467696,1609701115.8535032,0.00673365592956543
9bf1a7e9ee1247e58187ca27d2d2517f,k-means,warm,exec,queue,0.03394651412963867,2.384185791015625e-07,0.0,1609701115.781777,1609701116.006609,0.22483205795288086,1609701115.8536606,1609701115.858824,0.005163431167602539
558326cb74fd4e6fbada8fbad92ace81,k-means,warm,exec,queue,0.03835749626159668,7.152557373046875e-07,4.76837158203125e-07,1609701115.7833474,1609701116.2352436,0.45189619064331055,1609701115.858998,1609701115.8658097,0.006811618804931641
1fa48a494f2f47c9ac1c599b4695040a,k-means,warm,exec,queue,0.042992353439331055,2.384185791015625e-07,2.384185791015625e-07,1609701115.7849329,1609701116.0021257,0.2171928882598877,1609701115.8641582,1609701115.8695214,0.0053632259368896484
2ca3f444b4584eecbadba681f2876a69,k-means,warm,exec,queue,0.04866647720336914,2.384185791015625e-07,2.384185791015625e-07,1609701115.7866356,1609701115.9595,0.17286443710327148,1609701115.8692944,1609701115.8757532,0.006458759307861328
aaaed79996ac494a8da14a75e6a3d7e2,k-means,warm,exec,queue,0.053450822830200195,4.76837158203125e-07,2.384185791015625e-07,1609701115.788209,1609701116.1681342,0.3799252510070801,1609701115.8755627,1609701115.8812544,0.0056917667388916016
64cac2d5821c470088a182e60456a297,k-means,warm,exec,queue,0.05824685096740723,2.384185791015625e-07,0.0,1609701115.7897763,1609701116.0115504,0.22177410125732422,1609701115.881233,1609701115.8875666,0.006333589553833008
c84e88ed5cf34f7bbe8def067589854f,k-means,warm,exec,queue,0.06314992904663086,2.384185791015625e-07,0.0,1609701115.7913198,1609701116.0109339,0.21961402893066406,1609701115.8863554,1609701115.8931127,0.006757259368896484
1843ce5978254a0c8dbbd09c0a12ba6f,k-means,warm,exec,queue,0.06775021553039551,2.384185791015625e-07,2.384185791015625e-07,1609701115.7929907,1609701116.2374978,0.4445071220397949,1609701115.8901951,1609701115.895389,0.005193948745727539
0c7a0db1967d499882647d5f17857969,k-means,warm,exec,queue,0.0730888843536377,4.76837158203125e-07,2.384185791015625e-07,1609701115.794549,1609701116.012131,0.21758198738098145,1609701115.8962603,1609701115.902455,0.0061948299407958984
ef9b1ed4ed7145b3a74320a95385ed87,k-means,warm,exec,queue,0.07817482948303223,2.384185791015625e-07,0.0,1609701115.7960856,1609701116.007228,0.21114230155944824,1609701115.9015524,1609701115.9076097,0.006057262420654297
8941c7ad76e54d6798748c01d5e72016,k-means,warm,exec,queue,0.08286142349243164,4.76837158203125e-07,2.384185791015625e-07,1609701115.7980936,1609701116.2346463,0.4365527629852295,1609701115.907962,1609701115.914568,0.006605863571166992
96e9254071ad4ae2b13e646e53628616,k-means,warm,exec,queue,0.0877223014831543,4.76837158203125e-07,2.384185791015625e-07,1609701115.7996452,1609701116.0794284,0.2797832489013672,1609701115.9131424,1609701115.9188085,0.005666017532348633
d4f0319cd89a4263b1968024c8d4fdcf,k-means,warm,exec,queue,0.005068778991699219,4.76837158203125e-07,0.0,1609701116.760407,1609701116.8937607,0.13335371017456055,1609701116.8059115,1609701116.814078,0.00816655158996582
376ea21ed05b45b49b87771b4b080586,k-means,warm,exec,queue,0.0509493350982666,2.384185791015625e-07,0.0,1609701116.7645888,1609701117.1678636,0.4032747745513916,1609701116.8546128,1609701116.8604264,0.0058135986328125
422877f8c7c049689c254f56340c4149,k-means,warm,exec,queue,0.04656386375427246,2.384185791015625e-07,4.76837158203125e-07,1609701116.7671068,1609701116.9690351,0.20192837715148926,1609701116.851831,1609701116.8579988,0.006167888641357422
486372bd8c344f5682791cb97ca9f733,k-means,warm,exec,queue,0.04117298126220703,2.384185791015625e-07,0.0,1609701116.769648,1609701116.9419887,0.17234063148498535,1609701116.8453493,1609701116.852162,0.006812572479248047
89eaa1a014fe408698265b63889c6df7,k-means,warm,exec,queue,0.035887956619262695,2.384185791015625e-07,2.384185791015625e-07,1609701116.7724326,1609701117.169618,0.3971853256225586,1609701116.838521,1609701116.844573,0.0060520172119140625
834f21d5839845788878b545ac640605,k-means,warm,exec,queue,0.030339717864990234,2.384185791015625e-07,0.0,1609701116.7739081,1609701117.0171576,0.24324941635131836,1609701116.8323183,1609701116.8388412,0.0065228939056396484
dd1fe5e71a0846cd8f760b148411f1a2,k-means,warm,exec,queue,0.009942293167114258,2.384185791015625e-07,2.384185791015625e-07,1609701116.7753863,1609701116.8919325,0.1165461540222168,1609701116.8057194,1609701116.8142667,0.008547306060791016
68d7c54c903b4263be36412013d54cbf,k-means,warm,exec,queue,0.014609575271606445,2.384185791015625e-07,2.384185791015625e-07,1609701116.7768888,1609701116.9672658,0.19037699699401855,1609701116.8108404,1609701116.8192532,0.008412837982177734
25ac33fc29834f0497485481803f9a20,k-means,warm,exec,queue,0.019006967544555664,2.384185791015625e-07,2.384185791015625e-07,1609701116.778362,1609701117.0866072,0.3082451820373535,1609701116.8156486,1609701116.8236728,0.008024215698242188
41aa0494980d4a36a9ba992ad8b19ca7,k-means,warm,exec,queue,0.023746490478515625,2.384185791015625e-07,0.0,1609701116.7799544,1609701117.0204768,0.2405223846435547,1609701116.8253176,1609701116.8325605,0.007242918014526367
6a48981c3b8945ad97df91e624438d1d,k-means,warm,exec,queue,0.02866363525390625,2.384185791015625e-07,2.384185791015625e-07,1609701116.781441,1609701116.9919965,0.2105555534362793,1609701116.8303616,1609701116.837755,0.007393360137939453
3207f595cd0b46b4bc210659bf2693ed,video,warm,exec,queue,0.024557828903198242,2.384185791015625e-07,2.384185791015625e-07,1609701116.7829177,1609701117.0187993,0.23588156700134277,1609701116.8269649,1609701116.842915,0.01595020294189453
7ef7cea247424e21982e10e4a548466f,k-means,warm,exec,queue,0.003628969192504883,7.152557373046875e-07,2.384185791015625e-07,1609701117.756597,1609701117.9359891,0.17939209938049316,1609701117.7956874,1609701117.8056421,0.009954690933227539
f14d380c4bbd4690baad30dbeecde8ce,k-means,warm,exec,queue,0.04131364822387695,4.76837158203125e-07,2.384185791015625e-07,1609701117.760874,1609701118.005022,0.24414801597595215,1609701117.833573,1609701117.8380451,0.004472017288208008
6fb2620f62124bb890bf3076ccdca83b,k-means,warm,exec,queue,0.03593087196350098,2.384185791015625e-07,2.384185791015625e-07,1609701117.7634745,1609701117.9106421,0.14716768264770508,1609701117.8273873,1609701117.8319042,0.0045168399810791016
c9e965efe1844faeb006232fcfc7c62c,k-means,warm,exec,queue,0.031078338623046875,2.384185791015625e-07,2.384185791015625e-07,1609701117.7660892,1609701117.9141543,0.14806509017944336,1609701117.823134,1609701117.8279448,0.004810810089111328
1b32585bf74242eab1664628f9720044,k-means,warm,exec,queue,0.02609705924987793,2.384185791015625e-07,2.384185791015625e-07,1609701117.7685604,1609701118.078146,0.3095855712890625,1609701117.8167505,1609701117.821716,0.004965543746948242
a2ae2549e7634e96ada161051aaf9266,k-means,warm,exec,queue,0.008170366287231445,4.76837158203125e-07,7.152557373046875e-07,1609701117.770329,1609701117.877375,0.10704588890075684,1609701117.7955072,1609701117.8037298,0.008222579956054688
dcfc2c527d1a44bbaa042df23f1923b5,k-means,warm,exec,queue,0.013050317764282227,4.76837158203125e-07,2.384185791015625e-07,1609701117.7718809,1609701118.027926,0.2560451030731201,1609701117.8011384,1609701117.8102849,0.009146451950073242
8aef2570600e4f97baddba1dd49b1f67,k-means,warm,exec,queue,0.017868757247924805,4.76837158203125e-07,4.76837158203125e-07,1609701117.7734506,1609701118.0800326,0.306581974029541,1609701117.8056204,1609701117.8142908,0.008670330047607422
9731ab97405d4738807ccaf024de3ddd,k-means,warm,exec,queue,0.02346062660217285,2.384185791015625e-07,2.384185791015625e-07,1609701117.7750072,1609701117.9124393,0.13743209838867188,1609701117.8122108,1609701117.8181324,0.005921602249145508
b48c0de7b0474b1da0bf079ab4668702,k-means,warm,exec,queue,0.0011677742004394531,7.152557373046875e-07,2.384185791015625e-07,1609701118.7672663,1609701119.1441238,0.3768575191497803,1609701118.8249207,1609701118.833465,0.008544445037841797
aae83343b27a4daa9aad07303098ef19,k-means,warm,exec,queue,0.0365910530090332,4.76837158203125e-07,4.76837158203125e-07,1609701118.7717311,1609701119.9768412,1.2051100730895996,1609701118.8595705,1609701118.8660955,0.0065250396728515625
63e32d5c694c4f9cbb69a06fc8f63334,k-means,warm,exec,queue,0.041528940200805664,2.384185791015625e-07,4.76837158203125e-07,1609701118.7743442,1609701119.8200939,1.0457496643066406,1609701118.8677483,1609701118.8751042,0.007355928421020508
abbf75dcea8549218c3dc81eb43809f8,k-means,warm,exec,queue,0.04708147048950195,4.76837158203125e-07,0.0,1609701118.7767403,1609701119.9754393,1.1986989974975586,1609701118.8687747,1609701118.8751822,0.006407499313354492
19c904695f6949768d1393a239fa701a,k-means,warm,exec,queue,0.05394458770751953,2.384185791015625e-07,2.384185791015625e-07,1609701118.7784936,1609701119.9433935,1.1648998260498047,1609701118.8764205,1609701118.8829396,0.0065190792083740234
388796ad77cb49fb852f8fb16f9c6f03,k-means,warm,exec,queue,0.06042742729187012,2.384185791015625e-07,2.384185791015625e-07,1609701118.7800262,1609701119.8189185,1.0388922691345215,1609701118.8826547,1609701118.8876784,0.0050237178802490234
ba813786b86f4576990582cfe06c62ea,k-means,warm,exec,queue,0.06512069702148438,4.76837158203125e-07,0.0,1609701118.7815855,1609701119.7687006,0.9871151447296143,1609701118.890667,1609701118.897011,0.0063440799713134766
1457fcf0000b4925a420eea4a2080136,k-means,warm,exec,queue,0.07076358795166016,2.384185791015625e-07,0.0,1609701118.783118,1609701120.6912892,1.9081711769104004,1609701118.8933861,1609701118.899129,0.005742788314819336
5e7b2ddfa0d040a6a999ffa56cb0ee1a,k-means,warm,exec,queue,0.9900996685028076,4.76837158203125e-07,2.384185791015625e-07,1609701118.7846649,1609701120.6323116,1.847646713256836,1609701119.8225522,1609701119.8312218,0.008669614791870117
af0136c02cc541cdaac15235c7274ebc,k-means,warm,exec,queue,0.007693052291870117,4.76837158203125e-07,2.384185791015625e-07,1609701118.7863278,1609701119.142346,0.35601806640625,1609701118.82551,1609701118.834764,0.009253978729248047
21d4e0d4d4c0425092f00af9231d66a1,k-means,warm,exec,queue,0.012552738189697266,2.384185791015625e-07,4.76837158203125e-07,1609701118.7878616,1609701119.1405056,0.3526439666748047,1609701118.826245,1609701118.8348932,0.008648157119750977
dedff116f2f84ca18eb48490d2206fee,k-means,warm,exec,queue,0.017630815505981445,4.76837158203125e-07,2.384185791015625e-07,1609701118.7894142,1609701119.9463103,1.1568961143493652,1609701118.8319156,1609701118.8404791,0.008563518524169922
8eac834791a04c96ba1638e192913e74,k-means,warm,exec,queue,0.02220606803894043,2.384185791015625e-07,2.384185791015625e-07,1609701118.7909362,1609701119.7692823,0.9783461093902588,1609701118.8368073,1609701118.844903,0.008095741271972656
6031323219784cba99d52d298599e43b,k-means,warm,exec,queue,0.033124685287475586,2.384185791015625e-07,2.384185791015625e-07,1609701118.7925677,1609701119.2981172,0.505549430847168,1609701118.8498776,1609701118.8587115,0.008833885192871094
78cb7d3fe9d74ee5891a6ebfcb054a77,k-means,warm,exec,queue,0.03736519813537598,2.384185791015625e-07,0.0,1609701118.794076,1609701119.7659397,0.9718637466430664,1609701118.853681,1609701118.8590598,0.00537872314453125
fc0146ee5e654a21aa157bba7b1562f4,video,warm,exec,queue,0.028941631317138672,2.384185791015625e-07,0.0,1609701118.7955909,1609701119.9468846,1.1512937545776367,1609701118.8498154,1609701118.8662708,0.016455411911010742
8342676f40da44d9b74ea4adc9b18910,k-means,warm,exec,queue,0.012596607208251953,2.384185791015625e-07,2.384185791015625e-07,1609701119.7757857,1609701120.7630801,0.9872944355010986,1609701119.8219416,1609701119.8290322,0.007090568542480469
c024ab79b839481f8157a667aed3e6ee,k-means,warm,exec,queue,0.04830217361450195,2.384185791015625e-07,2.384185791015625e-07,1609701119.7788386,1609701120.7649672,0.986128568649292,1609701119.864747,1609701119.869866,0.005118846893310547
7d3ed486a84b438f8c3bc0cd25a506d6,k-means,warm,exec,queue,0.05315876007080078,2.384185791015625e-07,2.384185791015625e-07,1609701119.7806726,1609701120.6885457,0.9078731536865234,1609701119.870794,1609701119.8764596,0.00566554069519043
268021058c1e40bdb6d0cd4addfd3a7e,k-means,warm,exec,queue,0.9777839183807373,4.76837158203125e-07,4.76837158203125e-07,1609701119.7828114,1609701120.9998245,1.2170131206512451,1609701120.8044233,1609701120.8117015,0.0072782039642333984
9dba4f4be84d48d7899a2162b219b6d5,k-means,warm,exec,queue,0.015245914459228516,7.152557373046875e-07,2.384185791015625e-07,1609701119.7845936,1609701119.9783628,0.19376921653747559,1609701119.8270156,1609701119.8347025,0.0076868534088134766
dde55b4816ef4e49a3999f4fbd76ac7f,k-means,warm,exec,queue,0.020209074020385742,2.384185791015625e-07,2.384185791015625e-07,1609701119.78635,1609701120.692067,0.9057168960571289,1609701119.8309774,1609701119.839166,0.008188486099243164
e858d7b7669a4dfcb200a3a4951ba873,k-means,warm,exec,queue,0.02682328224182129,7.152557373046875e-07,2.384185791015625e-07,1609701119.7881145,1609701120.6916833,0.9035687446594238,1609701119.8425589,1609701119.8490121,0.006453275680541992
a401db7ff959417f84011464f2297cb4,k-means,warm,exec,queue,0.03119969367980957,2.384185791015625e-07,2.384185791015625e-07,1609701119.7907672,1609701120.3786223,0.5878551006317139,1609701119.8439422,1609701119.849935,0.005992889404296875
63b38dfa661e4b0ca421e005d04e1433,k-means,warm,exec,queue,0.03618621826171875,2.384185791015625e-07,0.0,1609701119.7923346,1609701120.6879103,0.895575761795044,1609701119.8487864,1609701119.8558285,0.0070421695709228516
508c9f90366a474798ff44cf445c012a,k-means,warm,exec,queue,0.04139828681945801,2.384185791015625e-07,0.0,1609701119.7938795,1609701120.6329257,0.8390462398529053,1609701119.856235,1609701119.8628423,0.0066072940826416016
e0927cb8225e49718448ed3ba8e5281d,k-means,warm,exec,queue,0.046205759048461914,7.152557373046875e-07,2.384185791015625e-07,1609701119.795531,1609701120.6334863,0.8379552364349365,1609701119.8619955,1609701119.8689933,0.006997823715209961
8768ee293acc49ceb227ab684a532674,matmul,warm,exec,queue,0.026872873306274414,2.384185791015625e-07,2.384185791015625e-07,1609701119.7970877,1609701120.3808,0.5837123394012451,1609701119.8420262,1609701119.8526082,0.01058197021484375
00d4c2fbd1f64058b33013913060c0f3,k-means,warm,exec,queue,0.008221626281738281,2.384185791015625e-07,0.0,1609701120.7678275,1609701120.9966974,0.22886991500854492,1609701120.80462,1609701120.8116663,0.007046222686767578
883a49b2ed2948da8ccb844c933eddd6,k-means,warm,exec,queue,0.01287531852722168,4.76837158203125e-07,0.0,1609701120.7709937,1609701120.9994833,0.22848963737487793,1609701120.8093445,1609701120.8164933,0.00714874267578125
a3c0064ac5ea4a44b1bdd24fdbeae28f,k-means,warm,exec,queue,0.015329122543334961,2.384185791015625e-07,2.384185791015625e-07,1609701120.7724838,1609701121.1532333,0.3807494640350342,1609701120.8214467,1609701120.8278193,0.006372690200805664
0c7c49b4d1404a9697f81ebd6f794078,k-means,warm,exec,queue,0.022320032119750977,2.384185791015625e-07,2.384185791015625e-07,1609701120.7739162,1609701121.1538172,0.3799009323120117,1609701120.824265,1609701120.830675,0.006409883499145508
01c67965042645efac9500702c4cd5ba,k-means,warm,exec,queue,0.02855539321899414,0.0,2.384185791015625e-07,1609701120.7756243,1609701121.0882883,0.3126640319824219,1609701120.8298306,1609701120.836991,0.0071604251861572266
a8b1a55ecdf54a12becb6ffa0d0e4712,k-means,warm,exec,queue,0.033278465270996094,2.384185791015625e-07,2.384185791015625e-07,1609701120.7770772,1609701121.4006047,0.6235275268554688,1609701120.8364425,1609701120.842984,0.00654149055480957
fd92e6db6d5e4931a8e04f5efd9d2209,k-means,warm,exec,queue,0.037998199462890625,4.76837158203125e-07,2.384185791015625e-07,1609701120.7785652,1609701121.3984833,0.6199181079864502,1609701120.843523,1609701120.8504486,0.0069255828857421875
03ef03cc270840aa809dd4325e18a040,k-means,warm,exec,queue,0.04279279708862305,2.384185791015625e-07,2.384185791015625e-07,1609701120.779979,1609701121.3995695,0.6195905208587646,1609701120.8491938,1609701120.8552241,0.00603032112121582
48d62bc3403d447a9fd8eed52a2c8cc4,k-means,warm,exec,queue,0.04826164245605469,2.384185791015625e-07,2.384185791015625e-07,1609701120.7814195,1609701121.0900245,0.3086049556732178,1609701120.8522868,1609701120.859374,0.007087230682373047
b3a0c21ac07444b28dad27e7a80a7555,k-means,warm,exec,queue,0.054312705993652344,4.76837158203125e-07,2.384185791015625e-07,1609701120.7829895,1609701121.1499922,0.3670027256011963,1609701120.8579092,1609701120.86412,0.006210803985595703
c9cb851f6ab04ffa9e2b8cb78613dfc8,k-means,warm,exec,queue,0.999488115310669,4.76837158203125e-07,2.384185791015625e-07,1609701120.7844617,1609701121.896716,1.1122543811798096,1609701121.8129091,1609701121.820439,0.0075299739837646484
94c698cdf67245e880cc62dbfef382ea,video,warm,exec,queue,0.020912885665893555,2.384185791015625e-07,2.384185791015625e-07,1609701120.7861106,1609701121.037634,0.2515232563018799,1609701120.8240025,1609701120.8396583,0.0156557559967041
95a3d14c2c96419e9b99268f381b6c87,k-means,warm,exec,queue,0.010997295379638672,2.384185791015625e-07,2.384185791015625e-07,1609701121.766568,1609701121.8926466,0.12607860565185547,1609701121.813019,1609701121.8203666,0.007347583770751953
f61fa81698494778b43916606b9573bc,k-means,warm,exec,queue,0.052004337310791016,2.384185791015625e-07,0.0,1609701121.7706811,1609701122.032591,0.26190996170043945,1609701121.86368,1609701121.8699558,0.00627589225769043
59487c8e467747119c305bcdd449b662,k-means,warm,exec,queue,0.04641389846801758,4.76837158203125e-07,2.384185791015625e-07,1609701121.7732341,1609701122.03783,0.26459598541259766,1609701121.8563566,1609701121.8623168,0.005960226058959961
81940343b4694c72beb6f7a83fd3bf52,k-means,warm,exec,queue,0.04165339469909668,4.76837158203125e-07,2.384185791015625e-07,1609701121.7757132,1609701121.9624999,0.18678665161132812,1609701121.851469,1609701121.857492,0.006022930145263672
c2771804bb434062932b59eb04a1cc69,k-means,warm,exec,queue,0.036022186279296875,2.384185791015625e-07,0.0,1609701121.7785308,1609701122.0495725,0.2710416316986084,1609701121.8456898,1609701121.8515964,0.005906581878662109
c1a580f5b1254837ab2a6840e18fdef4,k-means,warm,exec,queue,0.03140425682067871,2.384185791015625e-07,2.384185791015625e-07,1609701121.7808466,1609701122.038342,0.2574954032897949,1609701121.8406024,1609701121.8465316,0.005929231643676758
51a52f4d6d4e4c589b8162169b4156fd,k-means,warm,exec,queue,0.02684307098388672,2.384185791015625e-07,0.0,1609701121.7822657,1609701122.0388258,0.2565600872039795,1609701121.833777,1609701121.8394768,0.005699872970581055
37a062ff04af4e4690bbf90aacc64a9d,k-means,warm,exec,queue,0.02233147621154785,2.384185791015625e-07,2.384185791015625e-07,1609701121.7836893,1609701121.909415,0.12572574615478516,1609701121.8296752,1609701121.8356628,0.005987644195556641
28ae310d10e3429db83e0571dcef14d7,k-means,warm,exec,queue,0.017781734466552734,2.384185791015625e-07,2.384185791015625e-07,1609701121.7851326,1609701122.0477753,0.26264262199401855,1609701121.823952,1609701121.8314989,0.007546901702880859
042af528baa14e25ada6634adf5f4941,k-means,warm,exec,queue,0.015175819396972656,2.384185791015625e-07,2.384185791015625e-07,1609701121.7866662,1609701121.8958814,0.10921525955200195,1609701121.8179858,1609701121.8249097,0.0069239139556884766
301e62aeeb19457197afd359cff27ae9,k-means,warm,exec,queue,0.05698752403259277,4.76837158203125e-07,2.384185791015625e-07,1609701121.7881093,1609701122.031639,0.2435297966003418,1609701121.8683777,1609701121.8739583,0.0055806636810302734
12999dc5690e4d32b3d03fc692d947a8,k-means,warm,exec,queue,0.06184267997741699,2.384185791015625e-07,0.0,1609701121.7895408,1609701122.051399,0.2618582248687744,1609701121.8723075,1609701121.8786268,0.006319284439086914
b910c9cd3e6048ba8d3875f869194c8c,k-means,warm,exec,queue,0.9953265190124512,4.76837158203125e-07,2.384185791015625e-07,1609701121.7909572,1609701122.932105,1.1411478519439697,1609701122.8161497,1609701122.8255827,0.00943303108215332
8ba75a79d7f14d22af05e6c1531bfbf4,k-means,warm,exec,queue,0.01137089729309082,2.384185791015625e-07,0.0,1609701122.7687557,1609701122.8973973,0.12864160537719727,1609701122.8169065,1609701122.8243315,0.007425069808959961
aa71c27d3ed24b93979539bc112d6733,k-means,warm,exec,queue,0.04239320755004883,2.384185791015625e-07,4.76837158203125e-07,1609701122.7728944,1609701123.0363507,0.2634563446044922,1609701122.8620198,1609701122.8684232,0.006403446197509766
a4a20112294e4db68f8067d91848f7da,k-means,warm,exec,queue,0.049304962158203125,4.76837158203125e-07,4.76837158203125e-07,1609701122.775389,1609701123.0113337,0.2359447479248047,1609701122.8632708,1609701122.8703406,0.007069826126098633
08b57885e0db42e9ab636fd15039611e,k-means,warm,exec,queue,0.054241180419921875,9.5367431640625e-07,2.384185791015625e-07,1609701122.7778971,1609701123.0133524,0.23545527458190918,1609701122.8830955,1609701122.8912053,0.008109807968139648
8c6d5fb7b759417485c8b5f71c71fc35,k-means,warm,exec,queue,0.05971670150756836,9.5367431640625e-07,2.384185791015625e-07,1609701122.780575,1609701123.0655558,0.28498077392578125,1609701122.8937871,1609701122.9027228,0.008935689926147461
cae327868451415386b7e9d9a8ea3e50,k-means,warm,exec,queue,0.07022881507873535,7.152557373046875e-07,2.384185791015625e-07,1609701122.7819982,1609701123.0965867,0.3145885467529297,1609701122.8947377,1609701122.9016142,0.006876468658447266
2051e9a00f8c4507b938f07da43f8687,k-means,warm,exec,queue,0.07979631423950195,4.76837158203125e-07,2.384185791015625e-07,1609701122.7834237,1609701123.219949,0.4365253448486328,1609701122.9084344,1609701122.9176047,0.009170293807983398
2c43ac314d1d4b879b76fb844d9940f1,k-means,warm,exec,queue,0.08774375915527344,7.152557373046875e-07,4.76837158203125e-07,1609701122.7848594,1609701123.0650706,0.2802112102508545,1609701122.9129164,1609701122.9199731,0.007056713104248047
bf3d81211f6a4f72b6c86e6c4605377c,k-means,warm,exec,queue,0.030990123748779297,9.5367431640625e-07,4.76837158203125e-07,1609701122.786281,1609701122.9764655,0.1901843547821045,1609701122.8549738,1609701122.8612342,0.006260395050048828
a30077fff8a2409fac72e1d53c97fdfb,k-means,warm,exec,queue,0.015030860900878906,2.384185791015625e-07,2.384185791015625e-07,1609701122.787817,1609701122.9792569,0.19143986701965332,1609701122.8286014,1609701122.8349397,0.006338357925415039
b1a430950d2149c48c25bbece283bb15,k-means,warm,exec,queue,0.02007007598876953,7.152557373046875e-07,4.76837158203125e-07,1609701122.7892506,1609701123.1543162,0.3650655746459961,1609701122.8409731,1609701122.8477223,0.006749153137207031
eb5d8ea13ced4269b9e003ae7b73f924,k-means,warm,exec,queue,0.024318456649780273,7.152557373046875e-07,2.384185791015625e-07,1609701122.7906675,1609701122.9787352,0.18806767463684082,1609701122.853027,1609701122.860163,0.007135868072509766
5ebf88d51fd24e5192e0f1232b997ef8,k-means,cold,exec,create,-3.9726979732513428,4.611251592636108,0.0,1609701122.792099,1609701123.53019,0.738090991973877,1609701123.4529622,1609701123.46146,0.008497953414916992
5df89121932844188e933c426330776b,video,warm,exec,queue,0.021839141845703125,4.76837158203125e-07,4.76837158203125e-07,1609701122.7936442,1609701123.0617788,0.26813459396362305,1609701122.8558664,1609701122.873023,0.017156600952148438
c26b10286c784f1c9f07f60d83a1fcdd,k-means,warm,exec,queue,6.556510925292969e-05,4.76837158203125e-07,2.384185791015625e-07,1609701123.7669137,1609701123.89956,0.1326463222503662,1609701123.8080807,1609701123.8149729,0.006892204284667969
d724d43aeba4468e82491184ff6ca695,k-means,warm,exec,queue,0.007070302963256836,2.384185791015625e-07,2.384185791015625e-07,1609701123.7711241,1609701123.8977804,0.12665629386901855,1609701123.8091736,1609701123.8172185,0.008044958114624023
ee2344ed9d3a415296315fc8660fb4b0,k-means,warm,exec,queue,0.011909008026123047,7.152557373046875e-07,4.76837158203125e-07,1609701123.773658,1609701123.9837244,0.2100663185119629,1609701123.8129435,1609701123.820351,0.007407426834106445
3a31af4a19e44e8d98b6a9755bb99323,k-means,warm,exec,queue,0.016422033309936523,2.384185791015625e-07,2.384185791015625e-07,1609701123.7761543,1609701123.9810183,0.2048640251159668,1609701123.817616,1609701123.8245397,0.006923675537109375
3c10d4005e5e4dbab31f0ff406a80b58,k-means,warm,exec,queue,0.02243971824645996,2.384185791015625e-07,0.0,1609701123.7777736,1609701123.9334412,0.15566754341125488,1609701123.8253021,1609701123.8304791,0.005177021026611328
11200e94aa9d40ba94756fffec2d82d9,k-means,warm,exec,queue,0.027688026428222656,4.76837158203125e-07,2.384185791015625e-07,1609701123.7790887,1609701123.9340105,0.1549217700958252,1609701123.8304355,1609701123.837909,0.007473468780517578
48cb6eeb0f0849f5bb74488f3aa9ae0c,k-means,warm,exec,queue,0.03241109848022461,2.384185791015625e-07,2.384185791015625e-07,1609701123.780429,1609701123.9307933,0.15036439895629883,1609701123.8350186,1609701123.8411071,0.0060884952545166016
efa7013cb9bf453cabfd5a0f56d4ca55,k-means,warm,exec,queue,0.0370335578918457,2.384185791015625e-07,4.76837158203125e-07,1609701123.7817514,1609701124.0371437,0.25539231300354004,1609701123.8390949,1609701123.8445807,0.0054857730865478516
54b9430eab4a4822b60170b70ba74096,k-means,warm,exec,queue,0.042432308197021484,7.152557373046875e-07,2.384185791015625e-07,1609701123.7830615,1609701124.20723,0.42416858673095703,1609701123.84706,1609701123.8533108,0.006250858306884766
2b27a2746b4848f89538923f3ebc0d15,k-means,warm,exec,queue,0.04787492752075195,2.384185791015625e-07,0.0,1609701123.7845356,1609701124.033582,0.24904632568359375,1609701123.8510182,1609701123.8566623,0.005644083023071289
42e967a2187d4f93b54a7f9b27410f4e,k-means,warm,exec,queue,0.05252408981323242,4.76837158203125e-07,2.384185791015625e-07,1609701123.785836,1609701124.0365868,0.2507507801055908,1609701123.8560922,1609701123.8626301,0.006537914276123047
8e2d8295f28e4f3e91544dcaedb84b10,video,warm,exec,queue,0.016277551651000977,2.384185791015625e-07,0.0,1609701123.7871878,1609701123.984356,0.19716811180114746,1609701123.82581,1609701123.841924,0.016113996505737305
22f07cb0a4a7480c8928c458776afa18,k-means,warm,exec,queue,0.006786823272705078,2.384185791015625e-07,2.384185791015625e-07,1609701124.7683208,1609701124.8824906,0.11416983604431152,1609701124.8071532,1609701124.8147986,0.007645368576049805
f36b2c1148b24017a513abfb1f80dea3,map_reduce,warm,exec,queue,0.022678613662719727,0.0,4.76837158203125e-07,1609701124.7725136,1609701125.6720183,0.8995046615600586,1609701124.8342397,1609701124.9193904,0.08515071868896484
2ec0427c6683488ead49ad4c5e0c0b5d,k-means,warm,exec,queue,0.010801315307617188,4.76837158203125e-07,2.384185791015625e-07,1609701124.7750812,1609701124.9520276,0.17694640159606934,1609701124.8114314,1609701124.8191807,0.007749319076538086
73292aa398b046529ec0f5dd3210c3a7,k-means,warm,exec,queue,0.015241146087646484,4.76837158203125e-07,2.384185791015625e-07,1609701124.7776096,1609701125.5141768,0.7365672588348389,1609701124.8151627,1609701124.8231888,0.008026123046875
799ccd26d0a240a19e7e3ea1ed046b87,k-means,warm,exec,queue,0.019846200942993164,4.76837158203125e-07,4.76837158203125e-07,1609701124.7804306,1609701124.9169292,0.13649868965148926,1609701124.830035,1609701124.837692,0.007657051086425781
41943b40d8d743d29fba40324bd95d23,k-means,warm,exec,queue,0.025998592376708984,2.384185791015625e-07,4.76837158203125e-07,1609701124.7817702,1609701125.5147245,0.7329542636871338,1609701124.8324597,1609701124.839226,0.006766319274902344
0bb4e1394d224bbcbd14d09ab4e08917,k-means,warm,exec,queue,0.03200578689575195,2.384185791015625e-07,0.0,1609701124.783047,1609701124.9186635,0.13561654090881348,1609701124.834297,1609701124.8418155,0.0075185298919677734
8d49b3af4d9f4ce3bfab83795cb22647,k-means,warm,exec,queue,0.036414146423339844,2.384185791015625e-07,0.0,1609701124.7843974,1609701125.5163965,0.7319991588592529,1609701124.8392334,1609701124.8468144,0.007580995559692383
07e36624668f433c82760bde65582db7,k-means,warm,exec,queue,0.04106020927429199,4.76837158203125e-07,2.384185791015625e-07,1609701124.7857466,1609701124.9502802,0.1645336151123047,1609701124.846767,1609701124.8542898,0.0075228214263916016
de7af1c2b0fd4a819f8306d1dd1bb819,k-means,warm,exec,queue,0.046193838119506836,2.384185791015625e-07,2.384185791015625e-07,1609701124.7871454,1609701124.9847808,0.19763541221618652,1609701124.8539248,1609701124.860938,0.0070133209228515625
2f6201c957c944b7b8dd3db6a7e0787c,matmul,warm,exec,queue,0.01915144920349121,2.384185791015625e-07,0.0,1609701124.7885177,1609701125.6216433,0.8331255912780762,1609701124.833365,1609701124.8443708,0.011005878448486328
6e5f2028316c405195267c4e3a33e1f7,k-means,warm,exec,queue,0.009621143341064453,2.384185791015625e-07,0.0,1609701125.7695396,1609701125.8933225,0.12378287315368652,1609701125.81369,1609701125.8214378,0.0077478885650634766
fa11996f77a24973aa7f90a5aea9e568,k-means,warm,exec,queue,0.051760196685791016,2.384185791015625e-07,4.76837158203125e-07,1609701125.7737298,1609701126.1034083,0.3296785354614258,1609701125.8622055,1609701125.867896,0.005690574645996094
1864f4160dd5487aa4609af99158c16c,k-means,warm,exec,queue,0.04641985893249512,2.384185791015625e-07,4.76837158203125e-07,1609701125.7763054,1609701126.1621754,0.38586997985839844,1609701125.8551009,1609701125.86056,0.0054590702056884766
9105d90bedc34d6883c11332884171ed,k-means,warm,exec,queue,0.04195141792297363,2.384185791015625e-07,0.0,1609701125.777919,1609701126.038483,0.26056385040283203,1609701125.8514051,1609701125.856935,0.005529880523681641
e325cf807d3d45619de7d0640a073b18,k-means,warm,exec,queue,0.03749895095825195,2.384185791015625e-07,2.384185791015625e-07,1609701125.7795265,1609701126.0369973,0.25747084617614746,1609701125.8463178,1609701125.8521447,0.0058269500732421875
f0978f26dcc146f5a96d940f7e736ea3,k-means,warm,exec,queue,0.03299450874328613,2.384185791015625e-07,2.384185791015625e-07,1609701125.7810316,1609701126.0596707,0.2786390781402588,1609701125.8413146,1609701125.8470073,0.005692720413208008
0381cc84dc534730be0f1329161efa6f,k-means,warm,exec,queue,0.02860116958618164,2.384185791015625e-07,0.0,1609701125.782497,1609701125.952649,0.1701521873474121,1609701125.8346376,1609701125.840391,0.005753278732299805
dffe77765eeb484aab5e6996496fa21f,k-means,warm,exec,queue,0.02391815185546875,7.152557373046875e-07,2.384185791015625e-07,1609701125.7839527,1609701125.9166937,0.13274097442626953,1609701125.8295038,1609701125.8351395,0.005635738372802734
80f6eda4cc5145bc8208568b49c8f025,k-means,warm,exec,queue,0.01889777183532715,2.384185791015625e-07,0.0,1609701125.7854118,1609701125.9183204,0.13290858268737793,1609701125.8248847,1609701125.8323221,0.007437467575073242
f05eaff5ac094bec8f6fb7bf673c4236,k-means,warm,exec,queue,0.013686656951904297,2.384185791015625e-07,2.384185791015625e-07,1609701125.7869577,1609701125.8915522,0.10459446907043457,1609701125.8185558,1609701125.8263128,0.007756948471069336
2a683404a8984c6f9f62c23e11a61503,k-means,warm,exec,queue,0.05613541603088379,2.384185791015625e-07,2.384185791015625e-07,1609701125.7884111,1609701126.0352094,0.24679827690124512,1609701125.866812,1609701125.8710678,0.004255771636962891
754379798d464001a0216d6bcf92898c,k-means,warm,exec,queue,0.06067919731140137,2.384185791015625e-07,2.384185791015625e-07,1609701125.7899141,1609701126.1631994,0.37328529357910156,1609701125.8732522,1609701125.8796992,0.0064470767974853516
b37ee198a21f499a8f47f5eb6ffcf0c4,k-means,warm,exec,queue,0.06607651710510254,2.384185791015625e-07,2.384185791015625e-07,1609701125.7913744,1609701125.950964,0.15958952903747559,1609701125.8774219,1609701125.8811598,0.003737926483154297
e482c0be1afb410ea7b8318541fc4d0d,k-means,warm,exec,queue,0.0717158317565918,4.76837158203125e-07,2.384185791015625e-07,1609701125.7929459,1609701126.0119345,0.21898865699768066,1609701125.8859174,1609701125.8924544,0.006536960601806641
39c9172067a44997941979e2745dd98c,k-means,warm,exec,queue,0.00600743293762207,7.152557373046875e-07,2.384185791015625e-07,1609701126.763344,1609701126.921601,0.15825700759887695,1609701126.7976997,1609701126.8050392,0.0073394775390625
42168a73bd1b4f0f94d556867d056760,video,warm,exec,queue,0.019372224807739258,2.384185791015625e-07,2.384185791015625e-07,1609701126.7676728,1609701126.9470336,0.17936086654663086,1609701126.8206415,1609701126.8372622,0.016620635986328125
c970cc19673f4f328022a71286dbb84d,k-means,warm,exec,queue,0.014623880386352539,4.76837158203125e-07,4.76837158203125e-07,1609701126.7703624,1609701127.0543542,0.28399181365966797,1609701126.8088236,1609701126.817067,0.008243322372436523
467316086bc1487498ffa7f21c5cde07,k-means,warm,exec,queue,0.02031111717224121,4.76837158203125e-07,2.384185791015625e-07,1609701126.7730098,1609701126.9868362,0.21382641792297363,1609701126.8221655,1609701126.82858,0.0064144134521484375
b610b034ba6f4ca88c3d450c1f719945,k-means,warm,exec,queue,0.02640223503112793,2.384185791015625e-07,2.384185791015625e-07,1609701126.7756164,1609701127.0554216,0.27980518341064453,1609701126.8274999,1609701126.834788,0.007288217544555664
2ec4f27d88dd453ebaa6d5faa0ef6d6d,k-means,warm,exec,queue,0.03353619575500488,2.384185791015625e-07,2.384185791015625e-07,1609701126.77785,1609701126.9450948,0.16724491119384766,1609701126.828725,1609701126.835439,0.0067138671875
6537903519034e38a2b0b3795a6c368f,k-means,warm,exec,queue,0.03818798065185547,2.384185791015625e-07,2.384185791015625e-07,1609701126.7794628,1609701127.0321567,0.25269389152526855,1609701126.8358002,1609701126.8431234,0.007323265075683594
b8a44a32cf974d1eb2f72243d1de2789,k-means,warm,exec,queue,0.009997367858886719,2.384185791015625e-07,0.0,1609701126.7810817,1609701126.9241383,0.14305663108825684,1609701126.802308,1609701126.8105597,0.008251667022705078
7ad5631ff39042748e6d1910cc1e6d53,k-means,warm,exec,queue,7.677078247070312e-05,4.76837158203125e-07,2.384185791015625e-07,1609701127.7803452,1609701127.9736896,0.1933443546295166,1609701127.8594265,1609701127.8668818,0.007455348968505859
b978b62b60744920910c95e1473f2929,k-means,warm,exec,queue,0.05382347106933594,2.384185791015625e-07,2.384185791015625e-07,1609701127.786485,1609701128.1320426,0.34555768966674805,1609701127.9115102,1609701127.9178414,0.006331205368041992
b70451faa36c4152bf106cfc7505bdb2,k-means,warm,exec,queue,0.04837656021118164,2.384185791015625e-07,2.384185791015625e-07,1609701127.7892568,1609701128.1655087,0.3762519359588623,1609701127.9049122,1609701127.910608,0.005695819854736328
16debd87d289435ca8f28221189de103,k-means,warm,exec,queue,0.04316854476928711,2.384185791015625e-07,0.0,1609701127.7919931,1609701128.070955,0.2789618968963623,1609701127.89898,1609701127.905785,0.0068051815032958984
22a365c06f6442978286e28d4ec00c47,k-means,warm,exec,queue,0.03847479820251465,4.76837158203125e-07,2.384185791015625e-07,1609701127.7950037,1609701128.2945926,0.4995889663696289,1609701127.894446,1609701127.900337,0.005891084671020508
48193da546674b08b054ccc04911adf8,k-means,warm,exec,queue,0.03305339813232422,2.384185791015625e-07,2.384185791015625e-07,1609701127.797738,1609701127.9764724,0.17873430252075195,1609701127.8897295,1609701127.896982,0.00725245475769043
9cf8ff5a52dd4cf3afada21e5e6c6ffd,k-means,warm,exec,queue,0.0028543472290039062,4.76837158203125e-07,0.0,1609701127.8004477,1609701127.9770575,0.17660975456237793,1609701127.8606954,1609701127.8684258,0.0077304840087890625
62c35c9f3d17419b9116c8c6c21df288,k-means,warm,exec,queue,0.008735895156860352,2.384185791015625e-07,0.0,1609701127.8031538,1609701127.9786882,0.17553448677062988,1609701127.8603988,1609701127.8669727,0.006573915481567383
66d6a4764cf74b838e4da91dc1c004ed,k-means,warm,exec,queue,0.013431787490844727,2.384185791015625e-07,2.384185791015625e-07,1609701127.805871,1609701128.0691216,0.26325058937072754,1609701127.8659222,1609701127.873541,0.007618904113769531
7834ab15300448988f8c499ee5c80e81,k-means,warm,exec,queue,0.018998384475708008,4.76837158203125e-07,0.0,1609701127.808726,1609701128.0902667,0.2815406322479248,1609701127.8763618,1609701127.8841307,0.007768869400024414
01b8f4a5d9fc46018909e561a94ef53e,k-means,warm,exec,queue,0.02393054962158203,7.152557373046875e-07,2.384185791015625e-07,1609701127.8113728,1609701128.1336977,0.3223249912261963,1609701127.8782082,1609701127.8831863,0.004978179931640625
2fd8afd1715d4bcfb3e9d1a4123f225b,k-means,warm,exec,queue,0.029330015182495117,4.76837158203125e-07,4.76837158203125e-07,1609701127.8140507,1609701128.0685902,0.25453948974609375,1609701127.8824246,1609701127.8884327,0.006008148193359375
e2893ca28a3644e985bd4130b3c1c352,k-means,warm,exec,queue,0.058073997497558594,2.384185791015625e-07,0.0,1609701127.8168724,1609701128.266654,0.4497816562652588,1609701127.916034,1609701127.920708,0.004673957824707031
b64a5b03de594a0bbfe4fab1800c79f5,k-means,warm,exec,queue,0.0637352466583252,2.384185791015625e-07,2.384185791015625e-07,1609701127.819517,1609701128.293063,0.47354602813720703,1609701127.9223855,1609701127.9282496,0.005864143371582031
9338d0922dbf4915bce5c81fdf5fb982,k-means,warm,exec,queue,0.06864571571350098,2.384185791015625e-07,2.384185791015625e-07,1609701127.8221757,1609701128.2328095,0.41063380241394043,1609701127.926272,1609701127.9318182,0.0055463314056396484
5826421559604fbe9035324ddef77049,k-means,warm,exec,queue,0.0742642879486084,2.384185791015625e-07,2.384185791015625e-07,1609701127.8248289,1609701128.1353207,0.31049180030822754,1609701127.9333446,1609701127.9391255,0.005780935287475586
56782f6d097c4f7896b2d4c95d746c52,k-means,warm,exec,queue,0.07982444763183594,2.384185791015625e-07,2.384185791015625e-07,1609701127.8276203,1609701128.2912989,0.46367859840393066,1609701127.9385293,1609701127.9440172,0.005487918853759766
a517c039fb1c488fb47ce895dfd346d4,k-means,warm,exec,queue,0.08464479446411133,4.76837158203125e-07,2.384185791015625e-07,1609701127.830276,1609701128.2345452,0.4042692184448242,1609701127.9452345,1609701127.9514055,0.006170988082885742
f3b28d17e6274fcca4fdf5810a4dfc7d,k-means,warm,exec,queue,0.0037012100219726562,4.76837158203125e-07,0.0,1609701128.7679503,1609701128.9098835,0.14193320274353027,1609701128.8075013,1609701128.8158276,0.008326292037963867
e4cd165272b44254a0549a0fcd236699,video,warm,exec,queue,0.020245790481567383,2.384185791015625e-07,2.384185791015625e-07,1609701128.7723732,1609701128.9973438,0.22497057914733887,1609701128.8353677,1609701128.8529232,0.01755547523498535
e4b3c08379ee4490a6ac41bc352159bf,k-means,warm,exec,queue,0.03411293029785156,2.384185791015625e-07,2.384185791015625e-07,1609701128.7750285,1609701128.994068,0.2190394401550293,1609701128.8387902,1609701128.8458824,0.00709223747253418
d2886d46c9454a899099a949c39ce10b,k-means,warm,exec,queue,0.02977752685546875,2.384185791015625e-07,2.384185791015625e-07,1609701128.777688,1609701128.9979186,0.2202305793762207,1609701128.8383107,1609701128.8468366,0.008525848388671875
328d2f5db28b498cbb15b9c669399070,k-means,warm,exec,queue,0.02505350112915039,4.76837158203125e-07,2.384185791015625e-07,1609701128.7803113,1609701128.9617586,0.18144726753234863,1609701128.834842,1609701128.8415585,0.006716489791870117
0a43924737b245b58174431f995b828b,k-means,warm,exec,queue,0.00839090347290039,4.76837158203125e-07,4.76837158203125e-07,1609701128.7822733,1609701128.912883,0.13060975074768066,1609701128.8078008,1609701128.8166902,0.008889436721801758
a18dadad270e454fbbf12051a927c739,k-means,warm,exec,queue,0.013547658920288086,2.384185791015625e-07,0.0,1609701128.7838924,1609701128.9122674,0.12837505340576172,1609701128.8132436,1609701128.8226647,0.009421110153198242
cb6a2abffe3f4ac38192de1041a944ee,k-means,warm,exec,queue,0.01822829246520996,2.384185791015625e-07,0.0,1609701128.7855153,1609701129.020309,0.23479366302490234,1609701128.821574,1609701128.829791,0.008217096328735352
eee2f92252c74f17a243436fbcc8c23c,k-means,warm,exec,queue,0.022686481475830078,2.384185791015625e-07,2.384185791015625e-07,1609701128.7871234,1609701128.9600272,0.17290377616882324,1609701128.8330636,1609701128.8406043,0.007540702819824219
76e8c40e0d194982861871884393267f,matmul,warm,exec,queue,0.0031414031982421875,4.76837158203125e-07,2.384185791015625e-07,1609701129.7537491,1609701129.8274696,0.07372045516967773,1609701129.7683396,1609701129.7785769,0.01023721694946289
f5018523aac94aad9635c5f003fa1845,k-means,warm,exec,queue,0.003610849380493164,4.76837158203125e-07,2.384185791015625e-07,1609701130.7858183,1609701130.9241352,0.13831686973571777,1609701130.8297603,1609701130.8377924,0.008032083511352539
ecd86c346eed473d9f9027594bd545c6,k-means,warm,exec,queue,0.006485462188720703,2.384185791015625e-07,2.384185791015625e-07,1609701130.7887821,1609701130.9704816,0.18169951438903809,1609701130.8479874,1609701130.8562725,0.008285045623779297
feadd5ad18354860a7fcda46114bcb7c,k-means,warm,exec,queue,0.011892557144165039,2.384185791015625e-07,2.384185791015625e-07,1609701130.7908068,1609701130.923509,0.13270211219787598,1609701130.8495362,1609701130.8568592,0.007323026657104492
23d12941383b49d8b25f18978e5814e9,k-means,warm,exec,queue,0.01652240753173828,2.384185791015625e-07,4.76837158203125e-07,1609701130.7928298,1609701130.9206405,0.12781071662902832,1609701130.8544621,1609701130.8625963,0.008134126663208008
c6397fea61c94cee832b94ad60089871,k-means,warm,exec,queue,0.021741151809692383,0.0,0.0,1609701130.7950802,1609701130.9452808,0.15020060539245605,1609701130.8624806,1609701130.8713877,0.008907079696655273
3a03ee4c3e344bb589ecb0bb30c3ad9d,k-means,warm,exec,queue,0.02657794952392578,2.384185791015625e-07,0.0,1609701130.79709,1609701131.1317747,0.3346846103668213,1609701130.864417,1609701130.8706572,0.006240129470825195
12f5a2229bcd4b749b8e5defdfb35e32,k-means,warm,exec,queue,0.03130006790161133,2.384185791015625e-07,4.76837158203125e-07,1609701130.7990859,1609701130.9466314,0.14754557609558105,1609701130.8703866,1609701130.8762171,0.005830526351928711
27953ea7603340d7b67a9dd186f8bf13,k-means,warm,exec,queue,0.03602886199951172,2.384185791015625e-07,0.0,1609701130.8009565,1609701131.0396101,0.23865365982055664,1609701130.8794258,1609701130.8869324,0.007506608963012695
704ac96ad9434fc5b2570fb288e381d6,k-means,warm,exec,queue,0.041002511978149414,2.384185791015625e-07,0.0,1609701130.802486,1609701131.1355104,0.3330245018005371,1609701130.8829412,1609701130.8888981,0.005956888198852539
001be6d0f15a4dd7ae26d612b56d7507,k-means,warm,exec,queue,0.045696258544921875,2.384185791015625e-07,2.384185791015625e-07,1609701130.8041492,1609701131.0094273,0.2052781581878662,1609701130.884854,1609701130.8897448,0.0048906803131103516
7efc9c534fb14fcaad7d938f661ca5a1,k-means,warm,exec,queue,0.05104565620422363,2.384185791015625e-07,0.0,1609701130.8057032,1609701131.0435255,0.2378222942352295,1609701130.8922806,1609701130.898759,0.006478309631347656
c7170abf043d4471bea2ab6b9a4610eb,k-means,warm,exec,queue,0.05574679374694824,2.384185791015625e-07,2.384185791015625e-07,1609701130.807216,1609701131.2907999,0.483583927154541,1609701130.8953705,1609701130.9011555,0.0057849884033203125
8c6d6f51bae6415b834be9edbf378591,k-means,warm,exec,queue,0.061089515686035156,4.76837158203125e-07,0.0,1609701130.8098543,1609701131.0448282,0.23497390747070312,1609701130.9013824,1609701130.9073343,0.005951881408691406
32bca4cc3d3e43ec98e8b6e0227f9e4c,k-means,warm,exec,queue,0.0660848617553711,2.384185791015625e-07,2.384185791015625e-07,1609701130.8113675,1609701131.0441275,0.23275995254516602,1609701130.906656,1609701130.9109285,0.0042724609375
572eddb298f54eff9d788a39fe00e37a,k-means,warm,exec,queue,0.07097291946411133,2.384185791015625e-07,2.384185791015625e-07,1609701130.8128886,1609701131.1361248,0.32323622703552246,1609701130.9132972,1609701130.9197607,0.006463527679443359
38316bb1688243368c02e97b85e3209f,k-means,warm,exec,queue,0.07620668411254883,2.384185791015625e-07,0.0,1609701130.8144004,1609701131.2347357,0.4203352928161621,1609701130.9173725,1609701130.9219007,0.0045282840728759766
41e6b1065d60462f8479d42c8f754606,k-means,warm,exec,queue,0.08179664611816406,2.384185791015625e-07,0.0,1609701130.81601,1609701131.0467577,0.23074769973754883,1609701130.925021,1609701130.931133,0.006112098693847656
af3e16987e3c435ea61572723a068a55,k-means,warm,exec,queue,0.08657002449035645,0.0,2.384185791015625e-07,1609701130.8175204,1609701131.0098531,0.19233274459838867,1609701130.928363,1609701130.9326642,0.0043010711669921875
40c0244adf3b4e46821145b9298a360a,video,warm,exec,queue,0.002227306365966797,0.0,0.0,1609701130.819024,1609701131.0066266,0.18760251998901367,1609701130.8482928,1609701130.8646832,0.016390323638916016
9f6ec85d159842d2ab457da35f7e1af2,k-means,warm,exec,queue,0.005009889602661133,4.76837158203125e-07,2.384185791015625e-07,1609701131.7736123,1609701132.0018587,0.22824645042419434,1609701131.8189127,1609701131.827017,0.008104324340820312
365ede7c9bda4146926ccb0471d49f69,k-means,warm,exec,queue,0.05128979682922363,2.384185791015625e-07,0.0,1609701131.7771838,1609701132.0943787,0.31719493865966797,1609701131.8681464,1609701131.8738215,0.005675077438354492
4ebf271ec5b748d1a559bc7af22f5d7b,k-means,warm,exec,queue,0.046661376953125,4.76837158203125e-07,2.384185791015625e-07,1609701131.779612,1609701132.0916326,0.31202054023742676,1609701131.8631303,1609701131.86936,0.0062296390533447266
63e7e7daccd3495490d41eac00a98fb6,k-means,warm,exec,queue,0.04224061965942383,2.384185791015625e-07,0.0,1609701131.7820642,1609701132.0899181,0.30785393714904785,1609701131.856614,1609701131.8623765,0.005762338638305664
fcc2137c7a6d45ebacf18d85b7c1cdad,k-means,warm,exec,queue,0.03698110580444336,2.384185791015625e-07,0.0,1609701131.7847738,1609701132.0967133,0.3119394779205322,1609701131.8505504,1609701131.8567915,0.0062410831451416016
76befe4b12d54b82ad24a026c4624614,k-means,warm,exec,queue,0.009541988372802734,4.76837158203125e-07,2.384185791015625e-07,1609701131.7873087,1609701132.0024552,0.21514654159545898,1609701131.8191562,1609701131.8277478,0.008591651916503906
c17b6dd8c75c4e9bac52849e5be63cc5,k-means,warm,exec,queue,0.014465570449829102,4.76837158203125e-07,2.384185791015625e-07,1609701131.7893631,1609701132.1345794,0.3452162742614746,1609701131.8226657,1609701131.830443,0.007777214050292969
9e2f5a119b73486f8ba338f62f5968a0,k-means,warm,exec,queue,0.019726037979125977,2.384185791015625e-07,0.0,1609701131.7909331,1609701132.0949936,0.3040604591369629,1609701131.8289626,1609701131.8362389,0.007276296615600586
9200bfbdccfd4612b6c1dc1c053fcc04,k-means,warm,exec,queue,0.02512383460998535,2.384185791015625e-07,2.384185791015625e-07,1609701131.79252,1609701132.0041177,0.21159768104553223,1609701131.8365562,1609701131.8426518,0.0060956478118896484
13f341f79c514266baa7f837dcde295a,k-means,warm,exec,queue,0.03006768226623535,2.384185791015625e-07,0.0,1609701131.7942166,1609701131.9988935,0.20467686653137207,1609701131.8411615,1609701131.8474464,0.006284952163696289
71f2b3f4c1b244be9491b8ca5a0da380,k-means,warm,exec,queue,0.03460574150085449,2.384185791015625e-07,0.0,1609701131.7957888,1609701132.2254617,0.4296729564666748,1609701131.8450565,1609701131.8505456,0.0054891109466552734
4ea40085820d4355885394ed21f0c049,k-means,warm,exec,queue,0.0039904117584228516,2.384185791015625e-07,2.384185791015625e-07,1609701132.784157,1609701132.9003305,0.11617350578308105,1609701132.8428307,1609701132.851225,0.008394241333007812
106288fd294a4979b841a7c6a78f6821,k-means,warm,exec,queue,0.008559942245483398,2.384185791015625e-07,2.384185791015625e-07,1609701132.7885382,1609701132.9688423,0.18030405044555664,1609701132.843032,1609701132.8515995,0.008567571640014648
12a8d3e1a1ab491da966ee81a98835b2,k-means,warm,exec,queue,0.0130157470703125,2.384185791015625e-07,0.0,1609701132.791104,1609701133.0932126,0.3021085262298584,1609701132.8475325,1609701132.8554876,0.007955074310302734
0c4fdbc5661449e988704c0e0ca9b69e,k-means,warm,exec,queue,0.01776719093322754,2.384185791015625e-07,0.0,1609701132.793703,1609701132.9270027,0.1332995891571045,1609701132.8532078,1609701132.8614128,0.008204936981201172
335fb8e7e82140bb95b98cc8f7be09c9,k-means,warm,exec,queue,0.022531747817993164,2.384185791015625e-07,2.384185791015625e-07,1609701132.7964833,1609701132.995511,0.19902777671813965,1609701132.8637266,1609701132.8712292,0.007502555847167969
9e66b275d3cd42fea82bbda8a8a331c2,k-means,warm,exec,queue,0.02731466293334961,2.384185791015625e-07,0.0,1609701132.7980192,1609701132.9251375,0.12711834907531738,1609701132.8645365,1609701132.871247,0.006710529327392578
c12e3ed8702a4ec298b7f23aefc3a090,k-means,warm,exec,queue,0.0323491096496582,2.384185791015625e-07,2.384185791015625e-07,1609701132.79955,1609701133.2699077,0.47035765647888184,1609701132.8703036,1609701132.8766274,0.006323814392089844
3b29b7a0b1444e1c9535a242bd60d190,k-means,warm,exec,queue,0.03727602958679199,2.384185791015625e-07,2.384185791015625e-07,1609701132.801095,1609701133.0531714,0.2520763874053955,1609701132.8789675,1609701132.8858836,0.006916046142578125
86eb4d37b29a43b59ec941778a8b5063,k-means,warm,exec,queue,0.042840003967285156,4.76837158203125e-07,0.0,1609701132.8026311,1609701132.9671166,0.16448545455932617,1609701132.881033,1609701132.8876164,0.006583452224731445
c0f21d38747648b7b56cc37f4b89558d,k-means,warm,exec,queue,0.04778885841369629,2.384185791015625e-07,0.0,1609701132.8043017,1609701133.056737,0.25243520736694336,1609701132.8866413,1609701132.8932097,0.006568431854248047
f70681f3512642cf8a286537cf853874,k-means,warm,exec,queue,0.053586721420288086,2.384185791015625e-07,0.0,1609701132.805834,1609701133.1860974,0.3802633285522461,1609701132.8943608,1609701132.9004607,0.0060999393463134766
afb11c7ca92f4bf7baae3ee7f511af26,k-means,warm,exec,queue,0.05816817283630371,2.384185791015625e-07,2.384185791015625e-07,1609701132.8073685,1609701133.2435932,0.43622469902038574,1609701132.899356,1609701132.9057295,0.00637364387512207
010ff3a983e6432eb3f33a354e7c23dd,k-means,warm,exec,queue,0.06360054016113281,2.384185791015625e-07,2.384185791015625e-07,1609701132.8089204,1609701132.9935913,0.18467092514038086,1609701132.9026473,1609701132.9084466,0.005799293518066406
baa5f4f47f07451e83287e39ffd6f26a,k-means,warm,exec,queue,0.06906628608703613,2.384185791015625e-07,0.0,1609701132.8105705,1609701133.0274222,0.21685171127319336,1609701132.9086814,1609701132.914452,0.005770683288574219
1a3767cdd6a24519a0c5374fa43dae9c,k-means,warm,exec,queue,0.07355070114135742,2.384185791015625e-07,2.384185791015625e-07,1609701132.8121023,1609701133.0257893,0.21368694305419922,1609701132.9144769,1609701132.920352,0.005875110626220703
013a02c9f2864bcc946ae9d7d1de8bf5,k-means,warm,exec,queue,0.07898950576782227,2.384185791015625e-07,2.384185791015625e-07,1609701132.8136432,1609701133.0537715,0.2401282787322998,1609701132.9200869,1609701132.9259164,0.005829572677612305
292300af825143d2846e5322ee1028d6,video,warm,exec,queue,0.019260883331298828,2.384185791015625e-07,0.0,1609701132.8152714,1609701133.0573075,0.2420361042022705,1609701132.865028,1609701132.8813353,0.016307353973388672
8340d22aff8641bf927298eec241a258,k-means,warm,exec,queue,0.0028772354125976562,4.76837158203125e-07,4.76837158203125e-07,1609701133.770332,1609701133.903483,0.13315081596374512,1609701133.804896,1609701133.813206,0.00830984115600586
8e65aaef97834ea797ccbcf9edd84c81,k-means,warm,exec,queue,0.027179718017578125,2.384185791015625e-07,2.384185791015625e-07,1609701133.7743871,1609701133.9070177,0.1326305866241455,1609701133.8291464,1609701133.836017,0.0068705081939697266
774549cab8c44fefbc5df8bb359acd82,k-means,warm,exec,queue,0.022429227828979492,0.0,2.384185791015625e-07,1609701133.7770355,1609701134.0867429,0.3097074031829834,1609701133.8251154,1609701133.8310416,0.0059261322021484375
4efdaef5d3874b778f75dfe825d37d9c,k-means,warm,exec,queue,0.018146514892578125,7.152557373046875e-07,2.384185791015625e-07,1609701133.7796106,1609701133.9800985,0.20048785209655762,1609701133.8232126,1609701133.8320642,0.00885152816772461
6d0c93c4b6e04b30b644c6e1e5993e6b,k-means,warm,exec,queue,0.006776094436645508,4.76837158203125e-07,2.384185791015625e-07,1609701133.7822251,1609701133.9063928,0.12416768074035645,1609701133.8055165,1609701133.8140814,0.008564949035644531
cbd435d2ff3943729c908555fef31eae,k-means,warm,exec,queue,0.011307001113891602,4.76837158203125e-07,4.76837158203125e-07,1609701133.7849882,1609701133.9087281,0.12373995780944824,1609701133.8099225,1609701133.8190072,0.009084701538085938
0159dcaedeb34f268eac0f0c30a3a7ab,k-means,warm,exec,queue,0.016509532928466797,2.384185791015625e-07,2.384185791015625e-07,1609701133.7865586,1609701134.04512,0.258561372756958,1609701133.8161175,1609701133.82494,0.008822441101074219
aa8506e2230b43aebf24ee875de9e28f,k-means,warm,exec,queue,0.0029785633087158203,2.384185791015625e-07,2.384185791015625e-07,1609701134.7906125,1609701134.921076,0.1304636001586914,1609701134.8545654,1609701134.8615127,0.00694727897644043
f824e85f680b451fbfe5553a296769b9,k-means,warm,exec,queue,0.00944828987121582,2.384185791015625e-07,0.0,1609701134.7949898,1609701135.8901632,1.0951733589172363,1609701134.854966,1609701134.8625734,0.007607460021972656
a276133dffcb46f8af5eb674ba61bb87,k-means,warm,exec,queue,0.013941049575805664,2.384185791015625e-07,2.384185791015625e-07,1609701134.797554,1609701134.9475708,0.15001678466796875,1609701134.861468,1609701134.8689084,0.007440328598022461
3fe5ce6f3065493daa4717806670e79e,k-means,warm,exec,queue,0.020383358001708984,2.384185791015625e-07,2.384185791015625e-07,1609701134.800048,1609701135.8923998,1.0923516750335693,1609701134.872604,1609701134.879028,0.0064241886138916016
76bb3ac788c648e2930a5627ced377c1,k-means,warm,exec,queue,0.02648472785949707,2.384185791015625e-07,2.384185791015625e-07,1609701134.8017504,1609701136.2385483,1.436797857284546,1609701134.8768163,1609701134.8827012,0.005884885787963867
b3ffe73345aa44a8a703f5e1e29d3535,k-means,warm,exec,queue,0.03143119812011719,2.384185791015625e-07,2.384185791015625e-07,1609701134.8031905,1609701137.961701,3.158510446548462,1609701134.881195,1609701134.8890421,0.007847070693969727
ddfddfdccbfd45219a1d7d2b6f572858,k-means,warm,exec,queue,0.03675413131713867,2.384185791015625e-07,2.384185791015625e-07,1609701134.804635,1609701135.8022442,0.9976091384887695,1609701134.8966594,1609701134.904653,0.007993698120117188
d329168bb4e14f6a9fb2504c9ca74c05,k-means,warm,exec,queue,0.042742013931274414,7.152557373046875e-07,2.384185791015625e-07,1609701134.8060682,1609701137.957567,3.151498794555664,1609701134.9017212,1609701134.9102218,0.00850057601928711
4507c97f33184d4d881a60933874840b,k-means,warm,exec,queue,0.04862833023071289,2.384185791015625e-07,0.0,1609701134.807619,1609701136.1627743,1.3551552295684814,1609701134.9021692,1609701134.9094486,0.007279396057128906
834322a2200540399f297c3c852ba9c7,k-means,warm,exec,queue,0.05329489707946777,2.384185791015625e-07,2.384185791015625e-07,1609701134.8090756,1609701136.1673775,1.3583018779754639,1609701134.902769,1609701134.910223,0.00745391845703125
a43fcde0906e4b9ebc8915fbae7b73a1,k-means,warm,exec,queue,0.05791497230529785,2.384185791015625e-07,0.0,1609701134.8105087,1609701136.167933,1.357424259185791,1609701134.9077191,1609701134.915138,0.00741887092590332
30f27e4960a84ed599c01e08aa043c06,k-means,warm,exec,queue,0.06460738182067871,2.384185791015625e-07,2.384185791015625e-07,1609701134.8119493,1609701137.9610558,3.149106502532959,1609701134.9202394,1609701134.9261153,0.005875825881958008
95cc63ad16fc4a3da39cbbd5e5907233,k-means,warm,exec,queue,0.07036042213439941,2.384185791015625e-07,0.0,1609701134.8137178,1609701137.5750291,2.7613112926483154,1609701134.9258037,1609701134.931804,0.0060002803802490234
17fc993b97824ed89499efccaf70a422,k-means,warm,exec,queue,0.07645845413208008,2.384185791015625e-07,4.76837158203125e-07,1609701134.8151505,1609701136.4143863,1.5992357730865479,1609701134.9273837,1609701134.9341068,0.006723165512084961
8d9b93dc47d84e67a2e1b9c70239b4b5,k-means,warm,exec,queue,0.0813908576965332,2.384185791015625e-07,2.384185791015625e-07,1609701134.816594,1609701136.4158094,1.5992155075073242,1609701134.9317892,1609701134.9375956,0.005806446075439453
588d1c14121a414ebe8e0c1ed2e004b9,video,warm,exec,queue,0.016673564910888672,2.384185791015625e-07,2.384185791015625e-07,1609701134.818031,1609701135.8913772,1.0733461380004883,1609701134.8727186,1609701134.8887918,0.016073226928710938
2406420349704300a0f7fe203511db61,matmul,warm,exec,queue,0.018811464309692383,0.0,2.384185791015625e-07,1609701134.819572,1609701135.8001914,0.9806194305419922,1609701134.8736854,1609701134.88338,0.009694576263427734
190d7ad7e0c44ceabb01c011a6fcf1a6,map_reduce,warm,exec,queue,0.02414417266845703,4.76837158203125e-07,0.0,1609701134.8210511,1609701136.1668146,1.3457634449005127,1609701134.8809552,1609701134.9655235,0.08456826210021973
aa76ed5020864983a392077d7c3eaf72,disk,warm,exec,queue,0.03447604179382324,4.76837158203125e-07,0.0,1609701134.8224993,1609701137.956877,3.1343777179718018,1609701134.901281,1609701134.9100027,0.008721590042114258
7ca14f9130e24912a100a464f76d8419,image,cold,exec,create,0.040595293045043945,5.812648296356201,2.384185791015625e-07,1609701134.823958,1609701140.7740278,5.950069904327393,1609701140.7070773,1609701140.726795,0.019717693328857422
b04869a4f75241d78b5606e381f3c694,linpack,cold,exec,create,0.041608572006225586,5.647875070571899,2.384185791015625e-07,1609701134.825515,1609701140.623025,5.7975099086761475,1609701140.5423005,1609701140.5614016,0.01910114288330078
ec5fbe152b984649ade7cb76f0dd9797,k-means,warm,exec,queue,0.0014333724975585938,4.76837158203125e-07,4.76837158203125e-07,1609701135.774522,1609701137.6671047,1.892582654953003,1609701135.8178086,1609701135.826163,0.008354425430297852
bc4d0b0acd92484699601d6fbace2359,k-means,warm,exec,queue,0.03705859184265137,2.384185791015625e-07,0.0,1609701135.7788556,1609701136.3473468,0.5684912204742432,1609701135.8554237,1609701135.861137,0.005713224411010742
fa539b7b7a884069b0dadbb11aabba7b,k-means,warm,exec,queue,0.04188203811645508,2.384185791015625e-07,0.0,1609701135.7815099,1609701137.670307,1.8887970447540283,1609701135.85944,1609701135.8651664,0.005726337432861328
fd9e8d54b8704aee9329d210513b44a1,k-means,warm,exec,queue,0.0051958560943603516,4.76837158203125e-07,2.384185791015625e-07,1609701135.7845376,1609701137.6639116,1.8793740272521973,1609701135.817954,1609701135.826042,0.008087873458862305
153513b4e10541c7b4cc48c5c28df09a,k-means,warm,exec,queue,0.010330677032470703,2.384185791015625e-07,0.0,1609701135.786147,1609701137.662334,1.8761868476867676,1609701135.8223014,1609701135.8303547,0.008053302764892578
c9261847d5fa4a1fafdaa2c32eb7fded,k-means,warm,exec,queue,0.015075922012329102,4.76837158203125e-07,2.384185791015625e-07,1609701135.7877214,1609701136.169577,0.38185548782348633,1609701135.8278248,1609701135.8359487,0.00812387466430664
a86b5c58fc104d9891d71f17758e811c,k-means,warm,exec,queue,0.020618915557861328,2.384185791015625e-07,2.384185791015625e-07,1609701135.7893128,1609701136.417159,0.6278462409973145,1609701135.8354657,1609701135.8409085,0.00544285774230957
e49c9d8f3edb49b88593e395307e602f,k-means,warm,exec,queue,0.02501082420349121,7.152557373046875e-07,2.384185791015625e-07,1609701135.7909825,1609701138.4331212,2.642138719558716,1609701135.8388388,1609701135.8451355,0.006296634674072266
c898464526104b2490a61353ffefc87c,k-means,warm,exec,queue,0.029776811599731445,4.76837158203125e-07,2.384185791015625e-07,1609701135.7925553,1609701136.3463044,0.5537490844726562,1609701135.8435361,1609701135.8492181,0.0056819915771484375
c871210cf269411e8bdca30bc7b4b61c,k-means,warm,exec,queue,0.034630537033081055,4.76837158203125e-07,2.384185791015625e-07,1609701135.7941136,1609701137.6687129,1.8745992183685303,1609701135.8503342,1609701135.856427,0.00609278678894043
75cd8b11e3d64e6897f79323922d5cff,k-means,warm,exec,queue,0.004435062408447266,4.76837158203125e-07,2.384185791015625e-07,1609701136.7780974,1609701138.0049143,1.2268168926239014,1609701136.8260887,1609701136.8345842,0.008495569229125977
5ca5ed77ced44331824d5408088c9d70,video,warm,exec,queue,0.02193737030029297,2.384185791015625e-07,2.384185791015625e-07,1609701136.7824109,1609701138.4380329,1.6556220054626465,1609701136.8590465,1609701136.8749852,0.015938758850097656
818ee08b6b6d4873a38b4e588de8c3ba,k-means,warm,exec,queue,0.04748797416687012,2.384185791015625e-07,2.384185791015625e-07,1609701136.7851052,1609701137.6655002,0.8803949356079102,1609701136.8667653,1609701136.874387,0.00762176513671875
4aa4e4b9d82c4d71b72b74c6884e1a64,k-means,warm,exec,queue,0.04302024841308594,2.384185791015625e-07,2.384185791015625e-07,1609701136.7877212,1609701138.0656996,1.2779784202575684,1609701136.8618042,1609701136.8696105,0.007806301116943359
f327bf09b3e84c46aa6e194efa9ce1e5,k-means,warm,exec,queue,0.03821730613708496,7.152557373046875e-07,2.384185791015625e-07,1609701136.7904568,1609701138.0667794,1.276322603225708,1609701136.8602164,1609701136.8689098,0.008693456649780273
bc89d83975b64865b016cb41f101f02c,k-means,warm,exec,queue,0.008990764617919922,4.76837158203125e-07,2.384185791015625e-07,1609701136.7932277,1609701137.6606505,0.8674228191375732,1609701136.826735,1609701136.8341744,0.007439374923706055
41f8d8744b8f40f1a9ec6491adb98d66,k-means,warm,exec,queue,0.013423681259155273,2.384185791015625e-07,0.0,1609701136.794832,1609701138.2369165,1.442084550857544,1609701136.8275928,1609701136.8355634,0.007970571517944336
a56371adc4de4774882123324d7b5126,k-means,warm,exec,queue,0.019057512283325195,4.76837158203125e-07,2.384185791015625e-07,1609701136.7964454,1609701138.233652,1.437206745147705,1609701136.8330882,1609701136.841164,0.008075952529907227
f8d7329c93f34a3a8fc8180f4a12f8ba,k-means,warm,exec,queue,0.023781299591064453,2.384185791015625e-07,2.384185791015625e-07,1609701136.798105,1609701138.1110237,1.3129186630249023,1609701136.8384204,1609701136.8463073,0.007886886596679688
46181c10b5e3484a9179bcbb675cb0b3,k-means,warm,exec,queue,0.03055262565612793,4.76837158203125e-07,2.384185791015625e-07,1609701136.7998488,1609701138.437424,1.6375751495361328,1609701136.8583505,1609701136.865407,0.007056474685668945
74ddfcd02993423c9ca7c91a85ce90c1,k-means,warm,exec,queue,0.0016438961029052734,2.384185791015625e-07,4.76837158203125e-07,1609701137.7770078,1609701138.1768358,0.3998279571533203,1609701137.8162775,1609701137.825137,0.008859395980834961
0502156bc8e240a5b7eb14978886870a,k-means,warm,exec,queue,0.010313272476196289,2.384185791015625e-07,4.76837158203125e-07,1609701137.7812686,1609701138.1762903,0.3950216770172119,1609701137.8217065,1609701137.8308241,0.009117603302001953
209e63e835ca4263a414fd2317fd0ce7,k-means,warm,exec,queue,0.015050649642944336,4.76837158203125e-07,2.384185791015625e-07,1609701137.7839086,1609701138.4338,0.6498913764953613,1609701137.8260908,1609701137.8343291,0.00823831558227539
4fde31cbf22540a49086ae1f29e99021,k-means,warm,exec,queue,0.019695281982421875,4.76837158203125e-07,2.384185791015625e-07,1609701137.7865496,1609701138.585417,0.7988674640655518,1609701137.839041,1609701137.8467638,0.0077228546142578125
498848e27fb94033b1dd84cbb40e8875,k-means,warm,exec,queue,0.02457118034362793,4.76837158203125e-07,2.384185791015625e-07,1609701137.789448,1609701138.109174,0.31972599029541016,1609701137.8418174,1609701137.8493617,0.007544279098510742
92c74b9512d3443bbd321164876d8091,k-means,warm,exec,queue,0.03004169464111328,2.384185791015625e-07,0.0,1609701137.7910795,1609701138.7050538,0.9139742851257324,1609701137.8424811,1609701137.848977,0.006495952606201172
152d70af48d849f9b44e63a878eb66d5,k-means,warm,exec,queue,0.034891366958618164,4.76837158203125e-07,2.384185791015625e-07,1609701137.7927134,1609701138.2375064,0.4447929859161377,1609701137.8479013,1609701137.854916,0.007014751434326172
90fb2600d679461ab46c3f0aa2c2d757,k-means,warm,exec,queue,0.03971576690673828,2.384185791015625e-07,0.0,1609701137.7943392,1609701138.7030842,0.9087450504302979,1609701137.8553753,1609701137.8605168,0.005141496658325195
eb26876967574d809583e1fe7f0819d1,k-means,warm,exec,queue,0.00767970085144043,4.76837158203125e-07,2.384185791015625e-07,1609701137.7959664,1609701138.0678256,0.27185916900634766,1609701137.8166425,1609701137.8264625,0.009819984436035156
d8976b12040b4aa38c0ebf6c8c56bee7,k-means,warm,exec,queue,0.0037322044372558594,4.76837158203125e-07,2.384185791015625e-07,1609701138.7783265,1609701139.1578743,0.3795478343963623,1609701138.8197434,1609701138.8262064,0.006463050842285156
a2f7d96fdb66443fb6f77e569d6b31a0,video,warm,exec,queue,0.015886783599853516,4.76837158203125e-07,2.384185791015625e-07,1609701138.7823641,1609701139.2899263,0.5075621604919434,1609701138.8381133,1609701138.854277,0.01616358757019043
ba311eec79ad433d99e949f4ed4ce369,k-means,warm,exec,queue,0.03567814826965332,2.384185791015625e-07,2.384185791015625e-07,1609701138.785026,1609701139.1584864,0.3734602928161621,1609701138.8561544,1609701138.862268,0.006113529205322266
b60f80f837ec4d2ea6923f8a74712fe7,k-means,warm,exec,queue,0.0296175479888916,7.152557373046875e-07,2.384185791015625e-07,1609701138.787615,1609701139.0815103,0.29389524459838867,1609701138.8525302,1609701138.8599637,0.007433414459228516
d09ebd8f72254697a1498ca52b98d41e,k-means,warm,exec,queue,0.024874448776245117,2.384185791015625e-07,2.384185791015625e-07,1609701138.7906196,1609701138.9543004,0.1636807918548584,1609701138.8432589,1609701138.849363,0.006104230880737305
66131b75473045a18f0d4c2d4ae0766f,k-means,warm,exec,queue,0.008611440658569336,2.384185791015625e-07,0.0,1609701138.7930512,1609701139.0835674,0.2905161380767822,1609701138.821296,1609701138.8289547,0.007658720016479492
5093e3c79a7743a7a6074e1947770544,k-means,warm,exec,queue,0.012821197509765625,2.384185791015625e-07,2.384185791015625e-07,1609701138.7946343,1609701139.3653154,0.570681095123291,1609701138.826308,1609701138.8343081,0.00800013542175293
9924b20126b947b09853b52571ea2fee,k-means,warm,exec,queue,0.01743936538696289,2.384185791015625e-07,4.76837158203125e-07,1609701138.7962341,1609701139.3670256,0.570791482925415,1609701138.835286,1609701138.843329,0.008043050765991211
6e9ab04b9e2e432984b979ece8cb7816,k-means,warm,exec,queue,0.02350139617919922,2.384185791015625e-07,0.0,1609701138.7978303,1609701138.9559283,0.1580979824066162,1609701138.837572,1609701138.8438394,0.0062673091888427734
42be80604c1b48c6b22fd72814110882,k-means,warm,exec,queue,0.0011141300201416016,4.76837158203125e-07,2.384185791015625e-07,1609701139.794845,1609701140.2616107,0.4667656421661377,1609701139.8600545,1609701139.866966,0.006911516189575195
1324a9951bc747e3947c2581ffcb87b3,k-means,warm,exec,queue,0.09387421607971191,2.384185791015625e-07,2.384185791015625e-07,1609701139.7991745,1609701140.264545,0.46537041664123535,1609701139.9542563,1609701139.9619021,0.007645845413208008
baa7f85eca4a46d98466c33acc4c7fe0,k-means,warm,exec,queue,0.09873580932617188,7.152557373046875e-07,2.384185791015625e-07,1609701139.8017113,1609701140.3431768,0.5414655208587646,1609701139.960517,1609701139.9659703,0.005453348159790039
156cf38081374961b177e89b8d4b629a,k-means,warm,exec,queue,0.10367155075073242,2.384185791015625e-07,2.384185791015625e-07,1609701139.8042169,1609701140.343747,0.5395300388336182,1609701139.9640496,1609701139.970488,0.006438493728637695
c5e95af390cd4e4289a00d2b5bfc623f,k-means,warm,exec,queue,0.009047269821166992,2.384185791015625e-07,2.384185791015625e-07,1609701139.8069553,1609701139.971657,0.1647017002105713,1609701139.859848,1609701139.8660412,0.0061931610107421875
59685c926c674ae88c26f600c16e898b,k-means,warm,exec,queue,0.014186620712280273,7.152557373046875e-07,4.76837158203125e-07,1609701139.808937,1609701139.9703028,0.16136574745178223,1609701139.8666937,1609701139.8752072,0.008513450622558594
1b5d716c52624b1da7ccf4b5eac29130,k-means,warm,exec,queue,0.019112348556518555,7.152557373046875e-07,2.384185791015625e-07,1609701139.8103616,1609701140.1303334,0.31997179985046387,1609701139.8777611,1609701139.8855357,0.0077745914459228516
e028f67a70394918b54d99f10a182e5a,k-means,warm,exec,queue,0.02553701400756836,2.384185791015625e-07,2.384185791015625e-07,1609701139.8117795,1609701140.127958,0.316178560256958,1609701139.8787127,1609701139.88624,0.007527351379394531
f1a323fcbbfe4ae4b5409a1e7bfab050,k-means,warm,exec,queue,0.029992103576660156,4.76837158203125e-07,0.0,1609701139.813329,1609701140.12858,0.31525111198425293,1609701139.8815544,1609701139.8876252,0.006070852279663086
b94c74bde237463186baba1ea5fb6993,k-means,warm,exec,queue,0.03481888771057129,2.384185791015625e-07,2.384185791015625e-07,1609701139.81475,1609701140.340222,0.5254719257354736,1609701139.8874226,1609701139.8945348,0.007112264633178711
c32484953d534fa7a83f001e6ed41cca,k-means,warm,exec,queue,0.03995943069458008,2.384185791015625e-07,0.0,1609701139.8161626,1609701140.3990264,0.5828638076782227,1609701139.897112,1609701139.9037018,0.0065898895263671875
8ea049bd617c47c8bb70f13f17942aef,k-means,warm,exec,queue,0.044646263122558594,2.384185791015625e-07,2.384185791015625e-07,1609701139.8176186,1609701140.081627,0.2640082836151123,1609701139.8976684,1609701139.9036846,0.006016254425048828
47256a40317442d1ab6d334cb170d0b0,k-means,warm,exec,queue,0.04950380325317383,2.384185791015625e-07,0.0,1609701139.8191442,1609701140.4018688,0.5827245712280273,1609701139.9025881,1609701139.9084637,0.005875587463378906
2ae05122d68042369619d0a93cb95f41,k-means,warm,exec,queue,0.05510878562927246,7.152557373046875e-07,0.0,1609701139.820592,1609701140.1673346,0.3467426300048828,1609701139.9113212,1609701139.9176707,0.0063495635986328125
2e6c7126d0e748d88566e6752aaf4090,k-means,warm,exec,queue,0.06008148193359375,2.384185791015625e-07,0.0,1609701139.822002,1609701140.1307142,0.3087122440338135,1609701139.9142854,1609701139.9187658,0.0044803619384765625
d64316ca8f7f4fbe849e1556433bec09,k-means,warm,exec,queue,0.06478714942932129,4.76837158203125e-07,0.0,1609701139.8234172,1609701140.1648302,0.3414130210876465,1609701139.9200404,1609701139.9267464,0.0067059993743896484
7046ea52e6c143a4ae208119bcc36e47,k-means,warm,exec,queue,0.06997895240783691,2.384185791015625e-07,2.384185791015625e-07,1609701139.8249319,1609701140.1253448,0.3004128932952881,1609701139.9249377,1609701139.9304721,0.00553441047668457
623d51102a274440b48be63e5a08f8da,k-means,warm,exec,queue,0.07553911209106445,2.384185791015625e-07,0.0,1609701139.826343,1609701140.0798814,0.2535383701324463,1609701139.9324152,1609701139.9391026,0.0066874027252197266
2d381a71b01f4ae0b21e500f4059197b,k-means,warm,exec,queue,0.08045339584350586,2.384185791015625e-07,0.0,1609701139.8277617,1609701140.2858584,0.4580967426300049,1609701139.9361575,1609701139.940768,0.004610538482666016
11cc738cf70f4580bc4b75d1fd6907f2,k-means,warm,exec,queue,0.0861365795135498,2.384185791015625e-07,4.76837158203125e-07,1609701139.829188,1609701140.3997755,0.5705873966217041,1609701139.945472,1609701139.952347,0.006875038146972656
c8259ce0f3b64d03a084d1c92edd5bb1,k-means,warm,exec,queue,0.09157013893127441,2.384185791015625e-07,2.384185791015625e-07,1609701139.8307078,1609701140.2651207,0.43441295623779297,1609701139.9483728,1609701139.9527545,0.004381656646728516
64b3ddb91dda4fc08a903a23ed418c07,matmul,warm,exec,queue,0.016359806060791016,2.384185791015625e-07,2.384185791015625e-07,1609701139.8321395,1609701140.1678426,0.33570313453674316,1609701139.8780222,1609701139.8883047,0.010282516479492188
80048b4a4b6b4411be67703bd3f9fe03,k-means,warm,exec,queue,0.0049114227294921875,4.76837158203125e-07,2.384185791015625e-07,1609701140.7810209,1609701140.925121,0.14410018920898438,1609701140.817019,1609701140.824972,0.00795292854309082
656df5d45611412590ba48a41578c1c9,k-means,warm,exec,queue,0.04682350158691406,2.384185791015625e-07,0.0,1609701140.7834215,1609701141.1687238,0.3853023052215576,1609701140.8654275,1609701140.8719578,0.006530284881591797
d899dbfb684042348d547e674a99909a,video,warm,exec,queue,0.0180509090423584,2.384185791015625e-07,4.76837158203125e-07,1609701140.7849011,1609701140.992051,0.20714974403381348,1609701140.8362968,1609701140.8524058,0.016108989715576172
f8d15a0d7f62490aa7f1471780c68fd1,k-means,warm,exec,queue,0.04291677474975586,2.384185791015625e-07,0.0,1609701140.7863357,1609701141.117095,0.33075928688049316,1609701140.858773,1609701140.8648124,0.00603938102722168
c5d301fbbc974efb87942ae9a686d3ce,k-means,warm,exec,queue,0.03757476806640625,2.384185791015625e-07,0.0,1609701140.7879262,1609701141.0928679,0.30494165420532227,1609701140.8521502,1609701140.8581214,0.005971193313598633
65208ee1b0f04e25930611a99c87d767,k-means,warm,exec,queue,0.008984088897705078,2.384185791015625e-07,2.384185791015625e-07,1609701140.7893472,1609701140.9296076,0.1402604579925537,1609701140.8166895,1609701140.8245256,0.007836103439331055
a079f718c95f483b85aba4c3691a5fb9,k-means,warm,exec,queue,0.014403581619262695,2.384185791015625e-07,2.384185791015625e-07,1609701140.7907734,1609701141.0178516,0.22707819938659668,1609701140.8231742,1609701140.830587,0.00741267204284668
f3fa5a87a5594caa9f64f3b87e97cc8a,k-means,warm,exec,queue,0.01864171028137207,2.384185791015625e-07,0.0,1609701140.7921996,1609701140.927615,0.13541531562805176,1609701140.8280401,1609701140.83507,0.00702977180480957
efbf23e0c7df4a4297aa945db8a0bb6c,k-means,warm,exec,queue,0.02573537826538086,2.384185791015625e-07,2.384185791015625e-07,1609701140.7936182,1609701140.9281428,0.13452458381652832,1609701140.83625,1609701140.8428316,0.006581544876098633
96803429c2a145ac912fb08fd30f40cb,k-means,warm,exec,queue,0.03038191795349121,0.0,0.0,1609701140.795132,1609701141.0604372,0.2653052806854248,1609701140.8407605,1609701140.846328,0.0055675506591796875
34964ea156664154947a333f12daf969,k-means,warm,exec,queue,0.035407066345214844,2.384185791015625e-07,2.384185791015625e-07,1609701140.7965636,1609701141.0586953,0.2621316909790039,1609701140.845783,1609701140.851979,0.006196022033691406
e628bcb0b0ff467f987426235e46a04a,k-means,warm,exec,queue,0.0030517578125,2.384185791015625e-07,4.76837158203125e-07,1609701141.7859528,1609701141.9181511,0.13219833374023438,1609701141.8332515,1609701141.8407078,0.007456302642822266
7d7c108ac2da40bdb40210f7bf43a211,k-means,warm,exec,queue,0.0267331600189209,2.384185791015625e-07,0.0,1609701141.7900507,1609701142.197334,0.40728330612182617,1609701141.8535032,1609701141.857975,0.004471778869628906
94590ec5dc8546f4af8ccc3e8b0bc4c2,k-means,warm,exec,queue,0.031746864318847656,4.76837158203125e-07,0.0,1609701141.792565,1609701142.1944408,0.40187573432922363,1609701141.860575,1609701141.8662636,0.005688667297363281
49672147a5724a87a4812dbfcee43b43,k-means,warm,exec,queue,0.0362086296081543,4.76837158203125e-07,2.384185791015625e-07,1609701141.7950382,1609701142.245113,0.4500746726989746,1609701141.8654642,1609701141.8696516,0.004187345504760742
e0367ba367a34f04872812568a087ec0,k-means,warm,exec,queue,0.04086446762084961,4.76837158203125e-07,7.152557373046875e-07,1609701141.797813,1609701142.1197407,0.3219277858734131,1609701141.872303,1609701141.8788214,0.006518363952636719
da656dd6b046421cb0eb407b6f05d219,k-means,warm,exec,queue,0.04561877250671387,4.76837158203125e-07,2.384185791015625e-07,1609701141.8003073,1609701141.988027,0.18771982192993164,1609701141.8748398,1609701141.8799093,0.0050694942474365234
32effa3a4305481a9818ad618dea1c3c,k-means,warm,exec,queue,0.050872087478637695,2.384185791015625e-07,2.384185791015625e-07,1609701141.8017647,1609701142.052897,0.2511322498321533,1609701141.8810878,1609701141.8867567,0.0056688785552978516
2870fe26d3f444fc8018cdb854207736,k-means,warm,exec,queue,0.05568647384643555,2.384185791015625e-07,2.384185791015625e-07,1609701141.8031874,1609701142.1979074,0.39472007751464844,1609701141.8868694,1609701141.8908787,0.004009246826171875
081e7a6b02fc4a20a5f91e74b70dc1ba,k-means,warm,exec,queue,0.022109508514404297,2.384185791015625e-07,2.384185791015625e-07,1609701141.8046343,1609701142.0292096,0.22457528114318848,1609701141.8495603,1609701141.8546937,0.005133390426635742
d0ab198d07cd421fa32862aae42fb038,k-means,warm,exec,queue,0.010122060775756836,4.76837158203125e-07,2.384185791015625e-07,1609701141.8061664,1609701141.9197261,0.11355972290039062,1609701141.833122,1609701141.8403583,0.0072362422943115234
c7dbf43d9a304366aea92b5072b6ae35,k-means,warm,exec,queue,0.014612674713134766,2.384185791015625e-07,2.384185791015625e-07,1609701141.8075826,1609701142.0273209,0.21973824501037598,1609701141.8380725,1609701141.8448665,0.006793975830078125
aeb66c1cca1e4c8cb207f7f196a1c83a,k-means,warm,exec,queue,0.019522666931152344,2.384185791015625e-07,0.0,1609701141.8090491,1609701141.9855988,0.17654967308044434,1609701141.8440764,1609701141.8516836,0.007607221603393555
15dccfee476043f1bfb19e1cc287a565,k-means,warm,exec,queue,0.06133008003234863,2.384185791015625e-07,2.384185791015625e-07,1609701141.8105226,1609701142.121489,0.31096649169921875,1609701141.8936586,1609701141.8978972,0.004238605499267578
f35f21cbc5354bc39b11ddfee5eb9fe1,k-means,warm,exec,queue,0.00463557243347168,4.76837158203125e-07,2.384185791015625e-07,1609701142.7768834,1609701143.258457,0.48157358169555664,1609701142.826536,1609701142.8334413,0.006905317306518555
22471dea995a4beea409810dae67eaac,video,warm,exec,queue,0.01920032501220703,2.384185791015625e-07,0.0,1609701142.7806442,1609701143.25513,0.4744858741760254,1609701142.8452835,1609701142.8613389,0.01605534553527832
32b242e869084c26bc426868a24d1597,k-means,warm,exec,queue,0.0323643684387207,2.384185791015625e-07,2.384185791015625e-07,1609701142.78241,1609701143.3147843,0.532374382019043,1609701142.8522067,1609701142.858269,0.00606226921081543
939a7490caa14a2aaa248784b61e82fa,k-means,warm,exec,queue,0.009097099304199219,4.76837158203125e-07,2.384185791015625e-07,1609701142.7841423,1609701143.3133621,0.5292198657989502,1609701142.8279874,1609701142.835337,0.007349491119384766
c701f9b8b7f9484b9b1ff8074d3f03a8,k-means,warm,exec,queue,0.014401912689208984,2.384185791015625e-07,4.76837158203125e-07,1609701142.7859058,1609701143.3469765,0.5610706806182861,1609701142.8331552,1609701142.8407724,0.00761723518371582
f8a1cbac9cc443eb851bb66a62c1e823,k-means,warm,exec,queue,0.018759489059448242,2.384185791015625e-07,4.76837158203125e-07,1609701142.8066669,1609701143.3160982,0.5094313621520996,1609701142.8444126,1609701142.8515909,0.007178306579589844
bbb11f6f0c1943598d3cfd4f4747c602,k-means,warm,exec,queue,0.025740623474121094,2.384185791015625e-07,2.384185791015625e-07,1609701142.808148,1609701143.2578838,0.4497358798980713,1609701142.846321,1609701142.850641,0.004319906234741211
011bebf57f4344dabe2856195b1d77ff,k-means,warm,exec,queue,7.367134094238281e-05,2.384185791015625e-07,2.384185791015625e-07,1609701143.7883234,1609701143.9147327,0.12640929222106934,1609701143.838955,1609701143.8472207,0.00826573371887207
936e4ec8a51b4de5bc055174ea759c7c,k-means,warm,exec,queue,0.00897836685180664,2.384185791015625e-07,0.0,1609701143.792572,1609701143.9163601,0.12378811836242676,1609701143.8388903,1609701143.847117,0.008226633071899414
5fa16f74629647a3afca38a9c62bcf19,k-means,warm,exec,queue,0.013756036758422852,4.76837158203125e-07,2.384185791015625e-07,1609701143.795059,1609701144.01785,0.22279095649719238,1609701143.8434129,1609701143.850149,0.006736040115356445
a0187e99e1fd4ad499c3b8c5d7b0cf99,k-means,warm,exec,queue,0.01904463768005371,2.384185791015625e-07,2.384185791015625e-07,1609701143.7976384,1609701143.9471433,0.1495048999786377,1609701143.8499892,1609701143.8571963,0.007207155227661133
b2e5241c645d4860b0b05dbafe23a9b3,k-means,warm,exec,queue,0.02597332000732422,4.76837158203125e-07,4.76837158203125e-07,1609701143.80042,1609701144.0904267,0.2900066375732422,1609701143.859537,1609701143.8644552,0.004918336868286133
f74ff6f5320d4b428980eaebc69dabfd,k-means,warm,exec,queue,0.03103804588317871,2.384185791015625e-07,2.384185791015625e-07,1609701143.8018348,1609701144.0932257,0.29139089584350586,1609701143.8641925,1609701143.8713202,0.0071277618408203125
c5a14359a9f24063bb619d026ffc0504,k-means,warm,exec,queue,0.03589344024658203,2.384185791015625e-07,2.384185791015625e-07,1609701143.8032548,1609701144.0184247,0.21516990661621094,1609701143.8686595,1609701143.8747194,0.006059885025024414
084201e9976842e8805f3531d2d7b6f5,k-means,warm,exec,queue,0.04103660583496094,2.384185791015625e-07,0.0,1609701143.8046863,1609701144.2174172,0.4127309322357178,1609701143.8736038,1609701143.878304,0.004700183868408203
b36c6c0e52c4478491c498e3ef1eb10a,k-means,warm,exec,queue,0.04598045349121094,2.384185791015625e-07,2.384185791015625e-07,1609701143.8062153,1609701144.2155118,0.40929651260375977,1609701143.8804014,1609701143.8861563,0.005754947662353516
4eab6b8f6d604dbdb812c1d26e8acb64,k-means,warm,exec,queue,0.050350189208984375,2.384185791015625e-07,0.0,1609701143.807636,1609701144.0151432,0.20750713348388672,1609701143.884476,1609701143.888995,0.004518985748291016
8ac98d194bde44f29b50b40b921f9bdd,k-means,warm,exec,queue,0.05565381050109863,4.76837158203125e-07,0.0,1609701143.8090706,1609701144.0968056,0.2877349853515625,1609701143.892119,1609701143.8991878,0.0070688724517822266
bc4b900444774cb7852b05165af09ada,k-means,warm,exec,queue,0.06026005744934082,4.76837158203125e-07,2.384185791015625e-07,1609701143.8105276,1609701144.0937808,0.28325319290161133,1609701143.895329,1609701143.8994958,0.004166841506958008
d399bc0706894ade9f36fc57b8a41e05,k-means,warm,exec,queue,0.06563735008239746,4.76837158203125e-07,2.384185791015625e-07,1609701143.8121028,1609701144.1316106,0.3195078372955322,1609701143.9018474,1609701143.9081442,0.006296873092651367
52de4eb27fca420fa62f414257ad8a98,k-means,warm,exec,queue,0.07100248336791992,2.384185791015625e-07,2.384185791015625e-07,1609701143.8135967,1609701144.0964086,0.28281188011169434,1609701143.907281,1609701143.9115026,0.004221677780151367
f4c2f7ff210841638c93c0cd6c0b9f81,k-means,warm,exec,queue,0.0755770206451416,7.152557373046875e-07,2.384185791015625e-07,1609701143.8150632,1609701144.1331444,0.3180811405181885,1609701143.9164217,1609701143.9236407,0.007219076156616211
c05d1d8c4f074fb6bafbff17cbefd542,k-means,warm,exec,queue,0.004599332809448242,4.76837158203125e-07,0.0,1609701144.787925,1609701144.9251947,0.1372697353363037,1609701144.8416812,1609701144.8498409,0.008159637451171875
6a1f76d4367c40d499e261d5aa53fc1c,k-means,warm,exec,queue,0.005049228668212891,2.384185791015625e-07,2.384185791015625e-07,1609701144.7918928,1609701145.119195,0.3273022174835205,1609701144.8420844,1609701144.8504267,0.008342266082763672
2bf798fc112e41febc5fb09fdf32ce04,video,warm,exec,queue,0.020598888397216797,4.76837158203125e-07,2.384185791015625e-07,1609701144.794065,1609701145.2638443,0.46977925300598145,1609701144.8671472,1609701144.8832269,0.01607966423034668
a7c86b1f93d94bb58924855f389c2f7b,k-means,warm,exec,queue,0.009241819381713867,4.76837158203125e-07,2.384185791015625e-07,1609701144.7962337,1609701144.9267757,0.13054203987121582,1609701144.846985,1609701144.85306,0.0060749053955078125
16a068b2f7ef42a4aabd82ed5664c767,k-means,warm,exec,queue,0.016434431076049805,7.152557373046875e-07,2.384185791015625e-07,1609701144.7986004,1609701144.949509,0.1509084701538086,1609701144.8538082,1609701144.8608546,0.00704646110534668
2d4935820e644b058ccc989b6da745a6,k-means,warm,exec,queue,0.021253585815429688,4.76837158203125e-07,2.384185791015625e-07,1609701144.8008587,1609701144.9517145,0.15085577964782715,1609701144.866418,1609701144.8736732,0.0072553157806396484
1d9aeaf9eeeb4d2fa04bfec41f0b35ff,k-means,warm,exec,queue,0.028334617614746094,2.384185791015625e-07,0.0,1609701144.8030329,1609701145.0759196,0.2728867530822754,1609701144.8690724,1609701144.876308,0.007235527038574219
6d96e82fb7714b9f8938f7d21a4227c6,k-means,warm,exec,queue,0.03317761421203613,2.384185791015625e-07,2.384185791015625e-07,1609701144.8052573,1609701144.9522455,0.1469881534576416,1609701144.8732114,1609701144.8813066,0.008095264434814453
8aa2d834ac824f0aa0b8410892f28bbc,k-means,warm,exec,queue,0.0384523868560791,7.152557373046875e-07,7.152557373046875e-07,1609701144.8074243,1609701145.1601424,0.3527181148529053,1609701144.8908513,1609701144.8970788,0.0062274932861328125
876ff21806ba439c90e5125250b15dde,k-means,warm,exec,queue,0.04594612121582031,7.152557373046875e-07,0.0,1609701144.8097692,1609701145.044084,0.2343149185180664,1609701144.8937523,1609701144.9007475,0.006995201110839844
3e0bfa0abb5946bc96e43a0944d9a1da,k-means,warm,exec,queue,0.05255746841430664,2.384185791015625e-07,2.384185791015625e-07,1609701144.8119488,1609701145.2473786,0.43542981147766113,1609701144.8946064,1609701144.9017746,0.007168292999267578
942bf5d7b5d146fe9382f6ecdebce5af,matmul,warm,exec,queue,0.022170066833496094,2.384185791015625e-07,0.0,1609701144.8141177,1609701145.0455234,0.23140573501586914,1609701144.8687842,1609701144.8793435,0.010559320449829102
c9ea580ceec24fd989c3f98a1e3fbe3f,map_reduce,warm,exec,queue,0.023943662643432617,2.384185791015625e-07,0.0,1609701144.816302,1609701145.1177826,0.3014805316925049,1609701144.869416,1609701144.9547815,0.08536553382873535
4ab581ae98ef480d8a8a5e9783bb8735,k-means,warm,exec,queue,0.0027391910552978516,7.152557373046875e-07,0.0,1609701145.7943819,1609701145.9248602,0.1304783821105957,1609701145.8473132,1609701145.8541207,0.006807565689086914
0c2df3c5f67d4931bb4780e57ca6970f,k-means,warm,exec,queue,0.020138263702392578,7.152557373046875e-07,2.384185791015625e-07,1609701145.798691,1609701146.12198,0.3232889175415039,1609701145.861472,1609701145.869192,0.007719993591308594
d5b1e3098bd84833a5584d090bdd01f9,k-means,warm,exec,queue,0.025182723999023438,2.384185791015625e-07,2.384185791015625e-07,1609701145.8002887,1609701145.9492311,0.1489424705505371,1609701145.864679,1609701145.8704255,0.005746364593505859
0eb38def4f224b798aa5e0054f937d11,k-means,warm,exec,queue,0.0301511287689209,2.384185791015625e-07,2.384185791015625e-07,1609701145.8017044,1609701146.0959294,0.29422497749328613,1609701145.8697655,1609701145.8753324,0.005566835403442383
661b0a30a5c649e48401d1fdfc752b45,k-means,warm,exec,queue,0.03558063507080078,2.384185791015625e-07,2.384185791015625e-07,1609701145.8032742,1609701146.1225214,0.3192472457885742,1609701145.8770278,1609701145.8819063,0.004878520965576172
8daf23bd9e5b4ee5a9ff1fae5d2f9f66,k-means,warm,exec,queue,0.04018139839172363,2.384185791015625e-07,2.384185791015625e-07,1609701145.8046992,1609701146.0026877,0.19798851013183594,1609701145.8810558,1609701145.8856437,0.004587888717651367
4e02f019cb954a86b3af6a5c195b8111,k-means,warm,exec,queue,0.04465770721435547,4.76837158203125e-07,0.0,1609701145.806109,1609701146.0505705,0.2444615364074707,1609701145.8877258,1609701145.8934495,0.005723714828491211
15d75d54ed184c5ea27d4b390db033d2,k-means,warm,exec,queue,0.049056053161621094,4.76837158203125e-07,2.384185791015625e-07,1609701145.8075745,1609701145.9999845,0.19240999221801758,1609701145.8911734,1609701145.8956265,0.004453182220458984
396d3eff6453450d97a47b2209cb1c44,k-means,warm,exec,queue,0.05443906784057617,4.76837158203125e-07,0.0,1609701145.8090508,1609701146.0744562,0.26540541648864746,1609701145.9000432,1609701145.9071875,0.00714421272277832
7fb9b0711ba14977a658d8dc3a8acf99,k-means,warm,exec,queue,0.05931234359741211,2.384185791015625e-07,2.384185791015625e-07,1609701145.810583,1609701146.0032706,0.1926875114440918,1609701145.9027438,1609701145.9072125,0.004468679428100586
5f6d2c402248416a93969e0d2657a00c,k-means,warm,exec,queue,0.012266397476196289,2.384185791015625e-07,2.384185791015625e-07,1609701145.8119912,1609701145.9265804,0.11458921432495117,1609701145.8485136,1609701145.8560271,0.007513523101806641
1d7f652d6ad64cfea7074fe2a018453b,k-means,warm,exec,queue,0.017015457153320312,2.384185791015625e-07,2.384185791015625e-07,1609701145.8134234,1609701145.9504921,0.1370687484741211,1609701145.8533561,1609701145.861176,0.007819890975952148
82164a5571304c62a3818e3280798a68,k-means,warm,exec,queue,0.06377220153808594,2.384185791015625e-07,0.0,1609701145.814836,1609701146.0691094,0.2542734146118164,1609701145.9079719,1609701145.9144332,0.006461381912231445
abfeedb6afb84ab8a0c0743aa5e891dd,k-means,warm,exec,queue,0.06818151473999023,2.384185791015625e-07,2.384185791015625e-07,1609701145.816572,1609701146.0941007,0.2775287628173828,1609701145.914046,1609701145.9196246,0.005578517913818359
640c90c8d6b34a0bbc777ae47bbc407f,k-means,warm,exec,queue,0.07286810874938965,2.384185791015625e-07,0.0,1609701145.817986,1609701146.0731206,0.25513458251953125,1609701145.919218,1609701145.9254687,0.006250619888305664
30f9deb9b80f47818bf9c58fca28213f,k-means,warm,exec,queue,0.07762360572814941,2.384185791015625e-07,2.384185791015625e-07,1609701145.819397,1609701146.0727732,0.2533762454986572,1609701145.9260755,1609701145.9320023,0.005926847457885742
f16e286a13ed4c4f85b5fb53f1c48d62,k-means,warm,exec,queue,0.08282351493835449,2.384185791015625e-07,0.0,1609701145.820915,1609701146.048065,0.22714996337890625,1609701145.9299843,1609701145.9367907,0.006806373596191406
3f65c61f2a0e410f8d39a27083f3ac17,k-means,warm,exec,queue,0.08841896057128906,2.384185791015625e-07,2.384185791015625e-07,1609701145.822319,1609701146.070373,0.24805402755737305,1609701145.9348361,1609701145.9407716,0.0059354305267333984
602c0aebee9e4f22976535fdfbc16e42,k-means,warm,exec,queue,0.003693103790283203,2.384185791015625e-07,2.384185791015625e-07,1609701146.784019,1609701146.8898323,0.10581326484680176,1609701146.8153021,1609701146.8228076,0.0075054168701171875
81c1c2578b014f8c9c971fe073436860,video,warm,exec,queue,0.020009517669677734,2.384185791015625e-07,0.0,1609701146.7880273,1609701146.9232454,0.13521814346313477,1609701146.8359177,1609701146.8515863,0.015668630599975586
952db1528a994e37b05db37d29a3a6ae,k-means,warm,exec,queue,0.03161740303039551,2.384185791015625e-07,2.384185791015625e-07,1609701146.790586,1609701146.9994113,0.20882534980773926,1609701146.8487208,1609701146.85624,0.007519245147705078
6050233f27354e1290b2ab8b01195a20,k-means,warm,exec,queue,0.027035951614379883,0.0,0.0,1609701146.7929206,1609701147.0238733,0.23095273971557617,1609701146.8419263,1609701146.8478687,0.005942344665527344
deda7d8a3a604a9992dedcd6958eb6f8,k-means,warm,exec,queue,0.007605791091918945,2.384185791015625e-07,0.0,1609701146.7943344,1609701146.8882706,0.09393620491027832,1609701146.818224,1609701146.8258486,0.007624626159667969
e8fc508f43774137b165336890fd204c,k-means,warm,exec,queue,0.012677669525146484,2.384185791015625e-07,2.384185791015625e-07,1609701146.795945,1609701146.9547713,0.15882635116577148,1609701146.8259346,1609701146.832925,0.0069904327392578125
363a76b8703441c79c371c22a0fdb2c1,k-means,warm,exec,queue,0.019573450088500977,4.76837158203125e-07,2.384185791015625e-07,1609701146.7973843,1609701146.921618,0.12423372268676758,1609701146.8349617,1609701146.8405268,0.005565166473388672
7dfc0a78e03e49bd8fffd7d733b3d883,k-means,warm,exec,queue,0.024082183837890625,2.384185791015625e-07,2.384185791015625e-07,1609701146.7988148,1609701146.9564555,0.15764069557189941,1609701146.8362591,1609701146.8420057,0.005746603012084961
93e5e21fbec9424b8d4bb90e9e11f342,k-means,warm,exec,queue,0.03658127784729004,2.384185791015625e-07,4.76837158203125e-07,1609701146.8002477,1609701146.9999933,0.19974565505981445,1609701146.8587847,1609701146.8656237,0.00683903694152832
a9c0d8dabbbb4e0aa0ce42b11e08b797,k-means,warm,exec,queue,0.0056171417236328125,4.76837158203125e-07,2.384185791015625e-07,1609701147.7911432,1609701147.9347906,0.1436474323272705,1609701147.8379555,1609701147.8458972,0.007941722869873047
be98975f94144fb2a34388c7d8b0d8f9,k-means,warm,exec,queue,0.04426431655883789,7.152557373046875e-07,2.384185791015625e-07,1609701147.7956064,1609701148.187922,0.3923156261444092,1609701147.8788047,1609701147.884886,0.006081342697143555
985c40e807774da79f7c1e8f6acc006c,k-means,warm,exec,queue,0.049567461013793945,2.384185791015625e-07,2.384185791015625e-07,1609701147.798312,1609701148.2520244,0.45371246337890625,1609701147.8877282,1609701147.8939674,0.006239175796508789
b11faece08774f4eb6d434ed4e07e50a,k-means,warm,exec,queue,0.054230451583862305,2.384185791015625e-07,2.384185791015625e-07,1609701147.8009827,1609701148.1885629,0.38758015632629395,1609701147.891686,1609701147.8977895,0.006103515625
b28419d01a034e129da4a82b0186a2bc,k-means,warm,exec,queue,0.05895256996154785,2.384185791015625e-07,2.384185791015625e-07,1609701147.8039165,1609701148.2534788,0.44956231117248535,1609701147.8954213,1609701147.9016864,0.006265163421630859
3c944c509498473894d25bae86f365e5,k-means,warm,exec,queue,0.02778482437133789,2.384185791015625e-07,0.0,1609701147.805658,1609701147.977469,0.17181086540222168,1609701147.859377,1609701147.8641467,0.004769802093505859
2ac1454a02e242c69bb5c9bc103863e2,k-means,warm,exec,queue,0.03285360336303711,9.5367431640625e-07,2.384185791015625e-07,1609701147.8072598,1609701148.0376034,0.23034358024597168,1609701147.873744,1609701147.880334,0.0065898895263671875
06e8601fdbce4b87b62ab31f56006fde,k-means,warm,exec,queue,0.04099774360656738,2.384185791015625e-07,4.76837158203125e-07,1609701147.8088746,1609701148.1902902,0.38141560554504395,1609701147.8751764,1609701147.8807118,0.0055353641510009766
8f88a12cca4c4e279c194b42775db149,k-means,warm,exec,queue,0.023423194885253906,2.384185791015625e-07,2.384185791015625e-07,1609701147.8104737,1609701147.9743962,0.16392254829406738,1609701147.8547623,1609701147.8600795,0.005317211151123047
96e59c60b13f4abab3068fdeb55419c5,k-means,warm,exec,queue,0.018505573272705078,2.384185791015625e-07,2.384185791015625e-07,1609701147.8122177,1609701147.9759119,0.16369414329528809,1609701147.8549511,1609701147.8623183,0.007367134094238281
c0c0f98235414513a43aac607f42a4e7,k-means,warm,exec,queue,0.01381373405456543,7.152557373046875e-07,2.384185791015625e-07,1609701147.8138208,1609701148.0381074,0.22428655624389648,1609701147.8457556,1609701147.8535502,0.007794618606567383
7efe8eab730d4805bbad9d5dddab0b74,k-means,warm,exec,queue,0.008765935897827148,4.76837158203125e-07,0.0,1609701147.8154223,1609701147.9329615,0.1175391674041748,1609701147.8387606,1609701147.8460453,0.007284641265869141
4fe5f86777a24f8d9549b4608d7196f2,k-means,warm,exec,queue,0.06418919563293457,2.384185791015625e-07,2.384185791015625e-07,1609701147.8170347,1609701148.1848292,0.3677945137023926,1609701147.900908,1609701147.906386,0.0054779052734375
ac38789d1ab042edb0541c69191eae4d,k-means,warm,exec,queue,0.0007984638214111328,4.76837158203125e-07,2.384185791015625e-07,1609701148.7896883,1609701148.9302087,0.14052033424377441,1609701148.83836,1609701148.8466897,0.008329629898071289
b5af877b46cb4999a59a2ce98ec07c94,k-means,warm,exec,queue,0.004117012023925781,2.384185791015625e-07,2.384185791015625e-07,1609701148.793971,1609701149.0004447,0.20647358894348145,1609701148.838217,1609701148.8476143,0.009397268295288086
f3bbc083efb6414abb272726d579ea51,video,warm,exec,queue,0.021308183670043945,0.0,2.384185791015625e-07,1609701148.796567,1609701149.0973628,0.3007957935333252,1609701148.8583064,1609701148.874734,0.01642751693725586
386c87a0b9174026aa6f2b42c1381c24,k-means,warm,exec,queue,0.008563756942749023,2.384185791015625e-07,2.384185791015625e-07,1609701148.7988622,1609701148.998829,0.1999666690826416,1609701148.8436007,1609701148.853159,0.00955820083618164
1d2c799263734200b86fa48571410310,k-means,warm,exec,queue,0.013217449188232422,2.384185791015625e-07,4.76837158203125e-07,1609701148.8013895,1609701148.9284813,0.1270918846130371,1609701148.8481123,1609701148.8553672,0.007254838943481445
0ea2e4f5412248c99c21d27c6764b50b,k-means,warm,exec,queue,0.017856121063232422,2.384185791015625e-07,0.0,1609701148.803679,1609701148.9651294,0.16145038604736328,1609701148.8577328,1609701148.8658798,0.008147001266479492
b810bbab7973444891a7f39aaa27dfad,k-means,warm,exec,queue,0.02324986457824707,2.384185791015625e-07,0.0,1609701148.8059886,1609701148.964558,0.1585693359375,1609701148.86299,1609701148.8695655,0.006575584411621094
23a7870eaee24a258df5310df56187c4,k-means,warm,exec,queue,0.029250144958496094,2.384185791015625e-07,2.384185791015625e-07,1609701148.8082862,1609701148.9618976,0.153611421585083,1609701148.8643777,1609701148.8708138,0.00643610954284668
38c173bfff1e4287a0c64d1e49a17b48,k-means,warm,exec,queue,0.03417611122131348,2.384185791015625e-07,0.0,1609701148.8105614,1609701148.998297,0.18773555755615234,1609701148.8718717,1609701148.8789036,0.007031917572021484
6fedf8e6f2fe485a91cfec7311eee1f2,k-means,warm,exec,queue,0.040152549743652344,4.76837158203125e-07,2.384185791015625e-07,1609701148.8129823,1609701148.9957507,0.1827683448791504,1609701148.8775969,1609701148.8837886,0.006191730499267578
25ecef0531f04e2a8b96f82c37dd8517,k-means,warm,exec,queue,0.04513716697692871,2.384185791015625e-07,2.384185791015625e-07,1609701148.8152194,1609701149.1552548,0.34003543853759766,1609701148.8838542,1609701148.8905106,0.0066564083099365234
10b3fe7cbecd44528a2d723d69cdf6f2,k-means,warm,exec,queue,0.0004131793975830078,7.152557373046875e-07,2.384185791015625e-07,1609701149.793609,1609701149.9176304,0.12402153015136719,1609701149.8414042,1609701149.8492749,0.007870674133300781
1a995589e60140988cd7a4faeb706e8e,k-means,warm,exec,queue,0.03685164451599121,2.384185791015625e-07,0.0,1609701149.7978218,1609701150.0489762,0.25115442276000977,1609701149.8747318,1609701149.880515,0.0057833194732666016
2a4a83a52fa64c6a84acc1fa49342782,k-means,warm,exec,queue,0.06039857864379883,4.76837158203125e-07,2.384185791015625e-07,1609701149.8004,1609701149.9907255,0.19032549858093262,1609701149.9015317,1609701149.907963,0.0064313411712646484
f763295aea5b487f80eb0096cb4d10ea,k-means,warm,exec,queue,0.005852937698364258,4.76837158203125e-07,0.0,1609701149.8029616,1609701149.9157693,0.1128077507019043,1609701149.840998,1609701149.8480606,0.007062673568725586
944dd71514ae471780c4d49459ed05b6,k-means,warm,exec,queue,0.011211156845092773,2.384185791015625e-07,2.384185791015625e-07,1609701149.8052654,1609701149.9486985,0.1434330940246582,1609701149.8460796,1609701149.8545,0.008420467376708984
24d8c9fabcdb4a06a2fed9eeec8a620d,k-means,warm,exec,queue,0.04778861999511719,2.384185791015625e-07,0.0,1609701149.806776,1609701150.1219277,0.3151516914367676,1609701149.8863597,1609701149.893021,0.006661415100097656
838a81fef06a4d1ea05f7bc22dd0174c,k-means,warm,exec,queue,0.016405344009399414,2.384185791015625e-07,0.0,1609701149.8083048,1609701150.1200306,0.3117258548736572,1609701149.8528373,1609701149.8611572,0.008319854736328125
25a57cc0f64b4c6c823a154b5dacb356,k-means,warm,exec,queue,0.052771568298339844,2.384185791015625e-07,2.384185791015625e-07,1609701149.8098185,1609701149.9935262,0.18370771408081055,1609701149.8918364,1609701149.8982825,0.006446123123168945
c8d241e53a2441aaac7909fb158343d4,k-means,warm,exec,queue,0.021432876586914062,2.384185791015625e-07,0.0,1609701149.8113575,1609701149.9921086,0.18075108528137207,1609701149.8569472,1609701149.8621266,0.005179405212402344
bee572286f2c4731b0bd6241c5f17b85,k-means,warm,exec,queue,0.02636265754699707,4.76837158203125e-07,2.384185791015625e-07,1609701149.8132088,1609701150.0158474,0.2026386260986328,1609701149.8637798,1609701149.870089,0.0063092708587646484
d40a948885844311b85bbd59f77f8fc4,k-means,warm,exec,queue,0.03145265579223633,2.384185791015625e-07,2.384185791015625e-07,1609701149.8147316,1609701150.2188864,0.40415477752685547,1609701149.8691232,1609701149.875558,0.00643467903137207
9f73bd9c093e45d2810f106972ec5d9e,k-means,warm,exec,queue,0.042440176010131836,2.384185791015625e-07,0.0,1609701149.8162675,1609701150.1195414,0.30327391624450684,1609701149.8805459,1609701149.8857822,0.005236387252807617
e0177079472b4d7dbb8b0b740f7d5d19,k-means,warm,exec,queue,0.057428836822509766,2.384185791015625e-07,2.384185791015625e-07,1609701149.8177671,1609701150.2183847,0.4006175994873047,1609701149.8959355,1609701149.9021146,0.006179094314575195
84c30f94e82c4e2fabc8c8e2d5cec1cd,matmul,warm,exec,queue,0.015275955200195312,2.384185791015625e-07,2.384185791015625e-07,1609701149.8193882,1609701150.0503354,0.23094725608825684,1609701149.8566873,1609701149.8668075,0.010120153427124023
b5a99cdce26c400ab61f87dd38909e0e,k-means,warm,exec,queue,9.632110595703125e-05,7.152557373046875e-07,2.384185791015625e-07,1609701150.7965386,1609701150.9280202,0.13148164749145508,1609701150.8425155,1609701150.8517933,0.009277820587158203
7b6aaed1a9974ecd87e16054444d4f8c,k-means,warm,exec,queue,0.0067517757415771484,2.384185791015625e-07,2.384185791015625e-07,1609701150.8007874,1609701151.053534,0.25274658203125,1609701150.8463461,1609701150.855461,0.009114742279052734
fac1ec8e3651451f87628f9ccc3ef13b,k-means,warm,exec,queue,0.011316537857055664,2.384185791015625e-07,0.0,1609701150.8033235,1609701150.9264662,0.12314271926879883,1609701150.8478558,1609701150.855632,0.0077762603759765625
b12a97fd148f499baf337dcb2b05d05f,k-means,warm,exec,queue,0.016094446182250977,2.384185791015625e-07,2.384185791015625e-07,1609701150.805824,1609701151.0023205,0.19649648666381836,1609701150.8532922,1609701150.860432,0.007139682769775391
9f7db43b915f4837b22a959e752463f0,k-means,warm,exec,queue,0.02080249786376953,2.384185791015625e-07,2.384185791015625e-07,1609701150.8086283,1609701151.029535,0.22090673446655273,1609701150.8644896,1609701150.872331,0.007841348648071289
52600dea3da14f3bbf2fc5d06cd0e4a4,k-means,warm,exec,queue,0.027838945388793945,4.76837158203125e-07,2.384185791015625e-07,1609701150.8100638,1609701151.0856755,0.27561163902282715,1609701150.869798,1609701150.876259,0.006461143493652344
3157c09e20de4fa38e69aee44cbf522b,k-means,warm,exec,queue,0.03339672088623047,2.384185791015625e-07,2.384185791015625e-07,1609701150.8115213,1609701150.9610977,0.14957642555236816,1609701150.8711798,1609701150.8777165,0.006536722183227539
363b7c82828f4355a0f5aa52fdd21f21,k-means,warm,exec,queue,0.03850150108337402,2.384185791015625e-07,2.384185791015625e-07,1609701150.8129992,1609701150.9597936,0.14679431915283203,1609701150.8786204,1609701150.8855429,0.006922483444213867
75dea89466bf46b0a329eb4ec49ddd00,k-means,warm,exec,queue,0.04494190216064453,2.384185791015625e-07,2.384185791015625e-07,1609701150.8144445,1609701151.0324383,0.21799373626708984,1609701150.8882542,1609701150.8956923,0.007438182830810547
95b0ce60d6a14019938067e9844c9b46,k-means,warm,exec,queue,0.05017232894897461,2.384185791015625e-07,0.0,1609701150.8159993,1609701151.054842,0.23884272575378418,1609701150.8937426,1609701150.9007602,0.007017612457275391
0e54d8a7df2e4db6a5901e3f5f4dc8e4,k-means,warm,exec,queue,0.05501699447631836,2.384185791015625e-07,0.0,1609701150.8174484,1609701151.0327654,0.2153170108795166,1609701150.895025,1609701150.9007418,0.005716800689697266
397a021b734d4a28bdda75860ea4f17d,k-means,warm,exec,queue,0.06053042411804199,4.76837158203125e-07,2.384185791015625e-07,1609701150.8188918,1609701151.087131,0.26823925971984863,1609701150.9032183,1609701150.9096036,0.006385326385498047
156ac10525e34eefbbb7f6f21aadd5b6,video,warm,exec,queue,0.01934337615966797,2.384185791015625e-07,0.0,1609701150.820343,1609701151.0522156,0.23187255859375,1609701150.8652823,1609701150.8818119,0.016529560089111328
7c4e5fce719344bab8302d42f8a475a3,k-means,warm,exec,queue,0.0057659149169921875,4.76837158203125e-07,2.384185791015625e-07,1609701151.7966275,1609701151.9292092,0.1325817108154297,1609701151.8492007,1609701151.8574781,0.008277416229248047
39a29823f0b84208889df0f2ff63d785,k-means,warm,exec,queue,0.04297614097595215,2.384185791015625e-07,0.0,1609701151.8010602,1609701152.1427228,0.3416626453399658,1609701151.8887813,1609701151.8954132,0.0066318511962890625
83f2090604764c228f6d1975e73687a3,k-means,warm,exec,queue,0.0479741096496582,7.152557373046875e-07,2.384185791015625e-07,1609701151.8036795,1609701152.0210104,0.2173309326171875,1609701151.892679,1609701151.8980308,0.0053517818450927734
9d8110760dac4e6b86064d9256723e6a,k-means,warm,exec,queue,0.052678823471069336,4.76837158203125e-07,2.384185791015625e-07,1609701151.8063226,1609701152.2689524,0.4626297950744629,1609701151.8983114,1609701151.9049733,0.006661891937255859
e28f1d5eda9a489b8098f0c3ee0c5cfa,k-means,warm,exec,queue,0.019870519638061523,2.384185791015625e-07,0.0,1609701151.8090022,1609701152.2252698,0.41626763343811035,1609701151.8599358,1609701151.8679526,0.008016824722290039
4d06ce1f789b40bc915b96c9c04631d6,k-means,warm,exec,queue,0.024199247360229492,2.384185791015625e-07,2.384185791015625e-07,1609701151.8106563,1609701152.024389,0.21373271942138672,1609701151.864904,1609701151.8709555,0.006051540374755859
1358bbef0de743248e1ad7c4cc25fc82,k-means,warm,exec,queue,0.02935481071472168,4.76837158203125e-07,2.384185791015625e-07,1609701151.8123229,1609701152.02375,0.2114272117614746,1609701151.8699524,1609701151.8757217,0.005769252777099609
10ad8e952d85448b8a774a807e1c6430,k-means,warm,exec,queue,0.03468036651611328,2.384185791015625e-07,2.384185791015625e-07,1609701151.8139787,1609701151.9957633,0.18178462982177734,1609701151.876903,1609701151.88306,0.00615692138671875
fbc9cfdb08f84555939679b2e0f2c51f,k-means,warm,exec,queue,0.03963136672973633,2.384185791015625e-07,2.384185791015625e-07,1609701151.81564,1609701152.223172,0.4075319766998291,1609701151.8810947,1609701151.886927,0.005832195281982422
9085bbbea14a4c3b95ddecf972b9e86f,k-means,warm,exec,queue,0.014618158340454102,2.384185791015625e-07,0.0,1609701151.8174775,1609701151.9318883,0.1144108772277832,1609701151.8539557,1609701151.8620367,0.00808095932006836
b62e8522d0d14c0f92d958a7415911c9,k-means,warm,exec,queue,0.05823540687561035,2.384185791015625e-07,2.384185791015625e-07,1609701151.819082,1609701152.1405227,0.3214406967163086,1609701151.9035046,1609701151.909292,0.005787372589111328
4a813552f7af4928a83d3b90b1c962c5,k-means,warm,exec,queue,0.009865283966064453,4.76837158203125e-07,2.384185791015625e-07,1609701151.8206675,1609701151.9324427,0.11177515983581543,1609701151.8492203,1609701151.8571296,0.007909297943115234
f88ae8505e3844c69207b15e3d064fe0,k-means,warm,exec,queue,0.06360697746276855,4.76837158203125e-07,0.0,1609701151.8222375,1609701152.2683434,0.44610595703125,1609701151.9110796,1609701151.9178016,0.006721973419189453
4434cb4109b74117bda6a9430f977f8f,k-means,warm,exec,queue,0.0684814453125,0.0,2.384185791015625e-07,1609701151.823917,1609701152.2651832,0.4412662982940674,1609701151.91468,1609701151.920352,0.005671977996826172
74af06590acf4d3bb296c8c1d71b6a39,k-means,warm,exec,queue,0.07386469841003418,2.384185791015625e-07,2.384185791015625e-07,1609701151.825498,1609701152.1715324,0.34603428840637207,1609701151.9212792,1609701151.9278297,0.00655055046081543
bd37f02ac28343a2bebdd558113d3df0,k-means,warm,exec,queue,0.004357099533081055,4.76837158203125e-07,2.384185791015625e-07,1609701152.7860057,1609701152.890249,0.10424327850341797,1609701152.8143737,1609701152.822097,0.007723331451416016
14071f3c479d4fb98fa1d701b7942e8b,video,warm,exec,queue,0.019498348236083984,4.76837158203125e-07,2.384185791015625e-07,1609701152.7890456,1609701152.9990156,0.20996999740600586,1609701152.8368118,1609701152.8521955,0.015383720397949219
34c69b5f422240a3b085bbd1e7fce6de,k-means,warm,exec,queue,0.02956104278564453,2.384185791015625e-07,0.0,1609701152.7911148,1609701152.9445062,0.15339136123657227,1609701152.8414075,1609701152.8476026,0.006195068359375
e417c647d38845c4bec041759ca166e0,k-means,warm,exec,queue,0.008611679077148438,4.76837158203125e-07,0.0,1609701152.7932143,1609701152.8919184,0.09870409965515137,1609701152.8182514,1609701152.826262,0.008010625839233398
2b537281fb4647bab3d9066c2a22afe0,k-means,warm,exec,queue,0.013932466506958008,2.384185791015625e-07,0.0,1609701152.7952614,1609701152.9428182,0.14755678176879883,1609701152.8239813,1609701152.8313477,0.0073664188385009766
2692a8c94ae24f7286d0bdcb549c66a8,k-means,warm,exec,queue,0.018537521362304688,2.384185791015625e-07,2.384185791015625e-07,1609701152.7975729,1609701152.941067,0.1434941291809082,1609701152.8359568,1609701152.8437378,0.007781028747558594
408504be7d274bccbca6f12d67ac3d3d,k-means,warm,exec,queue,0.023136377334594727,2.384185791015625e-07,2.384185791015625e-07,1609701152.799629,1609701152.9751887,0.17555975914001465,1609701152.836994,1609701152.8439708,0.0069768428802490234
77aa80f4bf6c4959a3b0ae2457ce7f85,k-means,warm,exec,queue,0.0028748512268066406,7.152557373046875e-07,2.384185791015625e-07,1609701153.8053749,1609701153.9531696,0.1477947235107422,1609701153.8680763,1609701153.8766212,0.008544921875
5f7e04b59c6d4901b417ae2199a487d1,k-means,warm,exec,queue,0.021122455596923828,4.76837158203125e-07,2.384185791015625e-07,1609701153.809934,1609701154.1561165,0.34618258476257324,1609701153.8790786,1609701153.8864105,0.00733184814453125
c6b8e054724e4b5c90dc06916c842e7d,k-means,warm,exec,queue,0.025615930557250977,2.384185791015625e-07,2.384185791015625e-07,1609701153.8125942,1609701154.019413,0.2068188190460205,1609701153.8856914,1609701153.8930125,0.00732111930847168
162481ce9adc45f79626f2a59ef5cf1c,k-means,warm,exec,queue,0.029928207397460938,2.384185791015625e-07,2.384185791015625e-07,1609701153.8152246,1609701153.9838662,0.1686415672302246,1609701153.8890367,1609701153.8963342,0.007297515869140625
3568abea676b426ea4f8acaef66a0bbd,k-means,warm,exec,queue,0.03452253341674805,2.384185791015625e-07,0.0,1609701153.8174918,1609701153.9853764,0.16788458824157715,1609701153.8931262,1609701153.8983202,0.005193948745727539
a5e53f1e234945c3970d7c3304743c99,k-means,warm,exec,queue,0.03899216651916504,4.76837158203125e-07,0.0,1609701153.8190873,1609701154.222353,0.40326571464538574,1609701153.8998125,1609701153.907432,0.007619619369506836
84605667d14c487585922d5734cc48ce,k-means,warm,exec,queue,0.04352140426635742,2.384185791015625e-07,4.76837158203125e-07,1609701153.8206887,1609701154.1513953,0.3307065963745117,1609701153.9043937,1609701153.9110146,0.006620883941650391
d1d47508a30149f5b1d4b3feecad1fa0,k-means,warm,exec,queue,0.047962188720703125,2.384185791015625e-07,4.76837158203125e-07,1609701153.8222785,1609701154.0429397,0.22066116333007812,1609701153.9084249,1609701153.9151464,0.00672149658203125
832be963e10141d6aafdfcaa21ce5e82,k-means,warm,exec,queue,0.05234336853027344,2.384185791015625e-07,0.0,1609701153.8238845,1609701154.1530309,0.3291463851928711,1609701153.9132907,1609701153.9193885,0.0060977935791015625
273f61a12d1c41af9e67bb2e87908a51,k-means,warm,exec,queue,0.057409048080444336,2.384185791015625e-07,2.384185791015625e-07,1609701153.8258214,1609701154.1555493,0.3297278881072998,1609701153.9202435,1609701153.9249063,0.004662752151489258
c626af5b9837467cb86b1391b5f5ffca,k-means,warm,exec,queue,0.014079093933105469,2.384185791015625e-07,0.0,1609701153.827419,1609701153.951332,0.12391304969787598,1609701153.8678756,1609701153.876703,0.008827447891235352
a44acae698dc41dbb1549c77885ce0de,k-means,warm,exec,queue,0.01903700828552246,7.152557373046875e-07,2.384185791015625e-07,1609701153.8290062,1609701154.0176318,0.18862557411193848,1609701153.8732014,1609701153.881824,0.00862264633178711
7cb8bc7ae00b40ce98192218e0299804,k-means,warm,exec,queue,0.062255859375,2.384185791015625e-07,2.384185791015625e-07,1609701153.830683,1609701154.1296434,0.29896044731140137,1609701153.9249442,1609701153.9308941,0.005949974060058594
c2733ac6d53e4a149e96ef9d6489645e,k-means,warm,exec,queue,0.06690573692321777,2.384185791015625e-07,2.384185791015625e-07,1609701153.8322666,1609701154.221738,0.38947153091430664,1609701153.930617,1609701153.9347758,0.004158735275268555
1f594addeb754dbe8b9b9ef814101ac8,k-means,warm,exec,queue,0.07237696647644043,2.384185791015625e-07,0.0,1609701153.8338344,1609701154.218773,0.38493847846984863,1609701153.9364612,1609701153.9406753,0.004214048385620117
1e5a980928e946efafdb2949a93f932d,k-means,warm,exec,queue,0.07799100875854492,2.384185791015625e-07,0.0,1609701153.835407,1609701154.1933253,0.35791826248168945,1609701153.9429142,1609701153.947421,0.004506826400756836
cee0f52c6ac94a569bb279272329cc0d,k-means,warm,exec,queue,0.08336019515991211,2.384185791015625e-07,2.384185791015625e-07,1609701153.8370988,1609701154.1320531,0.2949542999267578,1609701153.9484913,1609701153.9544623,0.005970954895019531
6f0c9407a4884abbaf4f91690621ae62,k-means,warm,exec,queue,0.0879356861114502,2.384185791015625e-07,2.384185791015625e-07,1609701153.838647,1609701154.2700038,0.43135690689086914,1609701153.9557838,1609701153.9627848,0.007000923156738281
07353b5b8ad049da9d2c51e2fe1ac03a,k-means,warm,exec,queue,0.0013277530670166016,2.384185791015625e-07,2.384185791015625e-07,1609701154.7975647,1609701154.9485996,0.15103483200073242,1609701154.8463583,1609701154.853664,0.007305622100830078
4e457bfddda147dabb19accde48b32a0,k-means,warm,exec,queue,0.005553007125854492,2.384185791015625e-07,2.384185791015625e-07,1609701154.8019528,1609701155.037784,0.23583126068115234,1609701154.8476214,1609701154.8557498,0.00812840461730957
8187f08f91074d8bbdb4c6009638f215,k-means,warm,exec,queue,0.033930063247680664,2.384185791015625e-07,2.384185791015625e-07,1609701154.804615,1609701155.0309885,0.22637343406677246,1609701154.8780754,1609701154.885748,0.007672548294067383
0529f9917831441da645e4c244c6e4a6,k-means,warm,exec,queue,0.03941202163696289,4.76837158203125e-07,0.0,1609701154.8072348,1609701155.0623088,0.25507402420043945,1609701154.8893847,1609701154.897074,0.007689237594604492
b82e309b30e34c3790911d6c53f3eabc,k-means,warm,exec,queue,0.04515266418457031,2.384185791015625e-07,2.384185791015625e-07,1609701154.8095102,1609701155.1444032,0.33489298820495605,1609701154.8919418,1609701154.8973477,0.005405902862548828
5e38ee23a2284114955233ebf9e9bf6d,k-means,warm,exec,queue,0.04987621307373047,2.384185791015625e-07,2.384185791015625e-07,1609701154.8111076,1609701155.0638928,0.25278520584106445,1609701154.8956213,1609701154.9023125,0.0066912174224853516
cd7d34e660b442c28af0347091682336,k-means,warm,exec,queue,0.008353948593139648,2.384185791015625e-07,2.384185791015625e-07,1609701154.8127167,1609701154.9458377,0.13312101364135742,1609701154.8481011,1609701154.8567233,0.008622169494628906
1827f50dc3fa4f38a792544f096a8fad,k-means,warm,exec,queue,0.013782262802124023,2.384185791015625e-07,2.384185791015625e-07,1609701154.8143163,1609701154.9491863,0.13487005233764648,1609701154.8528123,1609701154.8602,0.007387638092041016
209045580d1040a18981ebb1873aba92,k-means,warm,exec,queue,0.01921391487121582,2.384185791015625e-07,2.384185791015625e-07,1609701154.815915,1609701155.0372002,0.22128510475158691,1609701154.8709521,1609701154.8798914,0.008939266204833984
ad4ca2f0d79e48348bed33cef07eb3ec,k-means,warm,exec,queue,0.02462625503540039,4.76837158203125e-07,2.384185791015625e-07,1609701154.8176785,1609701155.1424227,0.32474422454833984,1609701154.873633,1609701154.8804255,0.006792545318603516
e9f74ccb1ba14f589ae8fef42cdf8fea,k-means,warm,exec,queue,0.031929731369018555,2.384185791015625e-07,4.76837158203125e-07,1609701154.8192596,1609701155.034603,0.21534347534179688,1609701154.8743167,1609701154.8812542,0.006937503814697266
d2f2d3ae930341e597e0504ea05fc8d3,video,warm,exec,queue,0.018461227416992188,2.384185791015625e-07,4.76837158203125e-07,1609701154.8208387,1609701155.0340426,0.21320390701293945,1609701154.8741126,1609701154.8911307,0.01701807975769043
637fab0df6b44c4c88d22474db4a4a50,matmul,warm,exec,queue,0.027480125427246094,2.384185791015625e-07,2.384185791015625e-07,1609701154.8224287,1609701154.988231,0.1658022403717041,1609701154.8748603,1609701154.8849766,0.010116338729858398
ad584140799a4fb389c2fa795deaf31c,map_reduce,warm,exec,queue,0.023630380630493164,2.384185791015625e-07,2.384185791015625e-07,1609701154.824134,1609701155.1898155,0.36568140983581543,1609701154.87511,1609701154.96036,0.0852501392364502
14fe6f7ea4e54dd6985d77f01e3f4b98,k-means,warm,exec,queue,0.0026693344116210938,4.76837158203125e-07,0.0,1609701155.7978115,1609701156.5154788,0.7176673412322998,1609701155.8489163,1609701155.857139,0.008222818374633789
1f154dce7c1542fe9b414079e022c49c,k-means,warm,exec,queue,0.03795456886291504,2.384185791015625e-07,2.384185791015625e-07,1609701155.8021967,1609701156.776649,0.9744522571563721,1609701155.8812153,1609701155.8859158,0.004700422286987305
6227f16c604543c8b4f841055fff3694,k-means,warm,exec,queue,0.0428309440612793,4.76837158203125e-07,0.0,1609701155.8047647,1609701156.5905077,0.785742998123169,1609701155.8854845,1609701155.8911886,0.005704164505004883
bfef9fe440f94ccb911504fa8337f0fa,k-means,warm,exec,queue,0.04718303680419922,4.76837158203125e-07,2.384185791015625e-07,1609701155.8075373,1609701156.5582051,0.7506678104400635,1609701155.8919573,1609701155.8976269,0.005669593811035156
762ecf84758d4779be8be93ae1c53683,k-means,warm,exec,queue,0.05155634880065918,2.384185791015625e-07,0.0,1609701155.8103042,1609701156.7413301,0.9310259819030762,1609701155.8973608,1609701155.90353,0.00616908073425293
88d4daf160f348d6beac7602df7256a2,k-means,warm,exec,queue,0.05610823631286621,2.384185791015625e-07,0.0,1609701155.812736,1609701156.7154772,0.9027411937713623,1609701155.9020586,1609701155.9080684,0.006009817123413086
95ee59ce291c489bbbebec6853355a1f,k-means,warm,exec,queue,0.032570838928222656,2.384185791015625e-07,2.384185791015625e-07,1609701155.814306,1609701156.5167153,0.7024092674255371,1609701155.8738537,1609701155.8797498,0.005896091461181641
1ee088eb63d9446982c6524488247fef,k-means,warm,exec,queue,0.027805566787719727,4.76837158203125e-07,2.384185791015625e-07,1609701155.8158698,1609701156.5924294,0.776559591293335,1609701155.8692853,1609701155.8744764,0.00519108772277832
8cb4a9c3053342c79509b5cf416c353c,k-means,warm,exec,queue,0.02345132827758789,4.76837158203125e-07,4.76837158203125e-07,1609701155.817469,1609701156.5142078,0.6967389583587646,1609701155.8680768,1609701155.8740964,0.00601959228515625
49011aa2a97a4cfe88651ca4b022c5fd,k-means,warm,exec,queue,0.018433809280395508,2.384185791015625e-07,2.384185791015625e-07,1609701155.8191628,1609701156.5565038,0.7373409271240234,1609701155.85916,1609701155.8672304,0.00807046890258789
e720e07968184ae085cec09861ca3785,k-means,warm,exec,queue,0.010956525802612305,7.152557373046875e-07,2.384185791015625e-07,1609701155.8207424,1609701156.5942264,0.7734839916229248,1609701155.8485186,1609701155.8562038,0.007685184478759766
76601c9c31fb463885566f0ab9e9df5d,k-means,warm,exec,queue,0.015361785888671875,2.384185791015625e-07,2.384185791015625e-07,1609701155.8223064,1609701156.7791119,0.9568054676055908,1609701155.852812,1609701155.8604925,0.007680416107177734
18f7356718d64184a64e20802e38633d,k-means,warm,exec,queue,0.060495615005493164,4.76837158203125e-07,2.384185791015625e-07,1609701155.8238678,1609701156.7130969,0.8892290592193604,1609701155.906325,1609701155.9110231,0.004698038101196289
94b468e50eae4a9ba2eb14907d82a4c7,k-means,warm,exec,queue,0.004551410675048828,2.384185791015625e-07,2.384185791015625e-07,1609701156.8041885,1609701156.9890175,0.1848289966583252,1609701156.8526063,1609701156.8603008,0.0076944828033447266
4db0590d0a9e43e7aedfb94b31d61501,k-means,warm,exec,queue,0.005860567092895508,4.76837158203125e-07,0.0,1609701156.8073127,1609701156.9878986,0.1805858612060547,1609701156.851993,1609701156.8583908,0.006397724151611328
cd42b8ed74664abfb3d861d9890e2e62,k-means,warm,exec,queue,0.010492086410522461,2.384185791015625e-07,0.0,1609701156.8093626,1609701157.095364,0.28600144386291504,1609701156.8572772,1609701156.8645473,0.007270097732543945
f53acadca1ad40ea8ca36e25e64f19c2,k-means,warm,exec,queue,0.015546560287475586,2.384185791015625e-07,0.0,1609701156.8113735,1609701156.98325,0.1718764305114746,1609701156.868404,1609701156.8759968,0.007592916488647461
5d364b38f4c14a77a6efcf4e5448ae7b,k-means,warm,exec,queue,0.02182292938232422,2.384185791015625e-07,0.0,1609701156.813671,1609701157.0947661,0.281095027923584,1609701156.8711693,1609701156.8776212,0.006451845169067383
30a9bb0bc4ac48058e2d1ce8221ecef3,k-means,warm,exec,queue,0.028431177139282227,2.384185791015625e-07,2.384185791015625e-07,1609701156.815685,1609701157.327147,0.5114619731903076,1609701156.876421,1609701156.883135,0.0067141056060791016
9e46c41ddd534e0aab21da19a3d0cfba,k-means,warm,exec,queue,0.033003807067871094,2.384185791015625e-07,2.384185791015625e-07,1609701156.8174121,1609701157.0917385,0.2743263244628906,1609701156.8832002,1609701156.889937,0.00673675537109375
2c94dcc1ef25436bb411cb33fc978cee,k-means,warm,exec,queue,0.03925180435180664,2.384185791015625e-07,0.0,1609701156.818873,1609701156.9884984,0.16962552070617676,1609701156.8885148,1609701156.8944705,0.005955696105957031
9184f334bc8548b1a4bf0fe4e3774c5c,k-means,warm,exec,queue,0.04395341873168945,2.384185791015625e-07,4.76837158203125e-07,1609701156.8203406,1609701157.1775687,0.35722804069519043,1609701156.8965476,1609701156.9024587,0.005911111831665039
70e70a967bb147968a892bcecc7a1605,k-means,warm,exec,queue,0.04842090606689453,2.384185791015625e-07,0.0,1609701156.8219051,1609701157.1780388,0.35613369941711426,1609701156.90289,1609701156.909676,0.0067861080169677734
4b678ba2bcf74d9f9927e0b9f7e6935f,k-means,warm,exec,queue,0.053722381591796875,2.384185791015625e-07,0.0,1609701156.823356,1609701157.3246825,0.5013265609741211,1609701156.9039056,1609701156.910676,0.00677037239074707
b07a3b9453f644e4ab17eed34d498bf4,k-means,warm,exec,queue,0.0585176944732666,2.384185791015625e-07,2.384185791015625e-07,1609701156.8249104,1609701157.1752148,0.35030436515808105,1609701156.9083915,1609701156.914354,0.0059626102447509766
25cf33dee4964f61b3a285d0ab8791a4,k-means,warm,exec,queue,0.0638875961303711,7.152557373046875e-07,2.384185791015625e-07,1609701156.8263974,1609701157.097054,0.2706565856933594,1609701156.9171486,1609701156.9234655,0.0063169002532958984
af4520cc5a25488c9f6715d8c7a75338,video,warm,exec,queue,0.015926122665405273,2.384185791015625e-07,2.384185791015625e-07,1609701156.82847,1609701157.3278997,0.49942970275878906,1609701156.8714652,1609701156.8865516,0.01508641242980957
3333b5fcb3564111a9e70deb26a20d67,k-means,warm,exec,queue,0.0025458335876464844,4.76837158203125e-07,2.384185791015625e-07,1609701157.7983258,1609701157.9177275,0.11940169334411621,1609701157.843188,1609701157.8518689,0.00868082046508789
498ff6b683f04c4684515517b92bfb8e,k-means,warm,exec,queue,0.016092300415039062,2.384185791015625e-07,2.384185791015625e-07,1609701157.8025897,1609701157.9755087,0.17291903495788574,1609701157.8536744,1609701157.8625538,0.008879423141479492
8353062d3ead409faf736570d2c1c5f6,k-means,warm,exec,queue,0.021670103073120117,2.384185791015625e-07,2.384185791015625e-07,1609701157.8052924,1609701158.2021122,0.3968198299407959,1609701157.8599827,1609701157.8662953,0.00631260871887207
59fbb54dae9740c383a5b7cce9e49b4c,k-means,warm,exec,queue,0.02629375457763672,2.384185791015625e-07,2.384185791015625e-07,1609701157.8079104,1609701157.9502146,0.1423041820526123,1609701157.8638005,1609701157.8686929,0.0048923492431640625
0c74c11cfafd48e9a5a970e52af9fcd7,k-means,warm,exec,queue,0.03154277801513672,4.76837158203125e-07,0.0,1609701157.8108563,1609701157.9512658,0.1404094696044922,1609701157.8710194,1609701157.8777745,0.00675511360168457
fce50b02d6424f658cd59a84c4ad6b01,k-means,warm,exec,queue,0.03679156303405762,2.384185791015625e-07,0.0,1609701157.813223,1609701158.0042458,0.1910228729248047,1609701157.8758345,1609701157.8822603,0.0064258575439453125
4a52315eb6964b42ba725d64a19e7683,k-means,warm,exec,queue,0.04214072227478027,2.384185791015625e-07,0.0,1609701157.814836,1609701158.0016625,0.18682646751403809,1609701157.883288,1609701157.8899949,0.006706953048706055
e232d5509f9f49888fa27a30b93f7751,k-means,warm,exec,queue,0.04687333106994629,2.384185791015625e-07,0.0,1609701157.8164551,1609701158.0062108,0.18975567817687988,1609701157.8883626,1609701157.8948562,0.006493568420410156
0ccfafd7fdd94842b0b88b207b83492e,k-means,warm,exec,queue,0.05192208290100098,2.384185791015625e-07,2.384185791015625e-07,1609701157.8180695,1609701158.0428233,0.22475385665893555,1609701157.892636,1609701157.8978443,0.005208253860473633
1d7f601d834249e7abc03b5544aa63f7,k-means,warm,exec,queue,0.008665800094604492,2.384185791015625e-07,2.384185791015625e-07,1609701157.8198044,1609701157.91891,0.0991055965423584,1609701157.8428204,1609701157.8513124,0.008491992950439453
b094c8edd60342e58e8e17443dc1cb0e,k-means,warm,exec,queue,0.013863801956176758,4.76837158203125e-07,2.384185791015625e-07,1609701157.8214219,1609701158.0047722,0.1833503246307373,1609701157.8483958,1609701157.8570282,0.008632421493530273
59c203ed380e44a0b8e1bec4fd5bddb2,k-means,warm,exec,queue,0.0008308887481689453,4.76837158203125e-07,2.384185791015625e-07,1609701158.797236,1609701158.924637,0.12740111351013184,1609701158.8430834,1609701158.851865,0.008781671524047852
4213e6b99f844a8a975e209246c722bd,video,warm,exec,queue,0.025417327880859375,2.384185791015625e-07,2.384185791015625e-07,1609701158.8015308,1609701159.0385995,0.23706865310668945,1609701158.869058,1609701158.8871953,0.018137454986572266
926a16e5ff75483db8b19ecb6ddea1d7,k-means,warm,exec,queue,0.004886627197265625,7.152557373046875e-07,0.0,1609701158.8042321,1609701158.9240172,0.11978507041931152,1609701158.8432443,1609701158.8522918,0.009047508239746094
2ccdff8c927b4b05a096c1457f3a2d42,k-means,warm,exec,queue,0.010461091995239258,2.384185791015625e-07,0.0,1609701158.8068733,1609701158.920441,0.11356759071350098,1609701158.8485377,1609701158.856856,0.008318424224853516
9958fd8f4b9348ed8367b03b2a54c403,k-means,warm,exec,queue,0.015043497085571289,4.76837158203125e-07,0.0,1609701158.8095107,1609701158.9935582,0.18404746055603027,1609701158.8534448,1609701158.8617294,0.008284568786621094
e9dc055091f14e158ca5bd96102f074b,k-means,warm,exec,queue,0.01961541175842285,4.76837158203125e-07,0.0,1609701158.812501,1609701158.9865177,0.17401671409606934,1609701158.8648229,1609701158.87505,0.010227203369140625
fe4568eba51141dbac05192970c6c41d,k-means,warm,exec,queue,0.024817705154418945,2.384185791015625e-07,0.0,1609701158.8141172,1609701158.9929025,0.1787853240966797,1609701158.8676066,1609701158.8738785,0.006271839141845703
16ec4c3044b24b8cb8a74a4b85e20ebf,k-means,warm,exec,queue,0.02998638153076172,2.384185791015625e-07,4.76837158203125e-07,1609701158.8157372,1609701158.9439094,0.1281721591949463,1609701158.8708277,1609701158.8780503,0.007222652435302734
35666d36fa604ca6aa100a815e62edc4,k-means,warm,exec,queue,0.03613114356994629,2.384185791015625e-07,2.384185791015625e-07,1609701158.8173845,1609701158.9895282,0.17214369773864746,1609701158.8763216,1609701158.8827653,0.00644373893737793
bb312da107a14b229b33e4b546f997f8,k-means,warm,exec,queue,0.041110992431640625,4.76837158203125e-07,2.384185791015625e-07,1609701158.8191361,1609701158.9963326,0.17719650268554688,1609701158.8842313,1609701158.8910549,0.006823539733886719
8e598e8adcdb4ddebd3ec42074ab58ee,k-means,warm,exec,queue,0.002099752426147461,4.76837158203125e-07,2.384185791015625e-07,1609701159.8053536,1609701159.9490733,0.14371967315673828,1609701159.858771,1609701159.867482,0.008710861206054688
8873f98bf0064984a098f1414b5a6615,k-means,warm,exec,queue,0.04536104202270508,4.76837158203125e-07,2.384185791015625e-07,1609701159.8092153,1609701160.1449268,0.3357114791870117,1609701159.905013,1609701159.911076,0.006062984466552734
7a5c83118c3a4929bd572685195a2526,k-means,warm,exec,queue,0.049823760986328125,2.384185791015625e-07,4.76837158203125e-07,1609701159.8116314,1609701160.2448761,0.4332447052001953,1609701159.9063795,1609701159.911565,0.005185604095458984
572dde6cd378416d8dc704387b49748d,k-means,warm,exec,queue,0.05513119697570801,2.384185791015625e-07,0.0,1609701159.8140547,1609701160.0603046,0.24624991416931152,1609701159.9122355,1609701159.9189177,0.006682157516479492
377a13fb4a104de2a1723336bb448c5f,k-means,warm,exec,queue,0.0195772647857666,2.384185791015625e-07,0.0,1609701159.8167498,1609701160.0043228,0.18757295608520508,1609701159.8717086,1609701159.8787012,0.0069925785064697266
115860daa5fd44d8a2dcd4acd7b265a0,k-means,warm,exec,queue,0.0261383056640625,4.76837158203125e-07,2.384185791015625e-07,1609701159.8191369,1609701160.2720366,0.452899694442749,1609701159.8890631,1609701159.8943436,0.005280494689941406
055b8f0ea1d3480a97810db790726941,k-means,warm,exec,queue,0.032067060470581055,7.152557373046875e-07,2.384185791015625e-07,1609701159.8212795,1609701160.060862,0.23958253860473633,1609701159.8896313,1609701159.8965354,0.006904125213623047
3175153eec5c413ab41169541dc4466d,k-means,warm,exec,queue,0.03714466094970703,4.76837158203125e-07,0.0,1609701159.82284,1609701160.1429899,0.32014989852905273,1609701159.8907452,1609701159.8965867,0.005841493606567383
1a22771b1ae64cdfaa436fed688a24ef,k-means,warm,exec,queue,0.04241943359375,2.384185791015625e-07,2.384185791015625e-07,1609701159.8244245,1609701160.2412066,0.4167821407318115,1609701159.8957186,1609701159.9032462,0.007527589797973633
df722f1b4a024d5d9d0bfc3c7ef016b1,k-means,warm,exec,queue,0.014189720153808594,2.384185791015625e-07,0.0,1609701159.8261223,1609701160.1423461,0.3162238597869873,1609701159.8657184,1609701159.8744707,0.00875234603881836
42b20cafa67e4c88b5a704f3ca8fdffa,k-means,warm,exec,queue,0.009165287017822266,2.384185791015625e-07,2.384185791015625e-07,1609701159.8276825,1609701159.94959,0.12190747261047363,1609701159.8602757,1609701159.8680801,0.007804393768310547
b992ae3f346c4f25a0ce1f0f35b38b56,k-means,warm,exec,queue,0.006979465484619141,2.384185791015625e-07,0.0,1609701159.8292532,1609701159.9465814,0.11732816696166992,1609701159.8599257,1609701159.8685303,0.00860452651977539
30e22f07f4594deb9bee620d9be350b0,k-means,warm,exec,queue,0.06029200553894043,2.384185791015625e-07,2.384185791015625e-07,1609701159.8308198,1609701160.2443018,0.4134819507598877,1609701159.9186614,1609701159.924438,0.005776643753051758
adefeebacbad456a84c21ae13e496bb2,k-means,warm,exec,queue,0.06537771224975586,2.384185791015625e-07,2.384185791015625e-07,1609701159.8325052,1609701160.0613546,0.2288494110107422,1609701159.9240491,1609701159.9304452,0.006396055221557617
c6f952548b864cbebaeeca481f644d4c,matmul,warm,exec,queue,0.016432762145996094,4.76837158203125e-07,2.384185791015625e-07,1609701159.834055,1609701160.0565355,0.22248053550720215,1609701159.8898451,1609701159.9003456,0.010500431060791016
e71d8ece6220435486b4b1826b03e699,k-means,warm,exec,queue,0.004044532775878906,7.152557373046875e-07,2.384185791015625e-07,1609701160.793259,1609701160.8905616,0.09730267524719238,1609701160.8216512,1609701160.83059,0.008938789367675781
832faf818dfc4a84a786f8e441213d5a,video,warm,exec,queue,0.02338266372680664,2.384185791015625e-07,2.384185791015625e-07,1609701160.7974827,1609701160.9991827,0.20169997215270996,1609701160.8443584,1609701160.8606484,0.016289949417114258
355e64805e4f4b2c9d506a5b0cf6840a,k-means,warm,exec,queue,0.0076982975006103516,4.76837158203125e-07,2.384185791015625e-07,1609701160.8001223,1609701160.948928,0.14880585670471191,1609701160.8251429,1609701160.8322918,0.0071489810943603516
ff47526a70234627bff2f031db971bb1,k-means,warm,exec,queue,0.013030052185058594,2.384185791015625e-07,2.384185791015625e-07,1609701160.8027768,1609701160.925336,0.1225590705871582,1609701160.8322897,1609701160.839693,0.007403373718261719
876f1ee845c64389a8408cae54502b47,k-means,warm,exec,queue,0.018798828125,2.384185791015625e-07,2.384185791015625e-07,1609701160.8051264,1609701161.0010803,0.1959538459777832,1609701160.842974,1609701160.8518744,0.00890040397644043
3c350ef0ff994dd0891e56b5a8b158aa,k-means,warm,exec,queue,0.024135589599609375,2.384185791015625e-07,4.76837158203125e-07,1609701160.8069203,1609701160.923722,0.11680173873901367,1609701160.8473284,1609701160.853511,0.006182670593261719
8d68669b4c554b378511660c7a4d22d6,k-means,warm,exec,queue,0.007738590240478516,4.76837158203125e-07,2.384185791015625e-07,1609701161.8120923,1609701161.9775214,0.16542911529541016,1609701161.8775504,1609701161.8859615,0.008411169052124023
25468970ddac4854bdf80099ab05b8fb,k-means,warm,exec,queue,0.054387569427490234,2.384185791015625e-07,2.384185791015625e-07,1609701161.816905,1609701162.3079746,0.4910695552825928,1609701161.9260023,1609701161.932616,0.006613731384277344
d40111ac74af4c4bb1adcba8c4149406,k-means,warm,exec,queue,0.05872154235839844,2.384185791015625e-07,2.384185791015625e-07,1609701161.8195264,1609701162.0813246,0.2617981433868408,1609701161.9297311,1609701161.9339259,0.004194736480712891
57eba2b82061482ab9b4469ca355c75d,k-means,warm,exec,queue,0.028733015060424805,4.76837158203125e-07,2.384185791015625e-07,1609701161.8221588,1609701162.1520264,0.3298676013946533,1609701161.89339,1609701161.898182,0.004791975021362305
e8fb3d206cd548f9a51f00a67b40d7db,k-means,warm,exec,queue,0.033138275146484375,2.384185791015625e-07,4.76837158203125e-07,1609701161.8249273,1609701161.9779336,0.15300631523132324,1609701161.8979928,1609701161.9051518,0.007158994674682617
7a5a3d8be28d46b2989b929f8e3cfa05,k-means,warm,exec,queue,0.03807353973388672,2.384185791015625e-07,0.0,1609701161.826524,1609701162.3037555,0.477231502532959,1609701161.9044592,1609701161.9104574,0.005998134613037109
26eedde1a14646cea608d46ec7cc45fc,k-means,warm,exec,queue,0.04266858100891113,2.384185791015625e-07,2.384185791015625e-07,1609701161.8281236,1609701162.0759456,0.24782204627990723,1609701161.9079547,1609701161.9130194,0.005064725875854492
b7f57418223443968913953d595a41ef,k-means,warm,exec,queue,0.04740190505981445,2.384185791015625e-07,2.384185791015625e-07,1609701161.8297396,1609701162.155001,0.32526135444641113,1609701161.9148426,1609701161.9198713,0.005028724670410156
4183d40f2a8e476e85bcb68e6363272c,k-means,warm,exec,queue,0.05213594436645508,2.384185791015625e-07,0.0,1609701161.83147,1609701162.3091495,0.4776794910430908,1609701161.919146,1609701161.9237988,0.004652738571166992
a41f837a82da41f59ac655e174bf0239,k-means,warm,exec,queue,0.02384328842163086,4.76837158203125e-07,0.0,1609701161.8330872,1609701162.1555855,0.3224983215332031,1609701161.8880832,1609701161.8964808,0.008397579193115234
941aeeeae39c4ecbac10b18b0b26e92c,k-means,warm,exec,queue,0.019269466400146484,2.384185791015625e-07,0.0,1609701161.8346963,1609701161.9783254,0.1436290740966797,1609701161.882115,1609701161.8908386,0.008723735809326172
7d527525cd9c4e1ca37c635e02b84b2f,k-means,warm,exec,queue,0.014315605163574219,2.384185791015625e-07,0.0,1609701161.8362749,1609701161.9749177,0.1386427879333496,1609701161.8771267,1609701161.8857436,0.008616924285888672
d5fc1bbdac2046a6a6c5756de4682eb9,k-means,warm,exec,queue,0.06302618980407715,2.384185791015625e-07,2.384185791015625e-07,1609701161.8379586,1609701162.0252547,0.18729615211486816,1609701161.9352393,1609701161.9415843,0.006345033645629883
f25c6b5586e14faa9010ac58f5db6136,k-means,warm,exec,queue,0.06813979148864746,2.384185791015625e-07,2.384185791015625e-07,1609701161.8395307,1609701162.0795698,0.24003911018371582,1609701161.940646,1609701161.9452522,0.0046062469482421875
6585e715ea86472a87ac21b87ea930ed,k-means,warm,exec,queue,0.07329964637756348,2.384185791015625e-07,2.384185791015625e-07,1609701161.8411276,1609701162.0789552,0.23782753944396973,1609701161.9476724,1609701161.9542277,0.006555318832397461
fcefda93a31f4d7eb14a1343ee3eb6bc,k-means,warm,exec,queue,0.07857084274291992,2.384185791015625e-07,2.384185791015625e-07,1609701161.842702,1609701162.3086026,0.4659006595611572,1609701161.9520442,1609701161.956438,0.004393815994262695
8ffa45c38a1d44cf8c6c8cb618c1695d,k-means,warm,exec,queue,0.08318376541137695,7.152557373046875e-07,2.384185791015625e-07,1609701161.8444023,1609701162.23448,0.3900775909423828,1609701161.9575324,1609701161.9625604,0.0050280094146728516
13f5bc50c72a40939078acfd6c0385e8,k-means,warm,exec,queue,0.08773136138916016,2.384185791015625e-07,0.0,1609701161.8459487,1609701162.157277,0.3113284111022949,1609701161.9622695,1609701161.9666784,0.004408836364746094
cc46551fe05f4a308bcd94522729ae80,k-means,warm,exec,queue,0.09243488311767578,4.76837158203125e-07,2.384185791015625e-07,1609701161.8475077,1609701162.2177906,0.3702828884124756,1609701161.9686346,1609701161.9755614,0.006926774978637695
19cc2dfd0d1d42da83d80ac55eb53aee,k-means,warm,exec,queue,0.00440669059753418,4.76837158203125e-07,2.384185791015625e-07,1609701162.7951515,1609701162.8944407,0.0992891788482666,1609701162.8263228,1609701162.835482,0.009159088134765625
4aa9917fa6584856a099fa430d02a343,video,warm,exec,queue,0.016917705535888672,2.384185791015625e-07,0.0,1609701162.7995076,1609701162.969594,0.17008638381958008,1609701162.8457847,1609701162.8634148,0.01763010025024414
8ca8610786694e9a876b9af3318c3b0f,k-means,warm,exec,queue,0.009083986282348633,4.76837158203125e-07,2.384185791015625e-07,1609701162.8022087,1609701162.924511,0.12230229377746582,1609701162.833119,1609701162.842483,0.009364128112792969
9c12912839eb4befb528f301885c164e,k-means,warm,exec,queue,0.0135040283203125,4.76837158203125e-07,2.384185791015625e-07,1609701162.8046775,1609701162.9222507,0.11757326126098633,1609701162.8352344,1609701162.8434975,0.008263111114501953
e065f9f93b4b4116962ac2d4784877b7,k-means,warm,exec,queue,0.01891016960144043,2.384185791015625e-07,2.384185791015625e-07,1609701162.806279,1609701162.922862,0.11658310890197754,1609701162.8447406,1609701162.8530376,0.008296966552734375
85741b1f8f82460cad984bc0e9805c48,k-means,warm,exec,queue,0.023441314697265625,2.384185791015625e-07,2.384185791015625e-07,1609701162.8081043,1609701162.9194403,0.11133599281311035,1609701162.8515215,1609701162.858489,0.0069675445556640625
255cc96c315d47d2ab16fa855e0b13e0,k-means,warm,exec,queue,0.03002166748046875,2.384185791015625e-07,2.384185791015625e-07,1609701162.8097293,1609701163.0062628,0.1965334415435791,1609701162.8531349,1609701162.8607388,0.007603883743286133
3ee73698433541b79ca0caed2c2b0739,k-means,warm,exec,queue,0.004827260971069336,4.76837158203125e-07,2.384185791015625e-07,1609701163.8090641,1609701163.9573503,0.1482861042022705,1609701163.8643444,1609701163.872357,0.008012533187866211
d09965b33d324a42b82e3f9337333d45,k-means,warm,exec,queue,0.05772757530212402,4.76837158203125e-07,2.384185791015625e-07,1609701163.8135643,1609701164.104519,0.29095458984375,1609701163.9189644,1609701163.9240735,0.005109071731567383
235e60187c68407ebad23f1c74ffa345,k-means,warm,exec,queue,0.05254077911376953,2.384185791015625e-07,0.0,1609701163.8162374,1609701163.9788325,0.16259503364562988,1609701163.9142067,1609701163.9196181,0.005411386489868164
99a00bff79e7442bb4146d084734bf89,k-means,warm,exec,queue,0.04804635047912598,2.384185791015625e-07,4.76837158203125e-07,1609701163.8188677,1609701164.1731622,0.3542945384979248,1609701163.9080303,1609701163.9129677,0.004937410354614258
08b5d696fbc7472087968ccbfcf05c40,k-means,warm,exec,queue,0.04366016387939453,2.384185791015625e-07,0.0,1609701163.8212938,1609701163.9803326,0.15903878211975098,1609701163.9016747,1609701163.9080012,0.006326436996459961
d37975ce2e30452da4bfb958f6e5c011,k-means,warm,exec,queue,0.03870344161987305,2.384185791015625e-07,2.384185791015625e-07,1609701163.8228915,1609701164.108139,0.2852475643157959,1609701163.897268,1609701163.902094,0.0048258304595947266
cc0617ce1f264ffea39c5faa0e10dd55,k-means,warm,exec,queue,0.03427410125732422,4.76837158203125e-07,2.384185791015625e-07,1609701163.8245149,1609701164.2586021,0.43408727645874023,1609701163.8911254,1609701163.8959825,0.004857063293457031
351cc57b051d44638704b4002647bb56,k-means,warm,exec,queue,0.012119531631469727,4.76837158203125e-07,0.0,1609701163.8261228,1609701163.9579215,0.13179874420166016,1609701163.8646593,1609701163.8736773,0.0090179443359375
2475a1c35e3a4b8f8fa09ea6871ff8fb,k-means,warm,exec,queue,0.017185211181640625,4.76837158203125e-07,4.76837158203125e-07,1609701163.8277347,1609701164.0757086,0.24797391891479492,1609701163.8698294,1609701163.8782074,0.008378028869628906
6cffe1233d8d4090b65098bb225ba523,k-means,warm,exec,queue,0.02165508270263672,4.76837158203125e-07,2.384185791015625e-07,1609701163.829495,1609701163.954574,0.12507915496826172,1609701163.8756404,1609701163.8834043,0.007763862609863281
e45c07997b384893841580a98d588b10,k-means,warm,exec,queue,0.026680946350097656,2.384185791015625e-07,0.0,1609701163.8311074,1609701164.106411,0.27530360221862793,1609701163.8815386,1609701163.8878603,0.00632166862487793
c89cccd6bb944ccea27dc4c1eb1029f6,k-means,warm,exec,queue,0.03147411346435547,2.384185791015625e-07,0.0,1609701163.83269,1609701164.0208988,0.18820881843566895,1609701163.8852131,1609701163.89134,0.006126880645751953
e56ecf765d8040769cf7501b80f79cd0,k-means,warm,exec,queue,0.06255483627319336,2.384185791015625e-07,2.384185791015625e-07,1609701163.834267,1609701164.2565222,0.422255277633667,1609701163.9246757,1609701163.9307258,0.00605010986328125
602ee85ffbbb4eaa8dfe57b8516f5d93,k-means,warm,exec,queue,0.06738114356994629,2.384185791015625e-07,2.384185791015625e-07,1609701163.8359642,1609701164.0735617,0.23759746551513672,1609701163.9298077,1609701163.9349663,0.005158662796020508
5a4bfb6ec2024b8e8f88554a61370e52,k-means,warm,exec,queue,0.07183623313903809,7.152557373046875e-07,4.76837158203125e-07,1609701163.8375525,1609701164.3223917,0.48483920097351074,1609701163.9351254,1609701163.9420998,0.006974458694458008
097e3df11e5f47158f99bb27bc4cde98,k-means,warm,exec,queue,0.004228115081787109,2.384185791015625e-07,2.384185791015625e-07,1609701164.8150458,1609701165.1193776,0.30433177947998047,1609701164.881352,1609701164.890168,0.008816003799438477
bd8dba8cf82044c89263dd4b4967ca17,k-means,warm,exec,queue,0.009415149688720703,2.384185791015625e-07,0.0,1609701164.8196967,1609701164.966397,0.14670038223266602,1609701164.8818216,1609701164.8906,0.00877833366394043
a04a444f6a9b439180ae3db5851b9856,k-means,warm,exec,queue,0.013814926147460938,2.384185791015625e-07,2.384185791015625e-07,1609701164.8223655,1609701164.9682498,0.14588427543640137,1609701164.8864317,1609701164.8947537,0.008322000503540039
bdaeb1960be14edd8308086f7115f341,k-means,warm,exec,queue,0.018574237823486328,4.76837158203125e-07,2.384185791015625e-07,1609701164.824812,1609701165.0198889,0.19507694244384766,1609701164.892261,1609701164.8997457,0.0074846744537353516
152bc33307a84b18acbffa6917eae2c4,k-means,warm,exec,queue,0.023787975311279297,2.384185791015625e-07,2.384185791015625e-07,1609701164.8266258,1609701165.0169752,0.19034934043884277,1609701164.9054346,1609701164.9124734,0.00703883171081543
e439169130714a6794a893d1fa2406de,k-means,warm,exec,queue,0.033498525619506836,2.384185791015625e-07,0.0,1609701164.8282404,1609701165.2455852,0.4173448085784912,1609701164.9139564,1609701164.9232035,0.009247064590454102
7e30ba07cc7a45c1b80af44317b9b4f4,k-means,warm,exec,queue,0.03806638717651367,2.384185791015625e-07,2.384185791015625e-07,1609701164.8298504,1609701165.0205176,0.19066715240478516,1609701164.91567,1609701164.9247105,0.009040594100952148
66e70d6f45b2428cb873a262d027deca,k-means,warm,exec,queue,0.042825937271118164,4.76837158203125e-07,2.384185791015625e-07,1609701164.8314586,1609701165.121611,0.29015254974365234,1609701164.9219441,1609701164.9297032,0.00775909423828125
0f3852b31c2544329bd97dd74fd004e6,k-means,warm,exec,queue,0.04796195030212402,2.384185791015625e-07,2.384185791015625e-07,1609701164.8330834,1609701165.121237,0.28815364837646484,1609701164.9229534,1609701164.9302843,0.007330894470214844
7bfc3fd5141e48ca85575c3a54611dda,k-means,warm,exec,queue,0.0532684326171875,7.152557373046875e-07,0.0,1609701164.8348148,1609701165.117127,0.28231215476989746,1609701164.9343572,1609701164.9417274,0.0073702335357666016
d32b35933bb84b8c996cc3fb80be58de,k-means,warm,exec,queue,0.05954146385192871,2.384185791015625e-07,2.384185791015625e-07,1609701164.836414,1609701165.3981028,0.5616886615753174,1609701164.9412532,1609701164.9465504,0.005297183990478516
c037027f194e4a5aa9c868b76ed8fe2f,k-means,warm,exec,queue,0.06649041175842285,2.384185791015625e-07,2.384185791015625e-07,1609701164.837993,1609701165.2691758,0.431182861328125,1609701164.9427507,1609701164.9488091,0.006058454513549805
70751f32a7624bdbb86d2fdaf3e20c3b,k-means,warm,exec,queue,0.07140159606933594,2.384185791015625e-07,2.384185791015625e-07,1609701164.8399763,1609701165.119002,0.2790257930755615,1609701164.949198,1609701164.9560664,0.0068683624267578125
4cd943dbbf8146ae8e8147ad6fe1d243,k-means,warm,exec,queue,0.0760488510131836,2.384185791015625e-07,2.384185791015625e-07,1609701164.8415704,1609701165.4000747,0.5585043430328369,1609701164.9546218,1609701164.96093,0.006308317184448242
b0f698fe5d35452790a4105301decc04,k-means,warm,exec,queue,0.08133101463317871,2.384185791015625e-07,2.384185791015625e-07,1609701164.843146,1609701165.1489651,0.305819034576416,1609701164.9581823,1609701164.9642105,0.006028175354003906
e470b59654ed4b94a11d9c0ad33b5acf,video,warm,exec,queue,0.020741939544677734,2.384185791015625e-07,0.0,1609701164.8447435,1609701165.2720363,0.4272928237915039,1609701164.911128,1609701164.9280167,0.01688861846923828
2ccf3d4b1ddd4f1391966164c5573566,matmul,warm,exec,queue,0.02407383918762207,2.384185791015625e-07,0.0,1609701164.846428,1609701165.2726448,0.42621684074401855,1609701164.914162,1609701164.9250426,0.010880708694458008
798e6713bf3c477590a7e4657c038cc4,map_reduce,warm,exec,queue,0.02479100227355957,2.384185791015625e-07,0.0,1609701164.8479908,1609701165.2439392,0.3959484100341797,1609701164.914686,1609701165.0003033,0.0856173038482666
d07d35b3f0044a509b43810fa5942c09,disk,warm,exec,queue,0.030103445053100586,2.384185791015625e-07,0.0,1609701164.8495643,1609701165.2742844,0.42472004890441895,1609701164.916409,1609701164.9253764,0.008967399597167969
ad209c4237dd477d851a817564053e48,k-means,warm,exec,queue,0.0050656795501708984,4.76837158203125e-07,2.384185791015625e-07,1609701165.8020232,1609701165.919086,0.11706280708312988,1609701165.8340776,1609701165.840703,0.00662541389465332
06eb036b65b7425e941f8cda19f7ae39,k-means,warm,exec,queue,0.036220550537109375,4.76837158203125e-07,0.0,1609701165.8061252,1609701166.0473688,0.24124360084533691,1609701165.8700557,1609701165.873983,0.0039272308349609375
025bde53e7a749da9c0b216b492b644a,k-means,warm,exec,queue,0.009413480758666992,7.152557373046875e-07,2.384185791015625e-07,1609701165.8087342,1609701165.9204392,0.11170506477355957,1609701165.838398,1609701165.8463528,0.007954835891723633
fd084a025cee46a48fbbe08335f38e00,k-means,warm,exec,queue,0.013831138610839844,4.76837158203125e-07,2.384185791015625e-07,1609701165.8112743,1609701165.9437048,0.1324305534362793,1609701165.8447597,1609701165.8529406,0.008180856704711914
4ffa04a2311948f7bd5b155d24770742,k-means,warm,exec,queue,0.018906593322753906,4.76837158203125e-07,2.384185791015625e-07,1609701165.8133645,1609701165.9708333,0.1574687957763672,1609701165.8492377,1609701165.8548312,0.005593538284301758
39d537d2510641a197e46f5597864c57,k-means,warm,exec,queue,0.023673534393310547,2.384185791015625e-07,0.0,1609701165.8150072,1609701166.0042636,0.1892564296722412,1609701165.8536046,1609701165.858492,0.00488734245300293
d2052052a6b849ef8f11b40a093a9e0f,k-means,warm,exec,queue,0.028887271881103516,2.384185791015625e-07,2.384185791015625e-07,1609701165.816499,1609701165.969448,0.15294909477233887,1609701165.8604739,1609701165.8645797,0.004105806350708008
4ba58a035b7a4764932b6aac349b75f6,k-means,warm,exec,queue,0.033255577087402344,2.384185791015625e-07,2.384185791015625e-07,1609701165.817975,1609701166.045544,0.2275688648223877,1609701165.864307,1609701165.8687525,0.004445552825927734
0631bc99fb814029a90bb70cdc1a9e9d,k-means,warm,exec,queue,0.0029075145721435547,2.384185791015625e-07,4.76837158203125e-07,1609701166.8114958,1609701166.977918,0.16642212867736816,1609701166.8652582,1609701166.873642,0.008383750915527344
a8b41886fe39477995cf6908fdb09b3e,k-means,warm,exec,queue,0.007651567459106445,2.384185791015625e-07,2.384185791015625e-07,1609701166.8161201,1609701166.9773412,0.16122102737426758,1609701166.8653905,1609701166.8733232,0.007932662963867188
a64b25367d2c4f23975aa1c85fa8b444,k-means,warm,exec,queue,0.012076377868652344,2.384185791015625e-07,0.0,1609701166.8188806,1609701166.974598,0.1557173728942871,1609701166.8712833,1609701166.879929,0.008645772933959961
6808b92ab8bc4257bf79609428ebd050,k-means,warm,exec,queue,0.019390344619750977,2.384185791015625e-07,4.76837158203125e-07,1609701166.8211145,1609701167.0780673,0.25695276260375977,1609701166.884818,1609701166.8937087,0.008890628814697266
2e51b88c09434272874613bf40995c47,k-means,warm,exec,queue,0.024878263473510742,4.76837158203125e-07,2.384185791015625e-07,1609701166.822976,1609701167.1687474,0.34577131271362305,1609701166.8870502,1609701166.8943737,0.007323503494262695
20bb865ab27b4b9eab86db45f1b94338,k-means,warm,exec,queue,0.0295257568359375,2.384185791015625e-07,0.0,1609701166.824654,1609701167.0245159,0.19986176490783691,1609701166.890377,1609701166.8972461,0.006869077682495117
311038f10c31485694cb6662e5d3e0bc,k-means,warm,exec,queue,0.03488492965698242,2.384185791015625e-07,2.384185791015625e-07,1609701166.8263242,1609701167.026259,0.199934720993042,1609701166.8965125,1609701166.9039555,0.007442951202392578
e32e51ddd23240979b4fff62acfb05b8,k-means,warm,exec,queue,0.0394129753112793,2.384185791015625e-07,0.0,1609701166.8279855,1609701167.2004783,0.37249279022216797,1609701166.9053211,1609701166.9129987,0.007677555084228516
81c0ca5af711462e97901c631c9fd8c8,k-means,warm,exec,queue,0.04536128044128418,2.384185791015625e-07,2.384185791015625e-07,1609701166.8297303,1609701167.2446375,0.41490721702575684,1609701166.9066298,1609701166.9129567,0.006326913833618164
b694251bd70d4f278f21f1c898c52530,k-means,warm,exec,queue,0.050003767013549805,2.384185791015625e-07,0.0,1609701166.8315213,1609701167.126396,0.2948746681213379,1609701166.9155772,1609701166.9217541,0.006176948547363281
45475140764f487eb25e22902c3c99b6,k-means,warm,exec,queue,0.05448722839355469,7.152557373046875e-07,4.76837158203125e-07,1609701166.8331745,1609701167.2035143,0.37033987045288086,1609701166.9169345,1609701166.9236994,0.006764888763427734
44dafa06aa8747a7a4c6b2287cacf886,k-means,warm,exec,queue,0.06065225601196289,2.384185791015625e-07,2.384185791015625e-07,1609701166.8348048,1609701167.204122,0.36931729316711426,1609701166.9235177,1609701166.9300122,0.0064945220947265625
27ba0351d0194f0ea9432e8f59997fa7,k-means,warm,exec,queue,0.0651240348815918,2.384185791015625e-07,0.0,1609701166.8364542,1609701167.1669335,0.33047938346862793,1609701166.9302838,1609701166.937632,0.007348299026489258
83589549fc3e49e69468ad828b2e778a,video,warm,exec,queue,0.017238140106201172,2.384185791015625e-07,2.384185791015625e-07,1609701166.8382096,1609701167.0760963,0.23788666725158691,1609701166.8877282,1609701166.9046323,0.016904115676879883
dde42d55a5ad4723bf5dcac4bb8778fc,k-means,warm,exec,queue,0.006905555725097656,4.76837158203125e-07,2.384185791015625e-07,1609701167.8103824,1609701167.935243,0.12486052513122559,1609701167.8586576,1609701167.8672745,0.008616924285888672
6ffbe9463de84e8885085543279f5a2f,k-means,warm,exec,queue,0.0484166145324707,4.76837158203125e-07,2.384185791015625e-07,1609701167.8149924,1609701168.04445,0.22945761680603027,1609701167.905706,1609701167.9128149,0.007108926773071289
025593bcbba54002ba846862f503ffb4,k-means,warm,exec,queue,0.053038597106933594,2.384185791015625e-07,0.0,1609701167.8177607,1609701168.023932,0.20617127418518066,1609701167.9100552,1609701167.9161394,0.0060842037200927734
81178589cc6c4670832fd910d3c81ae8,k-means,warm,exec,queue,0.058567047119140625,2.384185791015625e-07,0.0,1609701167.8204894,1609701168.0689168,0.2484273910522461,1609701167.9151568,1609701167.921825,0.0066680908203125
ba527dd1e21e48ae8fd647cedab26b44,k-means,warm,exec,queue,0.030434370040893555,7.152557373046875e-07,2.384185791015625e-07,1609701167.8224168,1609701168.0429525,0.2205357551574707,1609701167.8809378,1609701167.8870754,0.0061376094818115234
0d95f891867e4223a31b0020200879b7,k-means,warm,exec,queue,0.035747528076171875,2.384185791015625e-07,2.384185791015625e-07,1609701167.8240716,1609701168.2025733,0.37850165367126465,1609701167.8882256,1609701167.8931797,0.004954099655151367
64e71e78739948a2bf9287978195bf83,k-means,warm,exec,queue,0.04102659225463867,2.384185791015625e-07,2.384185791015625e-07,1609701167.8258111,1609701168.071512,0.24570083618164062,1609701167.8929484,1609701167.8994627,0.006514310836791992
1025cf27552d4362886b5d1a8669234b,k-means,warm,exec,queue,0.04644179344177246,2.384185791015625e-07,2.384185791015625e-07,1609701167.827467,1609701168.0205648,0.19309782981872559,1609701167.898872,1609701167.9050415,0.006169557571411133
4f1ad5e24f9342ff8453df580c03f581,k-means,warm,exec,queue,0.024823665618896484,2.384185791015625e-07,2.384185791015625e-07,1609701167.829151,1609701167.9763067,0.14715576171875,1609701167.8749764,1609701167.8798516,0.00487518310546875
6444f6a4ded146179073099a02f6bb05,k-means,warm,exec,queue,0.019948244094848633,7.152557373046875e-07,2.384185791015625e-07,1609701167.8309307,1609701168.0233173,0.19238662719726562,1609701167.8743439,1609701167.8819728,0.007628917694091797
549cee01cbde46b0bd2195985023258f,k-means,warm,exec,queue,0.01525425910949707,4.76837158203125e-07,2.384185791015625e-07,1609701167.832579,1609701168.018763,0.18618416786193848,1609701167.8659084,1609701167.8745008,0.008592367172241211
6086deaee05d40489f11af2039fdeed2,k-means,warm,exec,queue,0.010155200958251953,2.384185791015625e-07,2.384185791015625e-07,1609701167.8342118,1609701167.9369473,0.10273551940917969,1609701167.8588445,1609701167.8661168,0.007272243499755859
ffaf31ac891d4ea1a90f8a1b9277f1e7,k-means,warm,exec,queue,0.0639042854309082,2.384185791015625e-07,2.384185791015625e-07,1609701167.8358512,1609701168.0720444,0.23619318008422852,1609701167.9218762,1609701167.9280384,0.006162166595458984
5a06e592da624b48b432108846c346b8,k-means,warm,exec,queue,0.005092620849609375,4.76837158203125e-07,4.76837158203125e-07,1609701168.8118765,1609701168.9552197,0.14334321022033691,1609701168.8670442,1609701168.8750415,0.007997274398803711
d39488b15dfd4529a63fb38d013d1d80,k-means,warm,exec,queue,0.006212472915649414,2.384185791015625e-07,2.384185791015625e-07,1609701168.8164468,1609701168.9597108,0.1432640552520752,1609701168.867216,1609701168.8759494,0.008733272552490234
448e3bb0e5ed4e65a6ea1bd56f0cc869,k-means,warm,exec,queue,0.010896682739257812,2.384185791015625e-07,0.0,1609701168.8190928,1609701168.9591403,0.14004755020141602,1609701168.871555,1609701168.87968,0.008124828338623047
157b0e8913284477bdad9051b907f02d,k-means,warm,exec,queue,0.01556849479675293,2.384185791015625e-07,2.384185791015625e-07,1609701168.8217585,1609701169.0147042,0.1929457187652588,1609701168.8770785,1609701168.885566,0.008487462997436523
9152bb67129a4c1eb25dd24992bd48d8,k-means,warm,exec,queue,0.020682096481323242,4.76837158203125e-07,0.0,1609701168.8246224,1609701169.1153464,0.2907240390777588,1609701168.8880432,1609701168.8967276,0.008684396743774414
6fcaaab9d3eb4bb384b3291a58a9ec03,k-means,warm,exec,queue,0.027368545532226562,2.384185791015625e-07,0.0,1609701168.8262188,1609701169.0152824,0.18906354904174805,1609701168.8888674,1609701168.895079,0.006211519241333008
039632477cee4a90ab460aec16d435fb,k-means,warm,exec,queue,0.03299903869628906,2.384185791015625e-07,4.76837158203125e-07,1609701168.8278365,1609701169.2495787,0.42174220085144043,1609701168.8945615,1609701168.9007962,0.006234645843505859
753a765cb3f54dd8be00b4aafa67d614,k-means,warm,exec,queue,0.03769207000732422,2.384185791015625e-07,2.384185791015625e-07,1609701168.8294654,1609701169.1185877,0.2891223430633545,1609701168.9011357,1609701168.9076028,0.006467103958129883
66ccb40602de431fa85d89438e87b317,k-means,warm,exec,queue,0.04407501220703125,2.384185791015625e-07,2.384185791015625e-07,1609701168.8311086,1609701169.0714421,0.24033355712890625,1609701168.908344,1609701168.9151123,0.006768226623535156
62ee9d7dcc294bef8bc0fd449e5a9d96,k-means,warm,exec,queue,0.04995608329772949,2.384185791015625e-07,0.0,1609701168.8328812,1609701169.2501855,0.41730427742004395,1609701168.9149327,1609701168.9221346,0.0072019100189208984
476457abad904367ac4c6d51cdba4f81,k-means,warm,exec,queue,0.05498337745666504,2.384185791015625e-07,2.384185791015625e-07,1609701168.8344998,1609701169.1191897,0.28468990325927734,1609701168.9209924,1609701168.9272075,0.006215095520019531
522c9ceb1d9c45449dc464cb5ccae660,k-means,warm,exec,queue,0.05983114242553711,4.76837158203125e-07,2.384185791015625e-07,1609701168.8361208,1609701169.0375373,0.2014164924621582,1609701168.9235904,1609701168.9284198,0.00482940673828125
ec305039240a48ac9131a773680217ba,k-means,warm,exec,queue,0.06516599655151367,2.384185791015625e-07,2.384185791015625e-07,1609701168.8377204,1609701169.073337,0.23561668395996094,1609701168.9291995,1609701168.933894,0.004694461822509766
e30ab19b06384192816232ca396bb49c,video,warm,exec,queue,0.018758773803710938,2.384185791015625e-07,0.0,1609701168.8394306,1609701168.9884639,0.1490333080291748,1609701168.8891733,1609701168.9057362,0.016562938690185547
107b4e47f6324f1b8fe13cbd3cad01b9,k-means,warm,exec,queue,0.008057117462158203,2.384185791015625e-07,2.384185791015625e-07,1609701169.813302,1609701169.9232566,0.1099545955657959,1609701169.8584788,1609701169.8669753,0.008496522903442383
8768e070cda24f4faa2d4ee4a9cc2447,k-means,warm,exec,queue,0.04082036018371582,2.384185791015625e-07,0.0,1609701169.817733,1609701170.1093385,0.29160547256469727,1609701169.8996603,1609701169.9080138,0.008353471755981445
81332ceb835246c3ae2cb6aa8aaa3abc,k-means,warm,exec,queue,0.04628920555114746,4.76837158203125e-07,2.384185791015625e-07,1609701169.8203921,1609701169.9906673,0.17027521133422852,1609701169.9019377,1609701169.9076557,0.0057179927825927734
d30b83ef73154f2898673453e18d122d,k-means,warm,exec,queue,0.05138659477233887,2.384185791015625e-07,0.0,1609701169.8230083,1609701170.3084047,0.4853963851928711,1609701169.9056525,1609701169.9123147,0.006662130355834961
1a112f8a46e34cdd947d517dc71c808a,k-means,warm,exec,queue,0.056725502014160156,2.384185791015625e-07,0.0,1609701169.8252995,1609701170.0572078,0.23190832138061523,1609701169.914199,1609701169.9218798,0.007680654525756836
dd87942416b84724acf67b6cdedbf749,k-means,warm,exec,queue,0.06166863441467285,2.384185791015625e-07,2.384185791015625e-07,1609701169.8268955,1609701170.310133,0.48323750495910645,1609701169.918341,1609701169.9259305,0.007589578628540039
b181cdd5b7aa4f0296a8e87639b8714f,k-means,warm,exec,queue,0.06719064712524414,2.384185791015625e-07,2.384185791015625e-07,1609701169.8285005,1609701170.2916374,0.4631369113922119,1609701169.9237845,1609701169.9298592,0.006074666976928711
c11431f81828464c91abec2c1b739a7e,k-means,warm,exec,queue,0.035419464111328125,2.384185791015625e-07,0.0,1609701169.830097,1609701169.957245,0.12714815139770508,1609701169.8879943,1609701169.8947642,0.006769895553588867
0d686a8e349e46038b01deb990d3c690,k-means,warm,exec,queue,0.030332088470458984,7.152557373046875e-07,2.384185791015625e-07,1609701169.8316953,1609701170.1108985,0.2792031764984131,1609701169.8840938,1609701169.891058,0.006964206695556641
73d6606de41c496fa6fd03481c449655,k-means,warm,exec,queue,0.0256350040435791,4.76837158203125e-07,2.384185791015625e-07,1609701169.8334413,1609701169.960033,0.12659168243408203,1609701169.881989,1609701169.888927,0.006937980651855469
edbfcf15d6d54983982af45db300b19f,k-means,warm,exec,queue,0.012371540069580078,2.384185791015625e-07,2.384185791015625e-07,1609701169.8350422,1609701169.9922411,0.15719890594482422,1609701169.8640041,1609701169.8727155,0.00871133804321289
f1b91b351fcf4907a818cc1b60bc0530,k-means,warm,exec,queue,0.017015457153320312,2.384185791015625e-07,2.384185791015625e-07,1609701169.8366213,1609701169.960676,0.1240546703338623,1609701169.8698807,1609701169.8778815,0.008000850677490234
8588fb92e9c2491794618d42b11fa7d3,matmul,warm,exec,queue,0.01763606071472168,4.76837158203125e-07,4.76837158203125e-07,1609701169.8381908,1609701170.199172,0.3609812259674072,1609701169.8807697,1609701169.8916743,0.010904550552368164
c20cb811f14f46afa5eaa91e28a2df3c,k-means,warm,exec,queue,6.556510925292969e-05,2.384185791015625e-07,2.384185791015625e-07,1609701170.812968,1609701172.1414423,1.3284742832183838,1609701170.8627095,1609701170.8709316,0.008222103118896484
ea4ca886538a443d897a4bb9d762bdbf,k-means,warm,exec,queue,0.9886720180511475,2.384185791015625e-07,2.384185791015625e-07,1609701170.8174405,1609701172.1395442,1.32210373878479,1609701171.8581572,1609701171.86695,0.008792877197265625
e644b13116dc4d7c83f4860f6007a169,k-means,warm,exec,queue,0.04874992370605469,2.384185791015625e-07,0.0,1609701170.8200853,1609701171.9208827,1.100797414779663,1609701170.910653,1609701170.916273,0.005620002746582031
28395fb3cdbb4bf396bbda30aaa2c258,k-means,warm,exec,queue,0.005585908889770508,2.384185791015625e-07,0.0,1609701170.8227713,1609701171.501865,0.679093599319458,1609701170.8627334,1609701170.8715403,0.008806943893432617
55ff15288d23455980305f66e387a171,k-means,warm,exec,queue,0.010156631469726562,2.384185791015625e-07,2.384185791015625e-07,1609701170.8253028,1609701171.5006955,0.6753926277160645,1609701170.8638835,1609701170.8723736,0.00849008560180664
a034e0ed0a01469496d20ca178c9da98,k-means,warm,exec,queue,0.015500783920288086,2.384185791015625e-07,2.384185791015625e-07,1609701170.8268974,1609701171.8896747,1.0627772808074951,1609701170.8694932,1609701170.8784368,0.008943557739257812
68e84099239f4d3eb79808a5772d3d76,k-means,warm,exec,queue,0.01999950408935547,2.384185791015625e-07,0.0,1609701170.828508,1609701171.5013142,0.6728062629699707,1609701170.873589,1609701170.8821356,0.008546590805053711
b5911cc7ebea483599e7445ba8e69d88,k-means,warm,exec,queue,0.03195929527282715,2.384185791015625e-07,0.0,1609701170.830101,1609701171.8867376,1.0566365718841553,1609701170.8888223,1609701170.8962111,0.0073888301849365234
377469ed49a94f509c9ee61674725beb,k-means,warm,exec,queue,0.036478281021118164,2.384185791015625e-07,2.384185791015625e-07,1609701170.831705,1609701171.885461,1.0537559986114502,1609701170.8921149,1609701170.8985958,0.0064809322357177734
d319550fde1d46f5a133b83f08bd0f77,k-means,warm,exec,queue,0.04135251045227051,4.76837158203125e-07,2.384185791015625e-07,1609701170.8334475,1609701171.8892896,1.0558421611785889,1609701170.896911,1609701170.9032145,0.006303548812866211
26d578941dbb46b7bc844e23f7047500,k-means,warm,exec,queue,0.0460205078125,2.384185791015625e-07,2.384185791015625e-07,1609701170.8350496,1609701171.8861563,1.0511066913604736,1609701170.904422,1609701170.9122558,0.007833719253540039
fbfa479207094fe1a96a34de2226876a,video,warm,exec,queue,0.026636362075805664,2.384185791015625e-07,2.384185791015625e-07,1609701170.8366306,1609701171.4967127,0.6600821018218994,1609701170.889117,1609701170.905387,0.016269922256469727
918fa108d55148268b9817da0f840bbd,k-means,warm,exec,queue,0.009836912155151367,4.76837158203125e-07,2.384185791015625e-07,1609701171.81347,1609701172.4312556,0.6177856922149658,1609701171.8589177,1609701171.867586,0.008668184280395508
ba82bd2ee8c940eab7d90f202d683719,k-means,warm,exec,queue,0.02110743522644043,7.152557373046875e-07,2.384185791015625e-07,1609701171.8175883,1609701172.9210672,1.1034789085388184,1609701171.876357,1609701171.8820174,0.005660295486450195
f5e4f656e02d4547805f16eb58c90c79,k-means,warm,exec,queue,0.026114225387573242,4.76837158203125e-07,2.384185791015625e-07,1609701171.8200567,1609701172.6577573,0.837700605392456,1609701171.8793755,1609701171.8856714,0.006295919418334961
4075bc746bf247b08750406365265357,k-means,warm,exec,queue,0.03063654899597168,2.384185791015625e-07,4.76837158203125e-07,1609701171.8225334,1609701172.8003745,0.9778411388397217,1609701171.8868377,1609701171.893544,0.00670623779296875
22a751dfdac542148186ff588fd6b6d9,k-means,warm,exec,queue,0.03561139106750488,7.152557373046875e-07,2.384185791015625e-07,1609701171.825472,1609701172.8039162,0.9784440994262695,1609701171.8922281,1609701171.8992548,0.00702667236328125
23f3f2dfcb3e4e2a98e85a6314b8a76d,k-means,warm,exec,queue,0.040494680404663086,2.384185791015625e-07,0.0,1609701171.827919,1609701172.8042843,0.976365327835083,1609701171.8954666,1609701171.9015355,0.0060689449310302734
b0f28863ca7845638379433610e2e46d,k-means,warm,exec,queue,0.04530978202819824,2.384185791015625e-07,0.0,1609701171.829649,1609701172.8020024,0.972353458404541,1609701171.9016838,1609701171.9071434,0.00545954704284668
3b8ff253fd3640fcbd3dcd583ea2cf70,k-means,warm,exec,queue,0.05018734931945801,2.384185791015625e-07,2.384185791015625e-07,1609701171.8313184,1609701173.5027204,1.6714019775390625,1609701171.9071796,1609701171.9125292,0.005349636077880859
7bb8430abb624e0a826bf180b856d180,k-means,warm,exec,queue,0.9947550296783447,4.76837158203125e-07,2.384185791015625e-07,1609701171.8329008,1609701173.8394134,2.0065126419067383,1609701172.8607886,1609701172.869669,0.008880376815795898
a03a2e99bd404356b1e97b4ce719ba10,k-means,warm,exec,queue,0.011501312255859375,7.152557373046875e-07,2.384185791015625e-07,1609701171.8344574,1609701172.9183059,1.083848476409912,1609701171.8628004,1609701171.870361,0.00756072998046875
e40f30e864ec43ddaa5c853989c6a2d1,k-means,warm,exec,queue,0.016736745834350586,7.152557373046875e-07,2.384185791015625e-07,1609701171.8360105,1609701172.8023496,0.966339111328125,1609701171.869814,1609701171.877732,0.007918119430541992
8592f17fdfb142d09b8a7146a3ac24ba,k-means,warm,exec,queue,0.012145519256591797,2.384185791015625e-07,0.0,1609701172.814196,1609701173.420499,0.6063029766082764,1609701172.8608487,1609701172.8697314,0.008882761001586914
db4262d3f9b74506a7a115d838d1a42a,k-means,warm,exec,queue,0.010671854019165039,2.384185791015625e-07,0.0,1609701172.816791,1609701173.5845673,0.7677762508392334,1609701172.865213,1609701172.8732035,0.007990598678588867
161b982f7325437f8d26e37b694afb17,k-means,warm,exec,queue,0.0153961181640625,2.384185791015625e-07,2.384185791015625e-07,1609701172.8182936,1609701173.109471,0.29117751121520996,1609701172.8700585,1609701172.8778253,0.0077667236328125
483010d814064e7799bc46c8d862cda4,k-means,warm,exec,queue,0.02030634880065918,2.384185791015625e-07,2.384185791015625e-07,1609701172.819867,1609701173.8414521,1.02158522605896,1609701172.8818486,1609701172.8887756,0.006927013397216797
cc6cb0cc8efb41ebaee14eb623928df4,k-means,warm,exec,queue,0.026281118392944336,2.384185791015625e-07,2.384185791015625e-07,1609701172.8219178,1609701174.2027986,1.3808808326721191,1609701172.8830009,1609701172.8896139,0.006613016128540039
8fa52ec8587c40c78d54a307b1d45b7d,k-means,warm,exec,queue,0.03296852111816406,2.384185791015625e-07,0.0,1609701172.8234735,1609701173.5868235,0.7633500099182129,1609701172.8885446,1609701172.8950195,0.006474971771240234
fd0be6e3a39a440ead77d9009dfe7c4a,k-means,warm,exec,queue,0.03821849822998047,7.152557373046875e-07,2.384185791015625e-07,1609701172.8250196,1609701173.6464598,0.8214402198791504,1609701172.8960931,1609701172.9031913,0.007098197937011719
a6261a505226418f84a66a238c773f12,k-means,warm,exec,queue,0.043161630630493164,2.384185791015625e-07,2.384185791015625e-07,1609701172.8265479,1609701174.202232,1.3756840229034424,1609701172.8988864,1609701172.905785,0.006898641586303711
9de7e8fb7009471bb66cd20ad262bd37,k-means,warm,exec,queue,0.04788398742675781,0.0,2.384185791015625e-07,1609701172.828108,1609701173.8418827,1.0137746334075928,1609701172.9037037,1609701172.9101393,0.0064356327056884766
0d140fe18dff4587918b63be1338457e,k-means,warm,exec,queue,0.05268359184265137,4.76837158203125e-07,0.0,1609701172.8298068,1609701173.4227684,0.5929615497589111,1609701172.9092395,1609701172.9137337,0.004494190216064453
2cfa67f5be2d4708879dd24af675db1e,k-means,warm,exec,queue,0.057996273040771484,2.384185791015625e-07,2.384185791015625e-07,1609701172.8313813,1609701173.8443153,1.0129339694976807,1609701172.917703,1609701172.9253747,0.007671833038330078
6c33df009ca745499e2aaee46d3a8cdc,k-means,warm,exec,queue,0.9760754108428955,2.384185791015625e-07,2.384185791015625e-07,1609701172.8329697,1609701173.9681022,1.1351325511932373,1609701173.8345237,1609701173.843155,0.008631229400634766
a82e0365ea1343948d1947e514acf4c3,video,warm,exec,queue,0.019919633865356445,0.0,0.0,1609701172.8344932,1609701173.8438692,1.009376049041748,1609701172.883967,1609701172.9007657,0.016798734664916992
dc489f5373d94688a981f2911639db5c,k-means,warm,exec,queue,0.010500192642211914,2.384185791015625e-07,2.384185791015625e-07,1609701173.8063872,1609701174.0849607,0.27857351303100586,1609701173.843477,1609701173.8511312,0.0076541900634765625
0f063a3a82f64d659e3d33e0a62586fa,k-means,warm,exec,queue,0.013622760772705078,4.76837158203125e-07,2.384185791015625e-07,1609701173.8094046,1609701174.223176,0.413771390914917,1609701173.8452742,1609701173.8523476,0.007073402404785156
ee9c4feae1e2465daa23c3098e8d4f35,k-means,warm,exec,queue,0.018991708755493164,2.384185791015625e-07,2.384185791015625e-07,1609701173.811169,1609701173.9707568,0.15958786010742188,1609701173.851078,1609701173.857235,0.00615692138671875
f64799f5f1374920919d82a180e90056,k-means,warm,exec,queue,0.024194002151489258,4.76837158203125e-07,2.384185791015625e-07,1609701173.8129387,1609701174.0148125,0.201873779296875,1609701173.8589618,1609701173.8663275,0.007365703582763672
38e120673e364390b4d79b23012fb087,k-means,warm,exec,queue,0.029398679733276367,2.384185791015625e-07,0.0,1609701173.8144193,1609701174.7249987,0.9105794429779053,1609701173.862618,1609701173.868501,0.005882978439331055
c005f35294ba4e3fa93c0523b4fab413,k-means,warm,exec,queue,0.03499579429626465,2.384185791015625e-07,2.384185791015625e-07,1609701173.8162818,1609701173.968759,0.15247726440429688,1609701173.8677113,1609701173.8734515,0.005740165710449219
1b8e316f6e484a0daf275a75aa84aec5,k-means,warm,exec,queue,0.03990316390991211,2.384185791015625e-07,2.384185791015625e-07,1609701173.8177662,1609701174.1994023,0.3816361427307129,1609701173.8741555,1609701173.8796616,0.005506038665771484
1a80fea82b14453e9d1604c950befba6,k-means,warm,exec,queue,1.025650978088379,7.152557373046875e-07,2.384185791015625e-07,1609701173.8191957,1609701175.0034132,1.1842174530029297,1609701174.8915737,1609701174.8992572,0.007683515548706055
564a5928dcba4e949fd4a42d3e5cf510,k-means,warm,exec,queue,0.03405570983886719,2.384185791015625e-07,2.384185791015625e-07,1609701174.8171291,1609701175.0015593,0.18443012237548828,1609701174.8917203,1609701174.8995645,0.007844209671020508
8d7e1475d4df488ea36f408512d008ef,k-means,warm,exec,queue,0.034535884857177734,2.384185791015625e-07,0.0,1609701174.8212519,1609701175.1443365,0.32308459281921387,1609701174.8962898,1609701174.9030926,0.006802797317504883
9309654d532d49b2af9f3f276c4e4090,k-means,warm,exec,queue,0.03986549377441406,4.76837158203125e-07,2.384185791015625e-07,1609701174.823571,1609701175.2490902,0.4255192279815674,1609701174.9025385,1609701174.9103386,0.007800102233886719
5e240c3a9de04878b74d3753c4b8f7b9,k-means,warm,exec,queue,0.044849395751953125,2.384185791015625e-07,2.384185791015625e-07,1609701174.8258889,1609701175.051689,0.2258000373840332,1609701174.917135,1609701174.9239218,0.006786823272705078
b19ba7f6313048cab7a4f04de2bb5960,k-means,warm,exec,queue,0.05042672157287598,2.384185791015625e-07,0.0,1609701174.8285387,1609701175.0994592,0.2709205150604248,1609701174.9194942,1609701174.9264035,0.006909370422363281
670809aac801430db2d7e46d1df2815e,k-means,warm,exec,queue,0.05515933036804199,4.76837158203125e-07,4.76837158203125e-07,1609701174.8308325,1609701175.1460676,0.3152351379394531,1609701174.9234698,1609701174.9302237,0.0067539215087890625
562951feef6a45f0bc25c47016b3f63b,k-means,warm,exec,queue,0.06089472770690918,2.384185791015625e-07,0.0,1609701174.8328168,1609701175.334324,0.501507043838501,1609701174.9253323,1609701174.93319,0.007857799530029297
67d028f46e754385ad8f72d18a68f5bc,k-means,warm,exec,queue,0.06658196449279785,4.76837158203125e-07,2.384185791015625e-07,1609701174.8342304,1609701175.0534706,0.2192401885986328,1609701174.932471,1609701174.9387398,0.006268739700317383
03bd8ea095464295a3f77e9bf51a9e63,k-means,warm,exec,queue,0.0717172622680664,4.76837158203125e-07,2.384185791015625e-07,1609701174.8356469,1609701175.098993,0.26334619522094727,1609701174.9420598,1609701174.9498482,0.007788419723510742
5d836420f7824b579ca8ccb653178ac8,k-means,warm,exec,queue,0.0778968334197998,2.384185791015625e-07,0.0,1609701174.8371866,1609701175.0985165,0.26132988929748535,1609701174.9450111,1609701174.9528866,0.007875442504882812
f0d2cae3b5834e9ca5d65658259f908b,k-means,warm,exec,queue,0.060187578201293945,2.384185791015625e-07,2.384185791015625e-07,1609701174.838594,1609701175.0949092,0.2563152313232422,1609701174.9504404,1609701174.9568415,0.00640106201171875
accad38cca92498b970770e6a6a6f53a,k-means,warm,exec,queue,1.0115854740142822,4.76837158203125e-07,2.384185791015625e-07,1609701174.839999,1609701176.6782799,1.8382809162139893,1609701175.923651,1609701175.9327075,0.009056568145751953
a7ad25ca2ce642d987549dcb4bef0aad,video,warm,exec,queue,0.021118879318237305,2.384185791015625e-07,0.0,1609701174.841434,1609701175.3327959,0.4913618564605713,1609701174.9200978,1609701174.936349,0.016251087188720703
694fff9b499a4659bc3bd1d4523cfaed,matmul,warm,exec,queue,0.021823406219482422,2.384185791015625e-07,2.384185791015625e-07,1609701174.8429518,1609701175.1098063,0.26685452461242676,1609701174.9199746,1609701174.9292758,0.009301185607910156
b1abd7b5d4b54ec3a49acaf29b7fa1b1,map_reduce,warm,exec,queue,0.026570796966552734,2.384185791015625e-07,0.0,1609701174.8443818,1609701175.3108802,0.46649837493896484,1609701174.9237602,1609701175.008633,0.08487272262573242
b37641a45c5c4f5f9eaafdeb259f5264,k-means,warm,exec,queue,0.013404130935668945,7.152557373046875e-07,2.384185791015625e-07,1609701175.8270652,1609701176.6788588,0.8517935276031494,1609701175.926771,1609701175.9360547,0.009283781051635742
69b0af291cf94d8bb1eabe47e9333fc2,k-means,warm,exec,queue,0.062242984771728516,2.384185791015625e-07,2.384185791015625e-07,1609701175.8358128,1609701177.1448927,1.309079885482788,1609701175.9796946,1609701175.984527,0.00483250617980957
712a99c5ac174a8b9e1cbe8e4ca27164,k-means,warm,exec,queue,0.06686067581176758,2.384185791015625e-07,2.384185791015625e-07,1609701175.8394053,1609701178.3287725,2.4893672466278076,1609701175.9850368,1609701175.9916701,0.006633281707763672
6601c51ce4804492add1231c12d0a5ad,k-means,warm,exec,queue,0.07127976417541504,2.384185791015625e-07,2.384185791015625e-07,1609701175.8427138,1609701178.3250587,2.48234486579895,1609701175.9913208,1609701175.9976683,0.0063474178314208984
401795c6f3ad43f59d84b949f11cdd86,k-means,warm,exec,queue,0.9497661590576172,2.384185791015625e-07,2.384185791015625e-07,1609701175.8463817,1609701177.3552046,1.5088229179382324,1609701176.8770611,1609701176.884821,0.007759809494018555
72ff466a03bd4f6ba4324622daa76dd7,k-means,warm,exec,queue,0.956479549407959,2.384185791015625e-07,2.384185791015625e-07,1609701175.8496454,1609701177.454706,1.6050605773925781,1609701176.8774402,1609701176.8855724,0.008132219314575195
2232c588c14643529a0dc75feff58e01,k-means,warm,exec,queue,0.01563405990600586,7.152557373046875e-07,2.384185791015625e-07,1609701175.8529303,1609701176.6754982,0.8225679397583008,1609701175.9276857,1609701175.9346719,0.006986141204833984
5023b57be3c54e8dac246197818c8b6e,k-means,warm,exec,queue,0.019989013671875,7.152557373046875e-07,2.384185791015625e-07,1609701175.8562076,1609701178.3292332,2.4730255603790283,1609701175.9291399,1609701175.9422011,0.013061285018920898
0b3fe3797a784c3684b93490ae481094,k-means,warm,exec,queue,0.024970531463623047,4.76837158203125e-07,2.384185791015625e-07,1609701175.8594773,1609701176.6804776,0.821000337600708,1609701175.9342644,1609701175.943158,0.008893489837646484
e95883f8f6bd47929fc7d14215ee81d4,k-means,warm,exec,queue,0.0375216007232666,7.152557373046875e-07,2.384185791015625e-07,1609701175.8630185,1609701177.3569233,1.4939048290252686,1609701175.9509273,1609701175.9573004,0.006373167037963867
251150395568490a9105d937cc60ffe4,k-means,warm,exec,queue,0.04303932189941406,7.152557373046875e-07,2.384185791015625e-07,1609701175.8663251,1609701177.3582177,1.4918925762176514,1609701175.9522557,1609701175.9575748,0.005319118499755859
e9ce963047b245daa79774357e98c07b,k-means,warm,exec,queue,0.04743146896362305,4.76837158203125e-07,4.76837158203125e-07,1609701175.869624,1609701177.4080136,1.5383896827697754,1609701175.9574552,1609701175.9637656,0.006310462951660156
780b2dbe8a004bbf98b1f3b02f56a8ab,k-means,warm,exec,queue,0.0517277717590332,4.76837158203125e-07,2.384185791015625e-07,1609701175.8729324,1609701177.5189047,1.6459722518920898,1609701175.9644794,1609701175.9710896,0.00661015510559082
e49137848e72423eb85db456efe8bfbf,k-means,warm,exec,queue,0.05670666694641113,2.384185791015625e-07,0.0,1609701175.8771465,1609701177.3540218,1.4768753051757812,1609701175.9685407,1609701175.9746282,0.006087541580200195
cc5d906deae04accaa2afeb0bc80d9b5,k-means,warm,exec,queue,0.06105828285217285,2.384185791015625e-07,2.384185791015625e-07,1609701175.8804514,1609701178.3255215,2.4450700283050537,1609701175.9727483,1609701175.9792166,0.006468296051025391
01e73ea8ad7a4ae68c9abefab0ba5923,k-means,warm,exec,queue,0.017886877059936523,2.384185791015625e-07,0.0,1609701176.8188121,1609701178.3259528,1.5071406364440918,1609701176.8850746,1609701176.8925674,0.007492780685424805
34d4fab8ea5a456da9a4d6304bd10f34,k-means,warm,exec,queue,0.016878843307495117,2.384185791015625e-07,2.384185791015625e-07,1609701176.8230743,1609701177.4058347,0.5827603340148926,1609701176.8929572,1609701176.9005167,0.007559537887573242
2cff6c9689f24abf886ff15000c24c55,k-means,warm,exec,queue,0.022779226303100586,4.76837158203125e-07,2.384185791015625e-07,1609701176.8256412,1609701178.3218508,1.4962096214294434,1609701176.8946214,1609701176.9008076,0.006186246871948242
721530d31cb84d3e9ef70ce28991feba,k-means,warm,exec,queue,0.028526782989501953,2.384185791015625e-07,2.384185791015625e-07,1609701176.828566,1609701178.6574697,1.8289036750793457,1609701176.9006078,1609701176.9074438,0.0068359375
8261376071254b99a590d727778fb6fc,k-means,warm,exec,queue,0.0345151424407959,2.384185791015625e-07,2.384185791015625e-07,1609701176.8310637,1609701177.4541907,0.6231269836425781,1609701176.9087386,1609701176.9152877,0.00654911994934082
68f7fbccc65c4314b79c0a08a95ef836,k-means,warm,exec,queue,0.03894948959350586,2.384185791015625e-07,2.384185791015625e-07,1609701176.8342383,1609701177.4514716,0.6172332763671875,1609701176.913697,1609701176.9201517,0.0064547061920166016
e8a13b1a426b4cbb82f4bdef5c0e955a,k-means,warm,exec,queue,0.04372096061706543,4.76837158203125e-07,2.384185791015625e-07,1609701176.8371727,1609701177.517029,0.6798563003540039,1609701176.9191751,1609701176.9261036,0.006928443908691406
e758ab47d23c43d7b9076c5437b68048,k-means,warm,exec,queue,0.049547433853149414,2.384185791015625e-07,2.384185791015625e-07,1609701176.8399975,1609701178.23448,1.3944823741912842,1609701176.9223611,1609701176.927243,0.004881858825683594
ad2a51dcbf4b4f22bf5b589f3ac3f037,k-means,warm,exec,queue,0.055136680603027344,2.384185791015625e-07,4.76837158203125e-07,1609701176.8417528,1609701178.4575045,1.6157517433166504,1609701176.9285598,1609701176.9347782,0.006218433380126953
c0fc2a77f7924a84b55a96e2d311fc03,k-means,warm,exec,queue,0.06030559539794922,2.384185791015625e-07,0.0,1609701176.8433504,1609701178.3296013,1.486250877380371,1609701176.9336886,1609701176.9381268,0.004438161849975586
81ee4486e72744a6b12b957618b4f6e7,k-means,warm,exec,queue,0.06579184532165527,2.384185791015625e-07,2.384185791015625e-07,1609701176.8450644,1609701178.3204498,1.4753854274749756,1609701176.9412456,1609701176.9483352,0.0070896148681640625
3df37b0883e94d16834f9bc96e264256,k-means,warm,exec,queue,0.0709073543548584,2.384185791015625e-07,2.384185791015625e-07,1609701176.8466647,1609701178.4632332,1.6165685653686523,1609701176.945118,1609701176.9495482,0.004430294036865234
ffd5001fedcc4dda80b0b91e4e274798,k-means,cold,exec,create,-5.995505332946777,6.43547797203064,0.0,1609701176.8482747,1609701178.4609077,1.6126329898834229,1609701177.3152661,1609701177.3244655,0.009199380874633789
1e0c3dcf895e4d1a8c5c16eb95a1754d,k-means,warm,exec,queue,0.9625535011291504,4.76837158203125e-07,4.76837158203125e-07,1609701176.8498776,1609701178.4615648,1.611687183380127,1609701177.8410616,1609701177.8489559,0.007894277572631836
3ca432645e164454a1470a8cfadc791e,video,warm,exec,queue,0.015855789184570312,2.384185791015625e-07,2.384185791015625e-07,1609701176.8515868,1609701178.2307613,1.3791744709014893,1609701176.8955572,1609701176.9123886,0.016831398010253906
a95eea89624b42e19d6b1d61ebff74de,k-means,warm,exec,queue,0.00916433334350586,2.384185791015625e-07,2.384185791015625e-07,1609701177.8095832,1609701178.5899549,0.7803716659545898,1609701177.8440216,1609701177.8523576,0.008336067199707031
4c549d965c5c49fba18da1ce0989d67f,k-means,warm,exec,queue,1.0080487728118896,2.384185791015625e-07,0.0,1609701177.8137512,1609701178.9672027,1.1534514427185059,1609701178.8506038,1609701178.8584666,0.00786280632019043
1360612933314438894539474edba3b1,k-means,warm,exec,queue,0.014178276062011719,2.384185791015625e-07,0.0,1609701177.8163526,1609701178.2300942,0.4137415885925293,1609701177.8499994,1609701177.858053,0.00805354118347168
fc4d0eee62c3444c9d11169e78c6743a,k-means,warm,exec,queue,0.018592119216918945,2.384185791015625e-07,2.384185791015625e-07,1609701177.8189235,1609701178.2337904,0.41486692428588867,1609701177.8590689,1609701177.8667352,0.007666349411010742
e6422d54b3d541f5adc737e6dc0d1fa0,k-means,warm,exec,queue,0.023051977157592773,2.384185791015625e-07,0.0,1609701177.8214881,1609701178.5238533,0.7023651599884033,1609701177.8598876,1609701177.8644671,0.0045795440673828125
8d3c09d5153a4874b3aef7d23441c152,k-means,warm,exec,queue,0.027726411819458008,4.76837158203125e-07,2.384185791015625e-07,1609701177.824502,1609701178.2971246,0.4726226329803467,1609701177.8650844,1609701177.8718011,0.006716728210449219
eaecd59ac3224bd3b0ff72b01a07f82d,k-means,warm,exec,queue,0.03255486488342285,2.384185791015625e-07,4.76837158203125e-07,1609701177.8260255,1609701178.7337108,0.9076852798461914,1609701177.8699503,1609701177.8744323,0.0044820308685302734
58f6bdb862884a0091bf0256645c7e34,k-means,warm,exec,queue,0.01425790786743164,2.384185791015625e-07,2.384185791015625e-07,1609701178.8120468,1609701178.9705334,0.15848660469055176,1609701178.856888,1609701178.8647833,0.007895231246948242
bb768e8dc0c94173aeb43062fbafa5f8,video,warm,exec,queue,0.01658320426940918,2.384185791015625e-07,2.384185791015625e-07,1609701178.8160434,1609701178.9699748,0.1539313793182373,1609701178.869406,1609701178.8848648,0.015458822250366211
6a727c260708446c92e561e049c29b5e,k-means,warm,exec,queue,0.018203258514404297,2.384185791015625e-07,0.0,1609701178.8185906,1609701179.1782043,0.35961365699768066,1609701178.862332,1609701178.8704193,0.008087158203125
75503c97bb314999aa98ee452a937a4e,k-means,warm,exec,queue,0.02498650550842285,2.384185791015625e-07,0.0,1609701178.8211815,1609701179.0963266,0.2751450538635254,1609701178.8700788,1609701178.87589,0.005811214447021484
73f4e49849ab4df9adf2024fdb3ae546,k-means,warm,exec,queue,0.0297849178314209,2.384185791015625e-07,2.384185791015625e-07,1609701178.8237236,1609701178.9721057,0.14838218688964844,1609701178.8767667,1609701178.8839867,0.007220029830932617
751b67aa459d4dccbf1f699df523c6e2,k-means,warm,exec,queue,0.03542304039001465,2.384185791015625e-07,0.0,1609701178.8257256,1609701179.0927694,0.2670438289642334,1609701178.8825562,1609701178.8884676,0.005911350250244141
4031df7397ef42e79292578c23517598,k-means,warm,exec,queue,0.04111361503601074,2.384185791015625e-07,2.384185791015625e-07,1609701178.8271713,1609701179.1755083,0.34833693504333496,1609701178.890401,1609701178.8973072,0.006906270980834961
d0660ff2bb664cd8a747e64c85f8e19b,k-means,warm,exec,queue,0.04704642295837402,4.76837158203125e-07,0.0,1609701178.828627,1609701179.0957296,0.2671024799346924,1609701178.8963041,1609701178.9029405,0.006636381149291992
fce7c70275af437398ab3788e768f030,k-means,warm,exec,queue,0.05279850959777832,2.384185791015625e-07,0.0,1609701178.8300707,1609701179.1787727,0.34870195388793945,1609701178.9011118,1609701178.9081457,0.007033824920654297
3f04361208494b9faa34f4c99364f143,k-means,warm,exec,queue,0.9997744560241699,2.384185791015625e-07,2.384185791015625e-07,1609701178.831626,1609701179.946653,1.1150269508361816,1609701179.8580256,1609701179.8664286,0.00840306282043457
3b22dd450b204e00854c437e394aa564,k-means,warm,exec,queue,0.010297060012817383,4.76837158203125e-07,2.384185791015625e-07,1609701179.8153548,1609701179.9484584,0.133103609085083,1609701179.8579628,1609701179.8656511,0.007688283920288086
cf5a98280a5d4d68b60193bf9d55adc8,matmul,warm,exec,queue,0.016910076141357422,2.384185791015625e-07,2.384185791015625e-07,1609701179.8193982,1609701180.0269787,0.20758056640625,1609701179.8772655,1609701179.884394,0.007128477096557617
fcb7e773a4ff44f6822d846070fbfa12,k-means,warm,exec,queue,1.0500450134277344,4.76837158203125e-07,0.0,1609701179.8219955,1609701181.0026517,1.1806561946868896,1609701180.915585,1609701180.923973,0.008388042449951172
4bf1bf04ffcc46ddb270fada19427b82,k-means,warm,exec,queue,0.048183441162109375,4.76837158203125e-07,2.384185791015625e-07,1609701179.8245118,1609701180.0312378,0.20672607421875,1609701179.901823,1609701179.9089766,0.007153511047363281
33cba2e1dd1c402b9db288a3a801dccf,k-means,warm,exec,queue,0.04280591011047363,4.76837158203125e-07,2.384185791015625e-07,1609701179.827378,1609701180.150826,0.32344794273376465,1609701179.8968532,1609701179.9028141,0.005960941314697266
a4ec022c766a43cbaedf8de0bf30592f,k-means,warm,exec,queue,0.03817129135131836,2.384185791015625e-07,2.384185791015625e-07,1609701179.8293188,1609701180.1489532,0.31963443756103516,1609701179.8931122,1609701179.9011872,0.00807499885559082
e8abc4e04f624e2c82aa13d5d5c078ff,k-means,warm,exec,queue,0.03257608413696289,2.384185791015625e-07,2.384185791015625e-07,1609701179.8307483,1609701179.99439,0.16364169120788574,1609701179.884359,1609701179.8907278,0.006368875503540039
57a6c072380341c2a5c025ad41fbf072,k-means,warm,exec,queue,0.02811431884765625,2.384185791015625e-07,2.384185791015625e-07,1609701179.8321748,1609701180.1461034,0.31392860412597656,1609701179.880747,1609701179.8866587,0.005911588668823242
2a2926e43a864cf08b9d8c4beee80724,k-means,warm,exec,queue,0.014475107192993164,2.384185791015625e-07,2.384185791015625e-07,1609701179.833619,1609701180.0320957,0.19847655296325684,1609701179.8616776,1609701179.8685544,0.006876707077026367
56e93176fe3c4976bb406d8cc764a953,k-means,warm,exec,queue,0.019760847091674805,2.384185791015625e-07,4.76837158203125e-07,1609701179.8351672,1609701180.0940747,0.2589075565338135,1609701179.8676956,1609701179.8746436,0.006947994232177734
50ec163ebd1d41b39330add9e66ee17f,k-means,warm,exec,queue,0.025786876678466797,4.76837158203125e-07,2.384185791015625e-07,1609701179.8366094,1609701179.997286,0.1606767177581787,1609701179.8770185,1609701179.8840501,0.007031679153442383
efc9865e770e491b8a7750cd0fa3db52,k-means,warm,exec,queue,0.013602018356323242,4.76837158203125e-07,4.76837158203125e-07,1609701180.8552158,1609701180.9995568,0.14434099197387695,1609701180.9160585,1609701180.9238608,0.007802248001098633
647bc41671744677bca3177fe30481c0,k-means,warm,exec,queue,0.013493061065673828,2.384185791015625e-07,2.384185791015625e-07,1609701180.8588195,1609701181.002124,0.14330458641052246,1609701180.9223506,1609701180.9295163,0.007165670394897461
9b0b99703f464578891943989e0b4af8,k-means,warm,exec,queue,0.01814723014831543,2.384185791015625e-07,0.0,1609701180.861542,1609701181.0750284,0.2134864330291748,1609701180.92538,1609701180.9323702,0.006990194320678711
dfa9d5aa8f3b4d9fab63cbf29af94616,k-means,warm,exec,queue,0.024320602416992188,2.384185791015625e-07,2.384185791015625e-07,1609701180.862982,1609701181.1580908,0.2951087951660156,1609701180.9326112,1609701180.9388688,0.006257534027099609
b137d22c9f0f429c9b4d6df6e44fffe0,k-means,warm,exec,queue,0.02941131591796875,2.384185791015625e-07,2.384185791015625e-07,1609701180.864662,1609701181.0729072,0.20824527740478516,1609701180.9381876,1609701180.9452205,0.007032871246337891
36c9ff0ebe9a44729f751e147206bd0d,k-means,warm,exec,queue,0.034047842025756836,2.384185791015625e-07,0.0,1609701180.8661125,1609701181.156238,0.29012560844421387,1609701180.9424975,1609701180.950295,0.0077974796295166016
754a8f5a05ab4efea6c76b23fd46414c,k-means,warm,exec,queue,0.03883814811706543,2.384185791015625e-07,2.384185791015625e-07,1609701180.8675568,1609701181.1152248,0.24766802787780762,1609701180.9473417,1609701180.9538128,0.006471157073974609
fd2e09989e2b49b1b93745b43e6de1f6,k-means,warm,exec,queue,0.04348444938659668,2.384185791015625e-07,2.384185791015625e-07,1609701180.869062,1609701181.3599598,0.49089789390563965,1609701180.9638574,1609701180.9711578,0.007300376892089844
8f0a918f9e0144368f77a49b38098032,k-means,warm,exec,queue,0.04868364334106445,4.76837158203125e-07,2.384185791015625e-07,1609701180.8706553,1609701181.0754538,0.20479846000671387,1609701180.968753,1609701180.974651,0.005897998809814453
c795f7ade4a8406c8204df9c42eef605,k-means,warm,exec,queue,0.05363154411315918,4.76837158203125e-07,2.384185791015625e-07,1609701180.8721144,1609701181.0766919,0.20457744598388672,1609701180.9705448,1609701180.9781096,0.0075647830963134766
6cd6df54133f448f884fbd405b0da8dc,k-means,warm,exec,queue,0.058423757553100586,4.76837158203125e-07,7.152557373046875e-07,1609701180.873658,1609701181.161286,0.287628173828125,1609701180.970964,1609701180.9776871,0.006723165512084961
110be0f96cda4a159140f4fdfdea6fe3,k-means,warm,exec,queue,0.06314945220947266,4.76837158203125e-07,2.384185791015625e-07,1609701180.875179,1609701181.3650389,0.48985981941223145,1609701180.9811647,1609701180.9899495,0.008784770965576172
a3e1a040d33a4b7cbfced1fa1a84a7b8,k-means,warm,exec,queue,0.06798934936523438,4.76837158203125e-07,2.384185791015625e-07,1609701180.87683,1609701181.3647177,0.4878876209259033,1609701180.993177,1609701181.0002897,0.007112741470336914
f31b99bbdb8c4424b736cebe17bb2736,k-means,warm,exec,queue,0.07314777374267578,4.76837158203125e-07,2.384185791015625e-07,1609701180.8783262,1609701181.3261395,0.4478132724761963,1609701180.9940789,1609701181.0002236,0.00614476203918457
08e30c2ed16b4d41ab923d7a92312c67,k-means,warm,exec,queue,0.08058452606201172,4.76837158203125e-07,2.384185791015625e-07,1609701180.8798568,1609701181.3641062,0.4842493534088135,1609701181.005286,1609701181.0124393,0.00715327262878418
0b0e9405f04640858f28246900b4ade8,k-means,warm,exec,queue,0.08571767807006836,2.384185791015625e-07,4.76837158203125e-07,1609701180.8814118,1609701181.1607032,0.27929139137268066,1609701181.0127063,1609701181.0195303,0.006824016571044922
eaf95bdee3e94b3b8a065419cc89b302,k-means,warm,exec,queue,0.0915229320526123,4.76837158203125e-07,4.76837158203125e-07,1609701180.8830628,1609701181.2688076,0.3857448101043701,1609701181.0139067,1609701181.0215771,0.007670402526855469
94b7dae9e38449268c51fb5653493f93,k-means,warm,exec,queue,0.09879064559936523,4.76837158203125e-07,2.384185791015625e-07,1609701180.8846579,1609701181.3278854,0.44322752952575684,1609701181.0140572,1609701181.0190494,0.004992246627807617
70ac3dd18266497a96ea76ec4707e5ca,k-means,cold,exec,create,-4.9770188331604,5.3605146408081055,7.152557373046875e-07,1609701180.8861866,1609701181.3910599,0.5048732757568359,1609701181.297548,1609701181.3200061,0.02245807647705078
32b910b66bda4a5fa786abc9a46b6f9d,video,warm,exec,queue,0.015380382537841797,2.384185791015625e-07,2.384185791015625e-07,1609701180.887817,1609701181.2664316,0.3786146640777588,1609701180.933504,1609701180.9495656,0.01606154441833496
f3633e3f9f2a44cdabb8d7db51d89a39,k-means,warm,exec,queue,0.0043675899505615234,4.76837158203125e-07,2.384185791015625e-07,1609701181.8185222,1609701181.9927297,0.17420744895935059,1609701181.8644679,1609701181.872052,0.007584095001220703
922c4dc9556e422881997b51e2224244,k-means,warm,exec,queue,0.056746482849121094,9.5367431640625e-07,2.384185791015625e-07,1609701181.8226476,1609701181.9914575,0.1688098907470703,1609701181.91874,1609701181.9249988,0.006258726119995117
a666af8e20c24848966c57418eedc475,k-means,warm,exec,queue,0.0513763427734375,2.384185791015625e-07,2.384185791015625e-07,1609701181.8251786,1609701182.0592022,0.2340235710144043,1609701181.9120128,1609701181.9160733,0.004060506820678711
ecafc355348e4d10b6063c64cda3c8c2,k-means,warm,exec,queue,0.04680204391479492,4.76837158203125e-07,2.384185791015625e-07,1609701181.827663,1609701182.360736,0.5330729484558105,1609701181.908726,1609701181.9156108,0.00688481330871582
361fb9eee4154d38b6b2e55f242d0cdd,k-means,warm,exec,queue,0.04179716110229492,2.384185791015625e-07,2.384185791015625e-07,1609701181.8304706,1609701182.1861572,0.35568666458129883,1609701181.9010577,1609701181.9052665,0.004208803176879883
d0238f9e8d1b42a4901a2c69be4ccfec,k-means,warm,exec,queue,0.036945343017578125,4.76837158203125e-07,2.384185791015625e-07,1609701181.832865,1609701182.0607972,0.22793221473693848,1609701181.8967211,1609701181.9023108,0.005589723587036133
c257527be74c4ac1b88a91140d455953,k-means,warm,exec,queue,0.032529592514038086,2.384185791015625e-07,0.0,1609701181.83429,1609701181.9939766,0.15968656539916992,1609701181.8917024,1609701181.8956513,0.00394892692565918
e85c6d01df0d48f5b8bb8806156f4d24,k-means,warm,exec,queue,0.009701728820800781,4.76837158203125e-07,2.384185791015625e-07,1609701181.8357115,1609701181.966845,0.1311335563659668,1609701181.8639393,1609701181.8717,0.007760763168334961
959225df960244e79acdc37705769a2a,k-means,warm,exec,queue,0.015046358108520508,2.384185791015625e-07,0.0,1609701181.8371596,1609701181.9332073,0.09604763984680176,1609701181.869202,1609701181.8763137,0.007111787796020508
2706c20d2e3f46eba56576f70f7910a3,k-means,warm,exec,queue,0.020359516143798828,4.76837158203125e-07,2.384185791015625e-07,1609701181.8387082,1609701181.9683366,0.12962841987609863,1609701181.87582,1609701181.8832016,0.0073816776275634766
c01a18851f884b71be6f6e824fa773fe,k-means,warm,exec,queue,0.024979114532470703,2.384185791015625e-07,2.384185791015625e-07,1609701181.8401296,1609701182.2529278,0.4127981662750244,1609701181.880425,1609701181.8873005,0.006875514984130859
8a85f5a828724d2e8a2297b5decf12c3,k-means,warm,exec,queue,0.029938697814941406,4.76837158203125e-07,2.384185791015625e-07,1609701181.841575,1609701181.9695814,0.1280064582824707,1609701181.8853595,1609701181.8913152,0.005955696105957031
0e4bab9970d449208b87de9020558bb5,k-means,warm,exec,queue,0.008960247039794922,2.384185791015625e-07,2.384185791015625e-07,1609701182.81999,1609701182.9615343,0.14154434204101562,1609701182.8647056,1609701182.8726554,0.0079498291015625
17f025f9e59343eb83ff3f1a99c660ce,k-means,warm,exec,queue,0.009431123733520508,7.152557373046875e-07,2.384185791015625e-07,1609701182.8242595,1609701183.0050755,0.1808159351348877,1609701182.8696141,1609701182.8778973,0.008283138275146484
9df63fba4940462aa08fb18cf0991a3d,k-means,warm,exec,queue,0.014444828033447266,4.76837158203125e-07,2.384185791015625e-07,1609701182.8267963,1609701183.0466142,0.2198178768157959,1609701182.8770425,1609701182.8848433,0.0078008174896240234
561b1ec0a49347fdbb995891e7022608,k-means,warm,exec,queue,0.021025896072387695,2.384185791015625e-07,0.0,1609701182.8293345,1609701183.221148,0.3918135166168213,1609701182.8850844,1609701182.8916485,0.006564140319824219
cae3eb271b274bf5943b81dfcf641bbb,k-means,warm,exec,queue,0.02594304084777832,2.384185791015625e-07,2.384185791015625e-07,1609701182.8322,1609701183.1559286,0.3237285614013672,1609701182.8865888,1609701182.891383,0.004794120788574219
64280febbaf34f59b3c22e43b81cd1e6,k-means,warm,exec,queue,0.03131222724914551,2.384185791015625e-07,0.0,1609701182.8337605,1609701183.00334,0.16957950592041016,1609701182.8946843,1609701182.9030578,0.008373498916625977
168cfd7e97564076a18636061755a277,k-means,warm,exec,queue,0.03724527359008789,2.384185791015625e-07,0.0,1609701182.8352606,1609701183.0449798,0.20971918106079102,1609701182.900649,1609701182.9084234,0.00777435302734375
371dfe2027c44b2aa9f977a5f162a87f,k-means,warm,exec,queue,0.04388117790222168,2.384185791015625e-07,2.384185791015625e-07,1609701182.8367631,1609701183.1036549,0.2668917179107666,1609701182.9059188,1609701182.913044,0.007125139236450195
c80575c855284520a05257be9f398812,k-means,warm,exec,queue,0.04983782768249512,2.384185791015625e-07,2.384185791015625e-07,1609701182.8382566,1609701183.0830657,0.24480915069580078,1609701182.911859,1609701182.917922,0.006062984466552734
6f3381f9aabe4ebbb172e0ed9aa3adf4,k-means,warm,exec,queue,0.05519676208496094,0.0,2.384185791015625e-07,1609701182.83986,1609701183.0809782,0.2411181926727295,1609701182.9181552,1609701182.924221,0.006065845489501953
a46bd5cc7ff24ef6997bed5b2ec442bf,k-means,warm,exec,queue,0.060089111328125,2.384185791015625e-07,0.0,1609701182.8413715,1609701183.1542242,0.3128526210784912,1609701182.923553,1609701182.9287212,0.00516819953918457
547d4f290997409c80a2799351dbae99,video,warm,exec,queue,0.015877485275268555,2.384185791015625e-07,2.384185791015625e-07,1609701182.8428562,1609701183.0067086,0.16385245323181152,1609701182.886011,1609701182.9023292,0.016318321228027344
181123f8f32543cb8bfd83bb05cd58e5,k-means,warm,exec,queue,0.005751609802246094,7.152557373046875e-07,2.384185791015625e-07,1609701183.8168752,1609701183.938786,0.12191081047058105,1609701183.8768117,1609701183.885512,0.008700370788574219
cc392e33d85e435f942b7c352c6b10db,k-means,warm,exec,queue,0.042443037033081055,2.384185791015625e-07,0.0,1609701183.8212335,1609701184.086569,0.2653355598449707,1609701183.9182143,1609701183.9243686,0.006154298782348633
3ce3a8738ebc43ca805cfa9833cc027e,k-means,warm,exec,queue,0.010146617889404297,4.76837158203125e-07,2.384185791015625e-07,1609701183.8238616,1609701184.0832896,0.2594280242919922,1609701183.8801625,1609701183.8881292,0.007966756820678711
1a1df54af19b4d06a76b3d06eb3bdc3e,k-means,warm,exec,queue,0.014654397964477539,2.384185791015625e-07,2.384185791015625e-07,1609701183.8264937,1609701184.086092,0.2595982551574707,1609701183.8854022,1609701183.8944094,0.00900721549987793
f0c30b6926664aaf97b302b1083e2e60,k-means,warm,exec,queue,0.01930975914001465,4.76837158203125e-07,2.384185791015625e-07,1609701183.8289282,1609701183.9717443,0.14281606674194336,1609701183.892469,1609701183.9005249,0.008055925369262695
d4df77f993e3426185f2620d68edd970,k-means,warm,exec,queue,0.024353504180908203,2.384185791015625e-07,0.0,1609701183.852962,1609701183.9735088,0.12054681777954102,1609701183.8952608,1609701183.8998911,0.004630327224731445
eab90835ffca435b9370a9edaaf3e51e,k-means,warm,exec,queue,0.029565811157226562,2.384185791015625e-07,2.384185791015625e-07,1609701183.8545172,1609701184.032301,0.17778372764587402,1609701183.9010348,1609701183.9059107,0.004875898361206055
33a32b1731864a5ba5e3f7bc06b50637,k-means,warm,exec,queue,0.03482365608215332,2.384185791015625e-07,2.384185791015625e-07,1609701183.8560603,1609701184.0305223,0.17446208000183105,1609701183.9068785,1609701183.9114122,0.0045337677001953125
ae14a69699b248aea928c343905322f9,k-means,warm,exec,queue,0.03949880599975586,2.384185791015625e-07,2.384185791015625e-07,1609701183.8577082,1609701184.0057166,0.1480083465576172,1609701183.9122765,1609701183.9169059,0.004629373550415039
af56d6bcfee5412ca5a448c7b252f0be,k-means,warm,exec,queue,0.008539438247680664,2.384185791015625e-07,2.384185791015625e-07,1609701184.8295972,1609701185.0120504,0.18245315551757812,1609701184.8915935,1609701184.8994906,0.007897138595581055
a4f2821e20394145a89fe136e49f7713,k-means,warm,exec,queue,0.010196924209594727,2.384185791015625e-07,2.384185791015625e-07,1609701184.8340492,1609701185.0126894,0.17864012718200684,1609701184.8937414,1609701184.90173,0.007988691329956055
da99dc3dacd343659aea00c5e52cbff9,k-means,warm,exec,queue,0.015184640884399414,2.384185791015625e-07,2.384185791015625e-07,1609701184.8366294,1609701185.0094707,0.17284131050109863,1609701184.8993757,1609701184.907315,0.007939338684082031
f84b395f6616446e8b70a43cca251847,k-means,warm,exec,queue,0.01987004280090332,4.76837158203125e-07,2.384185791015625e-07,1609701184.8391182,1609701185.0142949,0.17517662048339844,1609701184.907573,1609701184.9154463,0.007873296737670898
f5267dffcad64bc198fd09742260d451,k-means,warm,exec,queue,0.025860309600830078,4.76837158203125e-07,2.384185791015625e-07,1609701184.8418968,1609701185.0076413,0.16574454307556152,1609701184.9112005,1609701184.918236,0.007035493850708008
823e679a5e2b4caf88e1a13bd76eec79,k-means,warm,exec,queue,0.03312110900878906,2.384185791015625e-07,2.384185791015625e-07,1609701184.8443613,1609701185.3121216,0.4677603244781494,1609701184.9186218,1609701184.925973,0.0073511600494384766
e58aea0d67524780beea0c668ad521f5,k-means,warm,exec,queue,0.03759598731994629,4.76837158203125e-07,0.0,1609701184.8457932,1609701185.2552888,0.40949559211730957,1609701184.9258184,1609701184.932887,0.007068634033203125
a45bb6b1a5b74c2c85844e960802f460,k-means,warm,exec,queue,0.04335165023803711,2.384185791015625e-07,2.384185791015625e-07,1609701184.8476002,1609701185.1245751,0.2769749164581299,1609701184.927013,1609701184.9335363,0.0065233707427978516
e1bfc41c76654d3fab308aa96ccbc593,k-means,warm,exec,queue,0.0480501651763916,2.384185791015625e-07,2.384185791015625e-07,1609701184.8494186,1609701185.398138,0.5487194061279297,1609701184.9351237,1609701184.941851,0.0067272186279296875
96dde4ec8d43452ab990817eb1d6e96b,k-means,warm,exec,queue,0.05276942253112793,2.384185791015625e-07,2.384185791015625e-07,1609701184.850867,1609701185.1284034,0.27753639221191406,1609701184.942319,1609701184.9488442,0.006525278091430664
1b856ca4e42145209ead8985d81cf105,k-means,warm,exec,queue,0.0582733154296875,2.384185791015625e-07,0.0,1609701184.852306,1609701185.209861,0.3575551509857178,1609701184.9431834,1609701184.94778,0.0045964717864990234
adf7f3e06c374ea5a9f9d51880464adb,k-means,warm,exec,queue,0.06371617317199707,2.384185791015625e-07,2.384185791015625e-07,1609701184.8537948,1609701185.4473197,0.5935249328613281,1609701184.9493365,1609701184.9549193,0.0055828094482421875
85b5444cccf24224be9d1922b2fa1307,k-means,warm,exec,queue,0.06720256805419922,2.384185791015625e-07,2.384185791015625e-07,1609701184.8553822,1609701185.3967133,0.5413310527801514,1609701184.9546409,1609701184.9604766,0.005835771560668945
d1ee6585b5a34b70b3dbd3aaa88f991c,k-means,warm,exec,queue,0.07262039184570312,4.76837158203125e-07,2.384185791015625e-07,1609701184.8568864,1609701185.1260147,0.26912832260131836,1609701184.960535,1609701184.9650586,0.004523515701293945
fef1ac756fcb4118bd0b5ca67a925609,k-means,warm,exec,queue,0.07765340805053711,4.76837158203125e-07,2.384185791015625e-07,1609701184.8583791,1609701185.313448,0.45506882667541504,1609701184.9660785,1609701184.970225,0.004146575927734375
8a8c0278f19240b4bf88d3d017a86e12,k-means,warm,exec,queue,0.08322954177856445,2.384185791015625e-07,0.0,1609701184.8599508,1609701185.1279612,0.26801037788391113,1609701184.9723754,1609701184.9776447,0.005269289016723633
3a20699a543c4385ac915b5e4ad20ac5,video,warm,exec,queue,0.016507387161254883,2.384185791015625e-07,2.384185791015625e-07,1609701184.8614566,1609701185.3993003,0.5378437042236328,1609701184.9116783,1609701184.9285407,0.01686239242553711
47dd206c13614dba86f43d299498d297,matmul,warm,exec,queue,0.02038741111755371,2.384185791015625e-07,2.384185791015625e-07,1609701184.862962,1609701185.1402762,0.2773141860961914,1609701184.9153125,1609701184.9260483,0.010735750198364258
3f484ae398264cc0a969ea5d709777ff,map_reduce,warm,exec,queue,0.02344059944152832,2.384185791015625e-07,4.76837158203125e-07,1609701184.864492,1609701185.5246236,0.6601316928863525,1609701184.9187083,1609701185.003703,0.08499479293823242
c009aeb03ea84db28e09cb6d1436f475,k-means,warm,exec,queue,0.007571697235107422,2.384185791015625e-07,0.0,1609701185.8188834,1609701185.9384153,0.11953186988830566,1609701185.8569598,1609701185.8648422,0.007882356643676758
121d703c803f428d9bc9c5c309e207f7,k-means,warm,exec,queue,0.030417680740356445,2.384185791015625e-07,0.0,1609701185.8229797,1609701186.0012057,0.17822599411010742,1609701185.8825257,1609701185.8867216,0.0041959285736083984
bd6d054c3ecb426fb717c94a96e8a87a,k-means,warm,exec,queue,0.03569650650024414,2.384185791015625e-07,2.384185791015625e-07,1609701185.8255203,1609701186.0039475,0.17842721939086914,1609701185.8899071,1609701185.896206,0.00629878044128418
a92c569ac0864a26b462c4d7e6e3355f,k-means,warm,exec,queue,0.040372610092163086,2.384185791015625e-07,2.384185791015625e-07,1609701185.8280065,1609701186.0045624,0.17655587196350098,1609701185.8937907,1609701185.8979774,0.0041866302490234375
ada22ef5b2164d02ba618c269365b99d,k-means,warm,exec,queue,0.04482841491699219,2.384185791015625e-07,0.0,1609701185.8308206,1609701186.049191,0.2183704376220703,1609701185.8992867,1609701185.9053001,0.006013393402099609
a641e16165704ae1add014a476ca2968,k-means,warm,exec,queue,0.04991483688354492,2.384185791015625e-07,2.384185791015625e-07,1609701185.8328402,1609701186.1443827,0.3115425109863281,1609701185.9044242,1609701185.9084454,0.004021167755126953
3fb4d9e403504cd8b41df643e5ca1ca0,k-means,warm,exec,queue,0.054631948471069336,2.384185791015625e-07,2.384185791015625e-07,1609701185.8341997,1609701185.9963145,0.16211485862731934,1609701185.9117143,1609701185.918336,0.006621599197387695
a4d97f051e9940559323e9e45774878c,k-means,warm,exec,queue,0.01143503189086914,2.384185791015625e-07,2.384185791015625e-07,1609701185.8355522,1609701185.935855,0.10030269622802734,1609701185.8621411,1609701185.8701217,0.007980585098266602
d848264b4f5946088cd694d916c25ee4,k-means,warm,exec,queue,0.015927791595458984,4.76837158203125e-07,2.384185791015625e-07,1609701185.8369327,1609701185.9389539,0.1020212173461914,1609701185.8672118,1609701185.8750672,0.007855415344238281
d8de14cac6a244c2a2f09a7e59c8aebb,k-means,warm,exec,queue,0.020908355712890625,4.76837158203125e-07,2.384185791015625e-07,1609701185.8383641,1609701186.0005856,0.16222143173217773,1609701185.8718896,1609701185.8762176,0.004328012466430664
dbe829aaa2054816817377428511d61c,k-means,warm,exec,queue,0.02539825439453125,2.384185791015625e-07,2.384185791015625e-07,1609701185.8397148,1609701185.9616296,0.12191486358642578,1609701185.877745,1609701185.8846548,0.006909847259521484
ad1bc74a23f84ec6802352b5477dfe9f,k-means,warm,exec,queue,0.003957033157348633,4.76837158203125e-07,2.384185791015625e-07,1609701186.829168,1609701186.9856615,0.1564934253692627,1609701186.8884473,1609701186.8971753,0.00872802734375
748e4d38b22a44d893cba6507dda226d,k-means,warm,exec,queue,0.05351066589355469,2.384185791015625e-07,2.384185791015625e-07,1609701186.8337212,1609701187.1139193,0.2801980972290039,1609701186.935648,1609701186.9422102,0.006562232971191406
b3c8c833e02e49e1957e10de93debdbe,k-means,warm,exec,queue,0.04911446571350098,2.384185791015625e-07,0.0,1609701186.8363965,1609701187.2309644,0.39456796646118164,1609701186.9304056,1609701186.9382262,0.007820606231689453
a147c7cb74a04f7a89a425ba86b7bc3d,k-means,warm,exec,queue,0.04374265670776367,4.76837158203125e-07,2.384185791015625e-07,1609701186.8390253,1609701187.0258229,0.1867976188659668,1609701186.922213,1609701186.9294367,0.007223606109619141
ac75d5acdebb43db962d06b2abb062fa,k-means,warm,exec,queue,0.013125896453857422,2.384185791015625e-07,2.384185791015625e-07,1609701186.8414955,1609701187.1144996,0.27300405502319336,1609701186.8940382,1609701186.9024413,0.00840306282043457
5ee71a1318594e35bc5f7d39c6ab86b8,k-means,warm,exec,queue,0.020262479782104492,4.76837158203125e-07,2.384185791015625e-07,1609701186.843076,1609701186.9838688,0.1407928466796875,1609701186.895967,1609701186.9046595,0.008692502975463867
7b18aeb1e5364af49783c0c2d10a704a,k-means,warm,exec,queue,0.027645111083984375,4.76837158203125e-07,2.384185791015625e-07,1609701186.8446622,1609701187.0275114,0.18284916877746582,1609701186.9114482,1609701186.9195535,0.008105278015136719
6974096da1434776bd769c54ec28e39c,k-means,warm,exec,queue,0.03452873229980469,4.76837158203125e-07,4.76837158203125e-07,1609701186.8462484,1609701187.1689365,0.32268810272216797,1609701186.9153252,1609701186.9218333,0.0065081119537353516
185f2507f37f450792b9a85c10c3ca98,k-means,warm,exec,queue,0.041274309158325195,2.384185791015625e-07,0.0,1609701186.8478386,1609701187.0687838,0.22094511985778809,1609701186.917511,1609701186.9247074,0.0071964263916015625
539b817fc6304adeaadf8fc2ade7bf45,k-means,warm,exec,queue,0.05735206604003906,2.384185791015625e-07,2.384185791015625e-07,1609701186.8495867,1609701187.2315443,0.3819575309753418,1609701186.9410152,1609701186.9471161,0.006100893020629883
4bd21d4a04a044268069db06dbf91c25,k-means,warm,exec,queue,0.061470985412597656,2.384185791015625e-07,0.0,1609701186.8511662,1609701187.1094942,0.2583279609680176,1609701186.944711,1609701186.9520829,0.0073719024658203125
5c5dc268f3054153bb14cae9bda5dbcc,k-means,warm,exec,queue,0.0666203498840332,2.384185791015625e-07,2.384185791015625e-07,1609701186.8527544,1609701187.2266705,0.3739161491394043,1609701186.9508405,1609701186.9579523,0.007111787796020508
74d8c8b56e2e434c9d9b563c5b9d19c5,k-means,warm,exec,queue,0.07211589813232422,2.384185791015625e-07,2.384185791015625e-07,1609701186.8543348,1609701187.070791,0.21645617485046387,1609701186.9556515,1609701186.9610372,0.005385637283325195
019402289c194fd896b462992229cf6b,k-means,warm,exec,queue,0.07726383209228516,4.76837158203125e-07,0.0,1609701186.8560085,1609701187.2283766,0.37236809730529785,1609701186.9610705,1609701186.9674199,0.006349325180053711
8b0681ac1df44ad2ab3d2bf5693b6c58,video,warm,exec,queue,0.021078109741210938,2.384185791015625e-07,4.76837158203125e-07,1609701186.8575943,1609701187.111298,0.2537038326263428,1609701186.9162626,1609701186.9335291,0.017266511917114258
dd7e352214af40bfbad46f121ff03148,k-means,warm,exec,queue,8.106231689453125e-05,4.76837158203125e-07,2.384185791015625e-07,1609701187.8252826,1609701187.9450254,0.11974287033081055,1609701187.8732173,1609701187.8799264,0.006709098815917969
89e0140b582747be88bcd7b7e130c108,k-means,warm,exec,queue,0.00771021842956543,4.76837158203125e-07,2.384185791015625e-07,1609701187.8295124,1609701187.9462333,0.11672091484069824,1609701187.873614,1609701187.8819735,0.008359432220458984
fc240282a4354e899531f216f3001a9b,k-means,warm,exec,queue,0.017330408096313477,4.76837158203125e-07,4.76837158203125e-07,1609701187.8320136,1609701188.0650592,0.2330455780029297,1609701187.8841243,1609701187.8925245,0.008400201797485352
ad5739f3fb884d3eb67db893250dbb45,k-means,warm,exec,queue,0.021799087524414062,4.76837158203125e-07,2.384185791015625e-07,1609701187.8345776,1609701187.969609,0.13503146171569824,1609701187.889009,1609701187.89538,0.006371021270751953
47acd7f1b72a4f52bcc54fe38f93d3aa,k-means,warm,exec,queue,0.026820659637451172,4.76837158203125e-07,2.384185791015625e-07,1609701187.8373828,1609701188.158971,0.32158827781677246,1609701187.893892,1609701187.8998704,0.00597834587097168
7fcff130ad3748ecafaff00c3377943a,k-means,warm,exec,queue,0.03152298927307129,2.384185791015625e-07,0.0,1609701187.8398836,1609701187.9711168,0.13123321533203125,1609701187.8998537,1609701187.9058886,0.00603485107421875
76a792c673ad494d98404c901c9e5b6a,k-means,warm,exec,queue,0.03696489334106445,4.76837158203125e-07,4.76837158203125e-07,1609701187.8414867,1609701188.1583118,0.31682515144348145,1609701187.9052143,1609701187.911769,0.006554603576660156
63fa14ee84334243b6afc7b5c8dc8391,k-means,warm,exec,queue,0.04235267639160156,2.384185791015625e-07,2.384185791015625e-07,1609701187.8429475,1609701188.1598396,0.316892147064209,1609701187.9114292,1609701187.9172044,0.0057752132415771484
5d6dcaa15181406f8e8e10ecafa37ca5,k-means,warm,exec,queue,0.0477137565612793,2.384185791015625e-07,0.0,1609701187.8444173,1609701188.0331151,0.18869781494140625,1609701187.9173265,1609701187.9227257,0.005399227142333984
dbd83a8db6d748f295ce3e6354ef871b,k-means,warm,exec,queue,0.05222439765930176,2.384185791015625e-07,2.384185791015625e-07,1609701187.8459804,1609701188.0655787,0.21959829330444336,1609701187.9226356,1609701187.9292798,0.006644248962402344
d5f3b0dac1614add9ee67defb6bcfbd3,k-means,warm,exec,queue,0.056707143783569336,2.384185791015625e-07,2.384185791015625e-07,1609701187.8474276,1609701188.0325167,0.185089111328125,1609701187.9275775,1609701187.9327884,0.00521087646484375
244e60a504fc418690792ada851dabc2,k-means,warm,exec,queue,0.012636184692382812,2.384185791015625e-07,2.384185791015625e-07,1609701187.8488896,1609701188.0286212,0.1797316074371338,1609701187.8788233,1609701187.8870964,0.008273124694824219
099e51543f3e4f5a8d56af3fe33bb8bb,k-means,warm,exec,queue,0.06120562553405762,2.384185791015625e-07,2.384185791015625e-07,1609701187.8503418,1609701188.087327,0.2369852066040039,1609701187.93145,1609701187.9366899,0.005239963531494141
9643d1906050471ea549a1363d667002,k-means,warm,exec,queue,0.0046346187591552734,2.384185791015625e-07,2.384185791015625e-07,1609701188.8282332,1609701188.955475,0.127241849899292,1609701188.8800957,1609701188.8883426,0.008246898651123047
171b4ec5a9b4408bbba3f9c7b2fbf93b,k-means,warm,exec,queue,0.005741596221923828,0.0,2.384185791015625e-07,1609701188.8324885,1609701188.9573686,0.12488007545471191,1609701188.8800855,1609701188.8883274,0.008241891860961914
eb2800c014a8490193e9447b0860677e,k-means,warm,exec,queue,0.010675430297851562,4.76837158203125e-07,2.384185791015625e-07,1609701188.8349748,1609701189.0731623,0.23818755149841309,1609701188.8921084,1609701188.8999636,0.00785517692565918
2a7911a29f704d749b2583930cc1e98a,k-means,warm,exec,queue,0.016404151916503906,4.76837158203125e-07,2.384185791015625e-07,1609701188.837476,1609701189.042336,0.20485997200012207,1609701188.89872,1609701188.9069676,0.008247613906860352
3b313ae517384cd0a5bb45e6e4db4ad5,k-means,warm,exec,queue,0.023067951202392578,2.384185791015625e-07,2.384185791015625e-07,1609701188.8402488,1609701188.997443,0.1571941375732422,1609701188.9015675,1609701188.9080124,0.0064449310302734375
a9a6c5e10cbe4cf2afdcb07c6e027db4,k-means,warm,exec,queue,0.027948379516601562,2.384185791015625e-07,2.384185791015625e-07,1609701188.8418632,1609701189.106555,0.2646918296813965,1609701188.9032092,1609701188.9095335,0.006324291229248047
d286c6cf268d40f6b16d294c3e9ab13d,k-means,warm,exec,queue,0.03261685371398926,2.384185791015625e-07,2.384185791015625e-07,1609701188.8432949,1609701189.0750296,0.2317347526550293,1609701188.9096117,1609701188.9169054,0.007293701171875
d35c8019c5214a12864a66dd6c9247da,k-means,warm,exec,queue,0.03822159767150879,2.384185791015625e-07,2.384185791015625e-07,1609701188.8447304,1609701189.1318944,0.28716397285461426,1609701188.9163995,1609701188.9232733,0.0068738460540771484
108b78f01d624ebb9c4b82a53a972f81,k-means,warm,exec,queue,0.04278731346130371,2.384185791015625e-07,2.384185791015625e-07,1609701188.8461628,1609701189.3041022,0.45793938636779785,1609701188.9211738,1609701188.9274309,0.006257057189941406
b8753dfdd24c41e39d93b81aeec40e59,k-means,warm,exec,queue,0.04846525192260742,2.384185791015625e-07,2.384185791015625e-07,1609701188.8477154,1609701189.3014073,0.4536919593811035,1609701188.924491,1609701188.9303253,0.005834341049194336
56d2e456ecbf43fcb4dce54923e1edca,k-means,warm,exec,queue,0.05325031280517578,2.384185791015625e-07,2.384185791015625e-07,1609701188.8491626,1609701189.3064175,0.45725488662719727,1609701188.9298196,1609701188.9342353,0.004415750503540039
407ecf06f34b4892ac7c4c354ed1c7e3,k-means,warm,exec,queue,0.05864381790161133,2.384185791015625e-07,2.384185791015625e-07,1609701188.8505886,1609701189.0417447,0.19115614891052246,1609701188.9367979,1609701188.9412363,0.0044384002685546875
ce3ae54ec66b4c28b0530ab8f308eef6,k-means,warm,exec,queue,0.06405854225158691,2.384185791015625e-07,2.384185791015625e-07,1609701188.8520203,1609701189.1083293,0.25630903244018555,1609701188.9412,1609701188.9453168,0.00411677360534668
f3e8097e99314fb1b41ebc9719be61cd,k-means,warm,exec,queue,0.06903886795043945,2.384185791015625e-07,2.384185791015625e-07,1609701188.8535562,1609701189.304727,0.4511709213256836,1609701188.9466114,1609701188.950783,0.004171609878540039
a531212ab6dd406fafe9027278924562,video,warm,exec,queue,0.016791820526123047,4.76837158203125e-07,2.384185791015625e-07,1609701188.8549893,1609701189.2996488,0.4446594715118408,1609701188.9019809,1609701188.9179347,0.015953779220581055
81ae64548aa14e2782a520bc05226a65,k-means,warm,exec,queue,7.343292236328125e-05,4.76837158203125e-07,0.0,1609701189.8232834,1609701189.9511693,0.1278858184814453,1609701189.8591955,1609701189.8673792,0.008183717727661133
77ba46765ace4cea9d09ff99c3a840b9,k-means,warm,exec,queue,0.004192352294921875,2.384185791015625e-07,0.0,1609701189.8274283,1609701189.9540446,0.1266162395477295,1609701189.8589716,1609701189.867656,0.008684396743774414
57e4aff6a783426e95b440b3f1fece11,k-means,warm,exec,queue,0.009164094924926758,4.76837158203125e-07,2.384185791015625e-07,1609701189.8300474,1609701189.9546268,0.12457942962646484,1609701189.8648052,1609701189.8730283,0.00822305679321289
b62b4263944c4929b352132384ef99ad,matmul,warm,exec,queue,0.018831729888916016,2.384185791015625e-07,2.384185791015625e-07,1609701189.8326123,1609701190.1014686,0.2688562870025635,1609701189.8781118,1609701189.8881059,0.009994029998779297
11147ceca90b40028529a69c01301688,k-means,warm,exec,queue,0.013174772262573242,2.384185791015625e-07,4.76837158203125e-07,1609701189.835129,1609701190.0345263,0.19939732551574707,1609701189.8699923,1609701189.878454,0.008461713790893555
6bf58ea0ae8848f099b78be3de718464,k-means,warm,exec,queue,0.019789934158325195,7.152557373046875e-07,2.384185791015625e-07,1609701189.8374298,1609701189.98431,0.1468801498413086,1609701189.8786285,1609701189.8855846,0.0069561004638671875
e804e32417704cf5a7dda7cdac74c5b5,k-means,warm,exec,queue,0.02476334571838379,4.76837158203125e-07,0.0,1609701189.8388808,1609701190.0363197,0.19743895530700684,1609701189.8811119,1609701189.887404,0.006292104721069336
d0ab6ad9d33147ebb3c323dd287bfeba,k-means,warm,exec,queue,0.030356407165527344,2.384185791015625e-07,2.384185791015625e-07,1609701189.8403766,1609701190.061315,0.22093844413757324,1609701189.886979,1609701189.8930857,0.00610661506652832
6dcbf1081ae14988aef223202ed88eba,k-means,warm,exec,queue,0.035013675689697266,2.384185791015625e-07,2.384185791015625e-07,1609701189.8418515,1609701190.05954,0.21768856048583984,1609701189.8940048,1609701189.8993552,0.005350351333618164
9fc0341ec47d4e14b4cc4f57f0312c61,k-means,warm,exec,queue,0.004240512847900391,4.76837158203125e-07,2.384185791015625e-07,1609701190.835119,1609701190.9715006,0.1363816261291504,1609701190.8924577,1609701190.9006414,0.008183717727661133
fef9ca8033e04030876810d17eb2cdb5,k-means,warm,exec,queue,0.007384300231933594,2.384185791015625e-07,2.384185791015625e-07,1609701190.8395355,1609701190.9697587,0.13022327423095703,1609701190.8929925,1609701190.9020755,0.009083032608032227
88015f68ed2b4f3aa9e8123bb2814152,k-means,warm,exec,queue,0.011835098266601562,2.384185791015625e-07,0.0,1609701190.8421843,1609701191.0113895,0.1692051887512207,1609701190.899093,1609701190.906972,0.007879018783569336
95d979f6d77040a6800e836fc4e2dcd0,k-means,warm,exec,queue,0.01636981964111328,2.384185791015625e-07,0.0,1609701190.8447897,1609701191.0556068,0.2108170986175537,1609701190.904306,1609701190.9120958,0.0077898502349853516
3dbada97ccdc4814804f6ab509c21bd8,k-means,warm,exec,queue,0.02094721794128418,4.76837158203125e-07,0.0,1609701190.8476498,1609701191.056209,0.20855927467346191,1609701190.915761,1609701190.9239335,0.00817251205444336
9181606042864b759bf3c403e91ef115,k-means,warm,exec,queue,0.027662277221679688,2.384185791015625e-07,2.384185791015625e-07,1609701190.8495007,1609701191.0908027,0.2413020133972168,1609701190.9150183,1609701190.9219723,0.0069539546966552734
37b03ffc8569479586b20f622d309233,k-means,warm,exec,queue,0.03251504898071289,2.384185791015625e-07,2.384185791015625e-07,1609701190.851045,1609701191.01308,0.1620349884033203,1609701190.9207554,1609701190.9271505,0.006395101547241211
dc2c784ca42e4c52a5208545393eb9ab,k-means,warm,exec,queue,0.037262678146362305,0.0,0.0,1609701190.8526099,1609701191.09248,0.2398700714111328,1609701190.927237,1609701190.9349413,0.007704257965087891
99728acb1a8b41e1b819f940e76be762,k-means,warm,exec,queue,0.042725324630737305,2.384185791015625e-07,0.0,1609701190.854137,1609701191.090185,0.23604798316955566,1609701190.9335938,1609701190.9403589,0.006765127182006836
d9e4704ac0ac48b6a43edee2d1b69c92,k-means,warm,exec,queue,0.04749178886413574,2.384185791015625e-07,2.384185791015625e-07,1609701190.8557837,1609701191.058199,0.20241522789001465,1609701190.9394379,1609701190.946208,0.006770133972167969
3d45f594d7294a5a824b04ca21818bf3,k-means,warm,exec,queue,0.0520937442779541,2.384185791015625e-07,2.384185791015625e-07,1609701190.8573067,1609701191.0871863,0.22987961769104004,1609701190.9418597,1609701190.948855,0.006995201110839844
6250b9b7f4f34cfabe4e2ba9a88fe737,k-means,warm,exec,queue,0.05770301818847656,4.76837158203125e-07,0.0,1609701190.8588228,1609701191.1211548,0.2623319625854492,1609701190.9462647,1609701190.9507544,0.0044896602630615234
17f1c1a82401461aaaf178609636ad3a,k-means,warm,exec,queue,0.06317257881164551,2.384185791015625e-07,2.384185791015625e-07,1609701190.8603537,1609701191.2388809,0.3785271644592285,1609701190.9530165,1609701190.958972,0.00595545768737793
c12a1f2d6c914d4082b304c2670ff714,k-means,warm,exec,queue,0.06807518005371094,7.152557373046875e-07,2.384185791015625e-07,1609701190.8619893,1609701191.1558502,0.29386091232299805,1609701190.9576557,1609701190.962657,0.0050013065338134766
3882e0ae61fc4aa1aa062aa1317eb59b,k-means,warm,exec,queue,0.07277917861938477,2.384185791015625e-07,4.76837158203125e-07,1609701190.863513,1609701191.2550592,0.39154624938964844,1609701190.9640632,1609701190.9708052,0.006742000579833984
e461a40c3e6641418f9da142e9d51bda,video,warm,exec,queue,0.017795085906982422,2.384185791015625e-07,2.384185791015625e-07,1609701190.865035,1609701191.1579208,0.29288578033447266,1609701190.914883,1609701190.9315784,0.016695499420166016
801a4568ff0b4cc29187326c60f35356,k-means,warm,exec,queue,0.004111766815185547,4.76837158203125e-07,2.384185791015625e-07,1609701191.8205807,1609701191.9330006,0.11241984367370605,1609701191.8469758,1609701191.8552895,0.008313655853271484
878a337df1584b7d9b81f5aa3e932257,k-means,warm,exec,queue,0.008652210235595703,2.384185791015625e-07,0.0,1609701191.8246121,1609701192.0101404,0.18552827835083008,1609701191.851138,1609701191.85884,0.007701873779296875
6359a19047754ec2bab48bd8a8c50120,k-means,warm,exec,queue,0.01302790641784668,2.384185791015625e-07,2.384185791015625e-07,1609701191.8272023,1609701191.9348204,0.10761809349060059,1609701191.8562443,1609701191.8637853,0.00754094123840332
5b9f5fd5de36437d869761af003453b1,k-means,warm,exec,queue,0.017447233200073242,4.76837158203125e-07,2.384185791015625e-07,1609701191.8291895,1609701191.9742742,0.14508461952209473,1609701191.8660102,1609701191.8734243,0.007414102554321289
5a7b1741f73742ab850d4ccfd65e141e,k-means,warm,exec,queue,0.022299528121948242,2.384185791015625e-07,4.76837158203125e-07,1609701191.8307638,1609701191.9760609,0.14529705047607422,1609701191.866755,1609701191.8722525,0.005497455596923828
d09a21de3d3948a8be89cc9668f5568d,k-means,warm,exec,queue,0.02713465690612793,4.76837158203125e-07,2.384185791015625e-07,1609701191.8325543,1609701192.0082333,0.17567896842956543,1609701191.871656,1609701191.8764513,0.0047953128814697266
2a7d3fe825504a86b4f30ef224091c71,k-means,warm,exec,queue,0.00846242904663086,2.384185791015625e-07,0.0,1609701192.833314,1609701193.2540407,0.4207267761230469,1609701192.8790665,1609701192.8868747,0.007808208465576172
1689ac1439fb4393abf32a854a500315,k-means,warm,exec,queue,0.009883642196655273,2.384185791015625e-07,2.384185791015625e-07,1609701192.8374238,1609701193.254634,0.41721010208129883,1609701192.885923,1609701192.8932016,0.0072786808013916016
0da7b6362c534f3eb8343dee678b48a0,k-means,warm,exec,queue,0.016520261764526367,2.384185791015625e-07,0.0,1609701192.8399289,1609701193.3436692,0.5037403106689453,1609701192.891005,1609701192.8982203,0.007215261459350586
a359e616864e4b5389549a631a4dbd60,k-means,warm,exec,queue,0.023012876510620117,2.384185791015625e-07,4.76837158203125e-07,1609701192.8424537,1609701193.2511625,0.4087088108062744,1609701192.8990557,1609701192.906536,0.0074803829193115234
5dc11d3431454e008ed3747865ddb52a,k-means,warm,exec,queue,0.02912139892578125,2.384185791015625e-07,2.384185791015625e-07,1609701192.8449824,1609701193.4683242,0.6233417987823486,1609701192.9045243,1609701192.909648,0.005123615264892578
2047c5ab6e41433ead7a2717c2aa778f,k-means,warm,exec,queue,0.03467869758605957,2.384185791015625e-07,0.0,1609701192.8464181,1609701193.3456104,0.4991922378540039,1609701192.9094045,1609701192.915104,0.0056993961334228516
19c7d1d5ea8544bb9a5ba18683817432,k-means,warm,exec,queue,0.04004836082458496,2.384185791015625e-07,0.0,1609701192.8478544,1609701193.4453337,0.5974793434143066,1609701192.9165094,1609701192.9239204,0.007411003112792969
91201a82e28744989dd6bebd30ebc526,k-means,warm,exec,queue,0.04626893997192383,2.384185791015625e-07,2.384185791015625e-07,1609701192.8493059,1609701193.6468496,0.7975437641143799,1609701192.9226868,1609701192.9280577,0.0053708553314208984
1d0e21ec3f5841d4be31322c86714172,k-means,warm,exec,queue,0.05160212516784668,0.0,2.384185791015625e-07,1609701192.8507469,1609701193.4473417,0.5965948104858398,1609701192.9275641,1609701192.9335184,0.005954265594482422
09d7ded586b849a1afbcc1f05341c013,k-means,warm,exec,queue,0.056970834732055664,4.76837158203125e-07,2.384185791015625e-07,1609701192.852304,1609701193.292691,0.4403870105743408,1609701192.9343593,1609701192.9419243,0.007565021514892578
85c73f63eb3b4a13883c1f794a713182,k-means,warm,exec,queue,0.062020063400268555,2.384185791015625e-07,2.384185791015625e-07,1609701192.8537347,1609701193.5690074,0.7152726650238037,1609701192.9397135,1609701192.944694,0.004980564117431641
887ca671b80d4a358c73be74da1dbfaa,k-means,warm,exec,queue,0.06769251823425293,2.384185791015625e-07,0.0,1609701192.8551667,1609701193.6449027,0.7897360324859619,1609701192.9445965,1609701192.949548,0.00495147705078125
fc46c26eb476416e9d4daaa37e02461c,k-means,warm,exec,queue,0.07233238220214844,4.76837158203125e-07,2.384185791015625e-07,1609701192.8566139,1609701193.5107222,0.6541082859039307,1609701192.9515204,1609701192.9584267,0.006906270980834961
24d236149f4d469a80ce1ea0befd6314,video,warm,exec,queue,0.015153646469116211,2.384185791015625e-07,0.0,1609701192.8581524,1609701193.6123972,0.7542448043823242,1609701192.897234,1609701192.9135509,0.016316890716552734
3fbb01fb9abd49ae9b6ecb3494f82630,k-means,warm,exec,queue,0.006810903549194336,2.384185791015625e-07,2.384185791015625e-07,1609701194.8539898,1609701195.0151305,0.16114068031311035,1609701194.9356184,1609701194.9435658,0.007947444915771484
1f4acd0416d441b6855be576cd3a0a59,k-means,warm,exec,queue,0.005947589874267578,2.384185791015625e-07,2.384185791015625e-07,1609701194.8581932,1609701195.016756,0.15856289863586426,1609701194.9363937,1609701194.9443648,0.007971048355102539
5075188985314ceaa33a6d18d95abd08,k-means,warm,exec,queue,0.014688968658447266,2.384185791015625e-07,2.384185791015625e-07,1609701194.8599126,1609701195.880058,1.0201454162597656,1609701194.9375942,1609701194.944292,0.006697893142700195
80b7599ee2444dbaa6c01e0187ea212a,k-means,warm,exec,queue,0.019225358963012695,2.384185791015625e-07,2.384185791015625e-07,1609701194.8618526,1609701195.8857775,1.0239248275756836,1609701194.9427829,1609701194.9507577,0.007974863052368164
ddb26228522044359aadb23416b65813,k-means,warm,exec,queue,0.025548696517944336,2.384185791015625e-07,2.384185791015625e-07,1609701194.8635523,1609701195.679251,0.8156986236572266,1609701194.9475772,1609701194.9549038,0.007326602935791016
f3dab5202c1946708417250042e41578,k-means,warm,exec,queue,0.03584885597229004,2.384185791015625e-07,0.0,1609701194.865296,1609701197.3207843,2.455488443374634,1609701194.9684734,1609701194.9765623,0.008088827133178711
c246f278336d4be5b0a77ff06696d4b8,k-means,warm,exec,queue,0.0403444766998291,2.384185791015625e-07,0.0,1609701194.8669794,1609701195.8851762,1.0181968212127686,1609701194.9672675,1609701194.9724486,0.005181074142456055
f0a67931fd764b6da216169ba3f21063,k-means,warm,exec,queue,0.04561328887939453,2.384185791015625e-07,2.384185791015625e-07,1609701194.8686962,1609701195.6779947,0.8092985153198242,1609701194.9691339,1609701194.9749386,0.005804777145385742
3970349a533e4ec2ae04fa9a0a918fc4,k-means,warm,exec,queue,0.05050802230834961,2.384185791015625e-07,0.0,1609701194.870317,1609701196.297451,1.4271340370178223,1609701194.975027,1609701194.9841135,0.009086370468139648
3a44307c9a314c9a9f3ac90886dac890,k-means,warm,exec,queue,0.0563509464263916,2.384185791015625e-07,0.0,1609701194.871822,1609701196.3011415,1.4293193817138672,1609701194.9876983,1609701194.9960127,0.008314371109008789
df233f20223b4a39877d2e9ce92699db,k-means,warm,exec,queue,0.0631563663482666,2.384185791015625e-07,0.0,1609701194.873335,1609701195.6940746,0.82073974609375,1609701194.9897752,1609701194.9958682,0.006093025207519531
5e142316e44b49eda00a6a79a18a97e2,k-means,warm,exec,queue,0.06761765480041504,7.152557373046875e-07,2.384185791015625e-07,1609701194.8755887,1609701195.8862371,1.010648488998413,1609701194.9929786,1609701194.9975462,0.004567623138427734
ca2a90989fc34c5290b118da4e00c3cb,k-means,warm,exec,queue,0.07012557983398438,4.76837158203125e-07,4.76837158203125e-07,1609701194.8775415,1609701197.3564544,2.478912830352783,1609701194.9984756,1609701195.0047672,0.006291627883911133
8c9fd1f567274a19acd2188277afddd3,k-means,warm,exec,queue,0.07551360130310059,2.384185791015625e-07,0.0,1609701194.8790371,1609701197.992898,3.113860845565796,1609701195.0041256,1609701195.0094998,0.00537419319152832
9ead334331544592bcb7dbb949f8702a,k-means,warm,exec,queue,0.08096599578857422,7.152557373046875e-07,2.384185791015625e-07,1609701194.8805447,1609701196.3004963,1.4199516773223877,1609701195.011155,1609701195.0186603,0.0075054168701171875
ad93eb1ff2cd43aeb9728d8b1c21d021,k-means,warm,exec,queue,0.08622097969055176,2.384185791015625e-07,2.384185791015625e-07,1609701194.8820183,1609701196.3076208,1.4256024360656738,1609701195.0167618,1609701195.0218868,0.0051250457763671875
422a4303212c42099e6ed9d09ffeec65,k-means,warm,exec,queue,0.0911414623260498,4.76837158203125e-07,2.384185791015625e-07,1609701194.8835936,1609701197.3179736,2.434380054473877,1609701195.0210378,1609701195.0273385,0.006300687789916992
0842ad3653ab4e1697eafa62dea0da47,k-means,warm,exec,queue,0.09648656845092773,2.384185791015625e-07,2.384185791015625e-07,1609701194.885107,1609701197.3558617,2.470754623413086,1609701195.0275736,1609701195.034582,0.00700831413269043
6bf1e49381114e4d980a6123b10022d6,k-means,warm,exec,queue,0.10193109512329102,2.384185791015625e-07,0.0,1609701194.8865867,1609701197.5775795,2.690992832183838,1609701195.0339289,1609701195.040071,0.006142139434814453
37be3e3434de4123a9eaa1f5d481ba7e,k-means,warm,exec,queue,0.10665297508239746,4.76837158203125e-07,2.384185791015625e-07,1609701194.8881354,1609701196.3057554,1.4176199436187744,1609701195.0381603,1609701195.0444758,0.006315469741821289
cfbed1e3f9ef405a932dbe25df5a6599,k-means,warm,exec,queue,0.1115102767944336,2.384185791015625e-07,2.384185791015625e-07,1609701194.8896213,1609701196.3065255,1.4169042110443115,1609701195.0429144,1609701195.049885,0.006970643997192383
16e477b47fa649f4991c1df7007359b5,k-means,warm,exec,queue,0.1162571907043457,2.384185791015625e-07,2.384185791015625e-07,1609701194.8910854,1609701197.9922378,3.1011524200439453,1609701195.0493195,1609701195.0547369,0.005417346954345703
1b85a723ffb5494c9525baaa27de5247,video,warm,exec,queue,0.0174105167388916,2.384185791015625e-07,2.384185791015625e-07,1609701194.892571,1609701197.320385,2.42781400680542,1609701194.962322,1609701194.9790528,0.016730785369873047
11df602b0e8c460085ab566c51b35dd7,matmul,warm,exec,queue,0.020633697509765625,2.384185791015625e-07,2.384185791015625e-07,1609701194.8951676,1609701196.305367,1.4101994037628174,1609701194.968868,1609701194.9781463,0.009278297424316406
e1b72a7b68144dc1bfe6d1bf25087c00,map_reduce,warm,exec,queue,0.021330833435058594,2.384185791015625e-07,2.384185791015625e-07,1609701194.896653,1609701196.9860523,2.0893993377685547,1609701194.9683127,1609701195.0531297,0.08481693267822266
e75809fa1c6845a0aaf4854c450778a3,disk,warm,exec,queue,0.027092933654785156,0.0,2.384185791015625e-07,1609701194.8981192,1609701196.3061535,1.408034324645996,1609701194.9681525,1609701194.9764564,0.00830388069152832
e0d17d8a1d534b7792d935f7875e7b27,image,cold,exec,create,0.031434059143066406,6.053513050079346,2.384185791015625e-07,1609701194.89971,1609701201.1342423,6.234532356262207,1609701201.018823,1609701201.0388465,0.020023584365844727
a4d8d160cbbe46309b93e1c6fec85e33,network,cold,exec,create,0.04389834403991699,5.963198184967041,2.384185791015625e-07,1609701194.901207,1609701201.1369565,6.2357494831085205,1609701200.9432774,1609701200.9742372,0.0309598445892334
8b233b90b93840e3a178765445b93e5e,k-means,warm,exec,queue,0.0024323463439941406,4.76837158203125e-07,2.384185791015625e-07,1609701195.8315873,1609701197.16764,1.336052656173706,1609701195.8751187,1609701195.8842447,0.009125947952270508
5ffd8419adb94f1babec2c93ef1dcd9a,markdown2html,cold,exec,create,0.022719144821166992,5.659344673156738,2.384185791015625e-07,1609701195.8357863,1609701201.6608183,5.825031995773315,1609701201.5514145,1609701201.601122,0.04970741271972656
0213a51bfed547cb953afed644a54e10,k-means,warm,exec,queue,0.019629955291748047,2.384185791015625e-07,0.0,1609701195.8384624,1609701197.918993,2.0805306434631348,1609701195.896068,1609701195.9052577,0.009189605712890625
7ccbdcdedeab4cdfa15767d85303f10e,k-means,warm,exec,queue,0.026619911193847656,4.76837158203125e-07,0.0,1609701195.8411062,1609701198.1632125,2.32210636138916,1609701195.903949,1609701195.9114556,0.007506608963012695
c6352c6f5e3d423b8f96790a4077d081,k-means,warm,exec,queue,0.032857418060302734,4.76837158203125e-07,2.384185791015625e-07,1609701195.8441453,1609701197.9934435,2.1492981910705566,1609701195.9050765,1609701195.9116533,0.0065767765045166016
843cf133740b44d4b9a91733ab4bbd9a,k-means,warm,exec,queue,0.038065433502197266,7.152557373046875e-07,2.384185791015625e-07,1609701195.8458242,1609701197.1706898,1.3248655796051025,1609701195.9119124,1609701195.9185848,0.006672382354736328
daa1b1a4bfc4489eb562daa06cd2d4a9,k-means,warm,exec,queue,0.01574087142944336,2.384185791015625e-07,0.0,1609701195.8474467,1609701197.1713123,1.3238656520843506,1609701195.8845882,1609701195.8929794,0.008391141891479492
3a6400d7b43746e483636d53648626eb,k-means,warm,exec,queue,0.010591268539428711,2.384185791015625e-07,2.384185791015625e-07,1609701195.8490684,1609701197.1729982,1.323929786682129,1609701195.8787935,1609701195.8876379,0.008844375610351562
1a465eb994894134bbb52c0521f25a20,k-means,warm,exec,queue,0.008913516998291016,4.76837158203125e-07,7.152557373046875e-07,1609701195.8507617,1609701198.157838,2.3070764541625977,1609701195.8753083,1609701195.8831034,0.007795095443725586
feda014d96214db0ad69468c1414ff32,markdown2html,cold,exec,create,0.030579805374145508,5.310374736785889,2.384185791015625e-07,1609701195.8523958,1609701201.350846,5.49845027923584,1609701201.2049575,1609701201.2580454,0.05308794975280762
906d95dba0204f7a9e4ca1d955cb2b9d,k-means,warm,exec,queue,0.004519462585449219,4.76837158203125e-07,2.384185791015625e-07,1609701196.8328917,1609701197.9155316,1.0826399326324463,1609701196.879874,1609701196.888342,0.008467912673950195
c7cf7b52878c446a9824502cc9356b21,video,warm,exec,queue,0.024126052856445312,2.384185791015625e-07,2.384185791015625e-07,1609701196.8370888,1609701198.162596,1.3255071640014648,1609701196.9022946,1609701196.9190416,0.016746997833251953
6e59bc9f730b49f488eb7a40604c6c5b,k-means,warm,exec,queue,0.0038123130798339844,2.384185791015625e-07,0.0,1609701196.8394556,1609701199.3054214,2.465965747833252,1609701196.8794103,1609701196.887058,0.00764775276184082
2de290bbf91343fe9d890aecb46cb8a4,k-means,warm,exec,queue,0.009510278701782227,2.384185791015625e-07,4.76837158203125e-07,1609701196.8417985,1609701197.3516653,0.5098667144775391,1609701196.884731,1609701196.8924644,0.007733345031738281
6081bee06afc4e358f0a120ead7e2d25,k-means,warm,exec,queue,0.014406442642211914,2.384185791015625e-07,2.384185791015625e-07,1609701196.8447754,1609701198.368369,1.5235936641693115,1609701196.890357,1609701196.8989365,0.008579492568969727
68102bcb77ab4d1fbcdc8a054bc0e084,k-means,warm,exec,queue,0.019259214401245117,2.384185791015625e-07,0.0,1609701196.8470807,1609701197.3533206,0.5062398910522461,1609701196.9015815,1609701196.9098375,0.008255958557128906
7b041971206a4c66a459b2f53f48ca6f,k-means,warm,exec,queue,0.024375200271606445,4.76837158203125e-07,2.384185791015625e-07,1609701196.8491323,1609701199.3060148,2.4568824768066406,1609701196.902459,1609701196.9103627,0.007903814315795898
16cadf681fb74b209b3b5c5f6fc065fe,k-means,warm,exec,queue,0.030086755752563477,2.384185791015625e-07,2.384185791015625e-07,1609701196.8507333,1609701199.3092492,2.4585158824920654,1609701196.9117467,1609701196.9185016,0.006754875183105469
8d1fac37291e48e1a1d2d20d5297bf63,k-means,warm,exec,queue,0.03579974174499512,2.384185791015625e-07,2.384185791015625e-07,1609701196.8524308,1609701198.159751,1.3073201179504395,1609701196.913132,1609701196.9204662,0.007334232330322266
ab7ed4f7bd30406bad1618a77ac9b6ba,k-means,warm,exec,queue,0.043392181396484375,2.384185791015625e-07,0.0,1609701196.853989,1609701197.9183986,1.0644097328186035,1609701196.9203656,1609701196.926731,0.006365537643432617
f837b79b93eb470087b54c58278c534a,k-means,warm,exec,queue,0.0007085800170898438,4.76837158203125e-07,4.76837158203125e-07,1609701197.8426855,1609701198.369007,0.5263216495513916,1609701197.9001517,1609701197.9084613,0.008309602737426758
d926a32e35d24f96ad4ff3ebc8ffd716,k-means,warm,exec,queue,0.04910087585449219,2.384185791015625e-07,2.384185791015625e-07,1609701197.847187,1609701198.7536178,0.906430721282959,1609701197.9477088,1609701197.953263,0.00555419921875
d5709b3a22604944bb004e5d5dfb5f46,k-means,warm,exec,queue,0.05444812774658203,2.384185791015625e-07,2.384185791015625e-07,1609701197.849866,1609701199.308673,1.4588069915771484,1609701197.9508765,1609701197.9570487,0.00617218017578125
0fb60b7a5bb14564ad0d814ed8882df7,k-means,warm,exec,queue,0.06000065803527832,4.76837158203125e-07,2.384185791015625e-07,1609701197.8525133,1609701199.1472452,1.294731855392456,1609701197.9591355,1609701197.9661386,0.007003068923950195
2fe8655f5fd9454491b2b0edcd8687d0,k-means,warm,exec,queue,0.0655207633972168,2.384185791015625e-07,0.0,1609701197.8557868,1609701199.1508,1.295013189315796,1609701197.9629028,1609701197.9687707,0.005867958068847656
987e37f53c9f44b68808669fa5c85092,k-means,warm,exec,queue,0.0711362361907959,2.384185791015625e-07,0.0,1609701197.857692,1609701199.1519344,1.2942423820495605,1609701197.9690127,1609701197.974443,0.0054302215576171875
13d4f10aa3fd48e282e963c07d71ecec,k-means,warm,exec,queue,0.07632327079772949,2.384185791015625e-07,2.384185791015625e-07,1609701197.8592758,1609701198.8916047,1.0323288440704346,1609701197.9745312,1609701197.980355,0.005823850631713867
68c09ad57c084f588e95eb0bdd205c51,k-means,warm,exec,queue,0.08195209503173828,2.384185791015625e-07,2.384185791015625e-07,1609701197.8608825,1609701200.1526768,2.2917943000793457,1609701197.9809132,1609701197.9855561,0.004642963409423828
30691b94a8c74d609d3898bc3dcfa4c6,k-means,warm,exec,queue,0.004774570465087891,2.384185791015625e-07,2.384185791015625e-07,1609701197.862483,1609701198.509695,0.647212028503418,1609701197.9010677,1609701197.9097025,0.008634805679321289
0fd32560beb54d6b9cb0e2b6d87ec143,k-means,warm,exec,queue,0.009238004684448242,2.384185791015625e-07,0.0,1609701197.8642397,1609701199.1513896,1.2871499061584473,1609701197.9008107,1609701197.9083807,0.007570028305053711
8430d8841a4b440ebd3efde1c9afad9d,k-means,warm,exec,queue,0.014380455017089844,2.384185791015625e-07,4.76837158203125e-07,1609701197.8658285,1609701198.3644495,0.49862098693847656,1609701197.9076953,1609701197.9163141,0.008618831634521484
6c9ab2f179044921a84c7f55a0c1deec,k-means,warm,exec,queue,0.018773794174194336,7.152557373046875e-07,4.76837158203125e-07,1609701197.8674254,1609701199.2291205,1.3616950511932373,1609701197.929168,1609701197.9371068,0.007938861846923828
a788bb2fc04d4fe0ad12a247bd0cec65,k-means,warm,exec,queue,0.02956700325012207,4.76837158203125e-07,2.384185791015625e-07,1609701197.8690386,1609701199.1466794,1.2776408195495605,1609701197.9295256,1609701197.9366856,0.0071599483489990234
eb5df361233e4013ab8798c1d7df14cd,k-means,warm,exec,queue,0.03588414192199707,4.76837158203125e-07,2.384185791015625e-07,1609701197.8707228,1609701198.7542164,0.8834936618804932,1609701197.930615,1609701197.9368193,0.006204366683959961
142e1872621f43159c0119530cc42edc,k-means,warm,exec,queue,0.04119873046875,4.76837158203125e-07,2.384185791015625e-07,1609701197.8723164,1609701199.14368,1.2713637351989746,1609701197.9351988,1609701197.941961,0.006762266159057617
6a91a34be0fd4cb7835279bb74969464,k-means,warm,exec,queue,0.045816659927368164,4.76837158203125e-07,2.384185791015625e-07,1609701197.8738637,1609701198.4822137,0.6083500385284424,1609701197.9470663,1609701197.953886,0.006819725036621094
4ccbf7f0cf454413bf34cce65b4cc1ad,k-means,warm,exec,queue,0.006973981857299805,2.384185791015625e-07,2.384185791015625e-07,1609701198.8374012,1609701199.5370238,0.699622631072998,1609701198.8901436,1609701198.8985536,0.008409976959228516
eca1350a6a2b4f8db820f473ab49ba33,k-means,warm,exec,queue,0.05790543556213379,9.5367431640625e-07,2.384185791015625e-07,1609701198.841581,1609701199.3712459,0.5296647548675537,1609701198.950271,1609701198.958005,0.007734060287475586
af94b5153af844369e8db77f0ecdb47c,k-means,warm,exec,queue,0.05056881904602051,7.152557373046875e-07,2.384185791015625e-07,1609701198.8441133,1609701199.4349597,0.5908463001251221,1609701198.9474776,1609701198.9549496,0.007472038269042969
7a741659d1234a85a0d99942cc46f5cd,k-means,warm,exec,queue,0.04501509666442871,4.76837158203125e-07,2.384185791015625e-07,1609701198.8466945,1609701199.369451,0.5227565765380859,1609701198.9314523,1609701198.9394014,0.007949113845825195
806046467b474b89822a7d79b2b287c0,k-means,warm,exec,queue,0.010802745819091797,2.384185791015625e-07,0.0,1609701198.849915,1609701199.938742,1.0888268947601318,1609701198.8903599,1609701198.8988302,0.008470296859741211
e21937baf1d848cb93130aee9c399b5e,k-means,warm,exec,queue,0.01501917839050293,2.384185791015625e-07,2.384185791015625e-07,1609701198.8524532,1609701199.779243,0.9267897605895996,1609701198.8964198,1609701198.9040608,0.0076410770416259766
455dd03bd5a94063a89f60d47b1abaeb,k-means,warm,exec,queue,0.01931285858154297,2.384185791015625e-07,2.384185791015625e-07,1609701198.8540058,1609701199.7106297,0.8566238880157471,1609701198.8977928,1609701198.9055238,0.007730960845947266
4589bc63dab64511966e755f804ef418,k-means,warm,exec,queue,0.023943185806274414,2.384185791015625e-07,4.76837158203125e-07,1609701198.8554807,1609701199.711221,0.8557403087615967,1609701198.9071167,1609701198.915227,0.008110284805297852
326679ba31894371a16bc4f018984b08,k-means,warm,exec,queue,0.028623342514038086,2.384185791015625e-07,0.0,1609701198.8569572,1609701199.302532,0.4455747604370117,1609701198.9228625,1609701198.9309785,0.008116006851196289
9bf91b8624ad44c29e42a35649b8a1e2,k-means,warm,exec,queue,0.03795146942138672,4.76837158203125e-07,2.384185791015625e-07,1609701198.8585474,1609701199.2274425,0.3688950538635254,1609701198.9252248,1609701198.932812,0.0075871944427490234
37779e90835a4a3e9b8ff586cddad5bb,k-means,warm,exec,queue,0.04308319091796875,2.384185791015625e-07,2.384185791015625e-07,1609701198.8600373,1609701200.155631,1.2955937385559082,1609701198.9259562,1609701198.9328086,0.006852388381958008
f2c3496326054dbf8a472fec31840d0c,video,warm,exec,queue,0.024240493774414062,2.384185791015625e-07,2.384185791015625e-07,1609701198.861525,1609701200.1488457,1.287320613861084,1609701198.9231713,1609701198.9395735,0.016402244567871094
cf36ec73456c440c9578a6c439d7a146,matmul,warm,exec,queue,0.025790929794311523,2.384185791015625e-07,2.384185791015625e-07,1609701198.863005,1609701200.1550996,1.2920947074890137,1609701198.9258122,1609701198.9357157,0.009903430938720703
1341dac8b9b14001b2bcf9e4f2324bbe,k-means,warm,exec,queue,7.43865966796875e-05,4.76837158203125e-07,2.384185791015625e-07,1609701199.833837,1609701200.2755198,0.4416828155517578,1609701199.881844,1609701199.8895254,0.007681369781494141
2e4651b38e7e4b41aeadfdeff4f82552,k-means,warm,exec,queue,0.008026123046875,4.76837158203125e-07,4.76837158203125e-07,1609701199.8369758,1609701200.0492997,0.21232390403747559,1609701199.882049,1609701199.8883762,0.006327152252197266
3ed550c8016c4fb1b43c516da4b081c1,k-means,warm,exec,queue,0.012997865676879883,2.384185791015625e-07,2.384185791015625e-07,1609701199.8384578,1609701200.5274973,0.6890394687652588,1609701199.8865805,1609701199.8931665,0.0065860748291015625
5c35ed8da9974bfca423cd8cedd28b6f,k-means,warm,exec,queue,0.018248319625854492,4.76837158203125e-07,2.384185791015625e-07,1609701199.839909,1609701200.1992197,0.3593106269836426,1609701199.893555,1609701199.9017453,0.008190393447875977
2492d074088842c48cb2b14bcfb2a777,k-means,warm,exec,queue,0.023592233657836914,4.76837158203125e-07,2.384185791015625e-07,1609701199.8420255,1609701200.2416017,0.39957618713378906,1609701199.900043,1609701199.907416,0.00737309455871582
0665bd77afc7483c941912be4731f01d,k-means,warm,exec,queue,0.028755664825439453,2.384185791015625e-07,2.384185791015625e-07,1609701199.843686,1609701200.0477395,0.20405340194702148,1609701199.903684,1609701199.9100342,0.006350278854370117
373cbd4b17944e198be8080c0593bba7,k-means,warm,exec,queue,0.03319191932678223,2.384185791015625e-07,4.76837158203125e-07,1609701199.845287,1609701200.4276776,0.582390546798706,1609701199.908647,1609701199.913471,0.004823923110961914
9b6a6ca5ded246b08fc757748e4a24d8,k-means,warm,exec,queue,0.057022809982299805,2.384185791015625e-07,2.384185791015625e-07,1609701199.846736,1609701200.4270067,0.5802707672119141,1609701199.935937,1609701199.942817,0.006880044937133789
d15bf096a4904435a9da24ee8a57ad88,k-means,warm,exec,queue,0.052385807037353516,2.384185791015625e-07,0.0,1609701199.8481972,1609701200.6519127,0.8037154674530029,1609701199.9320533,1609701199.9391398,0.007086515426635742
6555db3b19e0489c8b86e522ff6ad3bd,k-means,warm,exec,queue,0.047646522521972656,2.384185791015625e-07,4.76837158203125e-07,1609701199.8497708,1609701200.1520934,0.3023226261138916,1609701199.9275784,1609701199.93498,0.007401466369628906
018b24892c944d07a110b778daf7ff5f,k-means,warm,exec,queue,0.04273390769958496,2.384185791015625e-07,2.384185791015625e-07,1609701199.851332,1609701200.525568,0.6742360591888428,1609701199.9195986,1609701199.925311,0.0057125091552734375
1b62e4c264e346dcba58a46b3b93046b,k-means,warm,exec,queue,0.03812861442565918,2.384185791015625e-07,0.0,1609701199.8528254,1609701200.274054,0.42122864723205566,1609701199.915465,1609701199.9203484,0.004883289337158203
1f6985adf1034e09bb4bba79df75c9a7,k-means,warm,exec,queue,0.06213879585266113,2.384185791015625e-07,0.0,1609701199.8542755,1609701200.6537414,0.7994658946990967,1609701199.9418895,1609701199.94722,0.005330562591552734
993614b6c17949f99b67a8aea289fca1,k-means,warm,exec,queue,0.06665563583374023,2.384185791015625e-07,2.384185791015625e-07,1609701199.8558364,1609701200.2401342,0.38429784774780273,1609701199.9483716,1609701199.954096,0.005724430084228516
3d1fac44374d495c9799b88d9cdca22f,k-means,warm,exec,queue,0.0074498653411865234,2.384185791015625e-07,0.0,1609701200.8334525,1609701200.9798243,0.14637184143066406,1609701200.8901968,1609701200.8975267,0.0073299407958984375
9a09258edaeb49d180cc926d8519db50,video,warm,exec,queue,0.017561674118041992,2.384185791015625e-07,0.0,1609701200.8375525,1609701201.185607,0.3480544090270996,1609701200.9140265,1609701200.930024,0.01599740982055664
e7497d645f3741fdacad1679fc5e478b,k-means,warm,exec,queue,0.050251007080078125,2.384185791015625e-07,2.384185791015625e-07,1609701200.8422806,1609701201.1374862,0.29520559310913086,1609701200.943296,1609701200.9496295,0.006333589553833008
d715f2f51b784e0292ce232ec231849a,k-means,warm,exec,queue,0.04344916343688965,0.0,2.384185791015625e-07,1609701200.845919,1609701201.1872303,0.3413114547729492,1609701200.9376416,1609701200.9452767,0.0076351165771484375
ddeb94768e7c48069a455b2bf23afbab,k-means,warm,exec,queue,0.007717132568359375,2.384185791015625e-07,0.0,1609701200.8487482,1609701200.9809723,0.13222408294677734,1609701200.891047,1609701200.8985167,0.007469654083251953
744e07fe52b3407eb0676913c265dfca,k-means,warm,exec,queue,0.012429952621459961,2.384185791015625e-07,2.384185791015625e-07,1609701200.8518867,1609701201.0144174,0.16253066062927246,1609701200.8955133,1609701200.9030745,0.007561206817626953
ee9e837c003245af837d4b9458ca137d,k-means,warm,exec,queue,0.019898653030395508,4.76837158203125e-07,2.384185791015625e-07,1609701200.8548079,1609701201.0160253,0.16121745109558105,1609701200.913233,1609701200.9207263,0.007493257522583008
38a460d9074741b7b9c9818bbb538326,k-means,warm,exec,queue,0.025092601776123047,2.384185791015625e-07,2.384185791015625e-07,1609701200.857693,1609701201.183721,0.32602810859680176,1609701200.9137247,1609701200.9208634,0.007138729095458984
88a6e125acc546e89399956d6aae3d4d,k-means,warm,exec,queue,0.03020954132080078,4.76837158203125e-07,2.384185791015625e-07,1609701200.8605747,1609701201.057201,0.1966261863708496,1609701200.9142342,1609701200.920012,0.005777835845947266
22d3f089d443442cac9be672f87dc18d,k-means,warm,exec,queue,0.038469552993774414,4.76837158203125e-07,4.76837158203125e-07,1609701200.8638704,1609701201.0587773,0.19490694999694824,1609701200.924617,1609701200.9303114,0.005694389343261719
9e2f728777624fb5a4bd9ad0542b79ef,k-means,warm,exec,queue,0.00415492057800293,7.152557373046875e-07,2.384185791015625e-07,1609701201.8422692,1609701202.0203483,0.17807912826538086,1609701201.8899224,1609701201.8969033,0.00698089599609375
bebe05038e824c24935502a2d384104f,k-means,warm,exec,queue,0.03709864616394043,2.384185791015625e-07,2.384185791015625e-07,1609701201.8463593,1609701202.0232816,0.17692232131958008,1609701201.9244645,1609701201.9305336,0.006069183349609375
afa0b8ba9770415bada8c631e0803025,k-means,warm,exec,queue,0.04165291786193848,4.76837158203125e-07,2.384185791015625e-07,1609701201.8488781,1609701202.1252995,0.27642130851745605,1609701201.9289572,1609701201.9336276,0.004670381546020508
34f5af86784848a6b276440221524c74,k-means,warm,exec,queue,0.0464787483215332,2.384185791015625e-07,2.384185791015625e-07,1609701201.8513613,1609701202.022756,0.17139482498168945,1609701201.9330125,1609701201.9384375,0.005424976348876953
89d9cc0e8e414ac8a43b118e8996d84c,k-means,warm,exec,queue,0.05123591423034668,2.384185791015625e-07,2.384185791015625e-07,1609701201.8541489,1609701202.1257374,0.2715885639190674,1609701201.9393992,1609701201.9459245,0.006525278091430664
66709c03896245789ac69b842f5feab3,k-means,warm,exec,queue,0.05682015419006348,2.384185791015625e-07,0.0,1609701201.8565462,1609701202.2969646,0.4404184818267822,1609701201.9439697,1609701201.949423,0.005453348159790039
ba8b1809d65740e3874ab8865c6ab82b,k-means,warm,exec,queue,0.018892526626586914,2.384185791015625e-07,0.0,1609701201.8579698,1609701202.1222484,0.2642786502838135,1609701201.9032552,1609701201.9105718,0.00731658935546875
18c56e873db54936a1fe2065ea95dd99,k-means,warm,exec,queue,0.023670196533203125,2.384185791015625e-07,2.384185791015625e-07,1609701201.8593936,1609701202.3738558,0.5144622325897217,1609701201.9071808,1609701201.9128163,0.005635499954223633
b0c817f98c674f65a422461bb7b68d07,k-means,warm,exec,queue,0.02913689613342285,2.384185791015625e-07,0.0,1609701201.860831,1609701202.1274433,0.26661229133605957,1609701201.9116464,1609701201.9178438,0.006197452545166016
8a076b2eb13c4fc1b15ef88a73de563f,k-means,warm,exec,queue,0.03393721580505371,2.384185791015625e-07,2.384185791015625e-07,1609701201.8623807,1609701202.025718,0.16333723068237305,1609701201.9180853,1609701201.923306,0.005220651626586914
7d93eda299e24816b824ab4a3cf7e209,k-means,warm,exec,queue,0.013483524322509766,2.384185791015625e-07,0.0,1609701201.8638012,1609701202.0253406,0.16153931617736816,1609701201.8950295,1609701201.9016619,0.006632328033447266
cf733f19260c4f6a8a202d4df068fc60,k-means,warm,exec,queue,0.00862741470336914,2.384185791015625e-07,2.384185791015625e-07,1609701201.8652415,1609701202.1261375,0.2608959674835205,1609701201.8905666,1609701201.8980715,0.007504940032958984
b114ded3c9dd463ea889e9833e1ff5e2,k-means,warm,exec,queue,0.06229424476623535,2.384185791015625e-07,2.384185791015625e-07,1609701201.8666654,1609701202.3763828,0.5097174644470215,1609701201.9518542,1609701201.9580069,0.006152629852294922
45272c1e047a498abcbc5b8130063d8b,k-means,warm,exec,queue,0.06667304039001465,4.76837158203125e-07,2.384185791015625e-07,1609701201.8681936,1609701202.3744855,0.5062918663024902,1609701201.9551497,1609701201.9603028,0.005153179168701172
60e2ab2f9bf744a3836248e8b8f083b4,k-means,warm,exec,queue,0.07151365280151367,2.384185791015625e-07,0.0,1609701201.8696158,1609701202.271142,0.40152621269226074,1609701201.9610977,1609701201.9674196,0.006321907043457031
db3d7e1383f7449291ee8f9604a87708,k-means,warm,exec,queue,8.034706115722656e-05,4.76837158203125e-07,2.384185791015625e-07,1609701202.8400164,1609701202.99339,0.15337371826171875,1609701202.8833606,1609701202.8907602,0.007399559020996094
f2dc38a3190245e0b06d21e426fb2e93,k-means,warm,exec,queue,0.007002830505371094,7.152557373046875e-07,2.384185791015625e-07,1609701202.8435652,1609701202.9928205,0.14925527572631836,1609701202.8834913,1609701202.8909433,0.0074520111083984375
5b9b1d62ca9d4c5d95fe9a817ea1193c,k-means,warm,exec,queue,0.011840581893920898,2.384185791015625e-07,2.384185791015625e-07,1609701202.8455322,1609701202.9900997,0.14456748962402344,1609701202.8902264,1609701202.8971176,0.0068912506103515625
3c506b3882374c87be406a439cc6cb1b,k-means,warm,exec,queue,0.01788496971130371,2.384185791015625e-07,2.384185791015625e-07,1609701202.8472998,1609701203.0243433,0.17704343795776367,1609701202.8999352,1609701202.9066663,0.0067310333251953125
0462cae345394bed8ea4b7397f61c5c8,k-means,warm,exec,queue,0.022493839263916016,2.384185791015625e-07,0.0,1609701202.849289,1609701203.0225942,0.17330527305603027,1609701202.901031,1609701202.9068098,0.005778789520263672
d5962457ca1e4c71a8b62b192c75b858,k-means,warm,exec,queue,0.027603626251220703,2.384185791015625e-07,2.384185791015625e-07,1609701202.8510556,1609701203.0728407,0.2217850685119629,1609701202.9054983,1609701202.909818,0.004319667816162109
bdfbd3ac9c384b2291df8645a35cefb0,k-means,warm,exec,queue,0.03212761878967285,2.384185791015625e-07,2.384185791015625e-07,1609701202.8528414,1609701203.3773265,0.5244851112365723,1609701202.9155705,1609701202.9231937,0.007623195648193359
4572fa191c944b0bb880259f239d6bd9,k-means,warm,exec,queue,0.036750078201293945,4.76837158203125e-07,0.0,1609701202.8546112,1609701203.4741962,0.6195850372314453,1609701202.9162385,1609701202.920772,0.004533529281616211
a24c64a9af3b46c4b5609df55223c3e9,k-means,warm,exec,queue,0.0415654182434082,4.76837158203125e-07,2.384185791015625e-07,1609701202.8563979,1609701203.4730546,0.6166567802429199,1609701202.9244206,1609701202.9310641,0.006643533706665039
303df360cfc643b99465d8d401a5ddff,k-means,warm,exec,queue,0.04732561111450195,2.384185791015625e-07,0.0,1609701202.857771,1609701203.4751554,0.6173844337463379,1609701202.9304056,1609701202.9354172,0.005011558532714844
001b551498f049b3b3647719af289bd4,k-means,warm,exec,queue,0.05212593078613281,2.384185791015625e-07,2.384185791015625e-07,1609701202.859065,1609701203.0745487,0.2154836654663086,1609701202.9328318,1609701202.938013,0.005181312561035156
7f200e3f9f6a43faa7cd84404a7c2108,k-means,warm,exec,queue,0.057227373123168945,2.384185791015625e-07,2.384185791015625e-07,1609701202.8603644,1609701203.3779523,0.5175879001617432,1609701202.9393578,1609701202.9446194,0.005261659622192383
f8ccb08e00d44a3fad1afdfec3c28ccc,video,warm,exec,queue,0.01485133171081543,2.384185791015625e-07,0.0,1609701202.861639,1609701203.414099,0.5524599552154541,1609701202.900491,1609701202.9165874,0.01609635353088379
16e11167b98e4191a3b21a27d49d548c,k-means,warm,exec,queue,0.010590076446533203,4.76837158203125e-07,2.384185791015625e-07,1609701203.8430262,1609701203.9857593,0.14273309707641602,1609701203.8922946,1609701203.900546,0.008251428604125977
1c059d88726246609ac1614fee62fdf2,k-means,warm,exec,queue,0.02308177947998047,4.76837158203125e-07,2.384185791015625e-07,1609701203.847419,1609701204.017924,0.17050504684448242,1609701203.9130356,1609701203.9215667,0.00853109359741211
f46ac8ba0cfa4229b2ddf5d9397ffecc,k-means,warm,exec,queue,0.027532339096069336,2.384185791015625e-07,0.0,1609701203.8500845,1609701204.0651371,0.21505260467529297,1609701203.9155686,1609701203.9224186,0.006850004196166992
3aee3aab4c5f4c458876d6040edd3633,k-means,warm,exec,queue,0.03202986717224121,2.384185791015625e-07,2.384185791015625e-07,1609701203.8526192,1609701204.0626569,0.2100377082824707,1609701203.916047,1609701203.9205418,0.004494667053222656
796055a4ce8640c797f1468bf85c2ddb,k-means,warm,exec,queue,0.03664541244506836,4.76837158203125e-07,2.384185791015625e-07,1609701203.854417,1609701204.063272,0.20885491371154785,1609701203.9213514,1609701203.928577,0.007225513458251953
7208ac157865429da4e4654af2679151,k-means,warm,exec,queue,0.041442155838012695,2.384185791015625e-07,2.384185791015625e-07,1609701203.8560112,1609701204.016125,0.16011381149291992,1609701203.9290786,1609701203.9343743,0.005295753479003906
0af8f11baee04a61bc83810a180e37d1,k-means,warm,exec,queue,0.04692959785461426,2.384185791015625e-07,2.384185791015625e-07,1609701203.8576229,1609701204.1165917,0.2589688301086426,1609701203.9342127,1609701203.940578,0.006365299224853516
7fbf6dfc3ffc488cb7585c6d2030431e,k-means,warm,exec,queue,0.05160880088806152,2.384185791015625e-07,2.384185791015625e-07,1609701203.8592105,1609701204.0839887,0.2247781753540039,1609701203.9396155,1609701203.9451056,0.00549006462097168
d0b0e6c73607419c8326665f828a4f77,k-means,warm,exec,queue,0.05597257614135742,2.384185791015625e-07,2.384185791015625e-07,1609701203.8608198,1609701204.0581615,0.1973416805267334,1609701203.9431865,1609701203.9481945,0.00500798225402832
f905e26310ec4e2ebb85416c8402158e,k-means,warm,exec,queue,0.06074881553649902,2.384185791015625e-07,0.0,1609701203.8625708,1609701204.2087228,0.34615206718444824,1609701203.9501376,1609701203.9562383,0.006100654602050781
afd97c7f3f0e4101ac339c4d6af77e31,k-means,warm,exec,queue,0.014180660247802734,2.384185791015625e-07,2.384185791015625e-07,1609701203.8641396,1609701203.9832873,0.11914777755737305,1609701203.8962982,1609701203.9044335,0.008135318756103516
59e791c8f0d64fd4ab18d44a816ad4d1,k-means,warm,exec,queue,0.018613815307617188,2.384185791015625e-07,2.384185791015625e-07,1609701203.8657196,1609701203.9863005,0.12058091163635254,1609701203.9010875,1609701203.9087946,0.007707118988037109
f34af805b04848a29bdcd031d647fb77,k-means,warm,exec,queue,0.06508278846740723,4.76837158203125e-07,4.76837158203125e-07,1609701203.867293,1609701204.2102444,0.34295153617858887,1609701203.9538202,1609701203.9582064,0.004386186599731445
2547253ed5194e37a474bddce0aa3b88,matmul,warm,exec,queue,0.018702030181884766,2.384185791015625e-07,2.384185791015625e-07,1609701203.8690088,1609701204.0598855,0.19087672233581543,1609701203.9158726,1609701203.9267385,0.010865926742553711
97962a69c7454487bf4f23dfefd973c8,k-means,warm,exec,queue,0.004900217056274414,0.0,0.0,1609701204.8391583,1609701204.9439228,0.10476446151733398,1609701204.882945,1609701204.8908606,0.007915496826171875
683f534f017447839341e43b83e01835,map_reduce,warm,exec,queue,0.02225184440612793,2.384185791015625e-07,2.384185791015625e-07,1609701204.84349,1609701205.1880784,0.3445885181427002,1609701204.9060955,1609701204.9912713,0.08517575263977051
455c20fb22164538b0fb02ad12fb20f5,k-means,warm,exec,queue,0.04041433334350586,2.384185791015625e-07,2.384185791015625e-07,1609701204.8461928,1609701205.0605369,0.21434402465820312,1609701204.9209237,1609701204.9282439,0.0073201656341552734
baa8df77da37458db1f483b0e1f1ec44,k-means,warm,exec,queue,0.04692435264587402,2.384185791015625e-07,2.384185791015625e-07,1609701204.848675,1609701205.0152023,0.16652727127075195,1609701204.927479,1609701204.9339986,0.0065195560455322266
9e93f438591245aeb72a6af7e2125b6f,k-means,warm,exec,queue,0.05321764945983887,2.384185791015625e-07,2.384185791015625e-07,1609701204.8504894,1609701205.1902063,0.33971691131591797,1609701204.9344103,1609701204.941218,0.006807565689086914
c295bfea7cb048fb94208bb2e6ee1af8,k-means,warm,exec,queue,0.009409189224243164,2.384185791015625e-07,0.0,1609701204.852082,1609701205.1223054,0.27022337913513184,1609701204.8840156,1609701204.8918674,0.007851839065551758
e1bd51eb0287481db290593f6496e41d,k-means,warm,exec,queue,0.014034032821655273,2.384185791015625e-07,2.384185791015625e-07,1609701204.8537052,1609701204.9428399,0.08913469314575195,1609701204.8891175,1609701204.8964803,0.007362842559814453
96047bbec15a4c86ae3b15f070ee978b,k-means,warm,exec,queue,0.018351078033447266,2.384185791015625e-07,2.384185791015625e-07,1609701204.8552969,1609701204.9761076,0.12081074714660645,1609701204.8943079,1609701204.9023206,0.008012771606445312
60286dbf5de44bc2b16e67bc814d9a03,k-means,warm,exec,queue,0.027919769287109375,2.384185791015625e-07,0.0,1609701204.8569055,1609701205.0620568,0.20515131950378418,1609701204.9061422,1609701204.9138005,0.007658243179321289
071d54150fc246f1ba1132052d401797,k-means,warm,exec,queue,0.037652015686035156,2.384185791015625e-07,2.384185791015625e-07,1609701204.8586326,1609701205.0126781,0.15404558181762695,1609701204.913982,1609701204.91996,0.005978107452392578
f11ae7c1f1a64f4bb141c3ee1fded471,video,warm,exec,queue,0.02286839485168457,2.384185791015625e-07,2.384185791015625e-07,1609701204.8602324,1609701205.1208,0.26056766510009766,1609701204.9070928,1609701204.9245415,0.01744866371154785
32d86011da3649d5a65f64d285f78037,k-means,warm,exec,queue,0.009145736694335938,2.384185791015625e-07,0.0,1609701205.8451614,1609701205.9900851,0.14492368698120117,1609701205.890761,1609701205.8982687,0.007507801055908203
8eaad1c588f84f92ba21c9b5decc2171,k-means,warm,exec,queue,0.028113603591918945,7.152557373046875e-07,2.384185791015625e-07,1609701205.849396,1609701206.058926,0.20953011512756348,1609701205.9145944,1609701205.9214213,0.006826877593994141
cf0bd718f1444a409f8f51313024f263,k-means,warm,exec,queue,0.03344917297363281,4.76837158203125e-07,2.384185791015625e-07,1609701205.8519263,1609701206.1049347,0.2530083656311035,1609701205.9188929,1609701205.9258168,0.0069239139556884766
e167e3da111b41f9b3cc591b9ad13cfd,k-means,warm,exec,queue,0.03830409049987793,2.384185791015625e-07,2.384185791015625e-07,1609701205.854472,1609701206.0583313,0.2038593292236328,1609701205.9257867,1609701205.9335468,0.007760047912597656
66cfca7618a9498da16c8986ab99d44a,k-means,warm,exec,queue,0.0428464412689209,2.384185791015625e-07,0.0,1609701205.8568666,1609701206.2980423,0.4411756992340088,1609701205.928859,1609701205.934664,0.005805015563964844
f9f9a0c942cf488baa0809f5d005cbfe,k-means,warm,exec,queue,0.04822802543640137,2.384185791015625e-07,0.0,1609701205.858354,1609701206.2727969,0.414442777633667,1609701205.9351854,1609701205.9418554,0.0066699981689453125
da500c7385e8498eaaf30c5e86f4dcc1,k-means,warm,exec,queue,0.053351402282714844,2.384185791015625e-07,0.0,1609701205.8598423,1609701206.0803277,0.22048544883728027,1609701205.940997,1609701205.9474773,0.00648045539855957
96c8d423a45540afaf18b842240c627f,k-means,warm,exec,queue,0.05889773368835449,2.384185791015625e-07,2.384185791015625e-07,1609701205.861328,1609701206.3011487,0.4398207664489746,1609701205.9482481,1609701205.9541738,0.005925655364990234
6084518b6ba14acf9c42983bd6ce2ce2,k-means,warm,exec,queue,0.06387519836425781,2.384185791015625e-07,0.0,1609701205.862809,1609701206.055466,0.1926569938659668,1609701205.9535127,1609701205.9594836,0.005970954895019531
0642c0aaee224164978ea040c3d7fc53,k-means,warm,exec,queue,0.023554325103759766,7.152557373046875e-07,2.384185791015625e-07,1609701205.8644211,1609701205.9916742,0.12725305557250977,1609701205.9130127,1609701205.9194348,0.0064220428466796875
a42e9b2613294e8c969121d4cd87728e,k-means,warm,exec,queue,0.012879610061645508,2.384185791015625e-07,2.384185791015625e-07,1609701205.865901,1609701205.989497,0.1235959529876709,1609701205.8958423,1609701205.903975,0.008132696151733398
178e6758c57a4792b6cd254f464597d9,k-means,warm,exec,queue,0.01813793182373047,2.384185791015625e-07,2.384185791015625e-07,1609701205.8673894,1609701205.9861846,0.11879515647888184,1609701205.9017417,1609701205.9107327,0.008991003036499023
eccc4adb05ed4c0286e0eb19fb45e7e1,k-means,warm,exec,queue,0.0686182975769043,2.384185791015625e-07,2.384185791015625e-07,1609701205.8688762,1609701206.215795,0.34691882133483887,1609701205.9593556,1609701205.9663613,0.0070056915283203125
fe56b5a2535e4f73bdb4fd57bf3d266a,k-means,warm,exec,queue,0.07393383979797363,2.384185791015625e-07,2.384185791015625e-07,1609701205.87044,1609701206.2996957,0.42925572395324707,1609701205.9650273,1609701205.9710097,0.005982398986816406
16151e9c1932492593ef0b05881f1042,k-means,warm,exec,queue,0.0027043819427490234,2.384185791015625e-07,2.384185791015625e-07,1609701206.8417146,1609701206.9503417,0.1086270809173584,1609701206.882171,1609701206.8900065,0.007835626602172852
7e7e6dc13ac744808c8254d585ff24f8,video,warm,exec,queue,0.019999980926513672,2.384185791015625e-07,0.0,1609701206.8458488,1609701207.0929475,0.24709868431091309,1609701206.9053206,1609701206.9204273,0.015106678009033203
acd9ae26fc51474d80c96893d6346983,k-means,warm,exec,queue,0.015473604202270508,2.384185791015625e-07,2.384185791015625e-07,1609701206.8484101,1609701206.9836755,0.13526535034179688,1609701206.8935401,1609701206.90022,0.0066797733306884766
7db5ecf02a6044a79158cd5576e08a62,k-means,warm,exec,queue,0.021055221557617188,4.76837158203125e-07,4.76837158203125e-07,1609701206.850905,1609701207.033827,0.1829221248626709,1609701206.9053705,1609701206.9125116,0.00714111328125
75c3aecabaac47e5a96f0a2cbbaff48c,k-means,warm,exec,queue,0.025670766830444336,2.384185791015625e-07,4.76837158203125e-07,1609701206.8532991,1609701207.0371284,0.18382930755615234,1609701206.906267,1609701206.9121408,0.005873918533325195
050ec65361134d31bcc2dcf3e96612e7,k-means,warm,exec,queue,0.030603647232055664,2.384185791015625e-07,0.0,1609701206.8547437,1609701207.118824,0.264080286026001,1609701206.9098074,1609701206.9147742,0.00496673583984375
619c99429402486983e786b173cd26cb,k-means,warm,exec,queue,0.03508639335632324,2.384185791015625e-07,2.384185791015625e-07,1609701206.8562152,1609701207.0079546,0.15173935890197754,1609701206.9160407,1609701206.9223092,0.006268501281738281
93064eb6710e4266aa75cea9e14dfbab,k-means,warm,exec,queue,0.04008626937866211,2.384185791015625e-07,0.0,1609701206.8576756,1609701207.2029247,0.3452491760253906,1609701206.9218187,1609701206.9286978,0.006879091262817383
fe8e5ea8b5b14dc99b73a88e99d8a3e4,k-means,warm,exec,queue,0.045688629150390625,2.384185791015625e-07,2.384185791015625e-07,1609701206.859137,1609701207.0944932,0.23535609245300293,1609701206.9277446,1609701206.9347827,0.007038116455078125
0d79278920b04589840ea4dea42f8621,k-means,warm,exec,queue,0.008031129837036133,2.384185791015625e-07,2.384185791015625e-07,1609701206.8607395,1609701206.9852083,0.12446880340576172,1609701206.8823242,1609701206.8912847,0.008960485458374023
1da56516130f42369a12b705ae8763ff,k-means,warm,exec,queue,0.012935400009155273,2.384185791015625e-07,2.384185791015625e-07,1609701206.8621974,1609701207.0365415,0.17434406280517578,1609701206.8878798,1609701206.8967686,0.008888721466064453
24ef398d86f84c96bb9a8e02cf8340f4,k-means,warm,exec,queue,0.0017528533935546875,4.76837158203125e-07,2.384185791015625e-07,1609701207.8514066,1609701208.0317903,0.18038368225097656,1609701207.903722,1609701207.9117033,0.007981300354003906
aaf95095007d4a6b8fe844a2837f7ab4,k-means,warm,exec,queue,0.04082131385803223,2.384185791015625e-07,2.384185791015625e-07,1609701207.8554428,1609701209.0208144,1.1653716564178467,1609701207.9410806,1609701207.9457076,0.0046269893646240234
afa5e7d85f844c6aa1ed666897177f7f,k-means,warm,exec,queue,0.04595947265625,2.384185791015625e-07,2.384185791015625e-07,1609701207.8578541,1609701208.8234906,0.9656364917755127,1609701207.9467275,1609701207.9535336,0.006806135177612305
20daba2e98ed430da08514a19862bc87,k-means,warm,exec,queue,0.05075240135192871,2.384185791015625e-07,2.384185791015625e-07,1609701207.86022,1609701208.9606366,1.100416660308838,1609701207.9529982,1609701207.9589794,0.0059812068939208984
39fb552f44e445cfb107ec24f71bde5b,k-means,warm,exec,queue,0.056387901306152344,2.384185791015625e-07,2.384185791015625e-07,1609701207.8628774,1609701208.6662507,0.8033733367919922,1609701207.9593332,1609701207.9660504,0.006717205047607422
72c4669c83a74a27a690df73e54e48dd,k-means,warm,exec,queue,0.019886493682861328,4.76837158203125e-07,2.384185791015625e-07,1609701207.8648818,1609701208.0311918,0.16631007194519043,1609701207.9247,1609701207.9327126,0.008012533187866211
0636e143f058468e91f097fb935b214f,k-means,warm,exec,queue,0.02774333953857422,4.76837158203125e-07,4.76837158203125e-07,1609701207.8663552,1609701208.9617293,1.0953741073608398,1609701207.9245617,1609701207.9306276,0.006065845489501953
60b02d8268294017ba9dadc7602526f4,k-means,warm,exec,queue,0.03254556655883789,2.384185791015625e-07,2.384185791015625e-07,1609701207.867829,1609701208.6669269,0.7990977764129639,1609701207.9286454,1609701207.9345412,0.005895853042602539
065d2b3a10324405bb02c892347f294d,k-means,warm,exec,queue,0.037755489349365234,4.76837158203125e-07,0.0,1609701207.8693235,1609701208.9612072,1.091883659362793,1609701207.9376569,1609701207.9451084,0.007451534271240234
c62517c233cb4adcb991b2fa1e90d520,k-means,warm,exec,queue,0.014578819274902344,2.384185791015625e-07,2.384185791015625e-07,1609701207.8709204,1609701208.0527883,0.1818678379058838,1609701207.9086733,1609701207.9148836,0.0062103271484375
3ee76f820e7149de81c8a4c0abf4a7a6,k-means,warm,exec,queue,0.009537458419799805,2.384185791015625e-07,4.76837158203125e-07,1609701207.8724236,1609701208.028454,0.15603041648864746,1609701207.9041533,1609701207.911389,0.00723576545715332
df39a9d98706405ab7a51d94961ec5a3,k-means,warm,exec,queue,0.0065860748291015625,4.76837158203125e-07,2.384185791015625e-07,1609701207.8738928,1609701208.0028806,0.12898778915405273,1609701207.903954,1609701207.9112632,0.0073091983795166016
2ae838c30b8b46afb4e22bba602f8795,k-means,warm,exec,queue,0.061232566833496094,2.384185791015625e-07,0.0,1609701207.8753579,1609701208.824866,0.9495081901550293,1609701207.9640915,1609701207.9703903,0.00629878044128418
d3cb182fdbf04b1ea6db65fb8d764639,k-means,warm,exec,queue,0.0660715103149414,2.384185791015625e-07,2.384185791015625e-07,1609701207.8772585,1609701208.9568725,1.0796139240264893,1609701207.9685876,1609701207.9747076,0.006119966506958008
75e7fcdd68804df9a0435c00983e51e0,k-means,warm,exec,queue,0.07108497619628906,2.384185791015625e-07,2.384185791015625e-07,1609701207.8787358,1609701208.8219388,0.9432029724121094,1609701207.9758704,1609701207.9815183,0.005647897720336914
de9c3820e8dd4dd291ee505c7d121ac8,video,warm,exec,queue,0.01831793785095215,2.384185791015625e-07,0.0,1609701208.840158,1609701209.0186214,0.17846345901489258,1609701208.8888705,1609701208.9052327,0.01636219024658203
a0ffc96e5a9e4fa4a63c373aa3eab332,k-means,warm,exec,queue,0.04445385932922363,2.384185791015625e-07,2.384185791015625e-07,1609701208.8429737,1609701209.2277489,0.38477516174316406,1609701208.9188094,1609701208.9248176,0.006008148193359375
10ec5091fe09410daf2c9059b6557dda,k-means,warm,exec,queue,0.03823375701904297,0.0,0.0,1609701208.8447616,1609701209.1703832,0.3256216049194336,1609701208.9127572,1609701208.919826,0.0070688724517822266
4ce30289bbf04fed9e50c167ded9b691,k-means,warm,exec,queue,0.033347368240356445,0.0,0.0,1609701208.8465314,1609701209.1334631,0.28693175315856934,1609701208.906036,1609701208.9120774,0.006041526794433594
03662b38bed84b668f457c0c68e412e0,k-means,warm,exec,queue,0.028076171875,2.384185791015625e-07,0.0,1609701208.8486269,1609701209.08496,0.23633313179016113,1609701208.900926,1609701208.907076,0.006149768829345703
47f6ceac1d9c4dbf8f8337987e1c28b0,k-means,warm,exec,queue,0.023107051849365234,2.384185791015625e-07,2.384185791015625e-07,1609701208.8503914,1609701209.05312,0.2027285099029541,1609701208.895499,1609701208.9026315,0.007132530212402344
82b654b4960f4e9183fed3e2f6904ca3,k-means,warm,exec,queue,0.0015826225280761719,7.152557373046875e-07,0.0,1609701208.852162,1609701209.0191977,0.16703581809997559,1609701208.8728395,1609701208.8792086,0.006369113922119141
853942dfb5a0458aa77ef7647dd17d2d,k-means,warm,exec,queue,0.008612632751464844,4.76837158203125e-07,2.384185791015625e-07,1609701208.8539538,1609701209.0158718,0.16191792488098145,1609701208.8782172,1609701208.8862312,0.00801396369934082
db46391c3d00472e8ca790cd38722980,k-means,warm,exec,queue,0.013252496719360352,2.384185791015625e-07,0.0,1609701208.855738,1609701209.133056,0.27731800079345703,1609701208.882619,1609701208.8899071,0.007288217544555664
0a8b6554819547b18bf51aaaa3e5184f,k-means,warm,exec,queue,0.01927018165588379,2.384185791015625e-07,0.0,1609701208.8574276,1609701209.0874612,0.23003363609313965,1609701208.8892384,1609701208.8951757,0.005937337875366211
a6e9a2aa0e7842db9f9fd2c43e9be691,k-means,warm,exec,queue,0.007671833038330078,4.76837158203125e-07,2.384185791015625e-07,1609701209.8450322,1609701209.9538615,0.10882925987243652,1609701209.8842728,1609701209.8923867,0.008113861083984375
4c54afdfa9b04dccb035c860830604d2,matmul,warm,exec,queue,0.017554283142089844,2.384185791015625e-07,4.76837158203125e-07,1609701209.8487647,1609701210.117223,0.26845836639404297,1609701209.9031923,1609701209.9139125,0.010720252990722656
78440fd8615b47ddb2c03029eb98e2f4,k-means,warm,exec,queue,0.047945261001586914,2.384185791015625e-07,2.384185791015625e-07,1609701209.8511345,1609701210.0232363,0.17210173606872559,1609701209.9290156,1609701209.9351509,0.006135225296020508
a8c35e53ddf74850a521b2c7a1be7b78,k-means,warm,exec,queue,0.04261159896850586,4.76837158203125e-07,2.384185791015625e-07,1609701209.8534913,1609701210.0649319,0.2114405632019043,1609701209.923395,1609701209.929824,0.006429195404052734
066e8264f5ab44e888e25f131f17de60,k-means,warm,exec,queue,0.03804969787597656,2.384185791015625e-07,2.384185791015625e-07,1609701209.8560908,1609701209.9902494,0.13415861129760742,1609701209.9193864,1609701209.9249203,0.005533933639526367
431f13f4d6e84987a6d1bace086dac35,k-means,warm,exec,queue,0.03327751159667969,2.384185791015625e-07,2.384185791015625e-07,1609701209.857807,1609701210.1649046,0.3070976734161377,1609701209.9123702,1609701209.9184573,0.006087064743041992
e3e87571d71d4115ad61633a9d3c0bba,k-means,warm,exec,queue,0.028666019439697266,2.384185791015625e-07,2.384185791015625e-07,1609701209.8593597,1609701210.1632116,0.303851842880249,1609701209.9078436,1609701209.9146078,0.00676417350769043
4290b9e4f04d47b5b209eefeefaa1046,k-means,warm,exec,queue,0.023530960083007812,2.384185791015625e-07,2.384185791015625e-07,1609701209.8609188,1609701210.063123,0.20220422744750977,1609701209.902228,1609701209.9069908,0.0047626495361328125
65894f08073d4b798960b12b13b70c21,k-means,warm,exec,queue,0.017156362533569336,2.384185791015625e-07,0.0,1609701209.8624873,1609701209.9885204,0.12603306770324707,1609701209.8945136,1609701209.9026258,0.008112192153930664
57916f697c3d42858ec8f3e99cd34227,k-means,warm,exec,queue,0.012115240097045898,2.384185791015625e-07,2.384185791015625e-07,1609701209.8641405,1609701210.0213976,0.157257080078125,1609701209.888955,1609701209.896942,0.007986783981323242
f09fa07bdc8f4e00ba54ead3029e96b8,k-means,warm,exec,queue,0.05233931541442871,2.384185791015625e-07,2.384185791015625e-07,1609701209.8657045,1609701210.1166124,0.25090789794921875,1609701209.935351,1609701209.9400606,0.004709720611572266
2f09efdf71e346239a68b2c15e63f258,k-means,warm,exec,queue,0.005158424377441406,7.152557373046875e-07,2.384185791015625e-07,1609701210.847171,1609701210.9764886,0.1293175220489502,1609701210.8974352,1609701210.9059138,0.008478641510009766
1d839da3606d43f4be306a286741b3bf,k-means,warm,exec,queue,0.005387544631958008,4.76837158203125e-07,2.384185791015625e-07,1609701210.8515208,1609701210.9736106,0.12208986282348633,1609701210.8976057,1609701210.9060209,0.00841522216796875
f2ec230c19814349a210d00ae4b4c4bf,k-means,warm,exec,queue,0.009865760803222656,4.76837158203125e-07,2.384185791015625e-07,1609701210.85416,1609701210.9759676,0.12180757522583008,1609701210.902498,1609701210.9104848,0.007986783981323242
931fa8ef9c3642b894da44ea787ca215,k-means,warm,exec,queue,0.014593839645385742,2.384185791015625e-07,2.384185791015625e-07,1609701210.8568006,1609701211.092887,0.23608636856079102,1609701210.9074824,1609701210.9156399,0.008157491683959961
cb3a9fa192df48f0be3708f47b491efa,k-means,warm,exec,queue,0.020011186599731445,7.152557373046875e-07,2.384185791015625e-07,1609701210.8596113,1609701211.041106,0.18149471282958984,1609701210.920155,1609701210.929849,0.00969386100769043
1f3d10c68ba74614b9b45bc3a2d99be4,k-means,warm,exec,queue,0.02505803108215332,2.384185791015625e-07,0.0,1609701210.861575,1609701211.0908628,0.22928786277770996,1609701210.9195883,1609701210.9260437,0.006455421447753906
35025f25a53f4675b23b3adbf4ad80d6,k-means,warm,exec,queue,0.029744863510131836,2.384185791015625e-07,0.0,1609701210.863063,1609701211.1922395,0.3291764259338379,1609701210.9247375,1609701210.9313128,0.006575345993041992
10e4019e3108479e8d29cb1628f4696a,k-means,warm,exec,queue,0.03472161293029785,4.76837158203125e-07,2.384185791015625e-07,1609701210.8645766,1609701211.0956237,0.2310471534729004,1609701210.9327998,1609701210.940317,0.007517099380493164
f903b2a93cda481b8bfd41e692be3ec7,k-means,warm,exec,queue,0.039530277252197266,2.384185791015625e-07,0.0,1609701210.8660772,1609701211.0447474,0.17867016792297363,1609701210.9388766,1609701210.9454782,0.006601572036743164
c22a824ae40d4b4ea7717e2c1891150d,k-means,warm,exec,queue,0.04556989669799805,2.384185791015625e-07,2.384185791015625e-07,1609701210.8676906,1609701211.044038,0.1763474941253662,1609701210.9403088,1609701210.9469168,0.006608009338378906
f7ef448baa15436cb3d9d9e885ab3a29,k-means,warm,exec,queue,0.05092763900756836,2.384185791015625e-07,2.384185791015625e-07,1609701210.8691933,1609701211.0932972,0.2241039276123047,1609701210.948086,1609701210.9554436,0.007357597351074219
b99ed6611cc04e57abab0c156525cf72,k-means,warm,exec,queue,0.0562891960144043,2.384185791015625e-07,0.0,1609701210.8706641,1609701211.1488745,0.2782104015350342,1609701210.9530008,1609701210.9579985,0.004997730255126953
818265638cbd42e58f4bd006350b2adb,video,warm,exec,queue,0.019597768783569336,0.0,0.0,1609701210.872162,1609701211.0952134,0.2230513095855713,1609701210.9206274,1609701210.937655,0.017027616500854492
bc92280dcb344e2bb5cf535028c8efa6,k-means,warm,exec,queue,7.82012939453125e-05,4.76837158203125e-07,4.76837158203125e-07,1609701211.849763,1609701211.9765117,0.12674880027770996,1609701211.9044394,1609701211.9125707,0.008131265640258789
c11b7df1a8354c8aae3bb1f861204b23,k-means,warm,exec,queue,0.0073511600494384766,2.384185791015625e-07,0.0,1609701211.854339,1609701211.979175,0.12483620643615723,1609701211.9045305,1609701211.912114,0.0075833797454833984
3f175588bfe544bdad9c8e3ef4f4ef78,k-means,warm,exec,queue,0.011864900588989258,4.76837158203125e-07,2.384185791015625e-07,1609701211.8570716,1609701211.978736,0.12166428565979004,1609701211.9085062,1609701211.916716,0.008209943771362305
3f59bf55f4ec49218d49342d86230a20,k-means,warm,exec,queue,0.01706719398498535,2.384185791015625e-07,0.0,1609701211.8597279,1609701212.0910885,0.23136067390441895,1609701211.9144084,1609701211.9224412,0.008032798767089844
01ab253338c440e9b7556b502d2ef3c4,k-means,warm,exec,queue,0.02201986312866211,2.384185791015625e-07,0.0,1609701211.8627536,1609701211.9931169,0.13036322593688965,1609701211.9201195,1609701211.924769,0.00464940071105957
e4b44d1b54d24a429d392672bd6096e0,k-means,warm,exec,queue,0.026584863662719727,2.384185791015625e-07,7.152557373046875e-07,1609701211.8651762,1609701212.1104896,0.24531340599060059,1609701211.9245095,1609701211.9308975,0.006387948989868164
d7b5fd8fa11347f39ffa52ed05899d13,k-means,warm,exec,queue,0.031071901321411133,2.384185791015625e-07,2.384185791015625e-07,1609701211.8668048,1609701212.0916388,0.22483396530151367,1609701211.9306004,1609701211.9367292,0.006128787994384766
67438c38f92f45d9a2440dfd9a397a0a,k-means,warm,exec,queue,0.03635907173156738,2.384185791015625e-07,2.384185791015625e-07,1609701211.8684638,1609701212.136094,0.26763033866882324,1609701211.936725,1609701211.9422297,0.0055048465728759766
c898adea99ba47d58475e3e06f48e1ad,k-means,warm,exec,queue,0.04169201850891113,2.384185791015625e-07,2.384185791015625e-07,1609701211.870104,1609701212.094657,0.22455286979675293,1609701211.9434505,1609701211.951304,0.007853507995605469
01a9e9cd58aa4134adfebe229d1b5c1a,k-means,warm,exec,queue,0.04641556739807129,7.152557373046875e-07,2.384185791015625e-07,1609701211.8718793,1609701212.1896389,0.31775951385498047,1609701211.948053,1609701211.9541118,0.006058931350708008
25d823787fb842d7b2732f6aa33ffede,k-means,warm,exec,queue,0.05141091346740723,2.384185791015625e-07,2.384185791015625e-07,1609701211.8735385,1609701212.0952125,0.22167396545410156,1609701211.952457,1609701211.9592202,0.0067632198333740234
b1995dda287b4cb2a7c68ac3f648a6a0,k-means,warm,exec,queue,0.0567934513092041,2.384185791015625e-07,2.384185791015625e-07,1609701211.8751929,1609701212.0871968,0.2120039463043213,1609701211.959351,1609701211.9654787,0.006127595901489258
36497dfc383a4ecd89ea32d98849e69e,k-means,warm,exec,queue,0.062096357345581055,4.76837158203125e-07,2.384185791015625e-07,1609701211.8768337,1609701212.1866584,0.30982470512390137,1609701211.9653215,1609701211.9717956,0.006474018096923828
8df52ce6927f4dfb93e0b8e7dbca51ad,k-means,warm,exec,queue,0.06730198860168457,4.76837158203125e-07,2.384185791015625e-07,1609701211.8788452,1609701212.1883116,0.3094663619995117,1609701211.9704416,1609701211.9752567,0.004815101623535156
caedaa6690cb429692bfb4cb15b39e20,k-means,warm,exec,queue,0.07034158706665039,2.384185791015625e-07,0.0,1609701211.8804507,1609701212.092147,0.21169638633728027,1609701211.9743657,1609701211.980906,0.0065402984619140625
6ca3a059cc7147aa8d59233b8144872d,k-means,warm,exec,queue,0.004151105880737305,2.384185791015625e-07,0.0,1609701212.8475804,1609701212.9578462,0.11026573181152344,1609701212.8829718,1609701212.8908906,0.007918834686279297
efde5ff38d9948e8af6cc1c0e260e9e1,k-means,warm,exec,queue,0.04029488563537598,2.384185791015625e-07,2.384185791015625e-07,1609701212.8518825,1609701213.0407324,0.18884992599487305,1609701212.9241052,1609701212.9291072,0.005002021789550781
562f2cf30961445f8adbda34611e5b45,video,warm,exec,queue,0.016057252883911133,2.384185791015625e-07,2.384185791015625e-07,1609701212.854549,1609701213.043801,0.18925213813781738,1609701212.9026382,1609701212.9186037,0.01596546173095703
24231ccf4c7f4124b040b9f2ab24d7e9,k-means,warm,exec,queue,0.0356142520904541,2.384185791015625e-07,0.0,1609701212.8568652,1609701213.134495,0.2776298522949219,1609701212.9186938,1609701212.9242544,0.005560636520385742
6c7518fac7d34591a7d5265089c7f9ea,k-means,warm,exec,queue,0.030905485153198242,2.384185791015625e-07,0.0,1609701212.8584216,1609701213.0443976,0.1859760284423828,1609701212.9123974,1609701212.91673,0.004332542419433594
ff42e3e5dbbd4923b0c8d16e1245c0bc,k-means,warm,exec,queue,0.008006095886230469,2.384185791015625e-07,2.384185791015625e-07,1609701212.8602068,1609701212.957355,0.09714818000793457,1609701212.8859923,1609701212.8926694,0.006677150726318359
418682661257408287e5e0e977485e9c,k-means,warm,exec,queue,0.012680530548095703,2.384185791015625e-07,2.384185791015625e-07,1609701212.8617702,1609701212.9549646,0.09319448471069336,1609701212.8913157,1609701212.8990107,0.00769495964050293
0cd0874726824007b541b0c45ac0a660,k-means,warm,exec,queue,0.017853260040283203,4.76837158203125e-07,2.384185791015625e-07,1609701212.863341,1609701213.1364899,0.273148775100708,1609701212.901671,1609701212.9095454,0.007874488830566406
124ab55546b44ff9823f1fedca8e747d,k-means,warm,exec,queue,0.0225527286529541,2.384185791015625e-07,0.0,1609701212.8648906,1609701212.9969974,0.13210678100585938,1609701212.9020143,1609701212.9066179,0.00460362434387207
dee72ba2b4b14cf2a7110185f507b548,k-means,warm,exec,queue,0.027194738388061523,2.384185791015625e-07,2.384185791015625e-07,1609701212.866542,1609701213.133794,0.26725196838378906,1609701212.906751,1609701212.9128573,0.006106376647949219
4cb1fc8f1e9245e8883e635318f8f06c,k-means,warm,exec,queue,0.0020627975463867188,7.152557373046875e-07,2.384185791015625e-07,1609701213.8568141,1609701214.5710564,0.7142422199249268,1609701213.9104216,1609701213.9174473,0.007025718688964844
e9324b96707c402ebd78b27a82811152,k-means,warm,exec,queue,0.05042099952697754,2.384185791015625e-07,0.0,1609701213.8601108,1609701214.5302503,0.6701395511627197,1609701213.9568067,1609701213.9613106,0.004503965377807617
19601db50c7a45d6838a0b69c13617ee,k-means,warm,exec,queue,0.010422229766845703,4.76837158203125e-07,4.76837158203125e-07,1609701213.861973,1609701214.526925,0.6649520397186279,1609701213.9110868,1609701213.9179792,0.00689244270324707
1684f2e0d010403b98b4a6cdc3a64ba9,k-means,warm,exec,queue,0.015501022338867188,2.384185791015625e-07,2.384185791015625e-07,1609701213.8638024,1609701214.4620597,0.598257303237915,1609701213.9177809,1609701213.9256191,0.007838249206542969
9d184db05ff146058cf62a0249796b9c,k-means,warm,exec,queue,0.020086050033569336,4.76837158203125e-07,2.384185791015625e-07,1609701213.865868,1609701214.782741,0.9168729782104492,1609701213.9280207,1609701213.9344523,0.00643157958984375
5edbec24744e45cead88575d4ef4e968,k-means,warm,exec,queue,0.02640986442565918,2.384185791015625e-07,2.384185791015625e-07,1609701213.8676984,1609701214.7498267,0.8821282386779785,1609701213.9279587,1609701213.933824,0.005865335464477539
3ad598013f914c6e95989f55ec0c3337,k-means,warm,exec,queue,0.0318601131439209,4.76837158203125e-07,0.0,1609701213.8693714,1609701214.5338054,0.6644339561462402,1609701213.9333444,1609701213.939184,0.00583958625793457
8675032d3dc64cfb970a6afb75ed504f,k-means,warm,exec,queue,0.03743457794189453,2.384185791015625e-07,0.0,1609701213.8708353,1609701214.7821157,0.9112803936004639,1609701213.940761,1609701213.9463727,0.0056116580963134766
e5f1b426a80f411d976d27ed61801302,k-means,warm,exec,queue,0.04251837730407715,0.0,0.0,1609701213.8723142,1609701214.5332599,0.6609456539154053,1609701213.945184,1609701213.9506786,0.005494594573974609
bf5c99a4d6ea46d0838edb30c8633363,k-means,warm,exec,queue,0.04785299301147461,2.384185791015625e-07,4.76837158203125e-07,1609701213.8739,1609701214.4593086,0.5854086875915527,1609701213.9521337,1609701213.958645,0.0065114498138427734
e12d0a0f0e6b47cc95c6807eb7567446,k-means,warm,exec,queue,0.006952524185180664,2.384185791015625e-07,0.0,1609701213.875367,1609701214.4615977,0.5862307548522949,1609701213.911019,1609701213.9181397,0.007120609283447266
de793e65054a4c5696ac2ae7cb6beecf,k-means,warm,exec,queue,0.05495762825012207,4.76837158203125e-07,0.0,1609701213.8768516,1609701214.749258,0.8724064826965332,1609701213.963755,1609701213.9702091,0.0064542293548583984
f0ab8365e4004db18dea16b49b6730ec,k-means,warm,exec,queue,0.059648990631103516,2.384185791015625e-07,0.0,1609701213.8783193,1609701214.4633145,0.5849952697753906,1609701213.9671323,1609701213.971353,0.004220724105834961
1b2658a4d7994a7e96eea77797b84866,k-means,warm,exec,queue,0.0642852783203125,4.76837158203125e-07,2.384185791015625e-07,1609701213.8798978,1609701214.5308034,0.6509056091308594,1609701213.9724364,1609701213.9782844,0.005847930908203125
e2809500e9094143ad36fffc926a85d0,k-means,warm,exec,queue,0.06878781318664551,2.384185791015625e-07,2.384185791015625e-07,1609701213.8813612,1609701214.7464604,0.8650991916656494,1609701213.977127,1609701213.9817007,0.0045735836029052734
fea5da29c78a45bfb0fe31e3497a9abd,k-means,warm,exec,queue,0.07404351234436035,7.152557373046875e-07,2.384185791015625e-07,1609701213.88281,1609701214.6553552,0.7725450992584229,1609701213.9846473,1609701213.992101,0.0074536800384521484
0f46ed8daba34c188b34301f175c3471,k-means,warm,exec,queue,0.07894730567932129,2.384185791015625e-07,2.384185791015625e-07,1609701213.884366,1609701214.721691,0.837324857711792,1609701213.9899275,1609701213.99606,0.006132364273071289
8c3d3a47b5b9487b99cff05be1d94ff7,k-means,warm,exec,queue,0.011154413223266602,2.384185791015625e-07,2.384185791015625e-07,1609701214.857414,1609701215.0116324,0.15421843528747559,1609701214.908652,1609701214.9168966,0.008244514465332031
3bc242fc63194eee8159c2eb1911c034,k-means,warm,exec,queue,0.0038309097290039062,4.76837158203125e-07,2.384185791015625e-07,1609701214.8599494,1609701215.0121984,0.15224909782409668,1609701214.9082675,1609701214.9158106,0.007543087005615234
019649dc82cd4d369858a41ded857167,k-means,warm,exec,queue,0.011397361755371094,2.384185791015625e-07,2.384185791015625e-07,1609701214.8632627,1609701215.0073247,0.14406204223632812,1609701214.9159899,1609701214.922943,0.006953239440917969
cee123f6af774514ba52547719305948,k-means,warm,exec,queue,0.01618337631225586,2.384185791015625e-07,2.384185791015625e-07,1609701214.8649747,1609701215.0110455,0.1460707187652588,1609701214.9240036,1609701214.9305823,0.006578683853149414
12aab70bb03f49fe900c3af9797a21c4,k-means,warm,exec,queue,0.022264480590820312,2.384185791015625e-07,2.384185791015625e-07,1609701214.8669245,1609701215.0909595,0.22403502464294434,1609701214.930459,1609701214.937153,0.00669407844543457
eda170610fed4e2f855aa484f68154f0,k-means,warm,exec,queue,0.02888011932373047,2.384185791015625e-07,4.76837158203125e-07,1609701214.868614,1609701215.2481503,0.37953639030456543,1609701214.9362183,1609701214.9428558,0.0066375732421875
d8e2377d130d46e38a79733783570c41,k-means,warm,exec,queue,0.03428792953491211,2.384185791015625e-07,0.0,1609701214.8702881,1609701215.0949552,0.22466707229614258,1609701214.9387274,1609701214.9461608,0.007433414459228516
f7575364d6de419b93d74dc87ac399e0,k-means,warm,exec,queue,0.03893756866455078,4.76837158203125e-07,2.384185791015625e-07,1609701214.8719568,1609701215.096286,0.22432923316955566,1609701214.945175,1609701214.9535096,0.008334636688232422
937c5024fbab4e46931661d3b3fd447e,k-means,warm,exec,queue,0.04372572898864746,2.384185791015625e-07,2.384185791015625e-07,1609701214.873599,1609701215.2289522,0.35535311698913574,1609701214.9505842,1609701214.9573178,0.00673365592956543
edad23e66a8841a4bc302c5886b092f5,k-means,warm,exec,queue,0.04935503005981445,2.384185791015625e-07,0.0,1609701214.8750908,1609701215.095644,0.22055315971374512,1609701214.953247,1609701214.9590242,0.005777120590209961
429d9aea4e474503b8dbf19151cab3f5,k-means,warm,exec,queue,0.05408740043640137,4.76837158203125e-07,0.0,1609701214.8765733,1609701215.2774446,0.40087127685546875,1609701214.9598057,1609701214.9664843,0.006678581237792969
3a4e3ce73d94400fbce5fa65d261bb15,k-means,warm,exec,queue,0.059540748596191406,2.384185791015625e-07,0.0,1609701214.8781698,1609701215.4398918,0.5617220401763916,1609701214.964462,1609701214.9699488,0.005486726760864258
cdf01ee5196f42c4b59a1654a9a0f21d,k-means,warm,exec,queue,0.06498265266418457,4.76837158203125e-07,0.0,1609701214.8797383,1609701215.22936,0.3496217727661133,1609701214.9717064,1609701214.9784272,0.006720781326293945
493e3452a886406ea45abea13ad142d8,video,warm,exec,queue,0.016475915908813477,2.384185791015625e-07,0.0,1609701214.8812337,1609701215.2259045,0.34467077255249023,1609701214.9309375,1609701214.946513,0.015575408935546875
67069c7dbd5c44cd870b4dcb621511fd,matmul,warm,exec,queue,0.02030038833618164,4.76837158203125e-07,2.384185791015625e-07,1609701214.8827069,1609701215.3638413,0.48113441467285156,1609701214.934288,1609701214.9430726,0.00878453254699707
4869df647c5c4381b22cb42f9c74a21d,map_reduce,warm,exec,queue,0.02284097671508789,2.384185791015625e-07,2.384185791015625e-07,1609701214.8842134,1609701215.2763796,0.3921661376953125,1609701214.9364557,1609701215.0210238,0.08456802368164062
970865470ee24c98abea351a88678c50,k-means,warm,exec,queue,7.748603820800781e-05,4.76837158203125e-07,2.384185791015625e-07,1609701215.852803,1609701215.9947758,0.14197278022766113,1609701215.8976643,1609701215.905297,0.007632732391357422
3ab6b98258554ce0a451b2ce0e03f0c8,k-means,warm,exec,queue,0.005997180938720703,2.384185791015625e-07,0.0,1609701215.8570795,1609701215.9913893,0.1343097686767578,1609701215.8974,1609701215.9042943,0.006894350051879883
dd752a3c240e4865ad92aea491070124,k-means,warm,exec,queue,0.010935306549072266,2.384185791015625e-07,2.384185791015625e-07,1609701215.859626,1609701215.9941928,0.1345667839050293,1609701215.9025068,1609701215.9098349,0.007328033447265625
d2519d677a2d438a8898abbf1698fd21,k-means,warm,exec,queue,0.016208410263061523,2.384185791015625e-07,0.0,1609701215.8621974,1609701216.015784,0.15358662605285645,1609701215.9108648,1609701215.920015,0.009150266647338867
b35b421c946d4abeb6fb3874a89bf9ee,k-means,warm,exec,queue,0.02095198631286621,4.76837158203125e-07,0.0,1609701215.8647335,1609701216.0551496,0.1904160976409912,1609701215.913149,1609701215.919039,0.005889892578125
38627aadc77145cda479e3140d49d64d,k-means,warm,exec,queue,0.02562856674194336,2.384185791015625e-07,0.0,1609701215.866247,1609701216.1017368,0.2354898452758789,1609701215.918212,1609701215.9242642,0.006052255630493164
6f26413f890849b4953ea7b1e43ddf2a,k-means,warm,exec,queue,0.03090381622314453,2.384185791015625e-07,2.384185791015625e-07,1609701215.8677535,1609701216.0506825,0.18292903900146484,1609701215.9270399,1609701215.934833,0.0077931880950927734
e2712a5822474a1a83475c709123a9dd,k-means,warm,exec,queue,0.035631418228149414,2.384185791015625e-07,0.0,1609701215.8692877,1609701216.0526547,0.18336701393127441,1609701215.9303532,1609701215.9352884,0.004935264587402344
3a3cdf9cdc67424fa973e0068fc5d6be,k-means,warm,exec,queue,0.04050898551940918,4.76837158203125e-07,0.0,1609701215.8708034,1609701216.0496757,0.17887234687805176,1609701215.9348493,1609701215.9412215,0.006372213363647461
056fda817a064ab9a09e66a46b140999,k-means,warm,exec,queue,0.04529857635498047,4.76837158203125e-07,2.384185791015625e-07,1609701215.8724484,1609701216.1045575,0.23210906982421875,1609701215.9424691,1609701215.949545,0.007075786590576172
a4d94ef537174736972d67385f3db1a8,k-means,warm,exec,queue,0.05021858215332031,4.76837158203125e-07,2.384185791015625e-07,1609701215.873962,1609701216.0538929,0.1799309253692627,1609701215.9469428,1609701215.953035,0.0060923099517822266
47df3f70819d4843bab618008e0c1809,k-means,warm,exec,queue,0.05515718460083008,2.384185791015625e-07,2.384185791015625e-07,1609701215.8754907,1609701216.0516505,0.17615985870361328,1609701215.950326,1609701215.956301,0.005975008010864258
3fb8b952bee94b97a97af684e19d7d89,k-means,warm,exec,queue,0.06015729904174805,2.384185791015625e-07,2.384185791015625e-07,1609701215.8770092,1609701216.1031704,0.22616124153137207,1609701215.95631,1609701215.9622958,0.005985736846923828
c7e636b8cc2f4d35a20d404c991463d4,k-means,warm,exec,queue,0.004359722137451172,4.76837158203125e-07,2.384185791015625e-07,1609701216.8565338,1609701217.0386434,0.18210959434509277,1609701216.9128625,1609701216.9219546,0.009092092514038086
1c8799702fa64d0da6d8d2ab839a9638,k-means,warm,exec,queue,0.008345603942871094,4.76837158203125e-07,2.384185791015625e-07,1609701216.8601954,1609701217.0355287,0.17533326148986816,1609701216.9127724,1609701216.9210982,0.008325815200805664
c99bf6a2659a423e9ef0b36e86902e95,k-means,warm,exec,queue,0.013427972793579102,2.384185791015625e-07,0.0,1609701216.8621106,1609701217.03496,0.17284941673278809,1609701216.920326,1609701216.928301,0.007975101470947266
38684bc2c86343b299c823abd0ea63a8,k-means,warm,exec,queue,0.019623279571533203,2.384185791015625e-07,0.0,1609701216.8640058,1609701217.3535151,0.48950934410095215,1609701216.9250655,1609701216.933037,0.007971525192260742
43118ac029144f42a54d76531ebbe167,k-means,warm,exec,queue,0.02714085578918457,2.384185791015625e-07,2.384185791015625e-07,1609701216.866167,1609701217.0322366,0.16606950759887695,1609701216.9325938,1609701216.9389756,0.0063817501068115234
ea2600ace43444798652f5dc8f4760fa,k-means,warm,exec,queue,0.03164100646972656,2.384185791015625e-07,0.0,1609701216.868061,1609701217.2095723,0.34151124954223633,1609701216.9386222,1609701216.9447174,0.006095170974731445
8f0254bee78a4257ba379898aa387fbd,k-means,warm,exec,queue,0.036289215087890625,2.384185791015625e-07,2.384185791015625e-07,1609701216.8708882,1609701217.0380783,0.1671900749206543,1609701216.9421632,1609701216.9482691,0.006105899810791016
57e5a2bf0310430e9862d2f8fcfe4186,k-means,warm,exec,queue,0.0413508415222168,2.384185791015625e-07,0.0,1609701216.8727715,1609701217.2831752,0.4104037284851074,1609701216.949645,1609701216.9560986,0.006453514099121094
576a14a6064947abb7ad9ae0fe6cb1bf,k-means,warm,exec,queue,0.046502113342285156,2.384185791015625e-07,0.0,1609701216.8742118,1609701217.1085029,0.23429107666015625,1609701216.95497,1609701216.960933,0.00596308708190918
c807eefdcac847418058f22bc5a3bb4d,k-means,warm,exec,queue,0.0517275333404541,2.384185791015625e-07,0.0,1609701216.875751,1609701217.1571498,0.2813987731933594,1609701216.9612515,1609701216.9679585,0.006706953048706055
329f7f27d7d948098f5fae9d46f1937f,k-means,warm,exec,queue,0.05700182914733887,2.384185791015625e-07,2.384185791015625e-07,1609701216.8771935,1609701217.351712,0.4745185375213623,1609701216.9671798,1609701216.9729185,0.005738735198974609
489be0d2871144fdba10ed4c3ed21582,k-means,warm,exec,queue,0.06253218650817871,4.76837158203125e-07,2.384185791015625e-07,1609701216.8786175,1609701217.353181,0.4745633602142334,1609701216.9723396,1609701216.978302,0.005962371826171875
211547c9823e47188755c888c8451f6a,k-means,warm,exec,queue,0.0672307014465332,4.76837158203125e-07,2.384185791015625e-07,1609701216.8801374,1609701217.3496675,0.4695301055908203,1609701216.9776433,1609701216.9827454,0.0051021575927734375
c5fa19a350464841813326aca595421c,k-means,warm,exec,queue,0.07188224792480469,2.384185791015625e-07,0.0,1609701216.88158,1609701217.4342165,0.5526363849639893,1609701216.9827204,1609701216.9877563,0.005035877227783203
6bf1742e47f34123bb409dc4754db3a2,k-means,warm,exec,queue,0.07724809646606445,2.384185791015625e-07,2.384185791015625e-07,1609701216.8830156,1609701217.1073132,0.22429752349853516,1609701216.9901586,1609701216.9966354,0.006476879119873047
8fa9f09ee0d145539d78d6fda2817c29,video,warm,exec,queue,0.019173860549926758,2.384185791015625e-07,2.384185791015625e-07,1609701216.8844576,1609701217.3513815,0.46692395210266113,1609701216.9332774,1609701216.9498053,0.016527891159057617
38a954ac7664458cadb5c03cb1de3878,k-means,warm,exec,queue,0.0028460025787353516,4.76837158203125e-07,2.384185791015625e-07,1609701217.8487334,1609701217.9781258,0.12939238548278809,1609701217.8848095,1609701217.8928645,0.008054971694946289
8c886ccb88c642db972bff9559878395,k-means,warm,exec,queue,0.036588191986083984,2.384185791015625e-07,0.0,1609701217.8528075,1609701218.0889869,0.23617935180664062,1609701217.919219,1609701217.925763,0.006543874740600586
3de5c4d288df4bc28e882fcdd1ef5291,video,warm,exec,queue,0.01717090606689453,4.76837158203125e-07,2.384185791015625e-07,1609701217.8553154,1609701218.1636102,0.30829477310180664,1609701217.905098,1609701217.9216764,0.01657843589782715
39d85b6d18484dd48aea6137bb446754,k-means,warm,exec,queue,0.03189206123352051,2.384185791015625e-07,7.152557373046875e-07,1609701217.8578186,1609701218.0538828,0.19606423377990723,1609701217.9144378,1609701217.9205856,0.006147861480712891
d23ba934dfd84aefb0542e9ba50b927e,k-means,warm,exec,queue,0.02672600746154785,4.76837158203125e-07,2.384185791015625e-07,1609701217.8603065,1609701218.0103006,0.1499941349029541,1609701217.9099014,1609701217.9171932,0.0072917938232421875
cd13902249e446239f6d88c8c6df977e,k-means,warm,exec,queue,0.02146434783935547,2.384185791015625e-07,2.384185791015625e-07,1609701217.8620734,1609701218.0525706,0.19049715995788574,1609701217.9039898,1609701217.9101324,0.006142616271972656
9ffd2af4d1e94a2782cb5db65a4aaa34,k-means,warm,exec,queue,0.007829904556274414,4.76837158203125e-07,2.384185791015625e-07,1609701217.8635008,1609701217.9770567,0.113555908203125,1609701217.8851922,1609701217.8935766,0.008384466171264648
c5ed68d05aa7489db274d4229a1c3e2f,k-means,warm,exec,queue,0.012423276901245117,2.384185791015625e-07,0.0,1609701217.8649418,1609701217.979068,0.11412620544433594,1609701217.89017,1609701217.898396,0.00822591781616211
df49c4917c2e49cfbfafb0cea56562ac,k-means,warm,exec,queue,0.01684856414794922,2.384185791015625e-07,0.0,1609701217.8663723,1609701218.0117269,0.1453545093536377,1609701217.8953357,1609701217.903457,0.008121252059936523
9ca4e0c2921e46aaa4ccdd6e95f4258c,k-means,warm,exec,queue,0.006390571594238281,2.384185791015625e-07,0.0,1609701218.8609545,1609701218.979748,0.11879348754882812,1609701218.9122677,1609701218.920142,0.007874250411987305
9f0cd6cf06e942f9a7a1d31fa8dbad6a,k-means,warm,exec,queue,0.011477231979370117,2.384185791015625e-07,0.0,1609701218.8638082,1609701219.005567,0.14175891876220703,1609701218.9200602,1609701218.9287875,0.008727312088012695
11c95148ec894cd3a2fff22d71df46b0,k-means,warm,exec,queue,0.01781177520751953,2.384185791015625e-07,2.384185791015625e-07,1609701218.8663063,1609701219.1079895,0.2416832447052002,1609701218.9240186,1609701218.931588,0.007569313049316406
2889de9bdd6b4795bb31f7941dc41236,k-means,warm,exec,queue,0.022849559783935547,4.76837158203125e-07,2.384185791015625e-07,1609701218.8688073,1609701219.0072694,0.13846206665039062,1609701218.928648,1609701218.9346745,0.006026506423950195
9fa5534df80f4af1b9c5e7ee9d5ad71d,k-means,warm,exec,queue,0.02814197540283203,2.384185791015625e-07,2.384185791015625e-07,1609701218.8715627,1609701219.1424892,0.27092647552490234,1609701218.9365132,1609701218.9435966,0.007083415985107422
5db4d0e8949743f18eab80092fd4a7e3,k-means,warm,exec,queue,0.03287649154663086,2.384185791015625e-07,2.384185791015625e-07,1609701218.8733835,1609701219.1419463,0.26856279373168945,1609701218.9402325,1609701218.9451811,0.004948616027832031
8a4d5cfb8a9d4b14a65d007ea784a45d,k-means,warm,exec,queue,0.038228511810302734,4.76837158203125e-07,2.384185791015625e-07,1609701218.8748255,1609701219.1484854,0.27365994453430176,1609701218.9451506,1609701218.9520576,0.006906986236572266
f6900da66ac04427b3632a74bfb57c83,k-means,warm,exec,queue,0.04354500770568848,2.384185791015625e-07,0.0,1609701218.8762643,1609701219.146855,0.27059078216552734,1609701218.9508793,1609701218.9551723,0.004292964935302734
f319c28f4640409492a935829d612cf1,k-means,warm,exec,queue,0.049068450927734375,7.152557373046875e-07,4.76837158203125e-07,1609701218.8777418,1609701219.0295124,0.15177059173583984,1609701218.9584508,1609701218.9641495,0.005698680877685547
6bad2b870f31436f8ce4115da63c8165,k-means,warm,exec,queue,0.05390119552612305,4.76837158203125e-07,2.384185791015625e-07,1609701218.8792632,1609701219.1061702,0.22690701484680176,1609701218.962166,1609701218.9665387,0.004372596740722656
07551ea714d946c5b5a7f5dd67903485,k-means,warm,exec,queue,0.05945444107055664,4.76837158203125e-07,2.384185791015625e-07,1609701218.880701,1609701219.1474025,0.26670145988464355,1609701218.9696908,1609701218.976702,0.0070111751556396484
d477d6942ecf42b39cb5fe8ee413e825,k-means,warm,exec,queue,0.06419038772583008,7.152557373046875e-07,2.384185791015625e-07,1609701218.8821375,1609701219.1479473,0.2658097743988037,1609701218.9732497,1609701218.977564,0.004314422607421875
75353d12cf424b1a80177e2be5d40468,k-means,warm,exec,queue,0.06976962089538574,2.384185791015625e-07,0.0,1609701218.8844867,1609701219.171885,0.2873983383178711,1609701218.9803073,1609701218.9858181,0.005510807037353516
d480ed86ae994913b90668cd682496d2,k-means,warm,exec,queue,0.07440638542175293,2.384185791015625e-07,2.384185791015625e-07,1609701218.8862321,1609701219.139196,0.2529637813568115,1609701218.9846187,1609701218.9919784,0.007359743118286133
be36701e1dbc494aadf82bfb9e17887c,k-means,warm,exec,queue,0.0801079273223877,2.384185791015625e-07,0.0,1609701218.8876555,1609701219.2143786,0.3267230987548828,1609701218.993141,1609701218.9989772,0.0058362483978271484
934d57e909b7480cba5a009651255657,k-means,warm,exec,queue,0.08479070663452148,7.152557373046875e-07,2.384185791015625e-07,1609701218.889101,1609701219.2413266,0.35222554206848145,1609701218.9961615,1609701219.0008736,0.004712104797363281
326c76962ff5424a99d879525de96dd7,k-means,warm,exec,queue,0.005514383316040039,4.76837158203125e-07,2.384185791015625e-07,1609701219.8529897,1609701219.976987,0.12399721145629883,1609701219.8907256,1609701219.8986752,0.007949590682983398
b996cc928d544ffbbc7b0ca4b1699565,matmul,warm,exec,queue,0.014270305633544922,2.384185791015625e-07,0.0,1609701219.8570905,1609701220.1932106,0.3361201286315918,1609701219.907821,1609701219.918193,0.010372161865234375
ce26b2074009414f97ce78402ea01531,k-means,warm,exec,queue,0.044794321060180664,2.384185791015625e-07,4.76837158203125e-07,1609701219.8596349,1609701220.1119256,0.2522907257080078,1609701219.935098,1609701219.9408424,0.005744457244873047
809a46babc4c470f968459e539f9b040,k-means,warm,exec,queue,0.010413408279418945,4.76837158203125e-07,2.384185791015625e-07,1609701219.8621645,1609701219.9751139,0.11294937133789062,1609701219.894194,1609701219.9016232,0.007429361343383789
99e51aa8a43b4eaa8dc460750abb6956,k-means,warm,exec,queue,0.015667200088500977,2.384185791015625e-07,0.0,1609701219.8645663,1609701220.0017505,0.13718414306640625,1609701219.8999054,1609701219.9082527,0.008347272872924805
c8a177288ed14a08863f6e429daceb88,k-means,warm,exec,queue,0.02245950698852539,4.76837158203125e-07,2.384185791015625e-07,1609701219.8661804,1609701220.0238686,0.15768814086914062,1609701219.9079652,1609701219.9134223,0.005457162857055664
ef7c84668fb5461a8c3eba656beed2d8,k-means,warm,exec,queue,0.027344703674316406,4.76837158203125e-07,2.384185791015625e-07,1609701219.867614,1609701219.9996924,0.1320784091949463,1609701219.9143567,1609701219.9212172,0.006860494613647461
84147e37e4314214ac3116af7e3b7dc4,k-means,warm,exec,queue,0.03193330764770508,4.76837158203125e-07,2.384185791015625e-07,1609701219.8690553,1609701220.0600004,0.19094514846801758,1609701219.9193034,1609701219.9263604,0.0070569515228271484
ef37369d6c0d43318a95ecdddc35376d,k-means,warm,exec,queue,0.0365750789642334,2.384185791015625e-07,4.76837158203125e-07,1609701219.8704846,1609701220.124397,0.25391244888305664,1609701219.9239063,1609701219.9299917,0.006085395812988281
172e61da3d614e48b50f90ff4101903d,k-means,warm,exec,queue,0.04174184799194336,2.384185791015625e-07,2.384185791015625e-07,1609701219.8720176,1609701220.1952224,0.32320475578308105,1609701219.928049,1609701219.9335053,0.005456209182739258
3cff2809b87640f48e52b6d2ab682aa9,k-means,warm,exec,queue,0.0036563873291015625,2.384185791015625e-07,2.384185791015625e-07,1609701220.8625696,1609701221.0153177,0.15274810791015625,1609701220.9414284,1609701220.9498043,0.008375883102416992
a96c888d9bc942debbfb4efe040f8a3b,k-means,warm,exec,queue,0.005396842956542969,2.384185791015625e-07,0.0,1609701220.867281,1609701221.0119905,0.14470958709716797,1609701220.9414463,1609701220.9496756,0.008229255676269531
ca8ef42f7971461283c6756851c80003,k-means,warm,exec,queue,0.010046243667602539,4.76837158203125e-07,2.384185791015625e-07,1609701220.8699877,1609701221.0147336,0.1447458267211914,1609701220.9457295,1609701220.9537177,0.007988214492797852
40789494b75e4ee3bb079e81d657eb2c,k-means,warm,exec,queue,0.014698505401611328,4.76837158203125e-07,2.384185791015625e-07,1609701220.8726747,1609701221.052697,0.1800222396850586,1609701220.9556694,1609701220.964273,0.008603572845458984
0e504b2abc074551b1027aca392b60c3,k-means,warm,exec,queue,0.02064371109008789,4.76837158203125e-07,2.384185791015625e-07,1609701220.8755941,1609701221.0804124,0.2048182487487793,1609701220.965211,1609701220.973809,0.008598089218139648
172789f778d443779ea7cdf542d8f178,k-means,warm,exec,queue,0.029422283172607422,7.152557373046875e-07,2.384185791015625e-07,1609701220.8782616,1609701221.1561189,0.27785730361938477,1609701220.9713259,1609701220.9786618,0.0073359012603759766
2e4ead9bbfd44b75ba507a3572cce7b2,k-means,warm,exec,queue,0.03639626502990723,2.384185791015625e-07,4.76837158203125e-07,1609701220.880912,1609701221.2037904,0.322878360748291,1609701220.9753408,1609701220.9823976,0.007056713104248047
30ef381a0c5e43f29c5200bfbecffe75,k-means,warm,exec,queue,0.04108023643493652,2.384185791015625e-07,2.384185791015625e-07,1609701220.8835766,1609701221.077629,0.19405245780944824,1609701220.9789772,1609701220.9863162,0.007339000701904297
9991950421d347cf892a94d8671f3c9c,k-means,warm,exec,queue,0.045723915100097656,2.384185791015625e-07,2.384185791015625e-07,1609701220.8862634,1609701221.2321434,0.34588003158569336,1609701220.9808812,1609701220.9894094,0.00852823257446289
5f1acb7a712d4bf88766fc73a88d2c63,k-means,warm,exec,queue,0.05055046081542969,4.76837158203125e-07,4.76837158203125e-07,1609701220.8891387,1609701221.2327077,0.3435690402984619,1609701220.992481,1609701220.9997785,0.007297515869140625
fd947c1041084f12b437577dfd18f1e9,k-means,warm,exec,queue,0.05532526969909668,2.384185791015625e-07,2.384185791015625e-07,1609701220.891807,1609701221.2707734,0.3789663314819336,1609701220.997225,1609701221.0039456,0.006720542907714844
e8eec7fb5c9e402bb855f35d23eb0317,k-means,warm,exec,queue,0.06087327003479004,2.384185791015625e-07,0.0,1609701220.894494,1609701221.407004,0.5125100612640381,1609701220.997671,1609701221.0047705,0.007099628448486328
1974873901b043ec9de910706b007699,k-means,warm,exec,queue,0.06351208686828613,4.76837158203125e-07,2.384185791015625e-07,1609701220.8985336,1609701221.2292097,0.3306760787963867,1609701221.005907,1609701221.0127149,0.006807804107666016
74c5c7a6e4954051bc99a96388ca1064,k-means,warm,exec,queue,0.06881308555603027,4.76837158203125e-07,4.76837158203125e-07,1609701220.9012158,1609701221.2723873,0.3711714744567871,1609701221.014784,1609701221.0208895,0.0061054229736328125
b34f310ddf5344489e8d3bb1c0f952bb,k-means,warm,exec,queue,0.07501840591430664,4.76837158203125e-07,2.384185791015625e-07,1609701220.9038758,1609701221.234287,0.3304111957550049,1609701221.0160282,1609701221.0223825,0.006354331970214844
761df6b299e549f493dde3937a91651b,k-means,warm,exec,queue,0.08029699325561523,2.384185791015625e-07,2.384185791015625e-07,1609701220.9065535,1609701221.405175,0.49862146377563477,1609701221.0210414,1609701221.0269973,0.005955934524536133
91551ae57dd043ea93147220e7e6fe52,video,warm,exec,queue,0.018452167510986328,2.384185791015625e-07,2.384185791015625e-07,1609701220.9093914,1609701221.0790603,0.16966891288757324,1609701220.971363,1609701220.9877558,0.01639270782470703
d5058a59ae8948f0812e36cfeb8504b5,k-means,warm,exec,queue,0.004353046417236328,4.76837158203125e-07,2.384185791015625e-07,1609701221.8538373,1609701221.9731574,0.11932015419006348,1609701221.8889759,1609701221.8976963,0.00872039794921875
6eff542cb3474ccfaa6e467d32822842,k-means,warm,exec,queue,0.03633904457092285,2.384185791015625e-07,0.0,1609701221.8581789,1609701221.9978006,0.13962173461914062,1609701221.9248133,1609701221.929171,0.004357814788818359
aec608a599054c6a96abd47b093014e0,k-means,warm,exec,queue,0.030735015869140625,2.384185791015625e-07,0.0,1609701221.8608658,1609701222.033003,0.17213726043701172,1609701221.9200032,1609701221.9265115,0.006508350372314453
38489e48d4ed4aac91aafec41bc56cd9,k-means,warm,exec,queue,0.008573532104492188,2.384185791015625e-07,0.0,1609701221.8634815,1609701221.9758096,0.11232805252075195,1609701221.8919432,1609701221.9005458,0.008602619171142578
3e0c81cfda7a4742b3d51ae0f50ced90,k-means,warm,exec,queue,0.012938499450683594,2.384185791015625e-07,4.76837158203125e-07,1609701221.8661187,1609701221.9764338,0.11031508445739746,1609701221.8971949,1609701221.905364,0.008169174194335938
d5ad657a1ddd4ef685f34634addb8493,k-means,warm,exec,queue,0.017527341842651367,2.384185791015625e-07,2.384185791015625e-07,1609701221.8688266,1609701222.0312347,0.16240811347961426,1609701221.9031,1609701221.9125552,0.009455204010009766
fe6b4c868cb947df997e3b9945486448,k-means,warm,exec,queue,0.02289271354675293,2.384185791015625e-07,2.384185791015625e-07,1609701221.8704345,1609701222.1653621,0.29492759704589844,1609701221.907416,1609701221.9140253,0.006609201431274414
05e39ad0cffe4e3491263f445483c3e3,k-means,warm,exec,queue,0.02764415740966797,2.384185791015625e-07,2.384185791015625e-07,1609701221.8720474,1609701222.1243978,0.2523503303527832,1609701221.9127245,1609701221.9178286,0.00510406494140625
61af5b6d4f004cc7ab49b77dde26bba7,k-means,warm,exec,queue,0.0044689178466796875,9.5367431640625e-07,2.384185791015625e-07,1609701222.8686843,1609701223.0259316,0.15724730491638184,1609701222.9461017,1609701222.9543114,0.008209705352783203
9ddafd856b004fb7a2381e58f89c5dc7,k-means,warm,exec,queue,0.0074231624603271484,2.384185791015625e-07,2.384185791015625e-07,1609701222.8726656,1609701223.0242913,0.1516256332397461,1609701222.9462354,1609701222.9547763,0.008540868759155273
c93a9754dd64493c985e432aa4776b81,k-means,warm,exec,queue,0.012496709823608398,2.384185791015625e-07,2.384185791015625e-07,1609701222.8748128,1609701223.1463993,0.27158641815185547,1609701222.9532325,1609701222.9623163,0.009083747863769531
944cfcf9cf2f42418248b3c5902febb4,k-means,warm,exec,queue,0.01717066764831543,2.384185791015625e-07,2.384185791015625e-07,1609701222.876864,1609701223.0606008,0.18373680114746094,1609701222.9567788,1609701222.966096,0.009317159652709961
c31a6d55f09049849c52a06cdd1dcbec,k-means,warm,exec,queue,0.023774385452270508,2.384185791015625e-07,0.0,1609701222.878614,1609701223.1457605,0.26714658737182617,1609701222.963008,1609701222.9675214,0.00451350212097168
9c60a50a608b46b78d5e95b6b1d73238,k-means,warm,exec,queue,0.028689861297607422,2.384185791015625e-07,0.0,1609701222.880175,1609701223.0611734,0.1809983253479004,1609701222.9693885,1609701222.9768205,0.007431983947753906
bbeb15d533684de1bf6f0584e1070d06,k-means,warm,exec,queue,0.03371095657348633,2.384185791015625e-07,2.384185791015625e-07,1609701222.881738,1609701223.0579212,0.17618322372436523,1609701222.9744606,1609701222.9804516,0.0059909820556640625
dc29667a683a45b49a591bd821847d20,k-means,warm,exec,queue,0.03919267654418945,4.76837158203125e-07,2.384185791015625e-07,1609701222.8832707,1609701223.3876216,0.5043509006500244,1609701222.9786222,1609701222.9853225,0.006700277328491211
55e30c0ded1f4cedbd71d0c67590df09,k-means,warm,exec,queue,0.044759273529052734,2.384185791015625e-07,0.0,1609701222.8851333,1609701223.385936,0.500802755355835,1609701222.9882722,1609701222.994983,0.00671076774597168
d3027d15dfbb4bd2bb4edebaea0d95bc,k-means,warm,exec,queue,0.0500187873840332,2.384185791015625e-07,2.384185791015625e-07,1609701222.8866768,1609701223.1770046,0.290327787399292,1609701222.994094,1609701223.0000668,0.005972862243652344
ab9518ee4bfd485783c7076d3fa0e17a,k-means,warm,exec,queue,0.05465435981750488,2.384185791015625e-07,2.384185791015625e-07,1609701222.8882194,1609701223.1751308,0.2869114875793457,1609701222.9953604,1609701223.0013857,0.0060253143310546875
7c7dbaf9bd794c55abe104ec650b889f,k-means,warm,exec,queue,0.05944418907165527,2.384185791015625e-07,2.384185791015625e-07,1609701222.889758,1609701223.149615,0.2598569393157959,1609701223.0007956,1609701223.0056643,0.004868745803833008
ce0b07214c4a455e81c888f225131b88,k-means,warm,exec,queue,0.06403017044067383,2.384185791015625e-07,0.0,1609701222.911861,1609701223.1490347,0.23717379570007324,1609701223.0075452,1609701223.0129306,0.005385398864746094
4f78ae663a9e4aed965ce6225d7dd395,k-means,warm,exec,queue,0.06931877136230469,2.384185791015625e-07,0.0,1609701222.9134614,1609701223.1787038,0.265242338180542,1609701223.0116353,1609701223.0163527,0.004717350006103516
afde325e9f754a75b4d2f1729b8f5b64,k-means,warm,exec,queue,0.07480549812316895,2.384185791015625e-07,2.384185791015625e-07,1609701222.914947,1609701223.235788,0.32084107398986816,1609701223.0187275,1609701223.0254471,0.0067195892333984375
54af122a32b145a3b0d5bd0f790869c0,k-means,warm,exec,queue,0.07999253273010254,4.76837158203125e-07,2.384185791015625e-07,1609701222.9165182,1609701223.1427534,0.22623515129089355,1609701223.0234344,1609701223.0286,0.005165576934814453
1eeaff5c10e44919babfcbdf6b310189,k-means,warm,exec,queue,0.08474135398864746,2.384185791015625e-07,2.384185791015625e-07,1609701222.9179952,1609701223.384149,0.4661538600921631,1609701223.0293896,1609701223.0357344,0.006344795227050781
77140d724a804c3c9e6683ffdadd9e55,video,warm,exec,queue,0.016265153884887695,2.384185791015625e-07,0.0,1609701222.9194777,1609701223.0994499,0.17997217178344727,1609701222.964184,1609701222.980982,0.016798019409179688
c2608b07003045a78aa5080ba7b5b55e,k-means,warm,exec,queue,0.00515294075012207,4.76837158203125e-07,4.76837158203125e-07,1609701223.856058,1609701223.9771557,0.12109780311584473,1609701223.8907287,1609701223.8996744,0.008945703506469727
5ed3f74ab8204e21b5bf4b540298ef1d,k-means,warm,exec,queue,0.009730100631713867,4.76837158203125e-07,2.384185791015625e-07,1609701223.8598504,1609701223.9786143,0.11876392364501953,1609701223.8938048,1609701223.9022334,0.008428573608398438
8e9ed91579cc490fbfed76551227e6b2,k-means,warm,exec,queue,0.013841390609741211,4.76837158203125e-07,2.384185791015625e-07,1609701223.8630016,1609701224.0459573,0.18295574188232422,1609701223.89951,1609701223.9086885,0.009178638458251953
86dde0b01d6f47d79abbc878e5ca5aa5,k-means,warm,exec,queue,0.018624544143676758,2.384185791015625e-07,0.0,1609701223.865681,1609701224.04402,0.17833900451660156,1609701223.9066274,1609701223.915808,0.009180545806884766
7ff3b0be4a73446c8a1db79bf53b7a57,k-means,warm,exec,queue,0.023492813110351562,2.384185791015625e-07,0.0,1609701223.868306,1609701224.0103345,0.1420285701751709,1609701223.9094572,1609701223.9162922,0.006834983825683594
69b110f04fc74912ba9e8b39da8bd28e,k-means,warm,exec,queue,0.028177738189697266,2.384185791015625e-07,0.0,1609701223.87019,1609701224.012087,0.14189720153808594,1609701223.9160664,1609701223.922991,0.006924629211425781
7cbc97565bd34a97b5ee7b531c2b5f50,k-means,warm,exec,queue,0.03298830986022949,2.384185791015625e-07,0.0,1609701223.8717856,1609701224.0706525,0.1988668441772461,1609701223.922033,1609701223.9295096,0.0074765682220458984
5443a77bcd194057a7d5dca13c94f9cd,k-means,warm,exec,queue,0.03515291213989258,2.384185791015625e-07,0.0,1609701223.873426,1609701224.1290307,0.25560474395751953,1609701223.9253416,1609701223.9309897,0.005648136138916016
57d51270e3f14dc88e71c7cc3eab4915,k-means,warm,exec,queue,0.003951072692871094,2.384185791015625e-07,2.384185791015625e-07,1609701224.8673522,1609701224.9995422,0.13218998908996582,1609701224.9177139,1609701224.9254112,0.007697343826293945
341a5696aba64bc59b76ddda353e5220,k-means,warm,exec,queue,0.006278038024902344,2.384185791015625e-07,0.0,1609701224.8714933,1609701224.9989488,0.127455472946167,1609701224.917805,1609701224.9259057,0.008100748062133789
dbae24f07bea401d94e63c7af0135c4c,k-means,warm,exec,queue,0.010854721069335938,2.384185791015625e-07,2.384185791015625e-07,1609701224.8734887,1609701225.1005208,0.22703218460083008,1609701224.9243345,1609701224.931295,0.006960391998291016
aae25fe29df54f3d9e6bc843e636670c,k-means,warm,exec,queue,0.015441417694091797,2.384185791015625e-07,2.384185791015625e-07,1609701224.8750272,1609701224.996248,0.12122082710266113,1609701224.9295986,1609701224.937187,0.007588386535644531
ad655d9c8b0f48619cd9fb158405eac2,k-means,warm,exec,queue,0.021954059600830078,4.76837158203125e-07,0.0,1609701224.8767738,1609701225.0308046,0.15403079986572266,1609701224.9399586,1609701224.9450393,0.005080699920654297
4f7aad0ca7c54bf0a89f3299d73231a2,k-means,warm,exec,queue,0.029050111770629883,2.384185791015625e-07,0.0,1609701224.8782833,1609701225.1799324,0.3016490936279297,1609701224.9455924,1609701224.9521399,0.006547451019287109
0d6afac8ea6f4d2a828492b3c7288392,k-means,warm,exec,queue,0.03377079963684082,4.76837158203125e-07,2.384185791015625e-07,1609701224.8797941,1609701225.0292363,0.14944219589233398,1609701224.9460936,1609701224.9506772,0.004583597183227539
2ed527dda51b4bad9c7ab72874c3637a,k-means,warm,exec,queue,0.03929018974304199,2.384185791015625e-07,2.384185791015625e-07,1609701224.881322,1609701225.0969462,0.21562433242797852,1609701224.9525468,1609701224.958555,0.006008148193359375
8323fe67d62443c4b3bf30a03d494e44,k-means,warm,exec,queue,0.04481792449951172,2.384185791015625e-07,0.0,1609701224.883625,1609701225.0998898,0.2162647247314453,1609701224.9599917,1609701224.9666228,0.006631135940551758
b5e62f78ab1a4927838e959732a917b1,k-means,warm,exec,queue,0.05019211769104004,2.384185791015625e-07,0.0,1609701224.8853123,1609701225.1487195,0.26340723037719727,1609701224.9649417,1609701224.9706416,0.005699872970581055
558d10b48f524e6096d1c5caf0f405dc,k-means,warm,exec,queue,0.05546832084655762,2.384185791015625e-07,0.0,1609701224.8868706,1609701225.2409687,0.3540980815887451,1609701224.9694405,1609701224.9741695,0.004729032516479492
7073d21834994d28943a50622b685a8b,video,warm,exec,queue,0.01695728302001953,2.384185791015625e-07,2.384185791015625e-07,1609701224.8884265,1609701225.0629246,0.1744980812072754,1609701224.9408476,1609701224.9574363,0.016588687896728516
4099f7b50eee4d3ba21ec814d283046e,matmul,warm,exec,queue,0.02120208740234375,2.384185791015625e-07,0.0,1609701224.890068,1609701225.2441175,0.3540494441986084,1609701224.9413395,1609701224.9513745,0.010035037994384766
d67de387993244a3b782c1f42af42867,map_reduce,warm,exec,queue,0.023586750030517578,2.384185791015625e-07,0.0,1609701224.8915975,1609701225.2447436,0.3531460762023926,1609701224.944084,1609701225.0290928,0.08500885963439941
91f4d6d609e642af9c61dc62f1032feb,disk,warm,exec,queue,0.027972698211669922,2.384185791015625e-07,2.384185791015625e-07,1609701224.893142,1609701225.0646665,0.1715245246887207,1609701224.9464333,1609701224.953603,0.0071697235107421875
efd46cf24d6649f7ab9395cb9ebad610,k-means,warm,exec,queue,0.0008323192596435547,2.384185791015625e-07,2.384185791015625e-07,1609701225.8609252,1609701225.9892933,0.12836813926696777,1609701225.902877,1609701225.9114468,0.008569717407226562
917a2dedddf640e99df5a2e07f793b95,k-means,warm,exec,queue,0.014574289321899414,4.76837158203125e-07,2.384185791015625e-07,1609701225.8650455,1609701226.1900039,0.32495832443237305,1609701225.9216053,1609701225.9297507,0.008145332336425781
7a5d0b06da4244b68372314307be2567,k-means,warm,exec,queue,0.02108907699584961,4.76837158203125e-07,2.384185791015625e-07,1609701225.8676136,1609701226.0297754,0.16216182708740234,1609701225.924121,1609701225.93101,0.0068891048431396484
3d056331bdf84b7bb6fd0e58fff8cbb3,k-means,warm,exec,queue,0.026325464248657227,2.384185791015625e-07,0.0,1609701225.8702137,1609701226.1929483,0.3227345943450928,1609701225.9265115,1609701225.9332108,0.006699323654174805
bca6076890194989b327d527dcbb3085,k-means,warm,exec,queue,0.03193068504333496,4.76837158203125e-07,2.384185791015625e-07,1609701225.8727682,1609701226.1306074,0.2578392028808594,1609701225.9329145,1609701225.9391942,0.006279706954956055
41009553f70344868b7b91b9df5767e9,k-means,warm,exec,queue,0.03679203987121582,2.384185791015625e-07,2.384185791015625e-07,1609701225.8743021,1609701226.2694247,0.3951225280761719,1609701225.9389277,1609701225.9452858,0.006358146667480469
63320cb4df114334b43ffaf7dabc725b,k-means,warm,exec,queue,0.041547536849975586,2.384185791015625e-07,2.384185791015625e-07,1609701225.875842,1609701226.270037,0.3941948413848877,1609701225.9440904,1609701225.9511385,0.007048130035400391
84bc4057884d4909a68ce0157b22399d,k-means,warm,exec,queue,0.046301841735839844,2.384185791015625e-07,0.0,1609701225.8774006,1609701226.193544,0.316143274307251,1609701225.9480872,1609701225.954185,0.0060977935791015625
ae9119635ef64bd590c7bf4a57480978,k-means,warm,exec,queue,0.0023415088653564453,2.384185791015625e-07,2.384185791015625e-07,1609701225.8789544,1609701225.9927437,0.11378931999206543,1609701225.903717,1609701225.9123025,0.008585453033447266
37f75cf0073d444f9bf49feaa2431326,k-means,warm,exec,queue,0.006674528121948242,2.384185791015625e-07,4.76837158203125e-07,1609701225.8806365,1609701225.9921162,0.1114797592163086,1609701225.9046907,1609701225.9130673,0.008376598358154297
eb762a61a6c64c2a81014dcd86b872a8,k-means,warm,exec,queue,0.01184225082397461,4.76837158203125e-07,2.384185791015625e-07,1609701225.8821812,1609701226.0825586,0.2003774642944336,1609701225.9107766,1609701225.9196687,0.008892059326171875
dbcaff460ae348beabefa6cf1bc667f1,k-means,warm,exec,queue,0.004565238952636719,2.384185791015625e-07,2.384185791015625e-07,1609701226.8642378,1609701226.9859316,0.12169384956359863,1609701226.9109013,1609701226.9193096,0.008408308029174805
2ba1ab87e5994e6fbc42a7d5c5615e1b,k-means,warm,exec,queue,0.004881143569946289,2.384185791015625e-07,0.0,1609701226.869093,1609701226.9883628,0.11926984786987305,1609701226.9102333,1609701226.9173658,0.007132530212402344
ca73f295f5334cf6b0468831cb4d8400,k-means,warm,exec,queue,0.011175155639648438,4.76837158203125e-07,2.384185791015625e-07,1609701226.8714328,1609701227.0700276,0.1985948085784912,1609701226.9189985,1609701226.9275618,0.00856328010559082
4f75a49e59ac4b5e932acbd1407322b6,k-means,warm,exec,queue,0.018895864486694336,2.384185791015625e-07,4.76837158203125e-07,1609701226.8737805,1609701227.233429,0.3596484661102295,1609701226.9322493,1609701226.9398088,0.007559537887573242
4f57edfbe5dd4dfaadbf0f11708bdfa0,k-means,warm,exec,queue,0.024166107177734375,4.76837158203125e-07,2.384185791015625e-07,1609701226.8763154,1609701227.0719686,0.19565320014953613,1609701226.9342248,1609701226.9414563,0.007231473922729492
2ef8b4454ed045c9ac06f37ab695fb78,k-means,warm,exec,queue,0.028951168060302734,2.384185791015625e-07,0.0,1609701226.877902,1609701227.0954049,0.21750283241271973,1609701226.9382994,1609701226.9456465,0.00734710693359375
33ce97934a9846c79a688ba50ede8988,k-means,warm,exec,queue,0.034416913986206055,2.384185791015625e-07,2.384185791015625e-07,1609701226.8794322,1609701227.23404,0.35460782051086426,1609701226.9434962,1609701226.949383,0.00588679313659668
4a87c900c1ad44daac0eee55356babe9,k-means,warm,exec,queue,0.03944253921508789,2.384185791015625e-07,2.384185791015625e-07,1609701226.8810012,1609701227.0973496,0.21634840965270996,1609701226.9482746,1609701226.9543266,0.0060520172119140625
78b7196fe0bd4b4698ff4fb71dfbffc1,k-means,warm,exec,queue,0.045130252838134766,2.384185791015625e-07,0.0,1609701226.8825502,1609701227.0381854,0.15563511848449707,1609701226.952774,1609701226.959005,0.006231069564819336
5550ba9522a44f9daf7171925e9b4c3d,k-means,warm,exec,queue,0.05039405822753906,2.384185791015625e-07,2.384185791015625e-07,1609701226.8842154,1609701227.1289656,0.2447502613067627,1609701226.9591281,1609701226.96584,0.0067119598388671875
584e5a5d91ad4bc787da83e22b70389b,k-means,warm,exec,queue,0.05545449256896973,2.384185791015625e-07,2.384185791015625e-07,1609701226.8857486,1609701227.2304628,0.3447141647338867,1609701226.964942,1609701226.9712515,0.00630950927734375
c3e1e3dadcd544b7b8e18751b47d8d6d,video,warm,exec,queue,0.019007205963134766,2.384185791015625e-07,2.384185791015625e-07,1609701226.8873029,1609701227.036274,0.1489710807800293,1609701226.9353628,1609701226.9521441,0.016781330108642578
89a687c569c748379a87375b0a20674b,k-means,warm,exec,queue,0.002791881561279297,4.76837158203125e-07,2.384185791015625e-07,1609701227.869306,1609701228.0665104,0.1972043514251709,1609701227.922497,1609701227.9312625,0.008765459060668945
96f97a44e892477f8fe61adab8b628ef,k-means,warm,exec,queue,0.024968862533569336,2.384185791015625e-07,2.384185791015625e-07,1609701227.8735065,1609701228.258841,0.38533449172973633,1609701227.941253,1609701227.947568,0.006314992904663086
8b4b6cedfa7b4f4795b1c90c0e820338,k-means,warm,exec,queue,0.02956843376159668,2.384185791015625e-07,0.0,1609701227.876099,1609701228.2594502,0.38335108757019043,1609701227.944391,1609701227.949279,0.004888057708740234
b3a6eaed7e824ba0b6ef2292335ed46e,k-means,warm,exec,queue,0.03473377227783203,2.384185791015625e-07,0.0,1609701227.8787136,1609701228.0645845,0.18587088584899902,1609701227.9492362,1609701227.9557493,0.006513118743896484
cb9dfdca44fa459ead5967899fda7d79,k-means,warm,exec,queue,0.04009556770324707,2.384185791015625e-07,2.384185791015625e-07,1609701227.8812451,1609701228.361514,0.4802689552307129,1609701227.955066,1609701227.9612343,0.006168365478515625
1e73d26a8d224cf3b352eb7c2712c626,k-means,warm,exec,queue,0.04479479789733887,2.384185791015625e-07,0.0,1609701227.8827903,1609701228.191157,0.3083667755126953,1609701227.9618857,1609701227.9686923,0.006806612014770508
eef355d639e0475a8940647abf852be6,k-means,warm,exec,queue,0.04937577247619629,2.384185791015625e-07,0.0,1609701227.8843436,1609701228.115804,0.2314603328704834,1609701227.9668827,1609701227.9738624,0.006979703903198242
29281ce826c74006aecaf49968d98fe1,k-means,warm,exec,queue,0.053952932357788086,2.384185791015625e-07,2.384185791015625e-07,1609701227.8858945,1609701228.3587685,0.4728739261627197,1609701227.9709702,1609701227.9756675,0.004697322845458984
e4eeecc0fc704bbeb890c8f0ecb0dc5b,k-means,warm,exec,queue,0.058487653732299805,2.384185791015625e-07,4.76837158203125e-07,1609701227.8874605,1609701228.158247,0.2707865238189697,1609701227.975962,1609701227.9822369,0.0062749385833740234
29c8b1b0467547d4a319e6a3028a0916,k-means,warm,exec,queue,0.01981973648071289,4.76837158203125e-07,0.0,1609701227.889162,1609701228.1894286,0.3002665042877197,1609701227.9337554,1609701227.9424026,0.00864720344543457
f5a7721c2e574f37b24b04778ab1e635,k-means,warm,exec,queue,0.01127004623413086,2.384185791015625e-07,0.0,1609701227.8907104,1609701228.0806837,0.1899733543395996,1609701227.9227247,1609701227.931101,0.008376359939575195
6ec55ac6960640bf9bed5645642841e7,k-means,warm,exec,queue,0.016484737396240234,4.76837158203125e-07,0.0,1609701227.8922682,1609701228.1140807,0.22181248664855957,1609701227.9275255,1609701227.9347215,0.007195949554443359
165b6443c20449b0927239da7df76f58,k-means,warm,exec,queue,0.0633699893951416,2.384185791015625e-07,0.0,1609701227.893838,1609701228.2613356,0.36749768257141113,1609701227.9814389,1609701227.9860413,0.0046024322509765625
3de2868be8c74d438ffc88a027b5b1eb,k-means,warm,exec,queue,0.0679924488067627,2.384185791015625e-07,2.384185791015625e-07,1609701227.895482,1609701228.3568761,0.4613940715789795,1609701227.9891088,1609701227.9962857,0.007176876068115234
a7ca59c97415451e915715382434f556,k-means,warm,exec,queue,0.07338643074035645,4.76837158203125e-07,2.384185791015625e-07,1609701227.8970318,1609701228.3621025,0.4650707244873047,1609701227.9943032,1609701227.9986246,0.00432133674621582
6c376bafbf09414e821334787026bb84,k-means,warm,exec,queue,0.0035195350646972656,2.384185791015625e-07,2.384185791015625e-07,1609701228.8674684,1609701229.644738,0.7772696018218994,1609701228.9135187,1609701228.922314,0.00879526138305664
0a677fb3bd8f45a7a4958a225d471ee7,k-means,warm,exec,queue,0.00680088996887207,2.384185791015625e-07,2.384185791015625e-07,1609701228.8714898,1609701229.6453397,0.7738499641418457,1609701228.9135764,1609701228.9220147,0.008438348770141602
7947fbae391b4a218ae5a3f089586f71,k-means,warm,exec,queue,0.011273384094238281,2.384185791015625e-07,2.384185791015625e-07,1609701228.8734388,1609701229.641807,0.7683682441711426,1609701228.918165,1609701228.926456,0.008291006088256836
5414d8c3eca7495397069432ae2c6281,k-means,warm,exec,queue,0.01581597328186035,2.384185791015625e-07,0.0,1609701228.8749795,1609701229.6470737,0.7720942497253418,1609701228.9232762,1609701228.9323146,0.009038448333740234
064d4bc860124b7ebdbb47d39cb287f3,k-means,warm,exec,queue,0.020626306533813477,7.152557373046875e-07,2.384185791015625e-07,1609701228.876718,1609701229.7424862,0.8657681941986084,1609701228.9349914,1609701228.9416018,0.006610393524169922
989b3e05f948416492be9780f0a0602c,k-means,warm,exec,queue,0.028095483779907227,2.384185791015625e-07,4.76837158203125e-07,1609701228.8782287,1609701229.7833982,0.9051694869995117,1609701228.9377534,1609701228.94487,0.007116556167602539
f8bbcdddcfbf412ba78ad9638e695e43,k-means,warm,exec,queue,0.03334760665893555,2.384185791015625e-07,0.0,1609701228.8797526,1609701229.7575176,0.8777649402618408,1609701228.941695,1609701228.9486148,0.00691986083984375
87689d664102454087deaf7f16ffec78,k-means,warm,exec,queue,0.0381467342376709,2.384185791015625e-07,0.0,1609701228.8812788,1609701229.7413027,0.8600239753723145,1609701228.9477422,1609701228.9547293,0.006987094879150391
6c65a0aa650c4b0b80a6d2efa87a19d5,k-means,warm,exec,queue,0.04319643974304199,2.384185791015625e-07,0.0,1609701228.8827968,1609701229.7364557,0.85365891456604,1609701228.952142,1609701228.957038,0.004895925521850586
73f6d219608c409189601d75e43e91bb,k-means,warm,exec,queue,0.04876279830932617,4.76837158203125e-07,2.384185791015625e-07,1609701228.8844657,1609701229.6912231,0.8067574501037598,1609701228.9625716,1609701228.968332,0.0057604312896728516
0c1ce36ce730428cb8d3ec12727a1f3c,k-means,warm,exec,queue,0.05336642265319824,2.384185791015625e-07,0.0,1609701228.8859804,1609701229.7419116,0.855931282043457,1609701228.9633393,1609701228.9694595,0.006120204925537109
742b8e82de9745a89e25dadc2952a81d,k-means,warm,exec,queue,0.05778098106384277,4.76837158203125e-07,2.384185791015625e-07,1609701228.887497,1609701229.7370708,0.8495738506317139,1609701228.9682908,1609701228.973472,0.005181312561035156
4db37320228f46589e6219004d457d2f,video,warm,exec,queue,0.01851367950439453,2.384185791015625e-07,2.384185791015625e-07,1609701228.8890097,1609701229.8337054,0.9446957111358643,1609701228.9371274,1609701228.9538898,0.016762495040893555
5c29fdcb592547f987fbef22442d4d1a,k-means,warm,exec,queue,0.0010197162628173828,7.152557373046875e-07,4.76837158203125e-07,1609701229.8742208,1609701230.0032396,0.12901878356933594,1609701229.9264507,1609701229.9348845,0.008433818817138672
662b3b3baa094af69a8e223e193eda88,k-means,warm,exec,queue,0.03399324417114258,2.384185791015625e-07,2.384185791015625e-07,1609701229.8782659,1609701230.0681446,0.1898787021636963,1609701229.9554048,1609701229.9620352,0.006630420684814453
96aebca040af44178eea8ebda9e9fd3c,k-means,warm,exec,queue,0.03835272789001465,2.384185791015625e-07,2.384185791015625e-07,1609701229.8808534,1609701230.1163795,0.23552608489990234,1609701229.960715,1609701229.9655993,0.004884243011474609
4842f758543543e1a5b5454b2e6965d7,k-means,warm,exec,queue,0.0431818962097168,7.152557373046875e-07,2.384185791015625e-07,1609701229.883403,1609701230.1125145,0.2291114330291748,1609701229.9689689,1609701229.976637,0.007668018341064453
9fc10079e02145a987138f20abff0ec2,k-means,warm,exec,queue,0.0478975772857666,2.384185791015625e-07,0.0,1609701229.8856058,1609701230.1895306,0.3039247989654541,1609701229.971106,1609701229.9752948,0.0041887760162353516
16eb69f04afc4a06a80f6cce34d7989c,k-means,warm,exec,queue,0.05328822135925293,2.384185791015625e-07,2.384185791015625e-07,1609701229.8871129,1609701230.2472823,0.3601694107055664,1609701229.9775162,1609701229.9847693,0.007253170013427734
217f17a29d7842cbb53cf545fd7a647b,k-means,warm,exec,queue,0.05829334259033203,2.384185791015625e-07,4.76837158203125e-07,1609701229.888649,1609701230.11575,0.22710108757019043,1609701229.9828913,1609701229.9875872,0.004695892333984375
cc3717f82823418f83fe7b4b2be2cb10,k-means,warm,exec,queue,0.004475593566894531,4.76837158203125e-07,2.384185791015625e-07,1609701229.8901708,1609701230.001441,0.11127018928527832,1609701229.9272392,1609701229.9358902,0.008651018142700195
3d3a11176d3e446f83ea7b6bf518f33e,k-means,warm,exec,queue,0.009590387344360352,2.384185791015625e-07,2.384185791015625e-07,1609701229.8916898,1609701230.1264384,0.23474860191345215,1609701229.927707,1609701229.9368463,0.009139299392700195
a525df1a65f0493981bc17b7b359e42f,k-means,warm,exec,queue,0.014229297637939453,2.384185791015625e-07,2.384185791015625e-07,1609701229.893607,1609701230.191836,0.2982292175292969,1609701229.9313743,1609701229.9397485,0.008374214172363281
939236b715d5478c9f8b80fc471637ee,k-means,warm,exec,queue,0.019711732864379883,2.384185791015625e-07,0.0,1609701229.895117,1609701230.071613,0.17649602890014648,1609701229.9376018,1609701229.9458373,0.008235454559326172
13c7813d9b4a472f9418d7dc5f922500,k-means,warm,exec,queue,0.026956796646118164,4.76837158203125e-07,2.384185791015625e-07,1609701229.89664,1609701230.0278258,0.13118577003479004,1609701229.9492848,1609701229.954548,0.005263090133666992
ec6412e156b34dbca2236e9ca0d74698,k-means,warm,exec,queue,0.032120704650878906,2.384185791015625e-07,2.384185791015625e-07,1609701229.8981607,1609701230.0699098,0.17174911499023438,1609701229.9523737,1609701229.96021,0.007836341857910156
657dfe1163cb474ea86a5ca9165c6e7b,matmul,warm,exec,queue,0.023189306259155273,2.384185791015625e-07,2.384185791015625e-07,1609701229.8997993,1609701230.0261316,0.12633228302001953,1609701229.950073,1609701229.9580991,0.008026123046875
d2ad36317476474b90e48fc826396f44,k-means,warm,exec,queue,0.0018339157104492188,4.76837158203125e-07,2.384185791015625e-07,1609701230.8729486,1609701231.0036075,0.13065886497497559,1609701230.8976853,1609701230.9064925,0.008807182312011719
e74dc52d86754005805a110dba4064e3,k-means,warm,exec,queue,0.007737398147583008,2.384185791015625e-07,0.0,1609701230.8768282,1609701231.0054746,0.1286463737487793,1609701230.9025013,1609701230.911224,0.008722543716430664
ce24aed55b9349bf92d098e13260e6f2,video,warm,exec,queue,0.020114660263061523,2.384185791015625e-07,4.76837158203125e-07,1609701230.8784144,1609701231.1738386,0.295424222946167,1609701230.9209392,1609701230.9391909,0.018251657485961914
e2671017122f4715897df241a6500fa4,k-means,warm,exec,queue,0.011647462844848633,2.384185791015625e-07,0.0,1609701230.8800015,1609701231.0619764,0.1819748878479004,1609701230.907212,1609701230.915673,0.00846099853515625
f2583881d73f4867b31084e19318e631,k-means,warm,exec,queue,0.014812946319580078,2.384185791015625e-07,2.384185791015625e-07,1609701230.8815937,1609701231.063878,0.18228435516357422,1609701230.9188223,1609701230.9294536,0.010631322860717773
6165480d5e034b9aa6b19831757a2a52,k-means,warm,exec,queue,0.02134847640991211,2.384185791015625e-07,2.384185791015625e-07,1609701230.8833745,1609701231.1717346,0.2883601188659668,1609701230.9224942,1609701230.9294748,0.0069806575775146484
c14e3f1b7679433f93306149244bb16c,k-means,warm,exec,queue,0.0064046382904052734,2.384185791015625e-07,2.384185791015625e-07,1609701231.8741598,1609701232.145717,0.271557092666626,1609701231.9277406,1609701231.9364636,0.008723020553588867
11373a50b1b24ab580b546a92721702b,k-means,warm,exec,queue,0.049390316009521484,2.384185791015625e-07,2.384185791015625e-07,1609701231.878398,1609701232.093667,0.2152690887451172,1609701231.9716234,1609701231.9776866,0.006063222885131836
2c570757120b4ba7babbb1e37c5f7f5b,k-means,warm,exec,queue,0.05436086654663086,4.76837158203125e-07,2.384185791015625e-07,1609701231.8811166,1609701232.0931938,0.21207714080810547,1609701231.9771085,1609701231.9815836,0.004475116729736328
cc7f66d5db794297a27e91f64d2c7a2c,k-means,warm,exec,queue,0.05899763107299805,2.384185791015625e-07,2.384185791015625e-07,1609701231.8837807,1609701232.1809378,0.29715704917907715,1609701231.9840643,1609701231.992022,0.007957696914672852
6e6a4ef2976c477c9ca25eb1c7bafd05,k-means,warm,exec,queue,0.01481175422668457,2.384185791015625e-07,0.0,1609701231.885869,1609701232.0571027,0.1712336540222168,1609701231.932456,1609701231.941002,0.008545875549316406
1cbd6e872bcc4cb8bb5d5e8e0b584035,k-means,warm,exec,queue,0.02015519142150879,4.76837158203125e-07,2.384185791015625e-07,1609701231.887415,1609701232.1463802,0.25896525382995605,1609701231.9386396,1609701231.9473193,0.008679628372192383
9d82b2482bb54cd385abfb92d2e57c91,k-means,warm,exec,queue,0.024805068969726562,2.384185791015625e-07,2.384185791015625e-07,1609701231.888982,1609701232.1392128,0.2502307891845703,1609701231.9439752,1609701231.9506412,0.006665945053100586
c731cc87a55b4867a6bb8418d19154bf,k-means,warm,exec,queue,0.02912592887878418,4.76837158203125e-07,4.76837158203125e-07,1609701231.8905668,1609701232.0221293,0.1315624713897705,1609701231.94787,1609701231.9542959,0.0064258575439453125
924aec842b764d8cb724b6a58a5d6fe0,k-means,warm,exec,queue,0.034621238708496094,2.384185791015625e-07,2.384185791015625e-07,1609701231.892143,1609701232.142248,0.2501049041748047,1609701231.9553201,1609701231.9601002,0.0047800540924072266
53a8ad4419eb451a92d0968d1e45e825,k-means,warm,exec,queue,0.04006052017211914,2.384185791015625e-07,2.384185791015625e-07,1609701231.89387,1609701232.14292,0.24904990196228027,1609701231.9598475,1609701231.966031,0.006183624267578125
61eb5e2ef65140db85352427ac77e28c,k-means,warm,exec,queue,0.04572129249572754,2.384185791015625e-07,0.0,1609701231.8954446,1609701232.0553334,0.15988874435424805,1609701231.9659312,1609701231.9702632,0.004332065582275391
aac9a82dddbd4eddb62e0bdabdf561e0,k-means,warm,exec,queue,0.009977579116821289,7.152557373046875e-07,0.0,1609701231.89705,1609701231.9991517,0.10210180282592773,1609701231.9271536,1609701231.9356651,0.008511543273925781
b32d47e330e5444488fc4c3319f0965c,k-means,warm,exec,queue,0.06359004974365234,2.384185791015625e-07,0.0,1609701231.898627,1609701232.0901997,0.1915726661682129,1609701231.9885097,1609701231.9939618,0.005452156066894531
7a464eb16b354c73b93fbd809f04582b,k-means,warm,exec,queue,0.06922578811645508,7.152557373046875e-07,2.384185791015625e-07,1609701231.9003084,1609701232.329382,0.4290735721588135,1609701231.9947286,1609701232.0015707,0.006842136383056641
c197e1a6aec14cdb862f49b3072c9394,k-means,warm,exec,queue,0.07369685173034668,4.76837158203125e-07,2.384185791015625e-07,1609701231.9018607,1609701232.3270545,0.42519378662109375,1609701232.0008936,1609701232.007464,0.006570339202880859
2175e0c951db429f8a5cc7e39bd40ed5,k-means,warm,exec,queue,0.07847476005554199,2.384185791015625e-07,0.0,1609701231.9034123,1609701232.240708,0.3372957706451416,1609701232.0036664,1609701232.0088944,0.0052280426025390625
e67eaf757ba24f7496180f7a36bd8bc1,k-means,warm,exec,queue,0.0018665790557861328,4.76837158203125e-07,2.384185791015625e-07,1609701232.8705208,1609701232.9915035,0.12098264694213867,1609701232.9145615,1609701232.922764,0.008202552795410156
5fc5e378833544b4aac73b6da7567288,k-means,warm,exec,queue,0.03645014762878418,4.76837158203125e-07,2.384185791015625e-07,1609701232.875031,1609701233.0853233,0.21029233932495117,1609701232.9490874,1609701232.9545412,0.005453824996948242
9009f052ff9b4c0fb29d2ea10cebc896,k-means,warm,exec,queue,0.040988922119140625,4.76837158203125e-07,2.384185791015625e-07,1609701232.8771658,1609701233.133778,0.25661230087280273,1609701232.9525807,1609701232.9594374,0.006856679916381836
86d96d72347e453a8be8b64f0e83aaf8,k-means,warm,exec,queue,0.04656195640563965,2.384185791015625e-07,2.384185791015625e-07,1609701232.8787482,1609701233.2059705,0.3272223472595215,1609701232.9596055,1609701232.9661424,0.006536960601806641
235aeef4c5d04ec6ab0dcfa2186f1437,k-means,warm,exec,queue,0.05197715759277344,2.384185791015625e-07,2.384185791015625e-07,1609701232.8805342,1609701233.2024348,0.3219006061553955,1609701232.9662008,1609701232.9720976,0.005896806716918945
0bd701ab65df4e70829d764e2281a031,k-means,warm,exec,queue,0.05674290657043457,4.76837158203125e-07,4.76837158203125e-07,1609701232.8821032,1609701233.2064717,0.3243684768676758,1609701232.9706907,1609701232.9759762,0.005285501480102539
646ce89aa30f4889b0edfda549016926,k-means,warm,exec,queue,0.016925811767578125,4.76837158203125e-07,2.384185791015625e-07,1609701232.8836775,1609701233.02614,0.14246249198913574,1609701232.926457,1609701232.935647,0.009190082550048828
01b5ee30098a4979949f6393398c75b2,k-means,warm,exec,queue,0.021913766860961914,2.384185791015625e-07,2.384185791015625e-07,1609701232.8852625,1609701233.1357017,0.2504391670227051,1609701232.9336424,1609701232.9401996,0.0065572261810302734
0d92e60746c14b609d3c6da6093856c3,k-means,warm,exec,queue,0.027379989624023438,2.384185791015625e-07,2.384185791015625e-07,1609701232.8868315,1609701233.0833404,0.19650888442993164,1609701232.9365296,1609701232.942768,0.006238460540771484
df3995d55eb1437686b5ba1eaf542e09,k-means,warm,exec,queue,0.03202986717224121,2.384185791015625e-07,2.384185791015625e-07,1609701232.8885493,1609701233.206931,0.31838178634643555,1609701232.9431005,1609701232.9494011,0.006300687789916992
0e8fb060249148758c715503543b3fa2,k-means,warm,exec,queue,0.01137089729309082,4.76837158203125e-07,2.384185791015625e-07,1609701232.8901212,1609701233.0244677,0.13434648513793945,1609701232.9200413,1609701232.9284399,0.00839853286743164
9ab936b98c404919a40880432c27c420,k-means,warm,exec,queue,0.008135795593261719,2.384185791015625e-07,2.384185791015625e-07,1609701232.8916724,1609701233.058914,0.16724157333374023,1609701232.9151585,1609701232.9239495,0.008790969848632812
0ea193e5932f478790e0cb23070ed026,video,warm,exec,queue,0.014995813369750977,2.384185791015625e-07,0.0,1609701232.8940086,1609701233.0608435,0.16683483123779297,1609701232.934813,1609701232.9523551,0.017542123794555664
663698cbf0f74ca1b5b9a2a1042129a1,k-means,warm,exec,queue,8.225440979003906e-05,4.76837158203125e-07,2.384185791015625e-07,1609701233.8661225,1609701234.1197073,0.2535848617553711,1609701233.906619,1609701233.914888,0.00826883316040039
5cce2392e5cc41c284d67b3cb1812c9c,k-means,warm,exec,queue,0.0061223506927490234,2.384185791015625e-07,2.384185791015625e-07,1609701233.8702905,1609701234.1213784,0.25108790397644043,1609701233.9064093,1609701233.9150257,0.008616447448730469
f3ab57f1ea3f487db264ceb63134223f,k-means,warm,exec,queue,0.010996818542480469,2.384185791015625e-07,0.0,1609701233.8728561,1609701234.0873783,0.214522123336792,1609701233.911078,1609701233.9181397,0.00706171989440918
d86e25980bc84b848b3c45824113abe7,k-means,warm,exec,queue,0.0156707763671875,2.384185791015625e-07,2.384185791015625e-07,1609701233.8753867,1609701234.0907931,0.2154064178466797,1609701233.9171236,1609701233.92648,0.009356498718261719
9df7967edd7f4d13b0477b20c438d4eb,k-means,warm,exec,queue,0.021331071853637695,2.384185791015625e-07,0.0,1609701233.8779058,1609701234.179171,0.30126523971557617,1609701233.9246647,1609701233.9310994,0.00643467903137207
e6544afbe1384f8d999c89248df46af2,k-means,warm,exec,queue,0.02627849578857422,2.384185791015625e-07,0.0,1609701233.8805444,1609701234.2473009,0.3667564392089844,1609701233.927743,1609701233.9333286,0.005585670471191406
f5227dcdc8f7481fb95b612a5e785e1f,k-means,warm,exec,queue,0.031500816345214844,2.384185791015625e-07,2.384185791015625e-07,1609701233.8820157,1609701234.0914712,0.2094554901123047,1609701233.9339085,1609701233.9395683,0.005659818649291992
84927289e9114da99f382add5a5b36ba,k-means,warm,exec,queue,0.03630566596984863,2.384185791015625e-07,2.384185791015625e-07,1609701233.8834772,1609701234.2496421,0.3661649227142334,1609701233.939231,1609701233.9456515,0.006420612335205078
3f3ff992b0614b1799434ed2d0963ac7,k-means,warm,exec,queue,0.04067373275756836,2.384185791015625e-07,2.384185791015625e-07,1609701233.884957,1609701234.2500818,0.3651247024536133,1609701233.9460123,1609701233.9529443,0.00693202018737793
4910656e6e0e413ca981b9892ee32411,k-means,warm,exec,queue,0.045339107513427734,2.384185791015625e-07,0.0,1609701233.8865237,1609701234.2216196,0.3350958824157715,1609701233.951824,1609701233.9572968,0.005472898483276367
bb68ab7071244cd3b51c8dd4454c0c67,k-means,warm,exec,queue,0.003170013427734375,4.76837158203125e-07,2.384185791015625e-07,1609701234.8740752,1609701235.0247445,0.15066933631896973,1609701234.9517522,1609701234.9595218,0.007769584655761719
9cccaaf7505743339d67521852390db8,k-means,warm,exec,queue,0.0331575870513916,4.76837158203125e-07,2.384185791015625e-07,1609701234.8767688,1609701235.6382797,0.7615108489990234,1609701234.9528413,1609701234.9604871,0.007645845413208008
639181c7ca7f47519054ed90712e9213,k-means,warm,exec,queue,0.0439605712890625,4.76837158203125e-07,4.76837158203125e-07,1609701234.878217,1609701235.5262947,0.6480777263641357,1609701234.9756534,1609701234.9836016,0.007948160171508789
84a6876638744e8186e2173cc0ea3d86,k-means,warm,exec,queue,0.0505373477935791,4.76837158203125e-07,0.0,1609701234.8798323,1609701235.5280836,0.6482512950897217,1609701234.9769547,1609701234.9837508,0.006796121597290039
2430c750a00f402b97ba644c3eeec20e,k-means,warm,exec,queue,0.057134151458740234,7.152557373046875e-07,2.384185791015625e-07,1609701234.8824553,1609701235.6354928,0.7530374526977539,1609701234.977942,1609701234.984738,0.006796121597290039
048e65156650488ebdf7d8e30e94f0cb,k-means,warm,exec,queue,0.06250691413879395,4.76837158203125e-07,2.384185791015625e-07,1609701234.8848398,1609701235.9239523,1.0391125679016113,1609701234.983015,1609701234.9907286,0.0077135562896728516
624a827748994d84b88a7e877503a9f6,k-means,warm,exec,queue,0.06794857978820801,2.384185791015625e-07,2.384185791015625e-07,1609701234.8871975,1609701235.638864,0.7516665458679199,1609701234.9964318,1609701235.0024934,0.006061553955078125
5ff8596d03344da1a7668c45098fdcd7,k-means,warm,exec,queue,0.0733938217163086,7.152557373046875e-07,2.384185791015625e-07,1609701234.8895762,1609701235.6404784,0.7509021759033203,1609701235.0000799,1609701235.0064905,0.0064105987548828125
69265e72dd0a4f49b2e677ffc230166c,k-means,warm,exec,queue,0.08001446723937988,2.384185791015625e-07,0.0,1609701234.8919382,1609701235.7591336,0.8671953678131104,1609701235.0007448,1609701235.00733,0.006585121154785156
7f622c0ec77e4cab8a19096b34d878b4,k-means,warm,exec,queue,0.08551788330078125,2.384185791015625e-07,2.384185791015625e-07,1609701234.895217,1609701236.0623617,1.167144775390625,1609701235.0088847,1609701235.017605,0.00872039794921875
92d580bd26e04b99a4f03ce41b232397,k-means,warm,exec,queue,0.09083318710327148,2.384185791015625e-07,0.0,1609701234.8975575,1609701235.8563545,0.9587969779968262,1609701235.0135627,1609701235.0191255,0.005562782287597656
23a4dd17ebc8424c88a7e017593f0e76,k-means,warm,exec,queue,0.038480281829833984,2.384185791015625e-07,2.384185791015625e-07,1609701234.8992376,1609701235.0265374,0.12729978561401367,1609701234.9558284,1609701234.9620554,0.006227016448974609
6f431b794fea45e1986db1fd06ac7d42,video,warm,exec,queue,0.015854358673095703,2.384185791015625e-07,2.384185791015625e-07,1609701234.9021144,1609701236.0029202,1.1008057594299316,1609701234.9775276,1609701234.9936442,0.016116619110107422
c0178a532ea74168b58253a16961f6b8,matmul,warm,exec,queue,0.0204925537109375,2.384185791015625e-07,2.384185791015625e-07,1609701234.903578,1609701235.7597601,0.8561820983886719,1609701234.9784427,1609701234.9891589,0.01071619987487793
c7472abbf1ab48c58351c32fe39db5a7,map_reduce,warm,exec,queue,0.02124786376953125,2.384185791015625e-07,0.0,1609701234.9050562,1609701235.9576166,1.0525603294372559,1609701234.978333,1609701235.063671,0.08533811569213867
58d5b0515e6344d59ebe027ae0d5b0f6,k-means,warm,exec,queue,0.011096477508544922,4.76837158203125e-07,0.0,1609701235.8753436,1609701236.1192837,0.24394011497497559,1609701235.925303,1609701235.931575,0.006272077560424805
01bcd681f5794884945fda41a5dfb7aa,k-means,warm,exec,queue,0.06240248680114746,4.76837158203125e-07,2.384185791015625e-07,1609701235.879527,1609701237.761516,1.8819890022277832,1609701235.9837413,1609701235.9903402,0.006598949432373047
742cca4affbf4af7a21277139eac6a17,k-means,warm,exec,queue,0.05787968635559082,4.76837158203125e-07,2.384185791015625e-07,1609701235.8814993,1609701237.4255152,1.544015884399414,1609701235.9796042,1609701235.9859116,0.006307363510131836
875fec998ceb4877a9d62d40d978f0da,k-means,warm,exec,queue,0.05268716812133789,2.384185791015625e-07,2.384185791015625e-07,1609701235.8831322,1609701237.9768944,2.093762159347534,1609701235.9737265,1609701235.9800222,0.006295680999755859
8c1a5bb6154642a0963b7ab9c7fd2af7,k-means,warm,exec,queue,0.04787325859069824,4.76837158203125e-07,2.384185791015625e-07,1609701235.88509,1609701237.4303577,1.5452675819396973,1609701235.9679933,1609701235.9743965,0.006403207778930664
f0c7c3b0f7b54112a1540fa91123e296,k-means,warm,exec,queue,0.043518781661987305,2.384185791015625e-07,2.384185791015625e-07,1609701235.8867164,1609701237.429725,1.54300856590271,1609701235.9646726,1609701235.9707785,0.006105899810791016
338010a3fa2d4f949c03046e2a3fc167,k-means,warm,exec,queue,0.03867053985595703,4.76837158203125e-07,2.384185791015625e-07,1609701235.8883615,1609701236.363925,0.47556352615356445,1609701235.9595861,1609701235.967708,0.008121967315673828
12a4cac29dfc4608a9dd7dbe697e2ed0,k-means,warm,exec,queue,0.033323049545288086,2.384185791015625e-07,0.0,1609701235.8899944,1609701237.9774172,2.0874228477478027,1609701235.9532547,1609701235.9595215,0.00626683235168457
1b63a177651a49eb887435f6525de4e0,k-means,warm,exec,queue,0.014997720718383789,4.76837158203125e-07,7.152557373046875e-07,1609701235.8916132,1609701236.240072,0.34845876693725586,1609701235.9306958,1609701235.938473,0.007777214050292969
32e4fa1b3afc4315bd4b3c3efa39bf10,k-means,warm,exec,queue,0.01971292495727539,2.384185791015625e-07,2.384185791015625e-07,1609701235.8933017,1609701236.0518389,0.1585371494293213,1609701235.9359536,1609701235.9450576,0.009104013442993164
a0121f18e9654c219c121cdc10bc9b69,k-means,warm,exec,queue,0.0240020751953125,2.384185791015625e-07,2.384185791015625e-07,1609701235.894724,1609701236.2381139,0.34338998794555664,1609701235.9405296,1609701235.9455872,0.005057573318481445
0b7f387a64684d389f0f43e6fd489521,k-means,warm,exec,queue,0.02889561653137207,4.76837158203125e-07,4.76837158203125e-07,1609701235.8961399,1609701236.197007,0.30086708068847656,1609701235.9461832,1609701235.951746,0.005562782287597656
16654c3783044ed687b93561bd9e15cf,k-means,warm,exec,queue,0.06755375862121582,2.384185791015625e-07,0.0,1609701235.897653,1609701236.314548,0.41689491271972656,1609701235.995042,1609701236.0009263,0.0058841705322265625
56d7411b6dca44c3a28dcdef73eff954,k-means,warm,exec,queue,0.07203793525695801,4.76837158203125e-07,2.384185791015625e-07,1609701235.899075,1609701237.9741373,2.0750622749328613,1609701236.0011685,1609701236.0076926,0.006524085998535156
00af883b11f349cfb70c6897938f0222,k-means,warm,exec,queue,0.07651376724243164,7.152557373046875e-07,9.5367431640625e-07,1609701235.9005044,1609701236.195129,0.29462456703186035,1609701236.0030375,1609701236.0088773,0.005839824676513672
d044dfb370af414e89c44bca7b67a1dc,video,warm,exec,queue,0.013585567474365234,2.384185791015625e-07,2.384185791015625e-07,1609701235.9019253,1609701237.4309392,1.5290138721466064,1609701235.9402323,1609701235.9565687,0.016336441040039062
b8f05e02734d4032b155fe41bfc3aabb,k-means,warm,exec,queue,0.003957509994506836,4.76837158203125e-07,2.384185791015625e-07,1609701236.8685498,1609701237.537015,0.6684651374816895,1609701236.9057863,1609701236.9137046,0.007918357849121094
2739113c37a64f2cad32bbb7f557aca8,k-means,warm,exec,queue,0.04874253273010254,9.5367431640625e-07,2.384185791015625e-07,1609701236.8724165,1609701238.085227,1.2128105163574219,1609701236.9567013,1609701236.9637582,0.0070569515228271484
d941005eaaaa4cc78e0bf3a8c9ffa7a6,k-means,warm,exec,queue,0.043669939041137695,0.0,2.384185791015625e-07,1609701236.874876,1609701237.7618656,0.8869895935058594,1609701236.9475596,1609701236.9529638,0.005404233932495117
955e7ecdb462457d913abe34081ba94b,k-means,warm,exec,queue,0.03860807418823242,4.76837158203125e-07,2.384185791015625e-07,1609701236.8770783,1609701237.5349064,0.6578280925750732,1609701236.946566,1609701236.952711,0.006145000457763672
2a9f15743ef8470b8432c02070c44be4,k-means,warm,exec,queue,0.03417253494262695,4.76837158203125e-07,2.384185791015625e-07,1609701236.8789182,1609701237.9384553,1.0595371723175049,1609701236.9409547,1609701236.9485545,0.007599830627441406
cec8007e50c44ec2bd2228f4a153925c,k-means,warm,exec,queue,0.007700204849243164,2.384185791015625e-07,0.0,1609701236.88039,1609701237.6163795,0.7359895706176758,1609701236.9096036,1609701236.9176617,0.00805807113647461
87facc1f7ef5467db34f567611652fe9,k-means,warm,exec,queue,0.012033462524414062,2.384185791015625e-07,2.384185791015625e-07,1609701236.881851,1609701238.277006,1.3951549530029297,1609701236.9113247,1609701236.9190986,0.007773876190185547
63750e1a0e074c1b82ecfa66d65bcd2f,k-means,warm,exec,queue,0.01652812957763672,2.384185791015625e-07,0.0,1609701236.8833013,1609701238.2784197,1.3951184749603271,1609701236.915814,1609701236.923679,0.007865190505981445
9fa0e4eee339495b91390e1e3ff749c3,k-means,warm,exec,queue,0.022053956985473633,2.384185791015625e-07,2.384185791015625e-07,1609701236.884786,1609701237.7596414,0.8748555183410645,1609701236.9220045,1609701236.9287183,0.0067138671875
331efbb329494b2d8ed19f8ea007f29e,k-means,warm,exec,queue,0.028095722198486328,2.384185791015625e-07,2.384185791015625e-07,1609701236.8863554,1609701238.2748108,1.3884553909301758,1609701236.9295728,1609701236.9364872,0.006914377212524414
e42d77041c024c628d4d7c7782b4f2b6,k-means,warm,exec,queue,0.0026962757110595703,2.384185791015625e-07,2.384185791015625e-07,1609701237.8737571,1609701238.223762,0.3500049114227295,1609701237.919354,1609701237.9277012,0.008347272872924805
5ad8bff1714947c4a3f227311923a71b,k-means,warm,exec,queue,0.021269559860229492,2.384185791015625e-07,0.0,1609701237.8773465,1609701238.2254696,0.34812307357788086,1609701237.9344957,1609701237.9399414,0.005445718765258789
2eaf4c23c21b499e90085c6badb48839,k-means,warm,exec,queue,0.0260622501373291,2.384185791015625e-07,2.384185791015625e-07,1609701237.8794482,1609701238.0823956,0.20294737815856934,1609701237.9396672,1609701237.945874,0.0062067508697509766
fe8e0084bbe54bdaaa23de4b2fbea15b,k-means,warm,exec,queue,0.03180956840515137,2.384185791015625e-07,2.384185791015625e-07,1609701237.8815615,1609701238.194261,0.312699556350708,1609701237.94706,1609701237.9523249,0.005264759063720703
59dbe63d21984cfba9a5be8cdd6eee79,k-means,warm,exec,queue,0.03701329231262207,2.384185791015625e-07,0.0,1609701237.884504,1609701238.0857487,0.20124459266662598,1609701237.9512439,1609701237.9568756,0.005631685256958008
07faa8237f4643d9a144bbef15373cd0,k-means,warm,exec,queue,0.04187917709350586,2.384185791015625e-07,2.384185791015625e-07,1609701237.8860505,1609701238.191957,0.3059065341949463,1609701237.9583168,1609701237.9644423,0.006125450134277344
79e2921766f24ac985b7125532511e72,k-means,warm,exec,queue,0.04674482345581055,0.0,2.384185791015625e-07,1609701237.8876007,1609701238.2573948,0.3697941303253174,1609701237.9620361,1609701237.9676533,0.0056171417236328125
1c68d8e2908946d080071fc274cfdb05,k-means,warm,exec,queue,0.052153825759887695,2.384185791015625e-07,0.0,1609701237.8891835,1609701238.1068208,0.217637300491333,1609701237.9697149,1609701237.9759731,0.006258249282836914
db11163a8d2b4c9a8d42f6632601d163,k-means,warm,exec,queue,0.056644439697265625,2.384185791015625e-07,2.384185791015625e-07,1609701237.89074,1609701238.1946886,0.30394864082336426,1609701237.9753613,1609701237.9816868,0.006325483322143555
bea8c8f85a5d4ef5a258d60e3e0b54f4,k-means,warm,exec,queue,0.01592111587524414,2.384185791015625e-07,2.384185791015625e-07,1609701237.892392,1609701238.1582909,0.2658989429473877,1609701237.9289997,1609701237.9364142,0.007414579391479492
e70cf058e5184790a8c5e0c42117c558,k-means,warm,exec,queue,0.008165359497070312,2.384185791015625e-07,2.384185791015625e-07,1609701237.8939466,1609701238.008505,0.11455845832824707,1609701237.9189036,1609701237.9256861,0.00678253173828125
ebdd503a445e4110b2a475f521fc27e6,k-means,warm,exec,queue,0.012709617614746094,2.384185791015625e-07,2.384185791015625e-07,1609701237.895484,1609701238.0483553,0.15287137031555176,1609701237.9234252,1609701237.9314666,0.0080413818359375
d138574fe9214b819c4dab59a26a940f,k-means,warm,exec,queue,0.0077440738677978516,2.384185791015625e-07,0.0,1609701238.875437,1609701239.2115161,0.33607912063598633,1609701238.9223258,1609701238.9303823,0.008056402206420898
b60696fe518f4e2cba1ec0c0dd95f690,k-means,warm,exec,queue,0.01212310791015625,2.384185791015625e-07,2.384185791015625e-07,1609701238.877987,1609701239.216038,0.33805108070373535,1609701238.9264941,1609701238.9330904,0.00659632682800293
6dbd4d0c519645a19f2c0ccd7a413148,k-means,warm,exec,queue,0.016854047775268555,2.384185791015625e-07,0.0,1609701238.8801327,1609701239.4085042,0.5283715724945068,1609701238.9333503,1609701238.940961,0.0076105594635009766
5192c2bd48f24d11b7ba6813580c73f9,k-means,warm,exec,queue,0.02123236656188965,4.76837158203125e-07,2.384185791015625e-07,1609701238.8818476,1609701239.322207,0.44035935401916504,1609701238.9421577,1609701238.9499123,0.00775456428527832
95bb68dde93f409f9d4598c2b6005b2f,k-means,warm,exec,queue,0.026163816452026367,2.384185791015625e-07,2.384185791015625e-07,1609701238.8836606,1609701239.4050767,0.521416187286377,1609701238.9428961,1609701238.9479544,0.00505828857421875
bf31c9cdb2c54d358dedefe5ee0f02bb,k-means,warm,exec,queue,0.031163692474365234,2.384185791015625e-07,2.384185791015625e-07,1609701238.8852654,1609701239.2169793,0.3317139148712158,1609701238.9480398,1609701238.9551268,0.007086992263793945
34e59110fee546e1b0133910300f5bba,k-means,warm,exec,queue,0.03576779365539551,2.384185791015625e-07,2.384185791015625e-07,1609701238.8868177,1609701239.2787945,0.39197683334350586,1609701238.9558847,1609701238.9635768,0.007692098617553711
5fc378de0e5f472b8a8c0ca530986970,k-means,warm,exec,queue,0.04064679145812988,2.384185791015625e-07,0.0,1609701238.888383,1609701239.4079294,0.5195465087890625,1609701238.9583683,1609701238.9642348,0.005866527557373047
6f8e97acc62045a0841d6556653a4fcf,k-means,warm,exec,queue,0.04551243782043457,2.384185791015625e-07,0.0,1609701238.8899283,1609701239.3690684,0.479140043258667,1609701238.96529,1609701238.9713826,0.006092548370361328
960fa2817038403e929c897fb7753f3f,k-means,warm,exec,queue,0.050605058670043945,2.384185791015625e-07,2.384185791015625e-07,1609701238.891596,1609701239.2772903,0.3856942653656006,1609701238.970839,1609701238.9761283,0.005289316177368164
807c8dc023d0418d99d0d66eb96ccdc0,k-means,warm,exec,queue,0.055147647857666016,2.384185791015625e-07,2.384185791015625e-07,1609701238.8931777,1609701239.3252196,0.43204188346862793,1609701238.9759676,1609701238.9823513,0.006383657455444336
d7b80181165548f0bb0a8897fad68b0e,k-means,warm,exec,queue,0.059799909591674805,2.384185791015625e-07,2.384185791015625e-07,1609701238.8947232,1609701239.322751,0.428027868270874,1609701238.981333,1609701238.9875624,0.006229400634765625
f7d59e8ff8964862827e27cff768c86e,video,warm,exec,queue,0.01778721809387207,2.384185791015625e-07,2.384185791015625e-07,1609701238.8971307,1609701239.3255312,0.42840051651000977,1609701238.9423733,1609701238.958194,0.015820741653442383
f2096f1ed7784b5abb938add3d4b662a,k-means,warm,exec,queue,0.008766412734985352,2.384185791015625e-07,0.0,1609701239.8747673,1609701239.980618,0.1058506965637207,1609701239.9176018,1609701239.9250014,0.007399559020996094
6939ce5cbf8c4f92a95a45afd32db75c,k-means,warm,exec,queue,0.03183913230895996,2.384185791015625e-07,2.384185791015625e-07,1609701239.8791602,1609701240.0388122,0.1596519947052002,1609701239.9443939,1609701239.9492586,0.004864692687988281
95ae18a9a090405d8e5afd2d2533ca8b,k-means,warm,exec,queue,0.0364384651184082,2.384185791015625e-07,0.0,1609701239.8818254,1609701240.042343,0.16051745414733887,1609701239.9509695,1609701239.956917,0.005947589874267578
f5f7633320ec4728b9f5af6923488d39,k-means,warm,exec,queue,0.040994882583618164,2.384185791015625e-07,0.0,1609701239.8844001,1609701240.045145,0.16074490547180176,1609701239.9547036,1609701239.9590514,0.004347801208496094
d1b3d7cc6e9e4c71a5861c35e0706aec,k-means,warm,exec,queue,0.04626798629760742,2.384185791015625e-07,0.0,1609701239.8862088,1609701240.0457568,0.15954804420471191,1609701239.963113,1609701239.9693084,0.0061953067779541016
c62163db80e0402fad592a4b74189ef7,k-means,warm,exec,queue,0.050823211669921875,2.384185791015625e-07,0.0,1609701239.8878055,1609701240.1986477,0.31084227561950684,1609701239.9659147,1609701239.9702404,0.0043256282806396484
9d7798247c784ecc956cb0cedc574470,k-means,warm,exec,queue,0.05613255500793457,4.76837158203125e-07,2.384185791015625e-07,1609701239.8894222,1609701240.150619,0.2611968517303467,1609701239.972385,1609701239.9788427,0.006457805633544922
ca46a48c8c1546de8b8e29f182983eec,k-means,warm,exec,queue,0.026995420455932617,4.76837158203125e-07,2.384185791015625e-07,1609701239.8910103,1609701240.1526656,0.261655330657959,1609701239.9388247,1609701239.9437401,0.004915475845336914
86ccd8393a574b2d9b2cb32ed0613447,k-means,warm,exec,queue,0.022565364837646484,2.384185791015625e-07,2.384185791015625e-07,1609701239.892611,1609701240.08942,0.1968090534210205,1609701239.9351416,1609701239.9422238,0.007082223892211914
ed1e375327ad4e0299a2bb7f62ca5d62,k-means,warm,exec,queue,0.016618013381958008,2.384185791015625e-07,0.0,1609701239.8943524,1609701240.013965,0.11961245536804199,1609701239.9284616,1609701239.9366689,0.008207321166992188
e3931f3ff6ca47e2a1fdc4d231f55a5d,k-means,warm,exec,queue,0.012775421142578125,2.384185791015625e-07,4.76837158203125e-07,1609701239.8959143,1609701240.0417423,0.1458280086517334,1609701239.9244108,1609701239.9313805,0.0069696903228759766
671f1d8b5b9b459aa2aff00797bb7ce5,matmul,warm,exec,queue,0.021790266036987305,2.384185791015625e-07,2.384185791015625e-07,1609701239.897503,1609701240.2759135,0.37841057777404785,1609701239.9354925,1609701239.9461114,0.010618925094604492
0c87170766714a82a066a66f76568838,k-means,warm,exec,queue,0.012137651443481445,2.384185791015625e-07,2.384185791015625e-07,1609701240.881601,1609701241.008363,0.12676191329956055,1609701240.9346786,1609701240.942876,0.008197546005249023
3328aae292eb4d88bfa1447117fb261f,k-means,warm,exec,queue,0.013190746307373047,4.76837158203125e-07,0.0,1609701240.8853414,1609701241.0382643,0.1529228687286377,1609701240.9409432,1609701240.9491873,0.008244037628173828
7907859b515f4ee482a112c16ca5e2ed,k-means,warm,exec,queue,0.01841568946838379,2.384185791015625e-07,2.384185791015625e-07,1609701240.887117,1609701241.0360491,0.14893221855163574,1609701240.9451041,1609701240.9519987,0.006894588470458984
0aab5bbee2f24b90a124cba585b38b2f,k-means,warm,exec,queue,0.024213075637817383,2.384185791015625e-07,0.0,1609701240.8889182,1609701241.0333793,0.14446115493774414,1609701240.9513187,1609701240.9562654,0.004946708679199219
e78985f1c9354e05971412102d28fe2a,k-means,warm,exec,queue,0.028848648071289062,2.384185791015625e-07,4.76837158203125e-07,1609701240.8917654,1609701241.1052134,0.21344804763793945,1609701240.9576287,1609701240.9627771,0.005148410797119141
4e0b7f6ad2e14d57a530e40ded48fc36,k-means,warm,exec,queue,0.03419852256774902,2.384185791015625e-07,0.0,1609701240.8935602,1609701241.036645,0.14308476448059082,1609701240.9621475,1609701240.9668646,0.004717111587524414
4f36e8c632964b85abf1b85f913b1498,k-means,warm,exec,queue,0.03911638259887695,7.152557373046875e-07,2.384185791015625e-07,1609701240.8953042,1609701241.1339812,0.2386770248413086,1609701240.969781,1609701240.9773078,0.007526874542236328
769031cb363c455b8eb5d36b383a7be7,k-means,warm,exec,queue,0.04377460479736328,2.384185791015625e-07,4.76837158203125e-07,1609701240.8970258,1609701241.1058276,0.2088017463684082,1609701240.9735997,1609701240.9780805,0.004480838775634766
ccc1fd43e652410fa3ebd8b0f213a23b,k-means,warm,exec,queue,0.048442840576171875,2.384185791015625e-07,2.384185791015625e-07,1609701240.898702,1609701241.2344584,0.3357565402984619,1609701240.9780123,1609701240.9849706,0.0069582462310791016
56443b852ec64a8abeee39fec390fe0f,k-means,warm,exec,queue,0.0537867546081543,2.384185791015625e-07,0.0,1609701240.9002576,1609701241.1780822,0.27782464027404785,1609701240.9846566,1609701240.9907277,0.0060710906982421875
dfbe9bb677be4f3c9c88d07255020082,k-means,warm,exec,queue,0.05922079086303711,2.384185791015625e-07,0.0,1609701240.9018035,1609701241.180282,0.27847862243652344,1609701240.993251,1609701240.9991868,0.0059356689453125
a0776c1f6824415cb0ed23fddf7a6292,k-means,warm,exec,queue,0.0638418197631836,4.76837158203125e-07,2.384185791015625e-07,1609701240.903366,1609701241.1020436,0.19867753982543945,1609701240.9967098,1609701241.0027592,0.006049394607543945
3140a51323f641d4a86e8402db1f5906,k-means,warm,exec,queue,0.06842184066772461,4.76837158203125e-07,2.384185791015625e-07,1609701240.90501,1609701241.376842,0.4718320369720459,1609701241.000476,1609701241.0048025,0.004326581954956055
eb5866a2554c42c7a18e0490781fd30a,k-means,warm,exec,queue,0.07315802574157715,0.0,0.0,1609701240.9065337,1609701241.3612921,0.4547584056854248,1609701241.0053537,1609701241.0105069,0.005153179168701172
dfbab565cd874f8c95e28036ac99c0ac,k-means,warm,exec,queue,0.07834434509277344,4.76837158203125e-07,0.0,1609701240.9080732,1609701241.2847912,0.37671804428100586,1609701241.0111818,1609701241.0160317,0.004849910736083984
165ab95964934c79b6bac67310dcdc06,video,warm,exec,queue,0.016016483306884766,2.384185791015625e-07,2.384185791015625e-07,1609701240.9096985,1609701241.2363992,0.32670068740844727,1609701240.9516432,1609701240.9680269,0.016383647918701172
c5d3c9646b7f4ad28073806c220dcfd3,k-means,warm,exec,queue,0.005708456039428711,2.384185791015625e-07,2.384185791015625e-07,1609701241.8717165,1609701241.9895017,0.11778521537780762,1609701241.907859,1609701241.9163513,0.008492231369018555
f9d08079f83848a0ad4239a5ee4f2783,k-means,warm,exec,queue,0.010631322860717773,4.76837158203125e-07,2.384185791015625e-07,1609701241.876279,1609701241.9876115,0.11133241653442383,1609701241.9135568,1609701241.9220543,0.008497476577758789
c1e79cbd6c534de9b48f5282bcdde68c,k-means,warm,exec,queue,0.020684003829956055,2.384185791015625e-07,0.0,1609701241.878927,1609701242.2286386,0.34971165657043457,1609701241.9231722,1609701241.9278212,0.004648923873901367
ffec2f2a876844298bc861815d8819d2,k-means,warm,exec,queue,0.025574684143066406,2.384185791015625e-07,2.384185791015625e-07,1609701241.8816645,1609701242.127816,0.24615144729614258,1609701241.9300249,1609701241.9365034,0.006478548049926758
62187efda7b948ed86e8fad8f9551942,k-means,warm,exec,queue,0.030623912811279297,2.384185791015625e-07,2.384185791015625e-07,1609701241.8843586,1609701242.0545895,0.17023086547851562,1609701241.9360414,1609701241.941002,0.004960536956787109
7327e42d6d3c420ea0c6e916ac546509,k-means,warm,exec,queue,0.03563499450683594,2.384185791015625e-07,0.0,1609701241.8861663,1609701242.052848,0.16668176651000977,1609701241.9412174,1609701241.94804,0.0068225860595703125
9e28e63e6afe4265b5ad269598179101,k-means,warm,exec,queue,0.04027843475341797,2.384185791015625e-07,2.384185791015625e-07,1609701241.887758,1609701242.0877726,0.20001459121704102,1609701241.9466166,1609701241.951685,0.005068302154541016
ab8cfd044eb54830b18510d0d88371c4,k-means,warm,exec,queue,0.044974327087402344,7.152557373046875e-07,2.384185791015625e-07,1609701241.8893635,1609701242.08985,0.200486421585083,1609701241.950713,1609701241.9558184,0.005105495452880859
cd21079af0464bf8b73a601524a07304,k-means,warm,exec,queue,0.015542984008789062,7.152557373046875e-07,7.152557373046875e-07,1609701241.8909554,1609701242.0193174,0.12836194038391113,1609701241.9192007,1609701241.9282658,0.00906515121459961
4baa8c5412504cbf96595ee8a0d1c1c8,k-means,warm,exec,queue,0.0036818981170654297,4.76837158203125e-07,0.0,1609701242.8815787,1609701243.1137006,0.23212194442749023,1609701242.9330094,1609701242.9414825,0.00847315788269043
8d2465b6f6cc4198b02d6e7db4fc251d,k-means,warm,exec,queue,0.006308078765869141,2.384185791015625e-07,4.76837158203125e-07,1609701242.8854208,1609701243.0127656,0.12734484672546387,1609701242.9330919,1609701242.941257,0.008165121078491211
3c39b85e314a47b099bf5637d41f6131,k-means,warm,exec,queue,0.010924100875854492,2.384185791015625e-07,0.0,1609701242.887118,1609701243.0145307,0.1274125576019287,1609701242.9381385,1609701242.94616,0.00802159309387207
fe65d542f41148448b791c473557b1f2,k-means,warm,exec,queue,0.016020536422729492,2.384185791015625e-07,2.384185791015625e-07,1609701242.888855,1609701243.301739,0.412883996963501,1609701242.9431813,1609701242.9517808,0.008599519729614258
7d3ef9e91cfa427e99849db5c653d0d2,k-means,warm,exec,queue,0.022541284561157227,2.384185791015625e-07,2.384185791015625e-07,1609701242.890735,1609701243.0542488,0.1635138988494873,1609701242.9523942,1609701242.9595144,0.0071201324462890625
19cb7603d58f43458ff8320c3f8bb91a,k-means,warm,exec,queue,0.027298927307128906,4.76837158203125e-07,2.384185791015625e-07,1609701242.8924172,1609701243.0568604,0.1644432544708252,1609701242.9556756,1609701242.9621308,0.006455183029174805
ad78ed457d464bb893dfdb6426819b1b,k-means,warm,exec,queue,0.03223919868469238,2.384185791015625e-07,2.384185791015625e-07,1609701242.8949118,1609701243.2972736,0.4023618698120117,1609701242.9610686,1609701242.9661837,0.005115032196044922
6b60c9c41e574401b5ec13c8fd6136e0,k-means,warm,exec,queue,0.03784489631652832,2.384185791015625e-07,4.76837158203125e-07,1609701242.8966222,1609701243.1611207,0.2644984722137451,1609701242.9666882,1609701242.9732912,0.0066030025482177734
0ba8793db2dc4dac9081204ede3963aa,k-means,warm,exec,queue,0.042527198791503906,2.384185791015625e-07,2.384185791015625e-07,1609701242.8981931,1609701243.1607475,0.262554407119751,1609701242.972717,1609701242.979151,0.006433963775634766
25dad74b970f4f6f9e539a1f21fcec8e,k-means,warm,exec,queue,0.04748868942260742,2.384185791015625e-07,4.76837158203125e-07,1609701242.8998506,1609701243.1556408,0.25579023361206055,1609701242.9760337,1609701242.9810479,0.005014181137084961
7043899d68cb4073811ff84b2bfcc24b,k-means,warm,exec,queue,0.05284762382507324,2.384185791015625e-07,0.0,1609701242.9013844,1609701243.1632636,0.26187920570373535,1609701242.9819822,1609701242.989234,0.007251739501953125
a46da0c567684fd8bcf577d401168491,k-means,warm,exec,queue,0.058319091796875,2.384185791015625e-07,4.76837158203125e-07,1609701242.9029095,1609701243.1628575,0.2599480152130127,1609701242.9891071,1609701242.99465,0.005542755126953125
10bdcdea0e6e446783fa998f613782e9,k-means,warm,exec,queue,0.0637047290802002,4.76837158203125e-07,2.384185791015625e-07,1609701242.9045436,1609701243.160296,0.2557523250579834,1609701242.9955082,1609701243.002511,0.007002830505371094
e6e30193709048a1b5e2e81776d02368,k-means,warm,exec,queue,0.0685586929321289,2.384185791015625e-07,4.76837158203125e-07,1609701242.9060807,1609701243.3010883,0.3950076103210449,1609701242.9998715,1609701243.0058591,0.005987644195556641
a22c3563578a4b3a833c5d257a7ee080,video,warm,exec,queue,0.015988588333129883,2.384185791015625e-07,2.384185791015625e-07,1609701242.907609,1609701243.0573866,0.14977765083312988,1609701242.9526353,1609701242.9695559,0.01692056655883789
2e6e46a7f7c14ca986bc9d18f8181498,k-means,warm,exec,queue,0.007050037384033203,7.152557373046875e-07,0.0,1609701243.884094,1609701244.050379,0.16628503799438477,1609701243.9359653,1609701243.9443913,0.00842595100402832
0e885097a7b249c98d76646c940b4e21,k-means,warm,exec,queue,0.049427032470703125,7.152557373046875e-07,0.0,1609701243.88801,1609701244.1740303,0.28602027893066406,1609701243.981866,1609701243.989499,0.007633209228515625
e2c9a4ca6f4d4f308eea0f4a9d4371f0,k-means,warm,exec,queue,0.05387592315673828,4.76837158203125e-07,2.384185791015625e-07,1609701243.8901348,1609701244.1772132,0.2870783805847168,1609701243.987312,1609701243.9949458,0.007633686065673828
b747ae9ad9d844a48b496bd1cd3c5557,k-means,warm,exec,queue,0.05907011032104492,7.152557373046875e-07,2.384185791015625e-07,1609701243.892204,1609701244.3352013,0.4429972171783447,1609701243.9928079,1609701243.9988647,0.006056785583496094
e07f1e89f59644d192f12cdd07b7b6df,k-means,warm,exec,queue,0.03303337097167969,2.384185791015625e-07,2.384185791015625e-07,1609701243.8940616,1609701244.0557282,0.1616666316986084,1609701243.9617047,1609701243.9668875,0.005182743072509766
b068086b5cc84601b76a6e99a46df3f9,k-means,warm,exec,queue,0.03831958770751953,2.384185791015625e-07,0.0,1609701243.8956664,1609701244.0566924,0.1610260009765625,1609701243.9648864,1609701243.97023,0.00534367561340332
08cfad5323bd4016b1eea30ee5f476a4,k-means,warm,exec,queue,0.04293417930603027,4.76837158203125e-07,0.0,1609701243.8972938,1609701244.224621,0.32732725143432617,1609701243.9729905,1609701243.980989,0.007998466491699219
862072f0120e4140a334bbf744675a55,k-means,warm,exec,queue,0.047452449798583984,2.384185791015625e-07,2.384185791015625e-07,1609701243.8988752,1609701244.17356,0.2746846675872803,1609701243.9767416,1609701243.9839213,0.007179737091064453
48ae9592387c4457ab13bae8375e6c21,k-means,warm,exec,queue,0.027930498123168945,2.384185791015625e-07,0.0,1609701243.900467,1609701244.0571215,0.15665459632873535,1609701243.9591424,1609701243.9656174,0.006474971771240234
9b9fa2fc61bf4e8a9ef9c47bf0c8abaa,k-means,warm,exec,queue,0.021709680557250977,2.384185791015625e-07,0.0,1609701243.9021847,1609701244.1750443,0.2728595733642578,1609701243.9472291,1609701243.9557178,0.008488655090332031
f70640a3e88347c1898d3930b80770b5,k-means,warm,exec,queue,0.0163421630859375,2.384185791015625e-07,4.76837158203125e-07,1609701243.9037678,1609701244.1744568,0.2706890106201172,1609701243.9412034,1609701243.9501333,0.008929967880249023
78c560e2c43d4bf79d52fedb24ef0bd4,k-means,warm,exec,queue,0.011293411254882812,2.384185791015625e-07,2.384185791015625e-07,1609701243.9053671,1609701244.056222,0.15085482597351074,1609701243.9357734,1609701243.9444,0.008626699447631836
4a8ae1859d614cdbb288971500ec7b3c,k-means,warm,exec,queue,0.06464481353759766,2.384185791015625e-07,2.384185791015625e-07,1609701243.9069552,1609701244.2739098,0.3669545650482178,1609701243.9970813,1609701244.003111,0.006029605865478516
1312d5181919416e91af1fa3e5d1ca54,k-means,warm,exec,queue,0.06949520111083984,4.76837158203125e-07,0.0,1609701243.908646,1609701244.168399,0.2597529888153076,1609701244.003222,1609701244.0094414,0.006219387054443359
b2321a4f18bd4fa7b54de6f9e813fe65,video,warm,exec,queue,0.017354965209960938,2.384185791015625e-07,2.384185791015625e-07,1609701243.910203,1609701244.2733214,0.36311841011047363,1609701243.95936,1609701243.975838,0.01647806167602539
8f3fe3a75deb48cb8668e77b9c491aa9,k-means,warm,exec,queue,0.0035202503204345703,2.384185791015625e-07,2.384185791015625e-07,1609701244.8795128,1609701245.0035005,0.12398767471313477,1609701244.9229703,1609701244.931517,0.008546590805053711
edf38681e27c4f22896458ace8fd3d04,matmul,warm,exec,queue,0.024061203002929688,2.384185791015625e-07,2.384185791015625e-07,1609701244.8832479,1609701245.0429213,0.15967345237731934,1609701244.9466636,1609701244.9575212,0.010857582092285156
e88daef474ad4daba4847048a3ac3d54,k-means,warm,exec,queue,0.0051839351654052734,2.384185791015625e-07,0.0,1609701244.884952,1609701245.0018973,0.11694526672363281,1609701244.9233637,1609701244.9319427,0.008579015731811523
28454ae329894e1a950a93e63c16c498,k-means,warm,exec,queue,0.0098419189453125,2.384185791015625e-07,2.384185791015625e-07,1609701244.8866084,1609701245.0794718,0.19286346435546875,1609701244.9275508,1609701244.9362512,0.008700370788574219
5e234531c0824c1b8c18c3ec17759d7f,k-means,warm,exec,queue,0.014703750610351562,2.384185791015625e-07,2.384185791015625e-07,1609701244.8884616,1609701245.0800638,0.19160223007202148,1609701244.933305,1609701244.9416113,0.008306264877319336
ec54bc442329495abb9a520552755272,k-means,warm,exec,queue,0.019724130630493164,2.384185791015625e-07,2.384185791015625e-07,1609701244.8900714,1609701245.2209523,0.33088088035583496,1609701244.9444993,1609701244.9526951,0.008195877075195312
4f3eb8e89d0148a4ad17e30700e1288a,k-means,warm,exec,queue,0.026438236236572266,2.384185791015625e-07,2.384185791015625e-07,1609701244.8916862,1609701245.044695,0.15300869941711426,1609701244.9490056,1609701244.956668,0.007662296295166016
ee6b7285c54b4e49a97f46d36e723d24,k-means,warm,exec,queue,0.031145334243774414,2.384185791015625e-07,2.384185791015625e-07,1609701244.8933089,1609701245.2966723,0.4033634662628174,1609701244.9501877,1609701244.9567714,0.006583690643310547
e262db7146594df1a93bde70f574e051,k-means,warm,exec,queue,0.0359499454498291,0.0,2.384185791015625e-07,1609701244.8948667,1609701245.076667,0.18180036544799805,1609701244.9553392,1609701244.962484,0.0071446895599365234
8625614c27044bf8a9736ec713d532dc,k-means,warm,exec,queue,0.04142022132873535,4.76837158203125e-07,2.384185791015625e-07,1609701244.8965755,1609701245.1204355,0.2238600254058838,1609701244.9640803,1609701244.9713566,0.007276296615600586
4c40fa0cf81e4962a0f3c3c72e0e818d,k-means,warm,exec,queue,0.04605364799499512,2.384185791015625e-07,2.384185791015625e-07,1609701244.8981025,1609701245.1523952,0.25429272651672363,1609701244.9674313,1609701244.9744399,0.007008552551269531
9602a1bbd68548fdb4827e8c1cfcd265,map_reduce,warm,exec,queue,0.021747112274169922,2.384185791015625e-07,2.384185791015625e-07,1609701244.899631,1609701245.1184764,0.21884536743164062,1609701244.9495168,1609701245.0348659,0.08534908294677734
eee266851b5046ee9f1d7600aee928e5,k-means,warm,exec,queue,0.002319812774658203,4.76837158203125e-07,2.384185791015625e-07,1609701245.8849041,1609701246.0353787,0.15047454833984375,1609701245.9410253,1609701245.9494336,0.008408308029174805
531ebbde0fb643d282239d8ae5843039,k-means,warm,exec,queue,0.043702125549316406,2.384185791015625e-07,2.384185791015625e-07,1609701245.889541,1609701246.19226,0.3027191162109375,1609701245.9815347,1609701245.9893403,0.007805585861206055
906d44ef437c487c9efab3a38e5a591d,k-means,warm,exec,queue,0.04807901382446289,2.384185791015625e-07,2.384185791015625e-07,1609701245.8921785,1609701246.1916425,0.29946398735046387,1609701245.988918,1609701245.9959319,0.007013797760009766
f6333856993a483f8f225ee0783b287f,k-means,warm,exec,queue,0.026459932327270508,2.384185791015625e-07,0.0,1609701245.8948038,1609701246.163593,0.26878929138183594,1609701245.9633505,1609701245.9709496,0.0075991153717041016
661d93b3cf084c0aa267d9f7bf2a3bc3,k-means,warm,exec,queue,0.03143477439880371,2.384185791015625e-07,2.384185791015625e-07,1609701245.8971932,1609701246.077304,0.18011069297790527,1609701245.9645023,1609701245.9693081,0.004805803298950195
56876381aba9452c84df7a15bbc66f79,k-means,warm,exec,queue,0.03674602508544922,2.384185791015625e-07,2.384185791015625e-07,1609701245.8988035,1609701246.0790486,0.18024516105651855,1609701245.9699447,1609701245.976726,0.006781339645385742
aebc9b070e134144a7410107303808e3,k-means,warm,exec,queue,0.04144287109375,2.384185791015625e-07,0.0,1609701245.900425,1609701246.16751,0.26708507537841797,1609701245.9766428,1609701245.9818838,0.005240917205810547
f6074c31b4324e52858487b706db37c4,k-means,warm,exec,queue,0.019850730895996094,2.384185791015625e-07,0.0,1609701245.9020267,1609701246.188932,0.28690528869628906,1609701245.9522107,1609701245.961934,0.009723424911499023
faa1111acf774cc6bf52bb179cfa3502,k-means,warm,exec,queue,0.015411853790283203,2.384185791015625e-07,2.384185791015625e-07,1609701245.9036307,1609701246.1126416,0.20901083946228027,1609701245.947055,1609701245.9558632,0.008808135986328125
4ea51130164c471da7fd23de4ebb6cf9,k-means,warm,exec,queue,0.010243892669677734,4.76837158203125e-07,0.0,1609701245.9055796,1609701246.0385706,0.13299107551574707,1609701245.9420698,1609701245.9509358,0.008866071701049805
cee5431b26ed498792318cf2d257fada,k-means,warm,exec,queue,0.008101463317871094,4.76837158203125e-07,2.384185791015625e-07,1609701245.907183,1609701246.0380416,0.1308586597442627,1609701245.9417143,1609701245.9501128,0.00839853286743164
efc8997cd0e04278a86e1b5cc089f030,k-means,warm,exec,queue,0.053621768951416016,4.76837158203125e-07,4.76837158203125e-07,1609701245.9087799,1609701246.196152,0.2873721122741699,1609701245.9918284,1609701245.996518,0.004689455032348633
af10b95d31b14669a2e7cabd5bb4a61c,k-means,warm,exec,queue,0.058968544006347656,2.384185791015625e-07,0.0,1609701245.9103565,1609701246.166977,0.2566204071044922,1609701245.997321,1609701246.004034,0.006713151931762695
07f6c3cfede3471187cdd0eac3b825da,k-means,warm,exec,queue,0.06426000595092773,2.384185791015625e-07,2.384185791015625e-07,1609701245.9120443,1609701246.1955097,0.2834653854370117,1609701246.0032578,1609701246.0077825,0.004524707794189453
ad1bb689d4644738953f4b37cf7adc0a,video,warm,exec,queue,0.0168001651763916,0.0,2.384185791015625e-07,1609701245.913634,1609701246.1642296,0.2505955696105957,1609701245.9639933,1609701245.9808621,0.01686882972717285
9070226003cb4df1b18ec685ba12b70f,k-means,warm,exec,queue,0.004308938980102539,4.76837158203125e-07,4.76837158203125e-07,1609701246.8786209,1609701246.9827485,0.10412764549255371,1609701246.9167523,1609701246.9251976,0.008445262908935547
892fe857e67e4addb2481584e525e47c,k-means,warm,exec,queue,0.008958101272583008,2.384185791015625e-07,4.76837158203125e-07,1609701246.8813004,1609701247.057534,0.17623353004455566,1609701246.9240599,1609701246.932804,0.008744239807128906
a77dcd43ade9421a89046ff8755d9d94,k-means,warm,exec,queue,0.013691425323486328,2.384185791015625e-07,0.0,1609701246.8835814,1609701247.0101004,0.12651896476745605,1609701246.9287431,1609701246.9370334,0.008290290832519531
eeaf5421a8a94b6080046a018068bfab,k-means,warm,exec,queue,0.019437313079833984,2.384185791015625e-07,4.76837158203125e-07,1609701246.8853698,1609701247.0081327,0.12276291847229004,1609701246.9325507,1609701246.9373143,0.004763603210449219
8ba70dcf03f345d985e4b26132bbfc77,k-means,warm,exec,queue,0.024678707122802734,4.76837158203125e-07,4.76837158203125e-07,1609701246.8869386,1609701247.1062357,0.21929717063903809,1609701246.9399426,1609701246.9482937,0.00835108757019043
01cf413756c84840ae45e52503b6e166,k-means,warm,exec,queue,0.029886960983276367,2.384185791015625e-07,2.384185791015625e-07,1609701246.8887494,1609701247.124774,0.2360246181488037,1609701246.944309,1609701246.948836,0.004527091979980469
b71a54e0103c4533a14ef4a43aebb5b7,k-means,warm,exec,queue,0.05087614059448242,2.384185791015625e-07,4.76837158203125e-07,1609701246.8911965,1609701247.0593405,0.16814398765563965,1609701246.965873,1609701246.9703152,0.0044422149658203125
069f35f8ff4345d3b99ade91a64f25cf,k-means,warm,exec,queue,0.04540610313415527,2.384185791015625e-07,2.384185791015625e-07,1609701246.8927693,1609701247.1034982,0.21072888374328613,1609701246.9610658,1609701246.9675896,0.006523847579956055
5a78854532234e88b5386a34f34fb094,k-means,warm,exec,queue,0.0402681827545166,2.384185791015625e-07,2.384185791015625e-07,1609701246.8943267,1609701247.1041017,0.20977497100830078,1609701246.9555151,1609701246.9600148,0.004499673843383789
70073f1dc7fe49c3a240ec77be478c82,k-means,warm,exec,queue,0.034601449966430664,2.384185791015625e-07,2.384185791015625e-07,1609701246.8960016,1609701247.1263406,0.23033905029296875,1609701246.9484277,1609701246.9550204,0.006592750549316406
ca515558379d4831b92c792ed0cec5e7,k-means,warm,exec,queue,0.0016794204711914062,7.152557373046875e-07,2.384185791015625e-07,1609701247.8788815,1609701248.0726972,0.1938157081604004,1609701247.9181561,1609701247.9266098,0.008453607559204102
fe93086ee8654addb8ea7ea13119ce3b,k-means,warm,exec,queue,0.0337374210357666,2.384185791015625e-07,2.384185791015625e-07,1609701247.8833013,1609701248.070785,0.1874837875366211,1609701247.9520571,1609701247.9594474,0.007390260696411133
e43bc921899546b6bab78afd4738072b,k-means,warm,exec,queue,0.03829503059387207,2.384185791015625e-07,0.0,1609701247.8859735,1609701248.1617942,0.2758207321166992,1609701247.957813,1609701247.9635415,0.005728483200073242
8092608eccd94fc5901001291b35f955,k-means,warm,exec,queue,0.042913198471069336,4.76837158203125e-07,4.76837158203125e-07,1609701247.8885415,1609701248.185391,0.29684948921203613,1609701247.961152,1609701247.9663591,0.005207061767578125
6b1ea71ad0144cbcae40c38f52c69307,k-means,warm,exec,queue,0.008894920349121094,4.76837158203125e-07,2.384185791015625e-07,1609701247.8901255,1609701247.9960737,0.10594820976257324,1609701247.9217582,1609701247.929013,0.007254838943481445
6cdc250562a94ad0b646b00e01a7cffd,k-means,warm,exec,queue,0.014330863952636719,7.152557373046875e-07,0.0,1609701247.8919375,1609701247.9942448,0.10230731964111328,1609701247.9280746,1609701247.9364696,0.008394956588745117
64259cb0d08d45f3a1d97f6e9c7719f0,k-means,warm,exec,queue,0.01944112777709961,4.76837158203125e-07,2.384185791015625e-07,1609701247.8935463,1609701248.0685365,0.17499017715454102,1609701247.9411902,1609701247.9500406,0.008850336074829102
fbe0f7b2ed8848b38a6b6cc9c6010103,k-means,warm,exec,queue,0.026117563247680664,2.384185791015625e-07,2.384185791015625e-07,1609701247.8951511,1609701248.0261683,0.13101720809936523,1609701247.9414892,1609701247.946115,0.004625797271728516
2b4c8d0df3c549eeb1527c4d0566978a,k-means,warm,exec,queue,0.031130313873291016,2.384185791015625e-07,2.384185791015625e-07,1609701247.8967755,1609701248.10402,0.2072446346282959,1609701247.945135,1609701247.951741,0.006605863571166992
40255912682c44d2b470537eb46e10eb,k-means,warm,exec,queue,0.005342006683349609,2.384185791015625e-07,2.384185791015625e-07,1609701247.8985214,1609701247.9978383,0.09931683540344238,1609701247.9181855,1609701247.9267764,0.008590936660766602
7bb6e7bed5a2494aa93cf12847d111f2,k-means,warm,exec,queue,0.004276752471923828,7.152557373046875e-07,2.384185791015625e-07,1609701248.8846083,1609701249.0741167,0.18950843811035156,1609701248.9332514,1609701248.9416382,0.008386850357055664
c255913217ff4d4fa12ab7d801c1a6a2,k-means,warm,exec,queue,0.0062408447265625,2.384185791015625e-07,2.384185791015625e-07,1609701248.889457,1609701249.0725324,0.1830754280090332,1609701248.9333165,1609701248.9414446,0.008128166198730469
3fccb85e16644369b5941fb0f2935ad9,k-means,warm,exec,queue,0.01062464714050293,4.76837158203125e-07,0.0,1609701248.8916166,1609701249.0709248,0.17930817604064941,1609701248.9378748,1609701248.9457352,0.007860422134399414
4ac4ec24ffab466a98578707da64ffe9,k-means,warm,exec,queue,0.01585555076599121,2.384185791015625e-07,2.384185791015625e-07,1609701248.8933973,1609701249.2424407,0.3490433692932129,1609701248.943758,1609701248.9517095,0.007951498031616211
f41e7cb4547f413984dad49f1f3a4b93,k-means,warm,exec,queue,0.022164583206176758,2.384185791015625e-07,0.0,1609701248.8951635,1609701249.1323903,0.2372267246246338,1609701248.9540012,1609701248.9590547,0.005053520202636719
923b3bf1c08440e1a02a4ba2f93c8f5d,k-means,warm,exec,queue,0.02685093879699707,4.76837158203125e-07,2.384185791015625e-07,1609701248.8967376,1609701249.2494466,0.3527090549468994,1609701248.955519,1609701248.9622877,0.006768703460693359
0258de515b254ce7aaf93b3be456f2b8,k-means,warm,exec,queue,0.03227043151855469,2.384185791015625e-07,2.384185791015625e-07,1609701248.8983037,1609701249.1053824,0.2070786952972412,1609701248.960857,1609701248.9673314,0.006474494934082031
e621de191343483b8148c4e4f8bad0b5,k-means,warm,exec,queue,0.03752017021179199,2.384185791015625e-07,2.384185791015625e-07,1609701248.8998723,1609701249.2490778,0.34920549392700195,1609701248.9677594,1609701248.9727097,0.004950284957885742
5bcf4220ea7b4d298762d2988c007536,k-means,warm,exec,queue,0.0422515869140625,2.384185791015625e-07,0.0,1609701248.9014494,1609701249.1306243,0.22917485237121582,1609701248.9725637,1609701248.9770994,0.004535675048828125
dfb637c891b447a1bcfead43adb51396,k-means,warm,exec,queue,0.04798173904418945,2.384185791015625e-07,2.384185791015625e-07,1609701248.9031427,1609701249.1035829,0.2004401683807373,1609701248.9790149,1609701248.9858987,0.006883859634399414
415c28ca37474f19b3d4b5380ed3f5c1,k-means,warm,exec,queue,0.05275225639343262,2.384185791015625e-07,2.384185791015625e-07,1609701248.9046955,1609701249.128914,0.22421860694885254,1609701248.9826434,1609701248.9900155,0.007372140884399414
11705a79aa9f49d6aa9dcef4be8c3a21,k-means,warm,exec,queue,0.05814313888549805,7.152557373046875e-07,2.384185791015625e-07,1609701248.90624,1609701249.2486675,0.34242749214172363,1609701248.9930732,1609701248.9999242,0.0068509578704833984
c94144a4bca146a1ae691cf5ab9a069d,video,warm,exec,queue,0.016521453857421875,2.384185791015625e-07,2.384185791015625e-07,1609701248.9077818,1609701249.249986,0.34220409393310547,1609701248.955074,1609701248.9717262,0.01665210723876953
c7235bd91aca470baf729d08c0779f83,k-means,warm,exec,queue,8.106231689453125e-05,4.76837158203125e-07,2.384185791015625e-07,1609701249.887206,1609701250.014167,0.12696099281311035,1609701249.9375067,1609701249.9460502,0.00854349136352539
69dd0bd09a704c55ad2cbf058ad8083a,k-means,warm,exec,queue,0.007411956787109375,2.384185791015625e-07,2.384185791015625e-07,1609701249.8915355,1609701250.0168717,0.1253361701965332,1609701249.9363828,1609701249.943766,0.0073833465576171875
663f5ca9d0f5482dba31f4b63319a803,k-means,warm,exec,queue,0.012674570083618164,2.384185791015625e-07,2.384185791015625e-07,1609701249.8935547,1609701250.017426,0.1238713264465332,1609701249.9423213,1609701249.950544,0.008222818374633789
419a6db45bff4c8da45d29be2153191c,k-means,warm,exec,queue,0.017999649047851562,2.384185791015625e-07,0.0,1609701249.8955207,1609701250.0897872,0.19426655769348145,1609701249.948613,1609701249.9572759,0.008662939071655273
0a47e11f59404bc8bd3f73d0c248e188,k-means,warm,exec,queue,0.02378702163696289,2.384185791015625e-07,0.0,1609701249.8977904,1609701250.0985415,0.20075106620788574,1609701249.9554236,1609701249.9620388,0.006615161895751953
bc251a7cab4945f2bb3fb6ba0f6efc25,k-means,warm,exec,queue,0.0290677547454834,4.76837158203125e-07,2.384185791015625e-07,1609701249.8997555,1609701250.0388432,0.13908767700195312,1609701249.9597049,1609701249.96636,0.006655216217041016
1f976ca373214a27a9d68e88acaa8469,k-means,warm,exec,queue,0.03355979919433594,4.76837158203125e-07,7.152557373046875e-07,1609701249.9017293,1609701250.0950902,0.1933608055114746,1609701249.9652956,1609701249.9709463,0.005650758743286133
50e817aae2d64d929eeb81d1fceaf635,k-means,warm,exec,queue,0.03829002380371094,2.384185791015625e-07,4.76837158203125e-07,1609701249.9036634,1609701250.135389,0.23172569274902344,1609701249.9726505,1609701249.978357,0.0057065486907958984
1aa9a16fff15465d83f5fe5b03c72e64,k-means,warm,exec,queue,0.043087005615234375,2.384185791015625e-07,2.384185791015625e-07,1609701249.9053931,1609701250.2266383,0.3212451934814453,1609701249.976452,1609701249.983166,0.0067138671875
031e2593daa8407ebe68166d90b59de2,k-means,warm,exec,queue,0.04867887496948242,2.384185791015625e-07,2.384185791015625e-07,1609701249.9071102,1609701250.0944283,0.1873180866241455,1609701249.9815605,1609701249.9874337,0.005873203277587891
0307be6e10f04afba2255f72837efe7a,k-means,warm,exec,queue,0.05334019660949707,0.0,4.76837158203125e-07,1609701249.9087121,1609701250.257257,0.3485448360443115,1609701249.9891412,1609701249.9950852,0.005944013595581055
2e1788286b2644c6bdf3a21608820c07,k-means,warm,exec,queue,0.05901050567626953,4.76837158203125e-07,2.384185791015625e-07,1609701249.9103012,1609701250.091651,0.1813497543334961,1609701249.9954772,1609701250.0016165,0.006139278411865234
f02470891d8a48c0aea9ba07027f67fb,k-means,warm,exec,queue,0.06449246406555176,7.152557373046875e-07,4.76837158203125e-07,1609701249.9118893,1609701250.1332538,0.22136449813842773,1609701250.000297,1609701250.0059118,0.005614757537841797
92cf6ea01e044b4f9c30f272b2d1f183,matmul,warm,exec,queue,0.01552438735961914,2.384185791015625e-07,0.0,1609701249.9138827,1609701250.097888,0.1840052604675293,1609701249.9548318,1609701249.9657433,0.01091146469116211
8b89a1a66e0a43c6981a2ac41e9441fe,k-means,warm,exec,queue,0.004702329635620117,2.384185791015625e-07,2.384185791015625e-07,1609701250.8857327,1609701250.9996872,0.11395454406738281,1609701250.9333918,1609701250.9422004,0.008808612823486328
81bfce4497c14ddab6c73440903c2d93,k-means,warm,exec,queue,0.0053653717041015625,2.384185791015625e-07,2.384185791015625e-07,1609701250.8902972,1609701251.001607,0.11130976676940918,1609701250.93284,1609701250.9405975,0.007757425308227539
d34a18698b074f4bb5432661adbd8c94,k-means,warm,exec,queue,0.009991168975830078,4.76837158203125e-07,2.384185791015625e-07,1609701250.892078,1609701251.0593941,0.16731619834899902,1609701250.9381216,1609701250.9466248,0.008503198623657227
8c8be9395241416b98416371090dba9c,k-means,warm,exec,queue,0.015504598617553711,2.384185791015625e-07,0.0,1609701250.893888,1609701251.0328002,0.13891220092773438,1609701250.9437873,1609701250.9519515,0.008164167404174805
b102d03687284f36a9c69350569c087a,k-means,warm,exec,queue,0.020779132843017578,2.384185791015625e-07,2.384185791015625e-07,1609701250.895905,1609701251.0614924,0.1655874252319336,1609701250.9504285,1609701250.957916,0.00748753547668457
74c1f84cd2d7427fb7c7c671c54fe726,k-means,warm,exec,queue,0.026259899139404297,2.384185791015625e-07,2.384185791015625e-07,1609701250.897683,1609701251.0338733,0.13619041442871094,1609701250.95436,1609701250.9590173,0.004657268524169922
94401846aa7c4004a4a98dd138b44a8d,k-means,warm,exec,queue,0.0312809944152832,2.384185791015625e-07,0.0,1609701250.8994536,1609701251.058101,0.1586472988128662,1609701250.9598355,1609701250.966341,0.006505489349365234
7ab9c7f2edd5496bb408dbe84eb9ccc7,k-means,warm,exec,queue,0.03670096397399902,4.76837158203125e-07,2.384185791015625e-07,1609701250.901207,1609701251.1170497,0.21584272384643555,1609701250.965989,1609701250.9708261,0.0048370361328125
e996747dddd2484a8ecf00c75d90d678,k-means,warm,exec,queue,0.04171013832092285,2.384185791015625e-07,2.384185791015625e-07,1609701250.9027648,1609701251.0604599,0.15769505500793457,1609701250.9733772,1609701250.9786687,0.005291461944580078
8ec58e00adf34f479b9065db06e333ab,k-means,warm,exec,queue,0.046988725662231445,2.384185791015625e-07,0.0,1609701250.9044704,1609701251.092278,0.18780755996704102,1609701250.9768336,1609701250.9813888,0.004555225372314453
1ec695141fde4839aa27c7e80389d564,k-means,warm,exec,queue,0.052377939224243164,2.384185791015625e-07,2.384185791015625e-07,1609701250.9060347,1609701251.2030425,0.29700779914855957,1609701250.9839997,1609701250.991814,0.007814168930053711
c67731dfd20d45908cb896f530b42b20,k-means,warm,exec,queue,0.05732107162475586,2.384185791015625e-07,2.384185791015625e-07,1609701250.9075959,1609701251.2010982,0.2935023307800293,1609701250.9896643,1609701250.99473,0.0050656795501708984
50b552ba48ed4a888766c10568bd064b,video,warm,exec,queue,0.01515340805053711,2.384185791015625e-07,2.384185791015625e-07,1609701250.9091618,1609701251.062544,0.1533823013305664,1609701250.9508421,1609701250.9676597,0.016817569732666016
28a89c4186ae4ec5a68baac7f01ff417,k-means,warm,exec,queue,0.00420069694519043,2.384185791015625e-07,2.384185791015625e-07,1609701251.8899167,1609701252.0373693,0.14745259284973145,1609701251.9395792,1609701251.948342,0.008762836456298828
3724fb1ec14849068c430babfb76d3ff,k-means,warm,exec,queue,0.01091313362121582,2.384185791015625e-07,2.384185791015625e-07,1609701251.894514,1609701252.0379295,0.1434154510498047,1609701251.9392161,1609701251.9478517,0.008635520935058594
31c263fbc02741459636d11778d1a1ad,k-means,warm,exec,queue,0.05762147903442383,7.152557373046875e-07,2.384185791015625e-07,1609701251.8972707,1609701252.239879,0.3426082134246826,1609701251.9966648,1609701252.0036373,0.006972551345825195
e88ebd9ddddc47cf9c1836b039d7689e,k-means,warm,exec,queue,0.05289793014526367,7.152557373046875e-07,0.0,1609701251.899952,1609701252.1099064,0.20995450019836426,1609701251.9938755,1609701251.9987974,0.004921913146972656
301b672cfb5742eabf01db359acca640,k-means,warm,exec,queue,0.04705309867858887,4.76837158203125e-07,2.384185791015625e-07,1609701251.902113,1609701252.2946632,0.3925502300262451,1609701251.9833531,1609701251.9914453,0.008092164993286133
26171a0fe2454ce1a8cdcecde6ac54bb,k-means,warm,exec,queue,0.04218554496765137,4.76837158203125e-07,2.384185791015625e-07,1609701251.9037473,1609701252.2362149,0.33246755599975586,1609701251.978484,1609701251.984729,0.006245136260986328
d746af08cd5f489baba13d0ecc5daee3,k-means,warm,exec,queue,0.037160396575927734,4.76837158203125e-07,2.384185791015625e-07,1609701251.905406,1609701252.0792212,0.17381525039672852,1609701251.9742744,1609701251.982047,0.007772684097290039
48e9005df404432dbee6a8f1ac8ca0fe,k-means,warm,exec,queue,0.03181099891662598,2.384185791015625e-07,0.0,1609701251.9070506,1609701252.0771883,0.17013764381408691,1609701251.965623,1609701251.9728029,0.007179975509643555
c85072f6046044329c8a3158a20a8a12,k-means,warm,exec,queue,0.027233600616455078,2.384185791015625e-07,2.384185791015625e-07,1609701251.9087076,1609701252.1132493,0.20454168319702148,1609701251.9600534,1609701251.966536,0.006482601165771484
472a5e33336742f29128539ff0a99320,k-means,warm,exec,queue,0.01526021957397461,4.76837158203125e-07,2.384185791015625e-07,1609701251.9104853,1609701252.2380986,0.32761335372924805,1609701251.9445162,1609701251.9526317,0.008115530014038086
816bd4f8d0ee4e69a382439e3986e1da,k-means,warm,exec,queue,0.019634723663330078,2.384185791015625e-07,2.384185791015625e-07,1609701251.9121218,1609701252.0348613,0.12273955345153809,1609701251.9498186,1609701251.9584858,0.008667230606079102
f2868f896b8143f5afcfe91268064d0c,k-means,warm,exec,queue,0.06316876411437988,2.384185791015625e-07,0.0,1609701251.9137547,1609701252.1115813,0.19782662391662598,1609701251.9998465,1609701252.0047514,0.004904985427856445
a27eaa312d6b4f688671d1cd75a636a7,k-means,warm,exec,queue,0.024097204208374023,2.384185791015625e-07,2.384185791015625e-07,1609701251.915372,1609701252.1687908,0.2534189224243164,1609701251.957841,1609701251.9674082,0.0095672607421875
44dd4a12f6c7480385caf11005174f1b,k-means,warm,exec,queue,0.003650188446044922,2.384185791015625e-07,2.384185791015625e-07,1609701252.88756,1609701253.073355,0.18579506874084473,1609701252.931505,1609701252.9405673,0.00906229019165039
793a3ae8eed848aeb6ae9a689288ccdf,video,warm,exec,queue,0.025380849838256836,4.76837158203125e-07,4.76837158203125e-07,1609701252.8912072,1609701253.2618375,0.37063026428222656,1609701252.9608226,1609701252.9776573,0.016834735870361328
04bae7cb2ba24e85b491a19b700d7b2e,k-means,warm,exec,queue,0.00477147102355957,2.384185791015625e-07,0.0,1609701252.8931704,1609701253.0714424,0.17827200889587402,1609701252.9317768,1609701252.9403145,0.008537769317626953
e7b8e90296cf43a7977297961cfe918d,k-means,warm,exec,queue,0.009135246276855469,2.384185791015625e-07,2.384185791015625e-07,1609701252.8950443,1609701253.0750854,0.18004107475280762,1609701252.9359493,1609701252.9450548,0.009105443954467773
93cb81ec3d5c43539f79cf0b5583c6af,k-means,warm,exec,queue,0.014013528823852539,2.384185791015625e-07,2.384185791015625e-07,1609701252.89712,1609701253.2322145,0.3350944519042969,1609701252.9411814,1609701252.9497426,0.008561134338378906
4857d700146146bd9ca53e6f28a3bf95,k-means,warm,exec,queue,0.018538475036621094,4.76837158203125e-07,4.76837158203125e-07,1609701252.898999,1609701253.1036174,0.2046184539794922,1609701252.9576216,1609701252.9649584,0.007336854934692383
810300ff0f694800b1760e75a622d5f6,k-means,warm,exec,queue,0.02559947967529297,4.76837158203125e-07,4.76837158203125e-07,1609701252.9008114,1609701253.2364233,0.33561182022094727,1609701252.9605417,1609701252.9675736,0.007031917572021484
06ad15f4ca96476f9e3804c82dc5f9f5,k-means,warm,exec,queue,0.03032207489013672,2.384185791015625e-07,2.384185791015625e-07,1609701252.9024105,1609701253.235758,0.3333475589752197,1609701252.9611232,1609701252.9673336,0.0062103271484375
a864b1f10487400bbf1056d7e2719b37,k-means,warm,exec,queue,0.03540158271789551,2.384185791015625e-07,2.384185791015625e-07,1609701252.90397,1609701253.1048422,0.20087218284606934,1609701252.9637825,1609701252.9703326,0.0065500736236572266
bc8c81b8d94a437b958605e5ce946ae6,k-means,warm,exec,queue,0.04102301597595215,4.76837158203125e-07,2.384185791015625e-07,1609701252.905692,1609701253.1289575,0.2232654094696045,1609701252.9754212,1609701252.9826896,0.007268428802490234
65e8127abec84a9fb41f63a9ac96ecf3,k-means,warm,exec,queue,0.04643702507019043,2.384185791015625e-07,2.384185791015625e-07,1609701252.907247,1609701253.130612,0.22336483001708984,1609701252.9770122,1609701252.982973,0.005960941314697266
1c370f4ce66a47edb54201560f4b05b4,k-means,warm,exec,queue,0.005650758743286133,2.384185791015625e-07,2.384185791015625e-07,1609701253.8930352,1609701254.0222867,0.12925148010253906,1609701253.9439094,1609701253.9527895,0.008880138397216797
356af9f9d6b54c28acec0f063eea7262,k-means,warm,exec,queue,0.04277181625366211,7.152557373046875e-07,2.384185791015625e-07,1609701253.8976238,1609701254.207108,0.30948424339294434,1609701253.9825227,1609701253.9902935,0.0077707767486572266
80f1ccf9e56a4bc1b9ec7f92f5c05ed6,k-means,warm,exec,queue,0.04810929298400879,2.384185791015625e-07,2.384185791015625e-07,1609701253.9002905,1609701254.150265,0.24997448921203613,1609701253.9880686,1609701253.9937944,0.005725860595703125
90ca1643b8be4386b6acbd92f8484b19,k-means,warm,exec,queue,0.053568363189697266,4.76837158203125e-07,2.384185791015625e-07,1609701253.9019713,1609701254.2393854,0.337414026260376,1609701253.994404,1609701254.00013,0.005725860595703125
c4e1d3f4355a44039506873488318da3,k-means,warm,exec,queue,0.05834627151489258,2.384185791015625e-07,2.384185791015625e-07,1609701253.9037926,1609701254.1508646,0.2470719814300537,1609701253.999264,1609701254.005409,0.006145000457763672
93a7e7265d7c4fa7b1114f456209bfd9,k-means,warm,exec,queue,0.024901628494262695,4.76837158203125e-07,2.384185791015625e-07,1609701253.9054124,1609701254.0807781,0.17536568641662598,1609701253.9613588,1609701253.9675884,0.0062296390533447266
e3d1dd4f31154fe4bfa88e2b87a11c0d,k-means,warm,exec,queue,0.029833078384399414,4.76837158203125e-07,2.384185791015625e-07,1609701253.907009,1609701254.084192,0.1771831512451172,1609701253.9656553,1609701253.9723012,0.006645917892456055
6f92fec667f746578fe59dfa4d2e58b9,k-means,warm,exec,queue,0.034796714782714844,2.384185791015625e-07,2.384185791015625e-07,1609701253.9086146,1609701254.0835261,0.1749114990234375,1609701253.971921,1609701253.976721,0.004800081253051758
e8f30ffeb0bf4216a2d566f7d06bcc78,k-means,warm,exec,queue,0.039658546447753906,2.384185791015625e-07,0.0,1609701253.910214,1609701254.10805,0.19783616065979004,1609701253.976949,1609701253.981237,0.0042879581451416016
889b44f37b05420ab4358f26ef7c95af,k-means,warm,exec,queue,0.019940853118896484,2.384185791015625e-07,2.384185791015625e-07,1609701253.9121573,1609701254.2074957,0.29533839225769043,1609701253.9552228,1609701253.9638422,0.008619308471679688
98f892dc696d464b961e647ddd2a8dbf,k-means,warm,exec,queue,0.014510393142700195,2.384185791015625e-07,2.384185791015625e-07,1609701253.913745,1609701254.10611,0.19236516952514648,1609701253.9491599,1609701253.9578884,0.008728504180908203
86d49855f2f14246910ff32609aa6306,k-means,warm,exec,queue,0.009443521499633789,4.76837158203125e-07,2.384185791015625e-07,1609701253.9153078,1609701254.0239623,0.10865449905395508,1609701253.9440048,1609701253.9524035,0.008398771286010742
ab6020bf70814d2882fc3dfd033cc6f3,k-means,warm,exec,queue,0.06387805938720703,2.384185791015625e-07,0.0,1609701253.9169087,1609701254.1474679,0.2305591106414795,1609701254.005519,1609701254.0107799,0.005260944366455078
63d83508734043fe9ae994e534b589c2,k-means,warm,exec,queue,0.06898093223571777,4.76837158203125e-07,2.384185791015625e-07,1609701253.918595,1609701254.3908813,0.4722862243652344,1609701254.0107853,1609701254.016931,0.0061457157135009766
7aa9d12e1b414c7b83c502062663fd54,k-means,warm,exec,queue,0.0741262435913086,2.384185791015625e-07,2.384185791015625e-07,1609701253.9201741,1609701254.1525848,0.23241066932678223,1609701254.0167615,1609701254.0236619,0.006900310516357422
1e26f8dbd4d84535a33ce19b8e31a416,k-means,warm,exec,queue,0.004602670669555664,4.76837158203125e-07,0.0,1609701254.8828974,1609701254.9758093,0.09291195869445801,1609701254.9147823,1609701254.923285,0.008502721786499023
8defb4cbf9a642678cf59d0af261ef46,image,cold,exec,create,0.034261226654052734,4.318429231643677,2.384185791015625e-07,1609701254.8877711,1609701259.3671834,4.479412317276001,1609701259.2633808,1609701259.2859714,0.02259063720703125
9d519fe21c594e97bf81fdbb17796fa1,k-means,warm,exec,queue,0.007972478866577148,2.384185791015625e-07,2.384185791015625e-07,1609701254.8895755,1609701255.7350395,0.8454639911651611,1609701254.9195025,1609701254.9281266,0.008624076843261719
0e5cd076c0534335911ee4d01e3bbfb8,k-means,warm,exec,queue,0.01445627212524414,4.76837158203125e-07,2.384185791015625e-07,1609701254.891301,1609701255.8356175,0.9443166255950928,1609701254.9278324,1609701254.9360626,0.008230209350585938
f63b9a247bcf410ba6b78e0295248e4c,video,warm,exec,queue,0.019208669662475586,4.76837158203125e-07,2.384185791015625e-07,1609701254.893035,1609701255.8728318,0.9797968864440918,1609701254.9396992,1609701254.9557483,0.01604914665222168
df34792bc93540a4a8d71cd4da398b60,matmul,warm,exec,queue,0.02145862579345703,4.76837158203125e-07,2.384185791015625e-07,1609701254.8950038,1609701255.7363548,0.8413510322570801,1609701254.9412804,1609701254.9520519,0.010771512985229492
acaf630a6fc740e5b9fd03a4bf413e04,map_reduce,warm,exec,queue,0.025930404663085938,4.76837158203125e-07,2.384185791015625e-07,1609701254.8967144,1609701255.9496136,1.0528991222381592,1609701254.9443529,1609701255.0290983,0.08474540710449219
a9b93647f2a143c194f3ea6dbde12b46,disk,warm,exec,queue,0.02750563621520996,2.384185791015625e-07,2.384185791015625e-07,1609701254.898321,1609701255.7374449,0.8391239643096924,1609701254.9469876,1609701254.9554949,0.008507251739501953
8250f84be79140498233a08d7a8f7b46,k-means,warm,exec,queue,9.965896606445312e-05,2.384185791015625e-07,2.384185791015625e-07,1609701255.8930812,1609701257.0528512,1.1597700119018555,1609701255.9448507,1609701255.9552822,0.010431528091430664
84e18c06eb394cb5834fd14e6e335bd5,k-means,warm,exec,queue,0.008069515228271484,2.384185791015625e-07,2.384185791015625e-07,1609701255.896944,1609701256.8701353,0.9731912612915039,1609701255.9453685,1609701255.9524443,0.007075786590576172
d5880ad2e280431ab332a9032a6aec47,k-means,warm,exec,queue,0.01305079460144043,7.152557373046875e-07,2.384185791015625e-07,1609701255.8991385,1609701256.8736777,0.9745392799377441,1609701255.952439,1609701255.960652,0.008213043212890625
24dc85ca95cc4064a72e3f727351ac0f,k-means,warm,exec,queue,0.018465042114257812,4.76837158203125e-07,2.384185791015625e-07,1609701255.9013474,1609701257.1457703,1.2444229125976562,1609701255.9560173,1609701255.964465,0.008447647094726562
f4f983601b8f45748ad2df9c57e56c92,k-means,warm,exec,queue,0.023312807083129883,0.0,2.384185791015625e-07,1609701255.9038436,1609701257.3164325,1.4125888347625732,1609701255.962002,1609701255.9684408,0.006438732147216797
1656e704b17946d588b385cc2c53690b,k-means,warm,exec,queue,0.027881860733032227,4.76837158203125e-07,2.384185791015625e-07,1609701255.9060702,1609701257.1067512,1.2006809711456299,1609701255.9669664,1609701255.972894,0.005927562713623047
453d4ba6f97f43f89f37f55a30cc4e1e,k-means,warm,exec,queue,0.033379554748535156,2.384185791015625e-07,2.384185791015625e-07,1609701255.9083052,1609701256.8730595,0.9647543430328369,1609701255.9713476,1609701255.9766064,0.005258798599243164
c251bf79f9b845f8bf7a19fa9e4ed17f,k-means,warm,exec,queue,0.03815150260925293,4.76837158203125e-07,0.0,1609701255.909924,1609701257.6365616,1.726637601852417,1609701255.9778194,1609701255.983972,0.006152629852294922
79f86f300f204f93a49311d421e3d709,k-means,warm,exec,queue,0.04351925849914551,2.384185791015625e-07,2.384185791015625e-07,1609701255.9115458,1609701257.0084047,1.0968589782714844,1609701255.9824774,1609701255.9873602,0.0048828125
f7b4f4d455854b1a92e48759dd885d88,k-means,warm,exec,queue,0.04900026321411133,2.384185791015625e-07,2.384185791015625e-07,1609701255.913068,1609701257.103011,1.1899428367614746,1609701255.9912248,1609701255.997735,0.006510257720947266
8e9ecb2b7dbd4f77b6b50fb41e894068,k-means,warm,exec,queue,0.05372333526611328,2.384185791015625e-07,2.384185791015625e-07,1609701255.9145753,1609701257.051055,1.1364796161651611,1609701255.993585,1609701255.9978998,0.0043146610260009766
64dc44773bf6482daa3496847a48a7a5,k-means,warm,exec,queue,0.05911612510681152,2.384185791015625e-07,2.384185791015625e-07,1609701255.916089,1609701257.3144772,1.398388147354126,1609701255.99995,1609701256.006434,0.006484031677246094
93f9ebc8505d49cab40b1b59547a2b34,k-means,warm,exec,queue,0.06360459327697754,2.384185791015625e-07,0.0,1609701255.917709,1609701257.7139041,1.7961950302124023,1609701256.004913,1609701256.0093842,0.0044710636138916016
105ebe34c19b456eb5c5d75ee63d4683,k-means,warm,exec,queue,0.06864261627197266,2.384185791015625e-07,2.384185791015625e-07,1609701255.9192362,1609701257.4510932,1.5318570137023926,1609701256.0123,1609701256.0186315,0.006331443786621094
f1c1c36d4df7480490a2183629c17b19,k-means,warm,exec,queue,0.07339358329772949,2.384185791015625e-07,0.0,1609701255.920845,1609701257.7132607,1.7924156188964844,1609701256.016262,1609701256.0207615,0.0044994354248046875
9f546fd532e94ff08599e4af3fa8bca7,k-means,warm,exec,queue,0.004377603530883789,4.76837158203125e-07,2.384185791015625e-07,1609701256.8931115,1609701257.148333,0.2552216053009033,1609701256.9433525,1609701256.9518814,0.008528947830200195
42748e0ee7624fa0823296a91fbeb47b,k-means,warm,exec,queue,0.0059206485748291016,2.384185791015625e-07,2.384185791015625e-07,1609701256.8976085,1609701257.4504719,0.552863359451294,1609701256.943205,1609701256.9514844,0.00827932357788086
b207624e4b7942d69b1bd5fa2e4e8644,k-means,warm,exec,queue,0.010499954223632812,2.384185791015625e-07,2.384185791015625e-07,1609701256.899618,1609701257.4543633,0.5547454357147217,1609701256.9478405,1609701256.95604,0.008199453353881836
1a93b394fd614fdabe1035adb52eb575,k-means,warm,exec,queue,0.015871047973632812,2.384185791015625e-07,4.76837158203125e-07,1609701256.901368,1609701257.2883234,0.38695549964904785,1609701256.9533741,1609701256.961869,0.008494853973388672
f5129a937c544977a97be168d83371ed,k-means,warm,exec,queue,0.0238802433013916,4.76837158203125e-07,0.0,1609701256.9032469,1609701257.1061544,0.20290756225585938,1609701256.9632301,1609701256.9699442,0.0067141056060791016
924b562dea4e4420aab19d026478d6e2,k-means,warm,exec,queue,0.029292583465576172,2.384185791015625e-07,0.0,1609701256.9048243,1609701257.4537964,0.5489721298217773,1609701256.968593,1609701256.9739358,0.005342960357666016
c78fa5d47f874a9c8053621177407211,k-means,warm,exec,queue,0.03410506248474121,2.384185791015625e-07,2.384185791015625e-07,1609701256.9063764,1609701257.6338294,0.7274529933929443,1609701256.9718583,1609701256.9785812,0.006722927093505859
9b7c496962034dbda7eab7a378078677,k-means,warm,exec,queue,0.03896045684814453,2.384185791015625e-07,2.384185791015625e-07,1609701256.907926,1609701257.7163281,0.8084020614624023,1609701256.9770017,1609701256.9833157,0.00631403923034668
231df97265014f4d84d2bebe89e9c44b,k-means,warm,exec,queue,0.04368710517883301,4.76837158203125e-07,2.384185791015625e-07,1609701256.9096084,1609701257.7144287,0.8048202991485596,1609701256.983479,1609701256.9920928,0.008613824844360352
181b1e1c661d472f83569ceebdcc3362,k-means,warm,exec,queue,0.04821920394897461,2.384185791015625e-07,0.0,1609701256.9111629,1609701257.6371367,0.7259738445281982,1609701256.9901178,1609701256.997044,0.006926298141479492
cfab8cd235de4ab3b076402ef6a3efdf,k-means,warm,exec,queue,0.0529632568359375,2.384185791015625e-07,2.384185791015625e-07,1609701256.9127371,1609701257.291613,0.3788759708404541,1609701256.9929178,1609701256.9994462,0.006528377532958984
7f118f50b21841bfb853b7862e9ff3b6,k-means,warm,exec,queue,0.05792975425720215,0.0,0.0,1609701256.914376,1609701257.1471143,0.23273825645446777,1609701256.9980152,1609701257.0031612,0.005146026611328125
77b19ca951124f60a0ac9db08e232915,k-means,warm,exec,queue,0.0627908706665039,2.384185791015625e-07,0.0,1609701256.9159014,1609701257.586042,0.6701405048370361,1609701257.004957,1609701257.0103905,0.005433559417724609
7060959360974c2eaf89a1b4abb1aea7,video,warm,exec,queue,0.01766800880432129,0.0,2.384185791015625e-07,1609701256.9174514,1609701257.2910612,0.3736097812652588,1609701256.964081,1609701256.9816022,0.017521142959594727
463d1a20773e45269c53b389cc52f2e1,k-means,warm,exec,queue,0.007825613021850586,2.384185791015625e-07,0.0,1609701257.8921125,1609701258.0234716,0.13135910034179688,1609701257.940493,1609701257.9478214,0.0073282718658447266
67fd969519354c14850609ca54a80cf3,k-means,warm,exec,queue,8.177757263183594e-05,4.76837158203125e-07,2.384185791015625e-07,1609701257.8949776,1609701258.021727,0.12674951553344727,1609701257.9408302,1609701257.9481246,0.007294416427612305
d11a1232bedf4bf8a97ca9c0b8d12d17,k-means,warm,exec,queue,0.012560844421386719,2.384185791015625e-07,2.384185791015625e-07,1609701257.8987732,1609701258.1812518,0.28247857093811035,1609701257.9447124,1609701257.9522321,0.007519721984863281
d1ecafff6ead4edd82a91e37045faec6,k-means,warm,exec,queue,0.017775535583496094,2.384185791015625e-07,0.0,1609701257.9001994,1609701258.3398805,0.4396810531616211,1609701257.9508436,1609701257.958261,0.007417440414428711
bd322a9a72aa4f9ea93cc47283de8679,k-means,warm,exec,queue,0.022272348403930664,2.384185791015625e-07,2.384185791015625e-07,1609701257.901897,1609701258.1480937,0.24619674682617188,1609701257.9582312,1609701257.9649115,0.00668025016784668
a19c2d82e40945c68208e840ee82a1e2,k-means,warm,exec,queue,0.02738332748413086,2.384185791015625e-07,2.384185791015625e-07,1609701257.9032943,1609701258.1060696,0.202775239944458,1609701257.9610956,1609701257.9683084,0.00721287727355957
444d10a02db4464c95a7d7ced0d86470,k-means,warm,exec,queue,0.03178977966308594,4.76837158203125e-07,2.384185791015625e-07,1609701257.904733,1609701258.2580423,0.35330939292907715,1609701257.966108,1609701257.9717424,0.005634307861328125
e978c561682f48599dfb0511216b7bae,k-means,warm,exec,queue,0.03711342811584473,2.384185791015625e-07,2.384185791015625e-07,1609701257.906136,1609701258.419893,0.5137569904327393,1609701257.97312,1609701257.978959,0.005839109420776367
65664fc2fcea4f9bbc4d064d66518793,k-means,warm,exec,queue,0.04191231727600098,4.76837158203125e-07,4.76837158203125e-07,1609701257.9075422,1609701258.0644732,0.15693092346191406,1609701257.9784696,1609701257.983997,0.005527496337890625
cc9ac31510e849f0a1c5022ea3a507e7,k-means,warm,exec,queue,0.047304391860961914,2.384185791015625e-07,0.0,1609701257.9090898,1609701258.223361,0.3142712116241455,1609701257.9851387,1609701257.9928687,0.007730007171630859
4d44b36783eb4fc08cbeed16195dd41f,k-means,warm,exec,queue,0.0519866943359375,4.76837158203125e-07,2.384185791015625e-07,1609701257.9104886,1609701258.2893863,0.37889766693115234,1609701257.9920263,1609701257.99938,0.007353782653808594
850a75e4004448619852fabbf9ae7dca,k-means,warm,exec,queue,0.057413578033447266,7.152557373046875e-07,2.384185791015625e-07,1609701257.9122174,1609701258.4205246,0.5083072185516357,1609701257.995304,1609701258.0022688,0.006964683532714844
bc97e65efeec424b81dd8e943ff87e8c,k-means,warm,exec,queue,0.062436580657958984,2.384185791015625e-07,0.0,1609701257.9136577,1609701258.4168484,0.5031907558441162,1609701257.9999697,1609701258.006581,0.006611347198486328
db1b9e3cb0744c8f9448c36a7f286e8a,k-means,warm,exec,queue,0.06775975227355957,4.76837158203125e-07,4.76837158203125e-07,1609701257.9152524,1609701258.2562692,0.3410167694091797,1609701258.0076551,1609701258.0135098,0.005854606628417969
883a094dfbcb4a11b93082c80a12c6d6,k-means,warm,exec,queue,0.002894163131713867,4.76837158203125e-07,2.384185791015625e-07,1609701258.8981543,1609701259.0272975,0.12914323806762695,1609701258.9479501,1609701258.9555895,0.007639408111572266
faed798a67e8457cbc97fd442e050575,k-means,warm,exec,queue,0.0550081729888916,4.76837158203125e-07,2.384185791015625e-07,1609701258.9014428,1609701259.1732943,0.2718515396118164,1609701259.0006523,1609701259.0069592,0.006306886672973633
50b7777f2fe14613b17c0bc362b856db,k-means,warm,exec,queue,0.04657411575317383,4.76837158203125e-07,2.384185791015625e-07,1609701258.9030247,1609701259.1717012,0.2686765193939209,1609701258.9982207,1609701259.0054286,0.0072078704833984375
7cceb46cd68b485e8aaede6cc8614cd2,k-means,warm,exec,queue,0.0414125919342041,2.384185791015625e-07,0.0,1609701258.9046025,1609701259.170058,0.2654554843902588,1609701258.9838355,1609701258.9889493,0.005113840103149414
06ec0621f1cb4b4d8f0b7bd6e7fdeeb0,k-means,warm,exec,queue,0.03636622428894043,2.384185791015625e-07,0.0,1609701258.9063346,1609701259.195105,0.2887704372406006,1609701258.9777253,1609701258.9842196,0.006494283676147461
b84b63c1debf43378b939a0e9bfd83e6,k-means,warm,exec,queue,0.0306241512298584,2.384185791015625e-07,2.384185791015625e-07,1609701258.9086843,1609701259.1051126,0.1964282989501953,1609701258.970749,1609701258.9770207,0.006271839141845703
c00880f78e094d0e897c7fc988010d96,k-means,warm,exec,queue,0.02546858787536621,2.384185791015625e-07,2.384185791015625e-07,1609701258.9102516,1609701259.0627203,0.15246868133544922,1609701258.9675937,1609701258.975452,0.0078582763671875
bf0fa092950c43568169f3660db5b1ac,k-means,warm,exec,queue,0.00969076156616211,2.384185791015625e-07,2.384185791015625e-07,1609701258.9117987,1609701259.0301957,0.11839699745178223,1609701258.9482572,1609701258.9559813,0.00772404670715332
f6f2fe83eee94e42becec54d4c827f01,k-means,warm,exec,queue,0.05960559844970703,2.384185791015625e-07,2.384185791015625e-07,1609701258.9133205,1609701259.3318236,0.4185030460357666,1609701259.003307,1609701259.0091002,0.005793094635009766
02e12df416184275a91b4287b976cdd0,k-means,warm,exec,queue,0.01613330841064453,2.384185791015625e-07,0.0,1609701258.9148602,1609701259.0307817,0.1159214973449707,1609701258.9545932,1609701258.9621243,0.007531166076660156
52ff83c255784099a99ce1d8987c36d0,k-means,warm,exec,queue,0.0643303394317627,2.384185791015625e-07,2.384185791015625e-07,1609701258.9163017,1609701259.3300014,0.4136996269226074,1609701259.0095031,1609701259.0170841,0.007580995559692383
f882baa464b04beeb8a4d20198974f23,k-means,warm,exec,queue,0.020318269729614258,2.384185791015625e-07,0.0,1609701258.9177282,1609701259.06126,0.14353179931640625,1609701258.9591682,1609701258.9669774,0.007809162139892578
f695d410951b4baea6c5e36ad4b6c549,k-means,warm,exec,queue,0.069427490234375,2.384185791015625e-07,2.384185791015625e-07,1609701258.919249,1609701259.1936746,0.2744255065917969,1609701259.0146787,1609701259.0193121,0.004633426666259766
b6eb43902bfc491b96cc37cad47f9b2d,k-means,warm,exec,queue,0.07430911064147949,4.76837158203125e-07,2.384185791015625e-07,1609701258.9207115,1609701259.1055923,0.18488073348999023,1609701259.019222,1609701259.0248318,0.005609750747680664
8ec0835456ca46b991a03f05632b3e34,k-means,warm,exec,queue,0.08020615577697754,2.384185791015625e-07,2.384185791015625e-07,1609701258.9221313,1609701259.1964273,0.2742960453033447,1609701259.0303147,1609701259.0367482,0.0064334869384765625
0eaac81c82974cb38a36f9f616221b4e,video,warm,exec,queue,0.017610788345336914,2.384185791015625e-07,0.0,1609701258.9235516,1609701259.1023288,0.17877721786499023,1609701258.9677393,1609701258.983643,0.015903711318969727
eb214b6589174e41b8e7eb926a734e72,k-means,warm,exec,queue,7.486343383789062e-05,4.76837158203125e-07,2.384185791015625e-07,1609701259.894074,1609701260.2650514,0.37097740173339844,1609701259.9410794,1609701259.949057,0.007977724075317383
4bcf9506f3764a9996ae01e9ce7c3363,k-means,warm,exec,queue,0.0064716339111328125,4.76837158203125e-07,0.0,1609701259.8983467,1609701260.0049455,0.1065988540649414,1609701259.9409983,1609701259.9489374,0.00793910026550293
4b847687639845879fbe616b8baa1f29,k-means,warm,exec,queue,0.011693477630615234,2.384185791015625e-07,2.384185791015625e-07,1609701259.9009552,1609701260.046291,0.14533591270446777,1609701259.9458427,1609701259.9538815,0.008038759231567383
fe828908943f4383b668cb0e8470b81e,k-means,warm,exec,queue,0.016915321350097656,2.384185791015625e-07,2.384185791015625e-07,1609701259.9035068,1609701260.125592,0.22208523750305176,1609701259.9519303,1609701259.9599578,0.00802755355834961
91db6337e8244d5aadeb6914a3a1e61c,k-means,warm,exec,queue,0.021709918975830078,2.384185791015625e-07,0.0,1609701259.9063613,1609701260.125008,0.21864676475524902,1609701259.9590762,1609701259.9643779,0.005301713943481445
7cea6e48417e457e995a01f57b40a9aa,k-means,warm,exec,queue,0.026840925216674805,2.384185791015625e-07,2.384185791015625e-07,1609701259.9087687,1609701260.1970036,0.2882349491119385,1609701259.9621077,1609701259.967398,0.00529026985168457
94ebfc2cee9645ba905804ef4f3b8602,k-means,warm,exec,queue,0.03173947334289551,2.384185791015625e-07,0.0,1609701259.9102607,1609701260.4165726,0.5063118934631348,1609701259.968738,1609701259.9773974,0.00865936279296875
48bd6b5cd2064e799e20dee5815b1113,k-means,warm,exec,queue,0.036783695220947266,2.384185791015625e-07,2.384185791015625e-07,1609701259.911744,1609701260.2303984,0.31865429878234863,1609701259.974122,1609701259.9784129,0.00429081916809082
a4c79255b10644d4926391d41e199b5a,k-means,warm,exec,queue,0.042348623275756836,2.384185791015625e-07,0.0,1609701259.9132617,1609701260.0880466,0.17478489875793457,1609701259.9793606,1609701259.9852605,0.005899906158447266
b220e72ec00b4dd8a027975d908e5d22,k-means,warm,exec,queue,0.04714775085449219,2.384185791015625e-07,2.384185791015625e-07,1609701259.9148557,1609701260.339215,0.4243593215942383,1609701259.984136,1609701259.9894729,0.005336761474609375
553edb6d96cb492d9ef0e3c021465784,k-means,warm,exec,queue,0.05271315574645996,4.76837158203125e-07,2.384185791015625e-07,1609701259.916355,1609701260.381273,0.4649181365966797,1609701259.9921198,1609701259.9989028,0.006783008575439453
292c17ffff54415a921d2cc8439fd95b,k-means,warm,exec,queue,0.058089256286621094,2.384185791015625e-07,2.384185791015625e-07,1609701259.9178653,1609701260.414623,0.49675774574279785,1609701259.9960036,1609701259.9999456,0.003942012786865234
68a4ac013c52435f939489ce63c4dbb0,matmul,warm,exec,queue,0.015954017639160156,2.384185791015625e-07,2.384185791015625e-07,1609701259.9193485,1609701260.0479631,0.1286146640777588,1609701259.9592729,1609701259.9690585,0.009785652160644531
7dad6bb6842344869dff92102a5cc501,k-means,warm,exec,queue,0.0032494068145751953,2.384185791015625e-07,2.384185791015625e-07,1609701260.8905005,1609701261.000826,0.11032533645629883,1609701260.9252884,1609701260.9334981,0.008209705352783203
764ea028305d4e489dbef19e2f3d4e97,k-means,warm,exec,queue,0.029288053512573242,4.76837158203125e-07,2.384185791015625e-07,1609701260.8941238,1609701261.1578984,0.2637746334075928,1609701260.951959,1609701260.9587853,0.0068264007568359375
2106c704bde147328b3a12fe4d82110d,video,warm,exec,queue,0.019608497619628906,2.384185791015625e-07,2.384185791015625e-07,1609701260.8962572,1609701261.0339427,0.13768553733825684,1609701260.950377,1609701260.9661796,0.015802621841430664
b209767db57649d2b91c93bc5a78660e,k-means,warm,exec,queue,0.033757686614990234,2.384185791015625e-07,0.0,1609701260.8977802,1609701261.2166402,0.3188600540161133,1609701260.954445,1609701260.9607134,0.006268501281738281
8e9136afc11941cbba935f000a21cd34,k-means,warm,exec,queue,0.03912830352783203,2.384185791015625e-07,0.0,1609701260.8992813,1609701261.29215,0.3928687572479248,1609701260.9624503,1609701260.970079,0.007628679275512695
a98552b4070945f2b62ca047132fdd0a,k-means,warm,exec,queue,0.008343696594238281,2.384185791015625e-07,0.0,1609701260.9009895,1609701261.0827174,0.18172788619995117,1609701260.926275,1609701260.9342306,0.007955551147460938
c52d074e0c434963b70f00f62bbe8f73,k-means,warm,exec,queue,0.012911796569824219,4.76837158203125e-07,0.0,1609701260.9025095,1609701260.9991944,0.09668493270874023,1609701260.9300182,1609701260.9365702,0.006551980972290039
858d9d3d66ea4f849ed3b4b869709f9c,k-means,warm,exec,queue,0.01836085319519043,4.76837158203125e-07,2.384185791015625e-07,1609701260.9040015,1609701261.032369,0.12836742401123047,1609701260.937602,1609701260.945537,0.007935047149658203
a452ec67c93b44409dd03a3ec0de76f9,k-means,warm,exec,queue,0.025353670120239258,4.76837158203125e-07,4.76837158203125e-07,1609701260.9055164,1609701261.1278477,0.22233128547668457,1609701260.9500654,1609701260.9558415,0.005776166915893555
f6a1f296d59741baaee4cae5622e0e03,k-means,warm,exec,queue,0.001155853271484375,4.76837158203125e-07,2.384185791015625e-07,1609701261.9005435,1609701262.0284498,0.12790632247924805,1609701261.950946,1609701261.9594584,0.008512258529663086
9ee749a334174bfa9a422df85cf111e8,k-means,warm,exec,queue,0.005138397216796875,2.384185791015625e-07,2.384185791015625e-07,1609701261.904916,1609701262.085902,0.1809859275817871,1609701261.9522357,1609701261.960455,0.008219242095947266
56c48f84a22a4f39928ea6dd332e5647,k-means,warm,exec,queue,0.015305519104003906,2.384185791015625e-07,2.384185791015625e-07,1609701261.9075186,1609701262.0635378,0.1560192108154297,1609701261.9608471,1609701261.9694777,0.008630514144897461
4bca64fb54ad4cb09d4c3fc41f3810e8,k-means,warm,exec,queue,0.020625829696655273,2.384185791015625e-07,2.384185791015625e-07,1609701261.9100997,1609701262.2149148,0.30481505393981934,1609701261.9665866,1609701261.972759,0.0061724185943603516
ba3fca76aee04e4f859b2774a162633e,k-means,warm,exec,queue,0.025882959365844727,2.384185791015625e-07,2.384185791015625e-07,1609701261.9128273,1609701262.1113703,0.19854307174682617,1609701261.9715095,1609701261.976584,0.005074501037597656
9502667843114373ab27bbfb4ddbe4ec,k-means,warm,exec,queue,0.03151750564575195,2.384185791015625e-07,2.384185791015625e-07,1609701261.9143548,1609701262.3412783,0.4269235134124756,1609701261.9782865,1609701261.9828842,0.004597663879394531
756548b94eb14678995aa2d673e9e213,k-means,warm,exec,queue,0.03709602355957031,2.384185791015625e-07,0.0,1609701261.9158847,1609701262.064101,0.14821624755859375,1609701261.9831202,1609701261.987594,0.004473686218261719
2c48dad9be8848bab8ed36cb4aac7dc9,k-means,warm,exec,queue,0.04194450378417969,2.384185791015625e-07,2.384185791015625e-07,1609701261.9174335,1609701262.340681,0.4232475757598877,1609701261.9903302,1609701261.997665,0.007334709167480469
7325d464c5fc4f018cda432db44d1032,k-means,warm,exec,queue,0.04754471778869629,4.76837158203125e-07,2.384185791015625e-07,1609701261.9189532,1609701262.1133063,0.1943531036376953,1609701261.9957635,1609701262.0002706,0.0045070648193359375
753c530ff10442e28408abbe1d964735,k-means,warm,exec,queue,0.05221056938171387,4.76837158203125e-07,2.384185791015625e-07,1609701261.9205978,1609701262.1553397,0.2347419261932373,1609701262.00094,1609701262.008434,0.0074939727783203125
43cd58a921764b84bcf590d4599d1cb9,k-means,warm,exec,queue,0.05721735954284668,2.384185791015625e-07,4.76837158203125e-07,1609701261.9221053,1609701262.3127086,0.39060330390930176,1609701262.006065,1609701262.0123003,0.006235361099243164
d9b82714de7b4cf494c6414beb32bc23,k-means,warm,exec,queue,0.009769201278686523,4.76837158203125e-07,0.0,1609701261.9236135,1609701262.0608165,0.13720297813415527,1609701261.9548945,1609701261.9634686,0.00857400894165039
9a6c99bd1c7f4d9f900f2dd0d8b78360,k-means,warm,exec,queue,0.06261181831359863,2.384185791015625e-07,2.384185791015625e-07,1609701261.9251428,1609701262.212834,0.2876911163330078,1609701262.0112815,1609701262.0170703,0.0057888031005859375
bc502435a54740a7a3a5678671035251,k-means,warm,exec,queue,0.06552386283874512,2.384185791015625e-07,0.0,1609701261.926774,1609701262.087592,0.16081786155700684,1609701262.0174098,1609701262.0235505,0.006140708923339844
c96fa1f07cea4f88a9ff6bcd9c080097,k-means,warm,exec,queue,0.07022762298583984,2.384185791015625e-07,0.0,1609701261.929186,1609701262.3377106,0.4085245132446289,1609701262.0225523,1609701262.0291579,0.006605625152587891
802f1f22b3cc48ada8043670a1e0cef8,k-means,warm,exec,queue,0.07569003105163574,2.384185791015625e-07,2.384185791015625e-07,1609701261.930695,1609701262.187476,0.25678086280822754,1609701262.0295272,1609701262.0358257,0.006298542022705078
0ed88b00b992476c8345f3e29a9bfe49,k-means,warm,exec,queue,0.00542140007019043,4.76837158203125e-07,2.384185791015625e-07,1609701262.8953314,1609701263.013811,0.11847972869873047,1609701262.9367847,1609701262.9453282,0.00854349136352539
d587be45ec604c58a546aa0f8b34bfde,video,warm,exec,queue,0.01749420166015625,2.384185791015625e-07,0.0,1609701262.8990924,1609701263.0844324,0.18533992767333984,1609701262.9584653,1609701262.9754317,0.01696634292602539
08387d93c4f547c78c1f29dd22d86c59,k-means,warm,exec,queue,0.04928755760192871,2.384185791015625e-07,0.0,1609701262.9008977,1609701263.1843133,0.2834155559539795,1609701262.9847422,1609701262.9924943,0.007752180099487305
18618fe6bd8f4f94bd5b97058bf1998e,k-means,warm,exec,queue,0.04443049430847168,2.384185791015625e-07,0.0,1609701262.9026444,1609701263.2406027,0.33795833587646484,1609701262.980307,1609701262.987425,0.0071179866790771484
d4ee1317b4e847febd6eddfe6b71513d,k-means,warm,exec,queue,0.03977322578430176,2.384185791015625e-07,2.384185791015625e-07,1609701262.904629,1609701263.3023076,0.3976786136627197,1609701262.9722898,1609701262.9785013,0.006211519241333008
73903355d5e64fb5838f6ee2502676f0,k-means,warm,exec,queue,0.03412461280822754,2.384185791015625e-07,2.384185791015625e-07,1609701262.9063842,1609701263.2995703,0.393186092376709,1609701262.966458,1609701262.9728603,0.006402254104614258
5793e3754d734bf4b6a0bdfc184ddf61,k-means,warm,exec,queue,0.007796525955200195,4.76837158203125e-07,2.384185791015625e-07,1609701262.9081423,1609701263.0155878,0.10744547843933105,1609701262.9369895,1609701262.9455106,0.008521080017089844
b40b940b56274f3d94631de8d294f355,k-means,warm,exec,queue,0.012794256210327148,0.0,4.76837158203125e-07,1609701262.909702,1609701263.0824223,0.17272019386291504,1609701262.9417377,1609701262.9501312,0.008393526077270508
481749b9c95145b0a9db87ae4e47d3df,k-means,warm,exec,queue,0.018140316009521484,4.76837158203125e-07,0.0,1609701262.911179,1609701263.1058767,0.19469761848449707,1609701262.948111,1609701262.9565668,0.008455753326416016
fd17798f98b84b3a90a12e34b1f477e0,k-means,warm,exec,queue,0.02510213851928711,2.384185791015625e-07,0.0,1609701262.9128344,1609701263.0475476,0.13471317291259766,1609701262.9570072,1609701262.9632025,0.0061953067779541016
518d08f285e84468949f4bf5c5c84272,k-means,warm,exec,queue,0.030498981475830078,2.384185791015625e-07,2.384185791015625e-07,1609701262.9143698,1609701263.3028874,0.3885176181793213,1609701262.9600146,1609701262.966394,0.006379365921020508
5b550fd945a84dee8aa8728b207fdecd,k-means,warm,exec,queue,0.003077268600463867,4.76837158203125e-07,2.384185791015625e-07,1609701263.8988693,1609701264.0169094,0.11804008483886719,1609701263.9457748,1609701263.9540021,0.008227348327636719
4323f39f594b4592aa7f5526d07816de,k-means,warm,exec,queue,0.02398204803466797,4.76837158203125e-07,0.0,1609701263.903052,1609701264.201123,0.29807090759277344,1609701263.9651895,1609701263.9704614,0.00527191162109375
47ef0772b8064a6283f253f8871e2933,k-means,warm,exec,queue,0.028966188430786133,2.384185791015625e-07,0.0,1609701263.9055786,1609701264.226342,0.32076334953308105,1609701263.969275,1609701263.9757314,0.0064563751220703125
0e2727261f7941008e24d1af84ee6cf6,k-means,warm,exec,queue,0.03416609764099121,2.384185791015625e-07,2.384185791015625e-07,1609701263.908054,1609701264.041589,0.13353490829467773,1609701263.9752696,1609701263.981681,0.006411552429199219
b196a54b2b354df6ba50c7f1ef51ef68,k-means,warm,exec,queue,0.039437055587768555,2.384185791015625e-07,4.76837158203125e-07,1609701263.9108024,1609701264.127836,0.21703362464904785,1609701263.9824398,1609701263.9891758,0.006736040115356445
5de3536e373342a1824c0cb7d8a47baa,k-means,warm,exec,queue,0.04464530944824219,2.384185791015625e-07,2.384185791015625e-07,1609701263.91292,1609701264.0866888,0.1737687587738037,1609701263.9881191,1609701263.994818,0.0066988468170166016
cdb4b12ab6d7404eb17e999e18837d11,k-means,warm,exec,queue,0.04997658729553223,7.152557373046875e-07,2.384185791015625e-07,1609701263.9143486,1609701264.086119,0.17177033424377441,1609701263.9934711,1609701264.000336,0.006864786148071289
48bb24c71374409a9ea5a98392640b6f,k-means,warm,exec,queue,0.05519700050354004,2.384185791015625e-07,2.384185791015625e-07,1609701263.9157693,1609701264.1783135,0.2625441551208496,1609701263.9976847,1609701264.002186,0.0045013427734375
770fef48ef1946a2a3d1a385b24c0f58,k-means,warm,exec,queue,0.059714555740356445,2.384185791015625e-07,0.0,1609701263.9172175,1609701264.1764677,0.2592501640319824,1609701264.0026622,1609701264.0091376,0.0064754486083984375
d41a5c6888dd4835aa686560b562a076,k-means,warm,exec,queue,0.010032176971435547,2.384185791015625e-07,2.384185791015625e-07,1609701263.9187605,1609701264.0186281,0.09986758232116699,1609701263.9458482,1609701263.9540932,0.008244991302490234
75714ad77bcf4ed8add6ae136751b572,k-means,warm,exec,queue,0.014772891998291016,2.384185791015625e-07,2.384185791015625e-07,1609701263.92021,1609701264.083488,0.16327810287475586,1609701263.9508605,1609701263.9590583,0.008197784423828125
a555ebf109da4d2a971d158db26cbf2a,k-means,warm,exec,queue,0.019930362701416016,7.152557373046875e-07,2.384185791015625e-07,1609701263.9216418,1609701264.2280881,0.3064463138580322,1609701263.9566338,1609701263.9643946,0.007760763168334961
84eb32e9b77e4c46ae2b64476e7e9995,matmul,warm,exec,queue,0.016531944274902344,2.384185791015625e-07,2.384185791015625e-07,1609701263.9231038,1609701264.2029073,0.2798035144805908,1609701263.965705,1609701263.975658,0.009953022003173828
d92efac3a24c4964a6e5fd4c5e980405,k-means,warm,exec,queue,0.004452943801879883,4.76837158203125e-07,2.384185791015625e-07,1609701264.898591,1609701265.132179,0.23358798027038574,1609701264.9637513,1609701264.972341,0.008589744567871094
b89570c3ad9949c5b411a606fd20703b,video,warm,exec,queue,0.016961097717285156,2.384185791015625e-07,2.384185791015625e-07,1609701264.9022903,1609701265.1635427,0.26125240325927734,1609701264.9878669,1609701265.004585,0.016718149185180664
830248d818be48b9a2f3809f2fd06b87,k-means,warm,exec,queue,0.0479428768157959,4.76837158203125e-07,2.384185791015625e-07,1609701264.904462,1609701265.1620727,0.257610559463501,1609701265.0103412,1609701265.0153031,0.004961967468261719
446f3d84346b4f5aa2491cd17166268c,k-means,warm,exec,queue,0.04319024085998535,7.152557373046875e-07,2.384185791015625e-07,1609701264.906584,1609701265.2225718,0.31598782539367676,1609701265.0054462,1609701265.01131,0.00586390495300293
8d0b8ba6703b48ef9593ca2621ec8665,k-means,warm,exec,queue,0.03761649131774902,2.384185791015625e-07,2.384185791015625e-07,1609701264.9088573,1609701265.0950015,0.18614411354064941,1609701265.00066,1609701265.0094345,0.008774518966674805
1ce7ddc9408442aabb2834a3d1e2e6db,k-means,warm,exec,queue,0.03200817108154297,2.384185791015625e-07,0.0,1609701264.9104002,1609701265.0633016,0.15290141105651855,1609701264.9931238,1609701265.0003014,0.007177591323852539
3548ba481c574211bf7d950401fb4b76,k-means,warm,exec,queue,0.02747178077697754,2.384185791015625e-07,2.384185791015625e-07,1609701264.9119515,1609701265.0647635,0.15281200408935547,1609701264.9907749,1609701264.996789,0.006014108657836914
be6f57d29011417bbfb8347edb6eb9a7,k-means,warm,exec,queue,0.008499860763549805,2.384185791015625e-07,0.0,1609701264.914277,1609701265.0369992,0.12272214889526367,1609701264.9642482,1609701264.972342,0.008093833923339844
15883b2554a34731a29ba5ae73307010,k-means,warm,exec,queue,0.01346731185913086,4.76837158203125e-07,2.384185791015625e-07,1609701264.915826,1609701265.1345549,0.21872878074645996,1609701264.968947,1609701264.9776359,0.008688926696777344
756972c63ea14f74beea6f00eb8bda86,k-means,warm,exec,queue,0.018737316131591797,2.384185791015625e-07,0.0,1609701264.9176896,1609701265.1349437,0.2172541618347168,1609701264.9750028,1609701264.982551,0.007548332214355469
959e12a3592d4af09049b48444e04fcf,k-means,warm,exec,queue,0.024776697158813477,2.384185791015625e-07,2.384185791015625e-07,1609701264.9192226,1609701265.061521,0.14229846000671387,1609701264.9861789,1609701264.9939537,0.007774829864501953
4ad55d4fc1b549f2a0a18697e90b2e77,map_reduce,warm,exec,queue,0.026560068130493164,2.384185791015625e-07,0.0,1609701264.9207573,1609701265.2571225,0.3363652229309082,1609701264.9887953,1609701265.0742626,0.08546733856201172
ca07f20346e14e1782a81fa79802d9b3,k-means,warm,exec,queue,0.007511138916015625,2.384185791015625e-07,0.0,1609701265.9040592,1609701266.0459347,0.1418755054473877,1609701265.952583,1609701265.9603548,0.007771730422973633
41bdc2b8baae4a54aa03b4199c64e8aa,k-means,warm,exec,queue,0.0578610897064209,2.384185791015625e-07,2.384185791015625e-07,1609701265.9083538,1609701266.209553,0.30119919776916504,1609701266.0086696,1609701266.0135467,0.0048770904541015625
ae75e48100724c2b8f4f2b60d576f8a7,k-means,warm,exec,queue,0.016094684600830078,2.384185791015625e-07,0.0,1609701265.9108906,1609701266.299126,0.38823533058166504,1609701265.961551,1609701265.9686437,0.007092714309692383
cb2b6d502f654016aa736a86be89336c,k-means,warm,exec,queue,0.020627260208129883,4.76837158203125e-07,2.384185791015625e-07,1609701265.913432,1609701266.2915757,0.3781437873840332,1609701265.9687464,1609701265.977485,0.008738517761230469
25cea4a91cb04f9baf1d632fb369c0ff,k-means,warm,exec,queue,0.025331974029541016,0.0,2.384185791015625e-07,1609701265.9162633,1609701266.0913455,0.17508220672607422,1609701265.9711158,1609701265.9759707,0.004854917526245117
55a89a6449884a12a67d46f711858c94,k-means,warm,exec,queue,0.030206918716430664,2.384185791015625e-07,2.384185791015625e-07,1609701265.9179187,1609701266.0897188,0.1718001365661621,1609701265.9768329,1609701265.9823067,0.0054738521575927734
26223a25f05948bb895876522a8b4ff5,k-means,warm,exec,queue,0.03457021713256836,2.384185791015625e-07,0.0,1609701265.9193907,1609701266.1318643,0.21247363090515137,1609701265.982717,1609701265.9887404,0.006023406982421875
15579aa1c2674fce9638292570c6eaf2,k-means,warm,exec,queue,0.0392148494720459,2.384185791015625e-07,0.0,1609701265.920887,1609701266.2076037,0.2867166996002197,1609701265.988786,1609701265.994431,0.005645036697387695
1e423def1a8e486dafa578520e8566f1,k-means,warm,exec,queue,0.043997764587402344,4.76837158203125e-07,2.384185791015625e-07,1609701265.9223716,1609701266.0879772,0.1656055450439453,1609701265.9945674,1609701266.0003352,0.005767822265625
5769c2b8ad86477fb5d56191d6f3d033,k-means,warm,exec,queue,0.04876375198364258,2.384185791015625e-07,2.384185791015625e-07,1609701265.923972,1609701266.260037,0.33606505393981934,1609701265.997061,1609701266.0018082,0.004747152328491211
900069e8c2ac415aa5b89a286e23fced,k-means,warm,exec,queue,0.05439949035644531,2.384185791015625e-07,2.384185791015625e-07,1609701265.9254553,1609701266.2944148,0.3689594268798828,1609701266.003275,1609701266.010129,0.006854057312011719
f1e6669f94534e3394b90ce39b066f44,k-means,warm,exec,queue,0.011003732681274414,2.384185791015625e-07,2.384185791015625e-07,1609701265.926927,1609701266.2985468,0.37161970138549805,1609701265.9556277,1609701265.963662,0.008034229278564453
eea7d29906424081ba4e3c32bbc0b295,k-means,warm,exec,queue,0.06333374977111816,4.76837158203125e-07,0.0,1609701265.9284067,1609701266.130054,0.20164728164672852,1609701266.0161388,1609701266.0223925,0.006253719329833984
a2a72d434aaa498891bf9cb11c60fbc3,k-means,warm,exec,queue,0.06877493858337402,2.384185791015625e-07,0.0,1609701265.929983,1609701266.2949889,0.3650059700012207,1609701266.020589,1609701266.0263903,0.005801200866699219
f2becd9afec749c6b95a234bf43968b2,k-means,warm,exec,queue,0.07328295707702637,2.384185791015625e-07,2.384185791015625e-07,1609701265.9314647,1609701266.2996516,0.36818695068359375,1609701266.027268,1609701266.0340261,0.006758213043212891
18a06ef6d20e45a7a73b80c628e999cf,k-means,warm,exec,queue,0.04850435256958008,4.76837158203125e-07,2.384185791015625e-07,1609701266.9011497,1609701267.1426537,0.24150395393371582,1609701266.9919186,1609701266.9998977,0.007979154586791992
6d4b9bc6615a426ea16202effe6e4268,k-means,warm,exec,queue,0.05382347106933594,2.384185791015625e-07,0.0,1609701266.9040425,1609701267.4107661,0.5067236423492432,1609701266.9943955,1609701266.9994102,0.005014657974243164
076f3449ee9b46269c35e667ecc46cbb,k-means,warm,exec,queue,0.0200498104095459,2.384185791015625e-07,2.384185791015625e-07,1609701266.906205,1609701267.4423277,0.5361227989196777,1609701266.9618292,1609701266.970357,0.008527755737304688
227ac2306ced459f8dacf2d6f0469096,k-means,warm,exec,queue,0.025898456573486328,4.76837158203125e-07,4.76837158203125e-07,1609701266.9083364,1609701267.093299,0.18496251106262207,1609701266.9641423,1609701266.9689987,0.0048563480377197266
4e5f66fe85674c1f9959a9e9fa53c61f,k-means,warm,exec,queue,0.03094768524169922,4.76837158203125e-07,2.384185791015625e-07,1609701266.9102383,1609701267.3765402,0.46630191802978516,1609701266.9674811,1609701266.9744487,0.0069675445556640625
e821c5bfa9514978b1f2f9bb1210873c,k-means,warm,exec,queue,0.035738229751586914,2.384185791015625e-07,2.384185791015625e-07,1609701266.9117715,1609701267.439341,0.5275695323944092,1609701266.9754064,1609701266.9846766,0.009270191192626953
119903948cb245a7814ed460d5af8dbd,k-means,warm,exec,queue,0.04086756706237793,4.76837158203125e-07,0.0,1609701266.9133255,1609701267.3294792,0.4161536693572998,1609701266.9783242,1609701266.9846547,0.0063304901123046875
ccadfb01b8dd4e5497158942d2110ac7,k-means,warm,exec,queue,0.04552412033081055,2.384185791015625e-07,2.384185791015625e-07,1609701266.914858,1609701267.4708486,0.55599045753479,1609701266.9843876,1609701266.992251,0.007863283157348633
5bfc76d441424f0dad72611334e7062d,k-means,warm,exec,queue,0.01461172103881836,2.384185791015625e-07,2.384185791015625e-07,1609701266.9164095,1609701267.184594,0.2681844234466553,1609701266.9497633,1609701266.9574249,0.007661581039428711
0ed44a349f7e44bfa42d55202c314565,k-means,warm,exec,queue,0.009362220764160156,2.384185791015625e-07,4.76837158203125e-07,1609701266.9180663,1609701267.3744726,0.4564063549041748,1609701266.9452784,1609701266.9538388,0.008560419082641602
93aa2a1e7cf84d14bdeb51005778a9dd,k-means,warm,exec,queue,0.004633903503417969,4.76837158203125e-07,2.384185791015625e-07,1609701266.9196136,1609701267.3300905,0.4104769229888916,1609701266.9415293,1609701266.9500177,0.00848841667175293
fbec40c74cc24422923a66e8be0f6884,video,warm,exec,queue,0.016355276107788086,2.384185791015625e-07,2.384185791015625e-07,1609701266.921154,1609701267.4687052,0.547551155090332,1609701266.9628606,1609701266.9792004,0.016339778900146484
0cbdea13cf0040f29153b4198dae560a,k-means,warm,exec,queue,0.004130125045776367,4.76837158203125e-07,2.384185791015625e-07,1609701267.9005365,1609701268.021715,0.12117838859558105,1609701267.9423175,1609701267.9490614,0.006743907928466797
8ebfdef5f4424feaa03e851c8f3b0638,k-means,warm,exec,queue,0.030255794525146484,2.384185791015625e-07,2.384185791015625e-07,1609701267.9047508,1609701268.1990147,0.2942638397216797,1609701267.9693556,1609701267.9749174,0.00556182861328125
bf118c09123a4cdd9a72cb3ee4e9485d,k-means,warm,exec,queue,0.035744667053222656,2.384185791015625e-07,0.0,1609701267.907352,1609701268.1986377,0.29128575325012207,1609701267.9743216,1609701267.9798238,0.005502223968505859
f39328da985643c199b7abfb09947d52,k-means,warm,exec,queue,0.04028964042663574,2.384185791015625e-07,2.384185791015625e-07,1609701267.9099548,1609701268.1978598,0.2879049777984619,1609701267.9806776,1609701267.9873364,0.006658792495727539
27ac05035efa4762ad581432dcdb2cde,k-means,warm,exec,queue,0.04487347602844238,2.384185791015625e-07,2.384185791015625e-07,1609701267.9127977,1609701268.1982594,0.2854616641998291,1609701267.985876,1609701267.9930298,0.007153749465942383
45f011281a5f424bb604be23e2c5477a,k-means,warm,exec,queue,0.0501561164855957,4.76837158203125e-07,4.76837158203125e-07,1609701267.9143956,1609701268.193563,0.27916741371154785,1609701267.9933705,1609701267.9988875,0.005517005920410156
288c017bc5b14ccf8b175dc1c199482e,k-means,warm,exec,queue,0.012521505355834961,4.76837158203125e-07,2.384185791015625e-07,1609701267.915991,1609701268.192926,0.2769348621368408,1609701267.9468951,1609701267.9539232,0.007028102874755859
df84d023593a4d82ac30efd4fab96d9c,k-means,warm,exec,queue,0.01716470718383789,4.76837158203125e-07,2.384185791015625e-07,1609701267.9175873,1609701268.1897902,0.2722029685974121,1609701267.9529576,1609701267.9616315,0.008673906326293945
3737ca8e33fc42c98cf14ef8221be7db,k-means,warm,exec,queue,0.022785425186157227,2.384185791015625e-07,2.384185791015625e-07,1609701267.9191792,1609701268.0972893,0.17811012268066406,1609701267.959046,1609701267.9648724,0.005826473236083984
53add34ce6d242958fd072a69de8505c,k-means,warm,exec,queue,0.027301788330078125,7.152557373046875e-07,2.384185791015625e-07,1609701267.9209235,1609701268.0369468,0.11602330207824707,1609701267.96305,1609701267.9683867,0.005336761474609375
8545d331a96b43b289e80b6c445efc35,k-means,warm,exec,queue,0.007704973220825195,4.76837158203125e-07,0.0,1609701267.9225373,1609701268.023632,0.10109472274780273,1609701267.9432213,1609701267.9509547,0.007733345031738281
b57f77155f88463199017dcce805cdcf,k-means,warm,exec,queue,0.0017561912536621094,2.384185791015625e-07,2.384185791015625e-07,1609701268.9095857,1609701269.0437737,0.13418793678283691,1609701268.9552164,1609701268.962291,0.007074594497680664
84ba855a36cc4820a6d3ce0aa82c01b0,k-means,warm,exec,queue,0.03653383255004883,2.384185791015625e-07,0.0,1609701268.9138007,1609701269.2240381,0.31023740768432617,1609701268.994053,1609701269.0010214,0.006968498229980469
97c0f02fcbfa44cca44f64328c1542bc,k-means,warm,exec,queue,0.04114365577697754,2.384185791015625e-07,2.384185791015625e-07,1609701268.916404,1609701269.0732026,0.1567986011505127,1609701268.9940057,1609701268.9984329,0.004427194595336914
abd465737c1e4a16954f1b101b2d7b62,k-means,warm,exec,queue,0.045983314514160156,2.384185791015625e-07,2.384185791015625e-07,1609701268.9189734,1609701269.1590328,0.24005937576293945,1609701269.0004454,1609701269.0055776,0.005132198333740234
7e097140c5a4460eb602469b449b3a15,k-means,warm,exec,queue,0.05064058303833008,0.0,2.384185791015625e-07,1609701268.9212694,1609701269.1819773,0.2607078552246094,1609701269.00529,1609701269.0112863,0.005996227264404297
74d35448b36347988fa6ddc7be0154c8,k-means,warm,exec,queue,0.05605721473693848,2.384185791015625e-07,0.0,1609701268.9227965,1609701269.1267898,0.2039933204650879,1609701269.0111864,1609701269.017317,0.006130695343017578
8eee3b18d6664ea7965277d96dacd4c0,k-means,warm,exec,queue,0.017413854598999023,4.76837158203125e-07,0.0,1609701268.9243326,1609701269.1836696,0.2593369483947754,1609701268.974195,1609701268.982365,0.008169889450073242
bb94ac81e17e4b3ea4ddf7148ac58e57,k-means,warm,exec,queue,0.022161245346069336,4.76837158203125e-07,2.384185791015625e-07,1609701268.9258547,1609701269.1273878,0.20153307914733887,1609701268.976583,1609701268.982663,0.006079912185668945
1e9bf19b37d44d0d8db9f6bda4de389c,k-means,warm,exec,queue,0.026956796646118164,4.76837158203125e-07,2.384185791015625e-07,1609701268.928133,1609701269.185443,0.2573099136352539,1609701268.9779704,1609701268.9838676,0.0058972835540771484
b5320a5944454f65bdd8e4fa6446569f,k-means,warm,exec,queue,0.03212380409240723,2.384185791015625e-07,2.384185791015625e-07,1609701268.9299788,1609701269.07488,0.14490103721618652,1609701268.9835205,1609701268.991717,0.008196592330932617
7ad6e751bc2043c1928f5efd917d3ff5,k-means,warm,exec,queue,0.011914730072021484,2.384185791015625e-07,0.0,1609701268.9315102,1609701269.0431848,0.11167454719543457,1609701268.96165,1609701268.9697266,0.008076667785644531
94e0f22157ba4a57a9347842e0577eba,k-means,warm,exec,queue,0.00819253921508789,4.76837158203125e-07,2.384185791015625e-07,1609701268.933064,1609701269.0404353,0.10737133026123047,1609701268.956797,1609701268.9649928,0.008195877075195312
ea17175eaf8e49d78b7a8a17ce9750ee,video,warm,exec,queue,0.014812946319580078,4.76837158203125e-07,2.384185791015625e-07,1609701268.9345946,1609701269.123804,0.1892094612121582,1609701268.9775202,1609701268.9940012,0.01648092269897461
b8e9e9faf40f41318de3dacd52270c11,k-means,warm,exec,queue,0.007124423980712891,7.152557373046875e-07,2.384185791015625e-07,1609701269.9083738,1609701270.07959,0.17121624946594238,1609701269.9624772,1609701269.9707856,0.00830841064453125
809a809ead5e4a6683dc7de26a136c93,k-means,warm,exec,queue,0.05031228065490723,2.384185791015625e-07,2.384185791015625e-07,1609701269.9125605,1609701270.181325,0.2687644958496094,1609701270.0082448,1609701270.0144775,0.006232738494873047
491da235b20f48289d004020b12672ff,k-means,warm,exec,queue,0.05538535118103027,2.384185791015625e-07,2.384185791015625e-07,1609701269.9151363,1609701270.1853728,0.2702364921569824,1609701270.013358,1609701270.0178313,0.004473209381103516
d9ff651fa0294f198d6928b24ed0b895,k-means,warm,exec,queue,0.060538530349731445,4.76837158203125e-07,2.384185791015625e-07,1609701269.9177666,1609701270.2426405,0.3248739242553711,1609701270.020812,1609701270.0276744,0.0068624019622802734
e50c14e8bd82452393fd5a1b65a7bb2c,k-means,warm,exec,queue,0.03277873992919922,2.384185791015625e-07,0.0,1609701269.9206688,1609701270.4604893,0.5398204326629639,1609701269.9875379,1609701269.994067,0.006529092788696289
ab51e12fd504487284aa0141d6e99e44,k-means,warm,exec,queue,0.037660837173461914,2.384185791015625e-07,2.384185791015625e-07,1609701269.9222946,1609701270.184978,0.2626833915710449,1609701269.9920897,1609701269.999292,0.0072021484375
af2a0b5f9fb6445b97e4b8d355bc8e9b,k-means,warm,exec,queue,0.042021751403808594,2.384185791015625e-07,0.0,1609701269.923849,1609701270.1819406,0.25809144973754883,1609701269.9970171,1609701270.0039878,0.006970643997192383
6f8b27f154cb4d40b31443b66ba8dcbf,k-means,warm,exec,queue,0.04743766784667969,2.384185791015625e-07,2.384185791015625e-07,1609701269.9254282,1609701270.177198,0.2517697811126709,1609701270.001501,1609701270.006323,0.0048220157623291016
08184bf768ed4723bad521a50309a45f,k-means,warm,exec,queue,0.028276920318603516,2.384185791015625e-07,2.384185791015625e-07,1609701269.9269824,1609701270.1824992,0.25551676750183105,1609701269.9824862,1609701269.9904013,0.007915019989013672
d7a4fe190f1746f18b02c2c6a6d8647e,k-means,warm,exec,queue,0.02123284339904785,2.384185791015625e-07,2.384185791015625e-07,1609701269.9286866,1609701270.2455993,0.3169126510620117,1609701269.972925,1609701269.9806654,0.007740497589111328
ebaa719b77a045e9ada13171e37e2b8a,k-means,warm,exec,queue,0.0167999267578125,4.76837158203125e-07,4.76837158203125e-07,1609701269.9302392,1609701270.078988,0.14874887466430664,1609701269.9681451,1609701269.9770732,0.008928060531616211
f73b895fdfbb49bc995d3744cae8e4d6,k-means,warm,exec,queue,0.011929035186767578,2.384185791015625e-07,2.384185791015625e-07,1609701269.93179,1609701270.0760982,0.14430809020996094,1609701269.96259,1609701269.9710476,0.008457660675048828
1e4fb1ee4c304847b6282013b31f31fe,k-means,warm,exec,queue,0.06529664993286133,2.384185791015625e-07,4.76837158203125e-07,1609701269.9333563,1609701270.2462084,0.312852144241333,1609701270.0245204,1609701270.0287793,0.004258871078491211
83a8d1dbf98f436abcc52e016ac9bbf4,k-means,warm,exec,queue,0.07069563865661621,4.76837158203125e-07,2.384185791015625e-07,1609701269.9350262,1609701270.142039,0.20701289176940918,1609701270.0308688,1609701270.0364726,0.005603790283203125
04f18278fe28441eba6cb612366361ba,matmul,warm,exec,queue,0.016815185546875,2.384185791015625e-07,2.384185791015625e-07,1609701269.93658,1609701270.100242,0.16366195678710938,1609701269.983258,1609701269.9950101,0.011752128601074219
7463f7ebe54043a19cfa4745c8bacdcf,k-means,warm,exec,queue,0.007230281829833984,2.384185791015625e-07,0.0,1609701270.9034004,1609701271.002007,0.09860658645629883,1609701270.941569,1609701270.9479938,0.006424665451049805
be4d8af5b17f4895a462d7df9f00336b,k-means,warm,exec,queue,0.01553201675415039,2.384185791015625e-07,2.384185791015625e-07,1609701270.906924,1609701271.1271183,0.22019433975219727,1609701270.956487,1609701270.964212,0.0077250003814697266
33aa8a9c52ec427fa0798c6a51a7c2c7,k-means,warm,exec,queue,0.020082950592041016,2.384185791015625e-07,0.0,1609701270.9100723,1609701271.0485196,0.13844728469848633,1609701270.9576955,1609701270.963364,0.0056684017181396484
6de7de1bc8d7412eb7b42f134481ed5f,k-means,warm,exec,queue,0.025483131408691406,4.76837158203125e-07,0.0,1609701270.9121761,1609701271.0468326,0.13465642929077148,1609701270.963952,1609701270.970161,0.006208896636962891
673c7449ba904c42b2a217c1a5f5905b,k-means,warm,exec,queue,0.03072977066040039,2.384185791015625e-07,2.384185791015625e-07,1609701270.9139092,1609701271.2289019,0.31499266624450684,1609701270.9704173,1609701270.976103,0.0056858062744140625
a0603723fe3b4d14afc7eea98acc9bc8,k-means,warm,exec,queue,0.035608768463134766,2.384185791015625e-07,4.76837158203125e-07,1609701270.915412,1609701271.1265066,0.21109461784362793,1609701270.9768627,1609701270.9819958,0.005133152008056641
538386ffa5684f62b3ddec3bc8cbf345,k-means,warm,exec,queue,0.04056406021118164,4.76837158203125e-07,0.0,1609701270.9169495,1609701271.0785139,0.16156435012817383,1609701270.9823587,1609701270.9884179,0.006059169769287109
91d883b6813c4befaa598337a6b620f6,k-means,warm,exec,queue,0.046117544174194336,4.76837158203125e-07,2.384185791015625e-07,1609701270.9184518,1609701271.1237674,0.20531558990478516,1609701270.989586,1609701270.9967074,0.00712132453918457
c682c44a9fa84c9b879f3888f73ccef5,k-means,warm,exec,queue,0.05152416229248047,2.384185791015625e-07,2.384185791015625e-07,1609701270.9200008,1609701271.122051,0.20205020904541016,1609701270.9925327,1609701270.9993565,0.00682377815246582
156f6063888b457686cb122f98382e12,k-means,warm,exec,queue,0.0569915771484375,7.152557373046875e-07,2.384185791015625e-07,1609701270.9216478,1609701271.320865,0.3992171287536621,1609701270.9984946,1609701271.0039303,0.0054357051849365234
0bc3ffab88c64a799b366aca86156d9a,k-means,warm,exec,queue,0.011754512786865234,2.384185791015625e-07,0.0,1609701270.923132,1609701271.120117,0.19698500633239746,1609701270.9483209,1609701270.95554,0.007219076156616211
36c055bb51e64dbaa75cba5ecf54edea,video,warm,exec,queue,0.018742799758911133,2.384185791015625e-07,0.0,1609701270.9246361,1609701271.0450587,0.1204226016998291,1609701270.9574585,1609701270.9735332,0.016074657440185547
e34fd3a928da49579b5fc92ddb3385ec,k-means,warm,exec,queue,0.004521608352661133,4.76837158203125e-07,2.384185791015625e-07,1609701271.9059598,1609701272.0599248,0.15396499633789062,1609701271.9533725,1609701271.9622903,0.008917808532714844
f51fd319bffb447e83394f18303f4e4f,k-means,warm,exec,queue,0.009278535842895508,7.152557373046875e-07,2.384185791015625e-07,1609701271.9102764,1609701272.0563946,0.1461181640625,1609701271.9528947,1609701271.9615867,0.008692026138305664
423ff2706684451bbc3ec29319551d73,k-means,warm,exec,queue,0.052460670471191406,2.384185791015625e-07,2.384185791015625e-07,1609701271.9129207,1609701272.2055905,0.29266977310180664,1609701272.003085,1609701272.0091014,0.00601649284362793
a2d841b2f0094b779b060c44972e2df4,k-means,warm,exec,queue,0.04714345932006836,4.76837158203125e-07,0.0,1609701271.915504,1609701272.0889993,0.17349529266357422,1609701271.995939,1609701272.001032,0.005093097686767578
cde735596e7541f282f9f82551b59028,k-means,warm,exec,queue,0.04201197624206543,4.76837158203125e-07,2.384185791015625e-07,1609701271.9184408,1609701272.2225792,0.3041384220123291,1609701271.9926121,1609701271.9978724,0.0052602291107177734
eb26d1f621ba471e945ef166d02f3db9,k-means,warm,exec,queue,0.03693437576293945,4.76837158203125e-07,2.384185791015625e-07,1609701271.9208424,1609701272.299602,0.37875962257385254,1609701271.987724,1609701271.9949706,0.007246494293212891
2422378f5a1e4e4db8cf2ae8d9a822e9,k-means,warm,exec,queue,0.03197526931762695,2.384185791015625e-07,4.76837158203125e-07,1609701271.92244,1609701272.2565424,0.3341023921966553,1609701271.979543,1609701271.9862273,0.006684303283691406
24dbbe1bd2af404f9fcab61eb3dfe4f6,k-means,warm,exec,queue,0.013183116912841797,2.384185791015625e-07,2.384185791015625e-07,1609701271.9240372,1609701272.0582206,0.13418340682983398,1609701271.9565785,1609701271.9643433,0.0077648162841796875
dd369651128c4a61bae84fecf2835f89,k-means,warm,exec,queue,0.017580032348632812,2.384185791015625e-07,2.384185791015625e-07,1609701271.9256635,1609701272.2050238,0.279360294342041,1609701271.9624486,1609701271.97111,0.008661508560180664
5ba9b21b4f234559bb603b987b881c04,k-means,warm,exec,queue,0.023064613342285156,2.384185791015625e-07,2.384185791015625e-07,1609701271.9273994,1609701272.2001233,0.272723913192749,1609701271.9743042,1609701271.9825494,0.008245229721069336
c57b6b7db2124b10afe61941433a01e5,k-means,warm,exec,queue,0.028589963912963867,2.384185791015625e-07,2.384185791015625e-07,1609701271.9290137,1609701272.0907357,0.16172194480895996,1609701271.9740644,1609701271.9809005,0.0068361759185791016
e433e1cb0f834892895a3ea58d0d7c3d,k-means,warm,exec,queue,0.05700039863586426,2.384185791015625e-07,2.384185791015625e-07,1609701271.930617,1609701272.204397,0.27377986907958984,1609701272.0068524,1609701272.0115206,0.004668235778808594
8c03318d53e54864b918445382d3b78f,k-means,warm,exec,queue,0.006559610366821289,2.384185791015625e-07,0.0,1609701272.9051368,1609701273.0155942,0.1104574203491211,1609701272.9434593,1609701272.9520867,0.00862741470336914
dd1744d36f0d4e9581ed028a9bc8125b,k-means,warm,exec,queue,0.05199718475341797,2.384185791015625e-07,4.76837158203125e-07,1609701272.909172,1609701273.092969,0.18379688262939453,1609701272.9953535,1609701273.0020802,0.006726741790771484
7323d82c92414277936032ec247efc8c,k-means,warm,exec,queue,0.04678153991699219,4.76837158203125e-07,2.384185791015625e-07,1609701272.9109585,1609701273.1535628,0.24260425567626953,1609701272.9920363,1609701272.9983015,0.006265163421630859
798fdf9e6a814878a410435b3d409ea7,k-means,warm,exec,queue,0.04194283485412598,4.76837158203125e-07,2.384185791015625e-07,1609701272.9127588,1609701273.0946977,0.18193888664245605,1609701272.9849615,1609701272.9936147,0.00865316390991211
bee8cac9f7ba41f0aaa52f1d4d644c96,k-means,warm,exec,queue,0.03716611862182617,2.384185791015625e-07,0.0,1609701272.9144495,1609701273.0964239,0.1819744110107422,1609701272.977681,1609701272.984234,0.006553173065185547
a5574ea4f1374b6685766777519b8c53,k-means,warm,exec,queue,0.03182053565979004,2.384185791015625e-07,2.384185791015625e-07,1609701272.9159508,1609701273.1519592,0.2360084056854248,1609701272.973461,1609701272.9794226,0.00596165657043457
0a680793a3ed4203bf4e284649fd574f,k-means,warm,exec,queue,0.026578664779663086,2.384185791015625e-07,2.384185791015625e-07,1609701272.9174845,1609701273.1191778,0.20169329643249512,1609701272.9658024,1609701272.9703934,0.0045909881591796875
e8dbd955342641c7b8cf15965105f2d2,k-means,warm,exec,queue,0.021630525588989258,2.384185791015625e-07,2.384185791015625e-07,1609701272.918984,1609701273.0406325,0.12164855003356934,1609701272.96192,1609701272.9685323,0.006612300872802734
21fc1cfc44f14f27acef62d62da45c24,k-means,warm,exec,queue,0.01464080810546875,2.384185791015625e-07,2.384185791015625e-07,1609701272.9205074,1609701273.0167496,0.09624218940734863,1609701272.9544723,1609701272.9630373,0.008564949035644531
026fdb276dbb401c8572615803bed35e,video,warm,exec,queue,0.02147650718688965,2.384185791015625e-07,2.384185791015625e-07,1609701272.9221287,1609701273.150067,0.22793841361999512,1609701272.9629138,1609701272.9798698,0.016956090927124023
c20387817ddd4f0d89361bd25daeb85b,k-means,warm,exec,queue,0.009825468063354492,4.76837158203125e-07,2.384185791015625e-07,1609701272.9236276,1609701273.0911925,0.16756486892700195,1609701272.94807,1609701272.955448,0.0073778629302978516
59887d0fa2e44632ba38a76c4b4657de,k-means,warm,exec,queue,0.05781722068786621,4.76837158203125e-07,2.384185791015625e-07,1609701272.9251294,1609701273.1174047,0.1922752857208252,1609701273.001061,1609701273.0056648,0.004603862762451172
a41683500c724cb983dc3a661ff93696,k-means,warm,exec,queue,0.006465911865234375,2.384185791015625e-07,2.384185791015625e-07,1609701273.9098153,1609701274.0344346,0.1246192455291748,1609701273.9564443,1609701273.965333,0.008888721466064453
ff20f713f5c84fcb9b10f8f3eae008de,k-means,warm,exec,queue,0.05030512809753418,2.384185791015625e-07,4.76837158203125e-07,1609701273.9142523,1609701274.316279,0.4020266532897949,1609701274.0062015,1609701274.01119,0.004988431930541992
cd7f87091a5c4bcaa71afd965e220b3e,k-means,warm,exec,queue,0.05521655082702637,2.384185791015625e-07,0.0,1609701273.916904,1609701274.1484387,0.23153471946716309,1609701274.010496,1609701274.0156507,0.005154848098754883
0e501ff4a9f141b1ab00fd23d27b55e9,k-means,warm,exec,queue,0.06045126914978027,2.384185791015625e-07,0.0,1609701273.9194953,1609701274.143297,0.2238016128540039,1609701274.0171976,1609701274.0224328,0.005235195159912109
18d665c0b10241e0834c46fd211cd8ea,k-means,warm,exec,queue,0.025526046752929688,7.152557373046875e-07,2.384185791015625e-07,1609701273.9224215,1609701274.1773422,0.25492072105407715,1609701273.976575,1609701273.9812942,0.004719257354736328
212c8c95ea184ddf8eea100b1083e4a1,k-means,warm,exec,queue,0.03047943115234375,2.384185791015625e-07,2.384185791015625e-07,1609701273.9248347,1609701274.3117352,0.3869004249572754,1609701273.9823625,1609701273.987326,0.004963397979736328
d23b8d06fee844ca866245fe5edfc949,k-means,warm,exec,queue,0.03627896308898926,4.76837158203125e-07,2.384185791015625e-07,1609701273.9264195,1609701274.3141842,0.38776469230651855,1609701273.9939764,1609701274.0010717,0.0070953369140625
ff543594769240ba863bde6d2bb45eb1,k-means,warm,exec,queue,0.04152703285217285,2.384185791015625e-07,0.0,1609701273.9280057,1609701274.3147194,0.38671374320983887,1609701273.9938364,1609701273.9981647,0.004328250885009766
67c31f7f62944b8295c045586dc51f58,k-means,warm,exec,queue,0.04638934135437012,2.384185791015625e-07,0.0,1609701273.929598,1609701274.147812,0.21821379661560059,1609701273.9995975,1609701274.0073318,0.0077342987060546875
1eebd15640f44f98a45407ac8e4c8ece,k-means,warm,exec,queue,0.02050948143005371,4.76837158203125e-07,2.384185791015625e-07,1609701273.9313087,1609701274.0690594,0.13775062561035156,1609701273.9731104,1609701273.9814112,0.00830078125
625fa5ce17c34cfb8bbdf787e7f30a25,k-means,warm,exec,queue,0.015131235122680664,2.384185791015625e-07,2.384185791015625e-07,1609701273.932897,1609701274.0676248,0.13472771644592285,1609701273.965329,1609701273.9739194,0.008590459823608398
fb2aec9970cd4d0fbf0f5fe2efef7cac,k-means,warm,exec,queue,0.010237455368041992,4.76837158203125e-07,2.384185791015625e-07,1609701273.9344823,1609701274.0355434,0.10106110572814941,1609701273.9591706,1609701273.9668176,0.007647037506103516
5839bd68cccd4040b7e9ffb74ed93b36,k-means,warm,exec,queue,0.06586408615112305,2.384185791015625e-07,2.384185791015625e-07,1609701273.9360757,1609701274.145072,0.20899629592895508,1609701274.0217278,1609701274.0280132,0.006285429000854492
a089d5e67cde4cadbbb2ecbc110960dc,k-means,warm,exec,queue,7.319450378417969e-05,2.384185791015625e-07,2.384185791015625e-07,1609701274.9097836,1609701275.0376933,0.12790966033935547,1609701274.9513981,1609701274.958858,0.007459878921508789
4583cc3754464eb4b470ea7f06b3459c,video,warm,exec,queue,0.019251585006713867,2.384185791015625e-07,2.384185791015625e-07,1609701274.9136038,1609701275.3589103,0.44530653953552246,1609701274.9693246,1609701274.9855745,0.016249895095825195
4095b9e664de4923af124c4e4f2a475d,k-means,warm,exec,queue,0.0049741268157958984,2.384185791015625e-07,0.0,1609701274.915874,1609701275.0393493,0.12347531318664551,1609701274.9530427,1609701274.9614258,0.008383035659790039
f992f6df29594dfc8763cb5c0d7967fd,k-means,warm,exec,queue,0.047397613525390625,2.384185791015625e-07,2.384185791015625e-07,1609701274.9176369,1609701275.2574072,0.3397703170776367,1609701274.9986105,1609701275.0056536,0.007043123245239258
a2bb2edba37d466c82b7cba70b75b626,k-means,warm,exec,queue,0.009797811508178711,4.76837158203125e-07,4.76837158203125e-07,1609701274.9193785,1609701275.1043565,0.18497800827026367,1609701274.9579427,1609701274.966497,0.008554220199584961
2e6be2627f3a47aaaa31bba1f4e4aafd,k-means,warm,exec,queue,0.014182806015014648,2.384185791015625e-07,0.0,1609701274.9209325,1609701275.290919,0.36998653411865234,1609701274.962802,1609701274.9711468,0.008344888687133789
3dcf14bcca1e4e09ac28f734f45e61de,k-means,warm,exec,queue,0.021188020706176758,4.76837158203125e-07,2.384185791015625e-07,1609701274.9224834,1609701275.0725594,0.15007591247558594,1609701274.9699867,1609701274.9766483,0.006661653518676758
88b2cc6feca04e4c9871a4a62e9b34ac,k-means,warm,exec,queue,0.026014089584350586,2.384185791015625e-07,0.0,1609701274.9240305,1609701275.3625827,0.4385521411895752,1609701274.975349,1609701274.9826574,0.007308483123779297
81ef8cbcd13445439eaa495f0e139771,k-means,warm,exec,queue,0.031020402908325195,2.384185791015625e-07,0.0,1609701274.9256008,1609701275.2592921,0.3336913585662842,1609701274.979904,1609701274.9846911,0.0047872066497802734
f33ead4d71814ce096488759c242b1e1,k-means,warm,exec,queue,0.03560757637023926,2.384185791015625e-07,2.384185791015625e-07,1609701274.927256,1609701275.070733,0.1434769630432129,1609701274.9888487,1609701274.9955595,0.00671076774597168
99df114e50aa4b26b695f67a8d50f541,k-means,warm,exec,queue,0.04218888282775879,2.384185791015625e-07,0.0,1609701274.9288087,1609701275.361912,0.4331033229827881,1609701274.9929142,1609701274.9974723,0.004558086395263672
e8a53593e87c4ac5929e8362df856741,matmul,warm,exec,queue,0.017057180404663086,2.384185791015625e-07,2.384185791015625e-07,1609701274.9303381,1609701275.3646533,0.43431520462036133,1609701274.9707742,1609701274.980446,0.009671926498413086
67aadbcef6d04d13b768e0de56d808b1,map_reduce,warm,exec,queue,0.021518230438232422,2.384185791015625e-07,2.384185791015625e-07,1609701274.9319627,1609701275.1546905,0.22272777557373047,1609701274.9754777,1609701275.0610237,0.08554601669311523
d774eaa61bf544febeb046bf17b3414c,k-means,warm,exec,queue,0.003761768341064453,4.76837158203125e-07,2.384185791015625e-07,1609701275.9075067,1609701276.0320554,0.12454867362976074,1609701275.9512205,1609701275.9593365,0.008116006851196289
8cf9a0c10be449bca934a7d0a05cf8ec,k-means,warm,exec,queue,0.05095243453979492,4.76837158203125e-07,2.384185791015625e-07,1609701275.9117203,1609701276.1139672,0.20224690437316895,1609701276.0007093,1609701276.0069468,0.006237506866455078
f995d9fde45945bcb05ea3da82ea432d,k-means,warm,exec,queue,0.04620623588562012,4.76837158203125e-07,2.384185791015625e-07,1609701275.9143648,1609701276.2405689,0.3262040615081787,1609701275.9970725,1609701276.0040789,0.007006406784057617
4a31babb944247248108180dcdaf16fc,k-means,warm,exec,queue,0.040740966796875,2.384185791015625e-07,2.384185791015625e-07,1609701275.9169557,1609701276.2171075,0.3001518249511719,1609701275.98963,1609701275.9948626,0.005232572555541992
be3fb3ceaf3e49319df67779b63b0bb5,k-means,warm,exec,queue,0.036243438720703125,2.384185791015625e-07,2.384185791015625e-07,1609701275.9198227,1609701276.1646852,0.24486255645751953,1609701275.9843197,1609701275.9912667,0.006947040557861328
3839a73f469a4f3ab760322f2fe57464,k-means,warm,exec,queue,0.03139090538024902,2.384185791015625e-07,2.384185791015625e-07,1609701275.9217484,1609701276.166576,0.2448275089263916,1609701275.9776554,1609701275.9822137,0.0045583248138427734
2253989fcb38419d9b9b06e64c7f88b6,k-means,warm,exec,queue,0.02593827247619629,2.384185791015625e-07,2.384185791015625e-07,1609701275.9233246,1609701276.0652401,0.14191555976867676,1609701275.9735627,1609701275.9785836,0.005020856857299805
dd8f79f4ffa349c9b1996cc14821527b,k-means,warm,exec,queue,0.007989645004272461,2.384185791015625e-07,0.0,1609701275.924911,1609701276.030174,0.10526299476623535,1609701275.9517345,1609701275.9603727,0.008638143539428711
fd97804452b244afbeb1e9c7fc98b7db,k-means,warm,exec,queue,0.012768030166625977,4.76837158203125e-07,4.76837158203125e-07,1609701275.9264848,1609701276.1172557,0.19077086448669434,1609701275.9558465,1609701275.963844,0.007997512817382812
e8f37463b44a47648ba547ced66ebc2c,k-means,warm,exec,queue,0.01726388931274414,2.384185791015625e-07,0.0,1609701275.9281876,1609701276.1156435,0.1874558925628662,1609701275.9606652,1609701275.9680378,0.007372617721557617
8094f182b26c4ffea81da7303fdeb0d3,k-means,warm,exec,queue,0.023136138916015625,2.384185791015625e-07,2.384185791015625e-07,1609701275.9297442,1609701276.0633678,0.13362360000610352,1609701275.971126,1609701275.977149,0.006022930145263672
d044f5e3f20e4c13a38635d1ebf47ad0,k-means,warm,exec,queue,7.271766662597656e-05,4.76837158203125e-07,4.76837158203125e-07,1609701276.9093328,1609701277.028352,0.1190192699432373,1609701276.947169,1609701276.9557834,0.008614301681518555
29541516e68243aca767986e1a22cb96,video,warm,exec,queue,0.021816730499267578,0.0,2.384185791015625e-07,1609701276.912693,1609701277.1882796,0.2755866050720215,1609701276.967292,1609701276.9841201,0.016828060150146484
7aecec83813a4c9f81806bb88704b75e,k-means,warm,exec,queue,0.005894184112548828,2.384185791015625e-07,0.0,1609701276.9147148,1609701277.0301728,0.11545801162719727,1609701276.9472451,1609701276.9557757,0.008530616760253906
73a8d52bb3ae4b33b61c854bb24b2982,k-means,warm,exec,queue,0.015276432037353516,2.384185791015625e-07,2.384185791015625e-07,1609701276.9166691,1609701277.1914186,0.2747495174407959,1609701276.9583037,1609701276.968077,0.00977325439453125
f181bb60b364432d863f91151c0efe43,k-means,warm,exec,queue,0.021726131439208984,2.384185791015625e-07,0.0,1609701276.9184008,1609701277.0631318,0.1447310447692871,1609701276.9671357,1609701276.972196,0.005060434341430664
464a70e5e5d944d79fa592674379cee3,k-means,warm,exec,queue,0.026797056198120117,2.384185791015625e-07,2.384185791015625e-07,1609701276.91992,1609701277.0614126,0.14149260520935059,1609701276.970027,1609701276.9767501,0.006723165512084961
cabe608de06944a2bdadcf58066392a2,k-means,warm,exec,queue,0.03201436996459961,2.384185791015625e-07,2.384185791015625e-07,1609701276.9214516,1609701277.2214859,0.3000342845916748,1609701276.9771154,1609701276.983986,0.0068705081939697266
b2b9e21a45124fdfae2ee61cfcbffbb9,k-means,warm,exec,queue,0.036813974380493164,2.384185791015625e-07,2.384185791015625e-07,1609701276.9229903,1609701277.14501,0.22201967239379883,1609701276.9824176,1609701276.9888785,0.006460905075073242
d149182329ec43c1b3ee781bb577a118,k-means,warm,exec,queue,0.04156684875488281,4.76837158203125e-07,0.0,1609701276.924531,1609701277.1920311,0.2675001621246338,1609701276.9877474,1609701276.9953926,0.007645130157470703
3503c7b153da484fb7ce8e1c7d42f79c,k-means,warm,exec,queue,0.047278404235839844,2.384185791015625e-07,2.384185791015625e-07,1609701276.9261975,1609701277.2235487,0.2973511219024658,1609701276.9930844,1609701277.0002007,0.0071163177490234375
2d879ba0c85e466da0e0193ed095e6cb,k-means,warm,exec,queue,0.010025978088378906,2.384185791015625e-07,0.0,1609701276.9276998,1609701277.1281176,0.20041775703430176,1609701276.9516993,1609701276.9594693,0.007770061492919922
4434bc27f6f6459b81e186bb6656649c,k-means,warm,exec,queue,0.006786346435546875,4.76837158203125e-07,2.384185791015625e-07,1609701277.9148915,1609701278.0406358,0.12574434280395508,1609701277.9667463,1609701277.9755692,0.008822917938232422
f4a8b64b18ee46d69a5eebb4441c12b8,k-means,warm,exec,queue,0.04891347885131836,2.384185791015625e-07,0.0,1609701277.9186168,1609701278.157099,0.23848223686218262,1609701278.0109506,1609701278.0180326,0.0070819854736328125
7b80ed23c9fd463aa6257a8a5ebbeac2,k-means,warm,exec,queue,0.0536046028137207,4.76837158203125e-07,4.76837158203125e-07,1609701277.9211721,1609701278.3003109,0.379138708114624,1609701278.0178382,1609701278.024566,0.006727695465087891
eecd4f2d75ad4435856bf266ed956c08,k-means,warm,exec,queue,0.05857038497924805,2.384185791015625e-07,0.0,1609701277.924253,1609701278.1899261,0.2656731605529785,1609701278.0232854,1609701278.03041,0.007124662399291992
bce5223d6c5e4bafb616f646971b81e5,k-means,warm,exec,queue,0.02049875259399414,4.76837158203125e-07,2.384185791015625e-07,1609701277.9271228,1609701278.0802917,0.1531689167022705,1609701277.9773893,1609701277.9859183,0.008528947830200195
e84bc06625a743b6a93db217a5f25d69,k-means,warm,exec,queue,0.026230812072753906,2.384185791015625e-07,0.0,1609701277.9292488,1609701278.1165311,0.18728232383728027,1609701277.983685,1609701277.9922812,0.008596181869506836
7f31e22c4c3c4164b420b959b2fb929c,k-means,warm,exec,queue,0.031389713287353516,4.76837158203125e-07,2.384185791015625e-07,1609701277.9308012,1609701278.1918087,0.26100754737854004,1609701277.9898553,1609701277.9958823,0.0060269832611083984
bc10c953d6b44e03aec2b67027463dee,k-means,warm,exec,queue,0.03667330741882324,4.76837158203125e-07,2.384185791015625e-07,1609701277.9323707,1609701278.1183016,0.18593096733093262,1609701277.9952412,1609701278.0006595,0.005418300628662109
4cc16003852645a2b5263307023941a8,k-means,warm,exec,queue,0.0420682430267334,4.76837158203125e-07,2.384185791015625e-07,1609701277.933939,1609701278.1145957,0.18065667152404785,1609701278.0020065,1609701278.008887,0.006880521774291992
b89a9859bcc741d3a872ec6f541326da,k-means,warm,exec,queue,0.04651021957397461,2.384185791015625e-07,2.384185791015625e-07,1609701277.9356356,1609701278.1200237,0.1843881607055664,1609701278.0065448,1609701278.0115657,0.005020856857299805
4a58c83aea4b4f4cb370e6324430f372,k-means,warm,exec,queue,0.016067981719970703,2.384185791015625e-07,2.384185791015625e-07,1609701277.9372056,1609701278.0440276,0.10682201385498047,1609701277.9718187,1609701277.9803114,0.008492708206176758
f663ae96e78f4e4eb3aeee73fead876e,k-means,warm,exec,queue,0.011011123657226562,4.76837158203125e-07,2.384185791015625e-07,1609701277.9387615,1609701278.0434442,0.10468268394470215,1609701277.966477,1609701277.9750407,0.008563756942749023
4c006d855d314b5fa2f72d6ccc043434,k-means,warm,exec,queue,0.06323599815368652,7.152557373046875e-07,2.384185791015625e-07,1609701277.940332,1609701278.225128,0.28479599952697754,1609701278.0276625,1609701278.0342655,0.0066030025482177734
da4737979e5d4386b0ebba1a7b62c8ae,k-means,warm,exec,queue,0.0684051513671875,2.384185791015625e-07,2.384185791015625e-07,1609701277.9420269,1609701278.227205,0.28517818450927734,1609701278.0326495,1609701278.0387335,0.006083965301513672
5f3396306ab04ed59a85a23856d3be28,k-means,warm,exec,queue,7.677078247070312e-05,4.76837158203125e-07,2.384185791015625e-07,1609701278.9108334,1609701279.03576,0.12492656707763672,1609701278.9516811,1609701278.9603333,0.008652210235595703
7d8c0b883baf457e865a9cb4425da2d4,video,warm,exec,queue,0.02689981460571289,4.76837158203125e-07,2.384185791015625e-07,1609701278.914223,1609701279.1237068,0.20948386192321777,1609701278.977373,1609701278.9940846,0.016711711883544922
3d22a3d183b440be964f1fe7f375f082,k-means,warm,exec,queue,0.006539344787597656,7.152557373046875e-07,2.384185791015625e-07,1609701278.9159923,1609701279.036383,0.12039065361022949,1609701278.9522183,1609701278.960873,0.008654594421386719
55f6ff7f888a4c12a1fc7a918f91b72f,k-means,warm,exec,queue,0.011432409286499023,4.76837158203125e-07,2.384185791015625e-07,1609701278.9177651,1609701279.032904,0.11513876914978027,1609701278.9560301,1609701278.9644663,0.008436203002929688
d949dffdde8349fa88ff4924c915d3c4,k-means,warm,exec,queue,0.016754865646362305,2.384185791015625e-07,2.384185791015625e-07,1609701278.919707,1609701279.1022284,0.18252134323120117,1609701278.9618819,1609701278.9705842,0.008702278137207031
faf74b209bfa45d180e3665261288dc2,k-means,warm,exec,queue,0.021137237548828125,4.76837158203125e-07,2.384185791015625e-07,1609701278.921481,1609701279.099384,0.1779031753540039,1609701278.9760504,1609701278.9846764,0.008625984191894531
5d235995887444feb53827c526d72309,k-means,warm,exec,queue,0.025682687759399414,7.152557373046875e-07,2.384185791015625e-07,1609701278.9232152,1609701279.2014232,0.27820801734924316,1609701278.9762137,1609701278.9834697,0.007256031036376953
341108a1975f4d32a8fd232765b03a42,k-means,warm,exec,queue,0.0299224853515625,2.384185791015625e-07,2.384185791015625e-07,1609701278.9249396,1609701279.102814,0.17787432670593262,1609701278.97907,1609701278.9873755,0.008305549621582031
96f7319c6f6f43bc93201a8bfb58517a,k-means,warm,exec,queue,0.035119056701660156,2.384185791015625e-07,2.384185791015625e-07,1609701278.9264846,1609701279.0655327,0.13904809951782227,1609701278.982,1609701278.9902337,0.00823354721069336
972e0877022e4bb3b02caf64226275c7,k-means,warm,exec,queue,0.04033017158508301,2.384185791015625e-07,2.384185791015625e-07,1609701278.9281375,1609701279.2593157,0.3311781883239746,1609701278.996587,1609701279.005971,0.009383916854858398
9b9b69f2ad77412bb8b0da3c17666872,k-means,warm,exec,queue,0.0472569465637207,4.76837158203125e-07,2.384185791015625e-07,1609701278.9296803,1609701279.166095,0.23641467094421387,1609701278.998946,1609701279.004273,0.005326986312866211
4fc424bab5f34c4f9e8204c2619dc48e,k-means,warm,exec,queue,0.0009839534759521484,2.384185791015625e-07,2.384185791015625e-07,1609701279.9201071,1609701280.070211,0.15010380744934082,1609701279.9782403,1609701279.9860463,0.007806062698364258
6927620cfb9c43098a064ca24ae596f8,k-means,warm,exec,queue,0.06436014175415039,2.384185791015625e-07,2.384185791015625e-07,1609701279.924349,1609701280.3940623,0.4697132110595703,1609701280.0417502,1609701280.0462964,0.004546165466308594
357dd79dc0f043659e031a0cb9b4f76d,k-means,warm,exec,queue,0.06907272338867188,2.384185791015625e-07,0.0,1609701279.9269125,1609701280.3072214,0.3803088665008545,1609701280.046777,1609701280.053529,0.00675201416015625
24131f036b3d425fa05bdacee2d5be15,k-means,warm,exec,queue,0.07398343086242676,2.384185791015625e-07,2.384185791015625e-07,1609701279.9295197,1609701280.306644,0.3771243095397949,1609701280.0531938,1609701280.0578768,0.004683017730712891
a7fd0b4d5fd2475292bd9938bc884aa8,k-means,warm,exec,queue,0.07964539527893066,2.384185791015625e-07,0.0,1609701279.932378,1609701280.1342669,0.2018887996673584,1609701280.0597622,1609701280.0661373,0.00637507438659668
c57b2bedccff4c528c2bf5b2358ffd6d,k-means,warm,exec,queue,0.009032249450683594,2.384185791015625e-07,2.384185791015625e-07,1609701279.9339364,1609701280.067456,0.13351964950561523,1609701279.9789658,1609701279.987531,0.008565187454223633
b2d3e37546444a86b428d163330236ab,k-means,warm,exec,queue,0.013338088989257812,2.384185791015625e-07,0.0,1609701279.9354615,1609701280.302069,0.3666074275970459,1609701279.9818966,1609701279.9914033,0.009506702423095703
cdc68cde956a48e69d39067e5e1e094a,k-means,warm,exec,queue,0.018573284149169922,4.76837158203125e-07,4.76837158203125e-07,1609701279.9370015,1609701280.0697374,0.1327359676361084,1609701279.9889143,1609701279.9971848,0.008270502090454102
5bb44e021e07477da765fa861506d9ec,k-means,warm,exec,queue,0.023016691207885742,4.76837158203125e-07,2.384185791015625e-07,1609701279.9385288,1609701280.1595263,0.22099757194519043,1609701280.0021107,1609701280.010423,0.008312225341796875
62ae0439b01e4373b8d23e3ba8ec75ac,k-means,warm,exec,queue,0.03098773956298828,2.384185791015625e-07,2.384185791015625e-07,1609701279.940194,1609701280.1023803,0.1621863842010498,1609701280.0029616,1609701280.0094898,0.006528139114379883
1e158f37086c44eb919b789bbd58156f,k-means,warm,exec,queue,0.03594517707824707,0.0,0.0,1609701279.9417222,1609701280.1007636,0.1590414047241211,1609701280.0063589,1609701280.0118928,0.005533933639526367
def65d87f05a43778701d1827122233a,k-means,warm,exec,queue,0.0412440299987793,2.384185791015625e-07,0.0,1609701279.9432473,1609701280.2359514,0.29270410537719727,1609701280.0126843,1609701280.0203822,0.0076978206634521484
9b643373ba3447fe9682f7c93ab71a0a,k-means,warm,exec,queue,0.046324729919433594,2.384185791015625e-07,2.384185791015625e-07,1609701279.9447973,1609701280.3688786,0.42408132553100586,1609701280.0193317,1609701280.024247,0.0049152374267578125
4d50cd6b613547f9a4a8bdaceceafa9e,k-means,warm,exec,queue,0.05165910720825195,2.384185791015625e-07,0.0,1609701279.9467335,1609701280.3088214,0.3620879650115967,1609701280.025344,1609701280.0317366,0.006392717361450195
0a3b0c5dedaf479fbfc437f1d3773815,k-means,warm,exec,queue,0.056996822357177734,2.384185791015625e-07,0.0,1609701279.9482727,1609701280.13576,0.18748736381530762,1609701280.0301168,1609701280.0347776,0.004660844802856445
2f1df4b7eb2946468e3d99949d1f4aa7,k-means,warm,exec,queue,0.06224846839904785,2.384185791015625e-07,2.384185791015625e-07,1609701279.94983,1609701280.3959603,0.44613027572631836,1609701280.0384655,1609701280.046548,0.008082389831542969
090f894ebe044d8da8369fcca0090ba8,matmul,warm,exec,queue,0.022309541702270508,4.76837158203125e-07,2.384185791015625e-07,1609701279.9515328,1609701280.3040059,0.35247302055358887,1609701280.0044312,1609701280.0134618,0.009030580520629883
a432b58058344a0ca1ee1bc0b93e0e79,k-means,warm,exec,queue,0.002366781234741211,4.76837158203125e-07,0.0,1609701280.910262,1609701281.0123942,0.10213208198547363,1609701280.9413276,1609701280.9494336,0.008105993270874023
b484b21c51094ca194942c15c128f7fa,video,warm,exec,queue,0.015278339385986328,2.384185791015625e-07,2.384185791015625e-07,1609701280.9136317,1609701281.1127753,0.199143648147583,1609701280.9618237,1609701280.9786768,0.01685309410095215
64ef7addb3614b86aa7374afa96c482e,k-means,warm,exec,queue,0.03376889228820801,2.384185791015625e-07,2.384185791015625e-07,1609701280.9157622,1609701281.1884418,0.27267956733703613,1609701280.975321,1609701280.9810948,0.005773782730102539
f10f560b2c35456a97a6d8ba20670d9a,k-means,warm,exec,queue,0.029035091400146484,2.384185791015625e-07,2.384185791015625e-07,1609701280.9175472,1609701281.0487359,0.13118863105773926,1609701280.9684982,1609701280.9744756,0.0059773921966552734
fa9ab73094e24ba481ea254b31da26a9,k-means,warm,exec,queue,0.024491071701049805,2.384185791015625e-07,2.384185791015625e-07,1609701280.9190547,1609701281.0452719,0.12621712684631348,1609701280.963461,1609701280.968788,0.005326986312866211
fb589234d1dc493ebb40f848f7fd5c8c,k-means,warm,exec,queue,0.019928932189941406,2.384185791015625e-07,2.384185791015625e-07,1609701280.9207785,1609701281.0470476,0.12626910209655762,1609701280.9610293,1609701280.9670515,0.006022214889526367
697d9f67322447d3b8ef7db3e1afba5c,k-means,warm,exec,queue,0.006506443023681641,2.384185791015625e-07,2.384185791015625e-07,1609701280.9222925,1609701281.0722516,0.14995908737182617,1609701280.9428387,1609701280.9509726,0.008133888244628906
aec0949bfa8f45c19d68ae144c6bb4e8,k-means,warm,exec,queue,0.011090993881225586,7.152557373046875e-07,2.384185791015625e-07,1609701280.9238067,1609701281.014229,0.09042239189147949,1609701280.9474502,1609701280.9544988,0.007048606872558594
b479c02e59434b6b9e43083e5a952a82,k-means,warm,exec,queue,0.015719175338745117,2.384185791015625e-07,2.384185791015625e-07,1609701280.9253452,1609701281.070474,0.14512872695922852,1609701280.9531348,1609701280.9606333,0.007498502731323242
bb34b81491b34c8abc437da6bc2b9f6a,k-means,warm,exec,queue,0.0011074542999267578,4.76837158203125e-07,4.76837158203125e-07,1609701281.9144979,1609701282.0307405,0.11624264717102051,1609701281.9590247,1609701281.9672716,0.008246898651123047
4ccbbd319b344bd0b87497633884705a,k-means,warm,exec,queue,0.011457681655883789,4.76837158203125e-07,2.384185791015625e-07,1609701281.9186187,1609701282.0323863,0.11376762390136719,1609701281.9658544,1609701281.9744518,0.008597373962402344
b1c998bc4e394120b679b00262067a1f,k-means,warm,exec,queue,0.016182422637939453,2.384185791015625e-07,2.384185791015625e-07,1609701281.9212315,1609701282.1074324,0.18620085716247559,1609701281.970953,1609701281.9796197,0.008666753768920898
3682b9d4bb9b4cce8d991bbda1ad917f,k-means,warm,exec,queue,0.020847082138061523,2.384185791015625e-07,0.0,1609701281.9237988,1609701282.0655162,0.14171743392944336,1609701281.9755602,1609701281.9835436,0.00798344612121582
e27960a6284c449d9e42887cf997c64e,k-means,warm,exec,queue,0.026896238327026367,2.384185791015625e-07,2.384185791015625e-07,1609701281.926675,1609701282.1543744,0.22769927978515625,1609701281.9823897,1609701281.9898598,0.007470130920410156
7eecebcd75f14e3b89d98ed3af1fd9f5,k-means,warm,exec,queue,0.0317075252532959,2.384185791015625e-07,0.0,1609701281.9290173,1609701282.1538126,0.22479534149169922,1609701281.9918246,1609701281.9973166,0.005491971969604492
b343b3690eeb4a84a6fec1890ee3fb50,k-means,warm,exec,queue,0.03606772422790527,2.384185791015625e-07,2.384185791015625e-07,1609701281.9305832,1609701282.063754,0.13317084312438965,1609701281.991926,1609701281.999343,0.007416963577270508
1b460539776e4381b12ab0605c1c3973,k-means,warm,exec,queue,0.041150569915771484,4.76837158203125e-07,2.384185791015625e-07,1609701281.9321623,1609701282.1092043,0.17704200744628906,1609701281.998392,1609701282.0048928,0.006500720977783203
1b652c7ef38e4a95a8e93ede15ecc792,k-means,warm,exec,queue,0.0472412109375,4.76837158203125e-07,2.384185791015625e-07,1609701281.9337556,1609701282.149041,0.2152853012084961,1609701282.0057669,1609701282.01054,0.004773139953613281
b1972ec3f5974ec3bd594d4d42ef10d1,k-means,warm,exec,queue,0.05190420150756836,2.384185791015625e-07,2.384185791015625e-07,1609701281.9354675,1609701282.153197,0.2177295684814453,1609701282.010506,1609701282.0171552,0.0066492557525634766
2f34ecf311d345549255dcd23228c23e,k-means,warm,exec,queue,0.007291078567504883,4.76837158203125e-07,4.76837158203125e-07,1609701281.93708,1609701282.1057134,0.16863346099853516,1609701281.96044,1609701281.9683557,0.007915735244750977
88f5bc5336704159b33af597debe1ba0,k-means,warm,exec,queue,0.0011570453643798828,4.76837158203125e-07,7.152557373046875e-07,1609701282.9247146,1609701283.0574708,0.13275623321533203,1609701282.983053,1609701282.992143,0.009089946746826172
cc517018f4ac4bc295b29efba42f9125,k-means,warm,exec,queue,0.007605791091918945,2.384185791015625e-07,2.384185791015625e-07,1609701282.9286675,1609701283.0595236,0.13085603713989258,1609701282.983657,1609701282.9932456,0.00958871841430664
67f393ab26d1449b9bfd62da672c5d26,k-means,warm,exec,queue,0.012282133102416992,2.384185791015625e-07,2.384185791015625e-07,1609701282.9312134,1609701283.059176,0.12796258926391602,1609701282.9877765,1609701282.995685,0.00790858268737793
d52a2cfaacc54394b28c46bcd06f326f,k-means,warm,exec,queue,0.01758551597595215,4.76837158203125e-07,4.76837158203125e-07,1609701282.933755,1609701283.207652,0.2738971710205078,1609701282.9947197,1609701283.003225,0.00850534439086914
c60962a92bf34bca8dc5d22c2be14af9,k-means,warm,exec,queue,0.025267362594604492,2.384185791015625e-07,2.384185791015625e-07,1609701282.9365788,1609701283.2663062,0.3297274112701416,1609701283.0028343,1609701283.0101454,0.007311105728149414
d77f8002741b40cf918c6d8c8b2c999e,k-means,warm,exec,queue,0.030167341232299805,2.384185791015625e-07,0.0,1609701282.9391026,1609701283.152255,0.21315240859985352,1609701283.006154,1609701283.0113688,0.005214691162109375
15f791992d764318af5ace33e8bec325,k-means,warm,exec,queue,0.035794973373413086,2.384185791015625e-07,2.384185791015625e-07,1609701282.9411902,1609701283.2350266,0.2938363552093506,1609701283.0121436,1609701283.0187018,0.00655817985534668
534bc6161afa4d918ec2ce414bb5460a,k-means,warm,exec,queue,0.04055309295654297,2.384185791015625e-07,0.0,1609701282.9426916,1609701283.2383764,0.295684814453125,1609701283.0174747,1609701283.023968,0.006493330001831055
dfb6811bd89849e98499d949e246c61a,k-means,warm,exec,queue,0.04613685607910156,2.384185791015625e-07,2.384185791015625e-07,1609701282.944333,1609701283.268036,0.3237028121948242,1609701283.025819,1609701283.0327122,0.006893157958984375
32a1ea63c21949d98f02dec861083336,k-means,warm,exec,queue,0.05095028877258301,2.384185791015625e-07,0.0,1609701282.9458456,1609701283.1506336,0.2047879695892334,1609701283.0300384,1609701283.0368273,0.006788969039916992
0ee4bf35e0544d80a5a51c39df980977,k-means,warm,exec,queue,0.06139206886291504,4.76837158203125e-07,0.0,1609701282.9473488,1609701283.2390156,0.29166674613952637,1609701283.0403836,1609701283.0469153,0.006531715393066406
63434bc0da7e4ef2af73734a093a61e8,k-means,warm,exec,queue,0.055741310119628906,2.384185791015625e-07,2.384185791015625e-07,1609701282.9488673,1609701283.1074965,0.1586291790008545,1609701283.0338259,1609701283.039482,0.005656242370605469
ec2a9220fe954089a84d884394be95f7,k-means,warm,exec,queue,0.06650376319885254,2.384185791015625e-07,0.0,1609701282.9504855,1609701283.375224,0.42473864555358887,1609701283.0455172,1609701283.0516992,0.006181955337524414
5a329c560bd04b2590cfa00ea39d2f42,k-means,warm,exec,queue,0.0717623233795166,4.76837158203125e-07,2.384185791015625e-07,1609701282.952011,1609701283.3770123,0.4250011444091797,1609701283.0525968,1609701283.0593286,0.006731748580932617
8b97632351e24009a3cb21feb6f30e51,k-means,warm,exec,queue,0.0772409439086914,2.384185791015625e-07,0.0,1609701282.9535422,1609701283.325206,0.37166380882263184,1609701283.0595448,1609701283.065599,0.0060541629791259766
a6ffab5ab53f401b9db15ea2a3b1d02a,k-means,warm,exec,queue,0.08184361457824707,2.384185791015625e-07,2.384185791015625e-07,1609701282.9550688,1609701283.4037488,0.44867992401123047,1609701283.0633454,1609701283.0710237,0.00767827033996582
ea27e5a9c4564832a580df25819b02f5,k-means,warm,exec,queue,0.08511900901794434,2.384185791015625e-07,2.384185791015625e-07,1609701282.9566913,1609701283.401726,0.4450347423553467,1609701283.068199,1609701283.0745406,0.006341695785522461
91675fba6d71432698461f68bad1da0a,video,warm,exec,queue,0.015218019485473633,2.384185791015625e-07,2.384185791015625e-07,1609701282.9582043,1609701283.1489315,0.19072723388671875,1609701283.0036802,1609701283.0201423,0.016462087631225586
9359e038c66340d08ea08de6b27c4a1d,k-means,warm,exec,queue,0.003885984420776367,4.76837158203125e-07,2.384185791015625e-07,1609701283.9198873,1609701284.0602918,0.14040446281433105,1609701283.9742577,1609701283.9824874,0.008229732513427734
abf05f4f2dca43588e60d44eaea8faf0,k-means,warm,exec,queue,0.06266641616821289,2.384185791015625e-07,2.384185791015625e-07,1609701283.924317,1609701284.2485843,0.3242673873901367,1609701284.0338736,1609701284.0398993,0.006025791168212891
3bc5e580b12144f18add43ddaa8c3f89,k-means,warm,exec,queue,0.058240652084350586,7.152557373046875e-07,2.384185791015625e-07,1609701283.9269075,1609701284.3031554,0.3762478828430176,1609701284.0288298,1609701284.0337474,0.004917621612548828
19855c7f1aa24c3a82330a9667ef21f5,k-means,warm,exec,queue,0.05311393737792969,2.384185791015625e-07,2.384185791015625e-07,1609701283.9295206,1609701284.119093,0.18957233428955078,1609701284.0219603,1609701284.0292835,0.007323265075683594
8e4459d0734a4c1885cad5f6f23c19fa,k-means,warm,exec,queue,0.047698974609375,2.384185791015625e-07,2.384185791015625e-07,1609701283.9324288,1609701284.1606176,0.22818875312805176,1609701284.0169342,1609701284.0240107,0.0070765018463134766
5bd13b16659d4fdb87389d9a6fe5a771,k-means,warm,exec,queue,0.04286551475524902,2.384185791015625e-07,2.384185791015625e-07,1609701283.9339807,1609701284.2454083,0.31142759323120117,1609701284.0128453,1609701284.0205061,0.007660865783691406
0fdecb7edb1f440f8c6ca2bc3d5ff542,k-means,warm,exec,queue,0.03760242462158203,2.384185791015625e-07,2.384185791015625e-07,1609701283.9355385,1609701284.094984,0.15944552421569824,1609701284.0040941,1609701284.0095973,0.005503177642822266
067b901b09174e54b5b7b066d2eca51d,k-means,warm,exec,queue,0.03285479545593262,2.384185791015625e-07,2.384185791015625e-07,1609701283.9370987,1609701284.1227152,0.18561649322509766,1609701284.0000498,1609701284.0068526,0.006802797317504883
3d2f65d32f1c47b595d97726e196e323,k-means,warm,exec,queue,0.012385129928588867,2.384185791015625e-07,4.76837158203125e-07,1609701283.938664,1609701284.0621,0.12343597412109375,1609701283.9746728,1609701283.983072,0.008399248123168945
4308ecdc1be24731b98ec260679110c4,k-means,warm,exec,queue,0.01726698875427246,2.384185791015625e-07,2.384185791015625e-07,1609701283.9403634,1609701284.093291,0.15292763710021973,1609701283.9797952,1609701283.9892337,0.009438514709472656
254bd40ead8b4bcc9e2e847a0db3d06a,k-means,warm,exec,queue,0.021638154983520508,2.384185791015625e-07,2.384185791015625e-07,1609701283.941923,1609701284.1221101,0.18018722534179688,1609701283.9853847,1609701283.9950113,0.009626626968383789
e2f99b7c2f1a408ca266954230a1dd0a,k-means,warm,exec,queue,0.03047966957092285,4.76837158203125e-07,2.384185791015625e-07,1609701283.9434772,1609701284.186769,0.24329185485839844,1609701283.9978118,1609701284.0050206,0.007208824157714844
839335d90af34b7fa03726dd95858f47,k-means,warm,exec,queue,0.06700253486633301,2.384185791015625e-07,2.384185791015625e-07,1609701283.945054,1609701284.249224,0.3041698932647705,1609701284.0397367,1609701284.0462904,0.00655364990234375
2c71193d4e2b416b90ab963947c33b2b,k-means,warm,exec,queue,0.07159209251403809,2.384185791015625e-07,0.0,1609701283.9467173,1609701284.269326,0.32260870933532715,1609701284.044378,1609701284.049747,0.005368947982788086
34546ed903b74acc94b1bf1981c0ad02,matmul,warm,exec,queue,0.01665806770324707,2.384185791015625e-07,2.384185791015625e-07,1609701283.9482665,1609701284.2110183,0.26275181770324707,1609701283.9987512,1609701284.0095801,0.010828971862792969
46602c18b2ae485681a00a3b60edbaf0,k-means,warm,exec,queue,0.006759166717529297,4.76837158203125e-07,4.76837158203125e-07,1609701284.9219527,1609701285.045763,0.1238102912902832,1609701284.9692798,1609701284.9779875,0.008707761764526367
44573adc6069467d8f7107524482dceb,video,warm,exec,queue,0.01778435707092285,2.384185791015625e-07,2.384185791015625e-07,1609701284.9260979,1609701285.146057,0.21995902061462402,1609701284.996522,1609701285.0125928,0.016070842742919922
08410709703c4e4c855f1698dc10f974,k-means,warm,exec,queue,0.04255843162536621,2.384185791015625e-07,2.384185791015625e-07,1609701284.9287198,1609701285.1892374,0.26051759719848633,1609701285.0113177,1609701285.0166342,0.005316495895385742
7ad4d3d8c9a9437586bc13260476568f,k-means,warm,exec,queue,0.04771733283996582,2.384185791015625e-07,2.384185791015625e-07,1609701284.931276,1609701285.3942714,0.4629952907562256,1609701285.0161462,1609701285.0225058,0.006359577178955078
d43b83e50c4c4ddbbc769f276f66fc39,k-means,warm,exec,queue,0.009228706359863281,2.384185791015625e-07,2.384185791015625e-07,1609701284.9341311,1609701285.0469692,0.1128380298614502,1609701284.97092,1609701284.9796443,0.008724212646484375
ef63bbedae89498eb1c2c01ebf7ed0ce,k-means,warm,exec,queue,0.014045953750610352,2.384185791015625e-07,0.0,1609701284.9367173,1609701285.187758,0.2510406970977783,1609701284.9755938,1609701284.9842715,0.00867772102355957
985f6601924043d48df7f83b6346a991,k-means,warm,exec,queue,0.01846599578857422,2.384185791015625e-07,0.0,1609701284.9382641,1609701285.0798516,0.141587495803833,1609701284.9809918,1609701284.9902406,0.009248733520507812
03fb297a15af4e0da07716b80c4e04c4,k-means,warm,exec,queue,0.024876832962036133,4.76837158203125e-07,2.384185791015625e-07,1609701284.9398093,1609701285.0786607,0.13885140419006348,1609701284.9959307,1609701285.00379,0.007859230041503906
d3d084e1b19b46849aafdbad30da7f14,k-means,warm,exec,queue,0.030080318450927734,7.152557373046875e-07,2.384185791015625e-07,1609701284.9413664,1609701285.1473067,0.20594024658203125,1609701285.0000021,1609701285.0080204,0.008018255233764648
32b192d4895f4656a042dab258ac9367,k-means,warm,exec,queue,0.035892486572265625,2.384185791015625e-07,2.384185791015625e-07,1609701284.943037,1609701285.1213984,0.1783614158630371,1609701284.9996862,1609701285.0062425,0.006556272506713867
43a3505d6c9944b7bd5dd38258c4dbae,k-means,warm,exec,queue,0.04085946083068848,2.384185791015625e-07,2.384185791015625e-07,1609701284.9446054,1609701285.122688,0.17808270454406738,1609701285.0057206,1609701285.0131004,0.007379770278930664
d912efbec9e0420fb23cbc3e0186530c,map_reduce,warm,exec,queue,0.03040146827697754,2.384185791015625e-07,2.384185791015625e-07,1609701284.9461575,1609701285.3925898,0.44643235206604004,1609701284.9991984,1609701285.085048,0.08584952354431152
daf9d79055b94fdbb2fd4f31da59f1c4,disk,warm,exec,queue,0.027214527130126953,4.76837158203125e-07,2.384185791015625e-07,1609701284.9477274,1609701285.22287,0.2751426696777344,1609701284.999445,1609701285.00859,0.009145021438598633
b076b562ad2642bfab77650f00bc01ce,k-means,warm,exec,queue,0.010631084442138672,4.76837158203125e-07,0.0,1609701285.9231682,1609701286.1737618,0.2505936622619629,1609701285.9737759,1609701285.9814594,0.007683515548706055
c5c5d3262ba1440bbb140e145080a00f,k-means,warm,exec,queue,0.0507657527923584,2.384185791015625e-07,2.384185791015625e-07,1609701285.9293766,1609701286.2148366,0.2854599952697754,1609701286.020424,1609701286.0258052,0.005381345748901367
1a4c41ffb1784dc69ba2f1682ba9e92d,k-means,warm,exec,queue,0.05596017837524414,4.76837158203125e-07,0.0,1609701285.9319606,1609701286.2572012,0.3252406120300293,1609701286.0275514,1609701286.0344892,0.006937742233276367
ef3ce28ec41b496e865f9edb1557a07f,k-means,warm,exec,queue,0.0605618953704834,4.76837158203125e-07,0.0,1609701285.9345531,1609701286.2611666,0.3266134262084961,1609701286.0322967,1609701286.03792,0.005623340606689453
3d9475123cf641fa9c2af7c358eb9fa2,k-means,warm,exec,queue,0.04562044143676758,4.76837158203125e-07,2.384185791015625e-07,1609701285.9371555,1609701286.2617495,0.32459402084350586,1609701286.0151408,1609701286.0219188,0.00677800178527832
5d2d78028d73430cabaf712ebd02641a,k-means,warm,exec,queue,0.04036378860473633,2.384185791015625e-07,0.0,1609701285.9387136,1609701286.4109018,0.47218823432922363,1609701286.009214,1609701286.0140905,0.004876613616943359
3691c75c08be4aa89d80e69207bf5832,k-means,warm,exec,queue,0.03508949279785156,2.384185791015625e-07,2.384185791015625e-07,1609701285.9402924,1609701286.4124928,0.4722003936767578,1609701286.003163,1609701286.0096014,0.006438255310058594
97af4da475e4437b9a8132db50c9edea,k-means,warm,exec,queue,0.030074119567871094,2.384185791015625e-07,0.0,1609701285.941853,1609701286.2903445,0.3484914302825928,1609701285.9969096,1609701286.0042913,0.0073816776275634766
ba3a0162ac804b5ab5ca4f9a5988b19d,k-means,warm,exec,queue,0.025182247161865234,4.76837158203125e-07,4.76837158203125e-07,1609701285.9434168,1609701286.1762903,0.23287343978881836,1609701285.99155,1609701285.9976377,0.006087779998779297
06eb41ad224f49bbad05ce2f75d91380,k-means,warm,exec,queue,0.01422119140625,7.152557373046875e-07,2.384185791015625e-07,1609701285.9451435,1609701286.1767972,0.23165369033813477,1609701285.9790366,1609701285.988735,0.00969839096069336
7b9ba754b80543e5a06fba0d50a3b8ab,k-means,warm,exec,queue,0.01940631866455078,2.384185791015625e-07,2.384185791015625e-07,1609701285.9467049,1609701286.2650557,0.31835079193115234,1609701285.9850304,1609701285.9941893,0.009158849716186523
be4fbf251e8544139fc3d27bd706b774,k-means,warm,exec,queue,0.06520390510559082,4.76837158203125e-07,2.384185791015625e-07,1609701285.9482825,1609701286.4093008,0.46101832389831543,1609701286.0366566,1609701286.0434537,0.006797075271606445
6c5eee5e09ee4777a5c68a00fdc9841c,k-means,warm,exec,queue,0.07022976875305176,2.384185791015625e-07,2.384185791015625e-07,1609701285.9498599,1609701286.3418376,0.39197778701782227,1609701286.0440538,1609701286.0508401,0.006786346435546875
0e684588f4cd46988e01e186fb4aa4bd,k-means,warm,exec,queue,0.07576489448547363,2.384185791015625e-07,0.0,1609701285.9515123,1609701286.2644794,0.31296706199645996,1609701286.0489461,1609701286.0540042,0.0050580501556396484
5c9ca0b6c4544844b9e18ee0bc5d476b,k-means,warm,exec,queue,0.006189584732055664,2.384185791015625e-07,2.384185791015625e-07,1609701286.9185903,1609701287.0292137,0.11062335968017578,1609701286.9531908,1609701286.9605,0.0073091983795166016
d8271cdfba354da8984c52eab59e8a38,video,warm,exec,queue,0.01454925537109375,2.384185791015625e-07,2.384185791015625e-07,1609701286.922118,1609701287.5171394,0.5950214862823486,1609701286.9708936,1609701286.9882324,0.01733875274658203
0f11631f50674453adea0e1add39dd06,k-means,warm,exec,queue,0.04597187042236328,4.76837158203125e-07,2.384185791015625e-07,1609701286.924119,1609701287.4638913,0.5397722721099854,1609701286.9985664,1609701287.0033169,0.004750490188598633
19f87dbc4a2941718ed51c3cae9bc1bb,k-means,warm,exec,queue,0.040186166763305664,7.152557373046875e-07,2.384185791015625e-07,1609701286.9261382,1609701287.4223964,0.4962582588195801,1609701286.9979715,1609701287.0052586,0.007287025451660156
fb0000e60b3043c6b572c34575c47568,k-means,warm,exec,queue,0.03474259376525879,2.384185791015625e-07,0.0,1609701286.9281156,1609701287.5150578,0.586942195892334,1609701286.98732,1609701286.9957511,0.008431196212768555
709fa79587a148809200693f32e7f74d,k-means,warm,exec,queue,0.029792308807373047,4.76837158203125e-07,0.0,1609701286.9303668,1609701287.5714736,0.6411068439483643,1609701286.9802566,1609701286.987272,0.0070154666900634766
753de109bb2a41d5b29e761535d75f20,k-means,warm,exec,queue,0.011075735092163086,2.384185791015625e-07,2.384185791015625e-07,1609701286.9323492,1609701287.4206507,0.48830151557922363,1609701286.9594772,1609701286.9676418,0.008164644241333008
4b8baf28b18d4a5990c356d621282d03,k-means,warm,exec,queue,0.015465021133422852,2.384185791015625e-07,2.384185791015625e-07,1609701286.933897,1609701287.5732596,0.6393625736236572,1609701286.969534,1609701286.9782007,0.008666753768920898
941852798ae140bf9056effd646ec06a,k-means,warm,exec,queue,0.020550966262817383,2.384185791015625e-07,2.384185791015625e-07,1609701286.9354124,1609701287.3790889,0.4436764717102051,1609701286.9701312,1609701286.9767094,0.006578207015991211
151c1b310e8643a09a61c5b7dd2c1b75,k-means,warm,exec,queue,0.025234460830688477,4.76837158203125e-07,4.76837158203125e-07,1609701286.937063,1609701287.3808777,0.443814754486084,1609701286.974546,1609701286.9792256,0.004679679870605469
5e4ed6838e4443e09ac064a840ba4aaf,k-means,warm,exec,queue,8.392333984375e-05,4.76837158203125e-07,0.0,1609701287.9381053,1609701288.082332,0.1442265510559082,1609701287.993769,1609701288.0023324,0.008563518524169922
b3119a4411964c03bf8866dba044b328,k-means,warm,exec,queue,0.010001420974731445,4.76837158203125e-07,2.384185791015625e-07,1609701287.9423718,1609701288.0809247,0.13855290412902832,1609701287.9938717,1609701288.002294,0.008422374725341797
f666664d8e37419181ca8a902f280a35,k-means,warm,exec,queue,0.020318269729614258,2.384185791015625e-07,2.384185791015625e-07,1609701287.9449694,1609701288.3038185,0.35884904861450195,1609701288.0042114,1609701288.0124552,0.008243799209594727
3a363fdbf9c841429b90b4205428fb1b,k-means,warm,exec,queue,0.024641990661621094,7.152557373046875e-07,4.76837158203125e-07,1609701287.9475107,1609701288.2987936,0.35128283500671387,1609701288.0180693,1609701288.0266001,0.008530855178833008
9a156d54abce47a5a9aafcba9e688813,k-means,warm,exec,queue,0.02890610694885254,2.384185791015625e-07,2.384185791015625e-07,1609701287.950368,1609701288.1495826,0.19921469688415527,1609701288.0208516,1609701288.0292745,0.0084228515625
09962428f09f43e482cfc0cbad76f8c8,k-means,warm,exec,queue,0.0334322452545166,2.384185791015625e-07,2.384185791015625e-07,1609701287.952869,1609701288.1060646,0.15319561958312988,1609701288.0222833,1609701288.0294669,0.007183551788330078
151f14bafaac41ad9605fd282b4e102e,k-means,warm,exec,queue,0.03858470916748047,4.76837158203125e-07,4.76837158203125e-07,1609701287.9544103,1609701288.256994,0.3025836944580078,1609701288.0265267,1609701288.0340483,0.007521629333496094
b46f6dd2a0f540edb8e8d36c989b4ebe,k-means,warm,exec,queue,0.04324173927307129,4.76837158203125e-07,2.384185791015625e-07,1609701287.9559472,1609701288.300512,0.34456491470336914,1609701288.0365522,1609701288.0437515,0.007199287414550781
12413ecc9a7547c68cd302035fc13ac8,k-means,warm,exec,queue,0.04761624336242676,7.152557373046875e-07,2.384185791015625e-07,1609701287.9575043,1609701288.1478534,0.19034910202026367,1609701288.0383646,1609701288.046017,0.00765228271484375
f6ff43f3e14a43c895c0ff0211625a30,k-means,warm,exec,queue,0.053011417388916016,2.384185791015625e-07,2.384185791015625e-07,1609701287.9591813,1609701288.1512825,0.19210124015808105,1609701288.0410018,1609701288.0477252,0.0067234039306640625
461b775ddb5145458f7ba1bc9a1b7aaa,k-means,warm,exec,queue,0.058214664459228516,4.76837158203125e-07,2.384185791015625e-07,1609701287.9607415,1609701288.233922,0.2731804847717285,1609701288.046877,1609701288.054832,0.007955074310302734
ccdba436c056469ba486f22fd941f0dd,k-means,warm,exec,queue,0.015009164810180664,2.384185791015625e-07,2.384185791015625e-07,1609701287.9622943,1609701288.3032272,0.34093284606933594,1609701287.9981961,1609701288.0064135,0.008217334747314453
21215fa5b6b6408ead8a4a55cf1af3ef,k-means,warm,exec,queue,0.06280660629272461,2.384185791015625e-07,0.0,1609701287.9638462,1609701288.3055549,0.3417086601257324,1609701288.0534759,1609701288.0597486,0.006272792816162109
c9bfde8790c24ea1a66d64aa0933ada9,k-means,warm,exec,queue,0.06495881080627441,2.384185791015625e-07,0.0,1609701287.9655375,1609701288.2319963,0.26645874977111816,1609701288.058068,1609701288.0647027,0.006634712219238281
0d7c2d363d454ed1a86e24bb2ed41528,k-means,warm,exec,queue,0.06960821151733398,2.384185791015625e-07,2.384185791015625e-07,1609701287.9670732,1609701288.2356224,0.26854920387268066,1609701288.0646555,1609701288.0706823,0.006026744842529297
a02c45c4bee64ab28d6c2aa408464edc,k-means,warm,exec,queue,0.005429267883300781,2.384185791015625e-07,2.384185791015625e-07,1609701288.9268553,1609701289.0760608,0.14920544624328613,1609701288.9750562,1609701288.9835553,0.0084991455078125
5254a3eff0804f618ca81e4396e55433,k-means,warm,exec,queue,0.04408740997314453,2.384185791015625e-07,2.384185791015625e-07,1609701288.930949,1609701289.167576,0.23662710189819336,1609701289.0192544,1609701289.0248077,0.005553245544433594
6ea5fec5d91c465f843153c34edaee65,k-means,warm,exec,queue,0.04866456985473633,2.384185791015625e-07,0.0,1609701288.9335701,1609701289.2344723,0.3009021282196045,1609701289.02088,1609701289.0273218,0.006441831588745117
78c3246ffb97496ba56bca8dc83ea60b,k-means,warm,exec,queue,0.05333280563354492,2.384185791015625e-07,2.384185791015625e-07,1609701288.936115,1609701289.170988,0.23487305641174316,1609701289.0252688,1609701289.0318115,0.006542682647705078
ced0bdf2668f4e2cbe6ebd6a83908c1e,k-means,warm,exec,queue,0.058556318283081055,2.384185791015625e-07,2.384185791015625e-07,1609701288.938976,1609701289.2687142,0.32973814010620117,1609701289.0320938,1609701289.0384204,0.0063266754150390625
afbb49ffbb2d49d497e0c4e34d6ecf25,k-means,warm,exec,queue,0.018279075622558594,2.384185791015625e-07,2.384185791015625e-07,1609701288.9411676,1609701289.0805678,0.13940024375915527,1609701288.9857798,1609701288.9951994,0.009419679641723633
6698f25d77b043b69bf17878fc7bc519,k-means,warm,exec,queue,0.026741743087768555,7.152557373046875e-07,2.384185791015625e-07,1609701288.9426703,1609701289.1692164,0.226546049118042,1609701289.0014858,1609701289.0089824,0.00749659538269043
df77fc6ec9c149ea99a5db0f373374fc,k-means,warm,exec,queue,0.03133726119995117,2.384185791015625e-07,2.384185791015625e-07,1609701288.9441798,1609701289.142557,0.19837713241577148,1609701289.0029218,1609701289.0085545,0.005632638931274414
9de0f6bc8eaa45f49a1254ccf6f8c285,k-means,warm,exec,queue,0.03578829765319824,2.384185791015625e-07,0.0,1609701288.945695,1609701289.236358,0.2906630039215088,1609701289.00469,1609701289.0116448,0.00695490837097168
574fe477718d415fb8cc54a814dbc122,k-means,warm,exec,queue,0.040302276611328125,2.384185791015625e-07,2.384185791015625e-07,1609701288.9473424,1609701289.2704144,0.3230719566345215,1609701289.009112,1609701289.0173411,0.008229255676269531
abc7d514dd5e46149841d676b956a62b,k-means,warm,exec,queue,0.013742208480834961,2.384185791015625e-07,4.76837158203125e-07,1609701288.9488797,1609701289.0789516,0.13007187843322754,1609701288.9802942,1609701288.9897335,0.009439229965209961
5d538183c2684443b63a87030f65dacc,k-means,warm,exec,queue,0.008758068084716797,2.384185791015625e-07,2.384185791015625e-07,1609701288.9503877,1609701289.0775852,0.1271975040435791,1609701288.9751043,1609701288.983132,0.00802755355834961
edc7abfb0610479bac9616ae93903886,video,warm,exec,queue,0.016596317291259766,2.384185791015625e-07,2.384185791015625e-07,1609701288.9519036,1609701289.2380908,0.28618717193603516,1609701289.0006137,1609701289.017905,0.01729130744934082
c481f339014442a19c557597447ba7b8,matmul,warm,exec,queue,0.023467302322387695,2.384185791015625e-07,4.76837158203125e-07,1609701288.953561,1609701289.1726367,0.21907567977905273,1609701289.0024443,1609701289.011325,0.008880615234375
552cc232ff334f9ea7750e646456c11b,k-means,warm,exec,queue,0.0011518001556396484,7.152557373046875e-07,2.384185791015625e-07,1609701289.9280841,1609701290.044208,0.11612391471862793,1609701289.980827,1609701289.9903235,0.009496450424194336
e64d239248f94c1aa14dccdee25c457e,k-means,warm,exec,queue,0.04202985763549805,2.384185791015625e-07,0.0,1609701289.9323955,1609701290.1237006,0.19130516052246094,1609701290.0217228,1609701290.0287445,0.007021665573120117
759aa1f4f92a4157ba3f07902af4b04f,k-means,warm,exec,queue,0.04678487777709961,2.384185791015625e-07,0.0,1609701289.9349911,1609701290.1618521,0.22686100006103516,1609701290.0255082,1609701290.0313163,0.005808115005493164
a3f4f9616d81475397964b32692014e0,k-means,warm,exec,queue,0.051824092864990234,2.384185791015625e-07,2.384185791015625e-07,1609701289.9375827,1609701290.2935972,0.3560144901275635,1609701290.0311658,1609701290.0375748,0.0064089298248291016
4336b8df971f465bb227c28ada84f49d,k-means,warm,exec,queue,0.05664968490600586,2.384185791015625e-07,2.384185791015625e-07,1609701289.9404523,1609701290.1915805,0.2511281967163086,1609701290.0379329,1609701290.044568,0.006635189056396484
033e5703242848848d19e616eb460042,k-means,warm,exec,queue,0.061875104904174805,4.76837158203125e-07,2.384185791015625e-07,1609701289.942014,1609701290.1901934,0.24817943572998047,1609701290.0429988,1609701290.0498266,0.006827831268310547
7f7879d5624d40a0a1cc311a5183e5e5,k-means,warm,exec,queue,0.06662774085998535,2.384185791015625e-07,2.384185791015625e-07,1609701289.9435587,1609701290.1600823,0.2165236473083496,1609701290.0472043,1609701290.053408,0.006203651428222656
588144d181104770a154ab849b64cc9f,k-means,warm,exec,queue,0.005229949951171875,2.384185791015625e-07,2.384185791015625e-07,1609701289.9451435,1609701290.228686,0.2835426330566406,1609701289.9816577,1609701289.9911308,0.009473085403442383
098ac9fa9c904ca484a4067680d82fc7,k-means,warm,exec,queue,0.009731531143188477,7.152557373046875e-07,2.384185791015625e-07,1609701289.9467144,1609701290.0833097,0.1365952491760254,1609701289.9834259,1609701289.9929912,0.009565353393554688
8dd1fd72444f49a4b6621bb83fc390eb,k-means,warm,exec,queue,0.014428377151489258,4.76837158203125e-07,2.384185791015625e-07,1609701289.9484208,1609701290.1254647,0.17704391479492188,1609701289.9891055,1609701289.9969985,0.007893085479736328
cec677a55c8d4da88096cb90cbe5f88c,k-means,warm,exec,queue,0.018880128860473633,4.76837158203125e-07,2.384185791015625e-07,1609701289.9499793,1609701290.3712423,0.4212629795074463,1609701289.994431,1609701290.0030375,0.008606433868408203
e8ac51b9e2db4c63bc831b28d554fd1a,k-means,warm,exec,queue,0.024439096450805664,4.76837158203125e-07,2.384185791015625e-07,1609701289.9515407,1609701290.0817084,0.13016772270202637,1609701290.001201,1609701290.008199,0.0069980621337890625
0458e7755ef7418e893a840351120203,k-means,warm,exec,queue,0.029832839965820312,4.76837158203125e-07,0.0,1609701289.953131,1609701290.2259393,0.272808313369751,1609701290.0045283,1609701290.0114732,0.006944894790649414
68beb287319543ce842ab540e513eb63,k-means,warm,exec,queue,0.03436851501464844,2.384185791015625e-07,0.0,1609701289.9550772,1609701290.3692086,0.41413140296936035,1609701290.0097294,1609701290.0163457,0.006616353988647461
eaea45839e874316886a54667a608ef2,k-means,warm,exec,queue,0.039305686950683594,2.384185791015625e-07,2.384185791015625e-07,1609701289.9566247,1609701290.1582906,0.20166587829589844,1609701290.016452,1609701290.022888,0.006435871124267578
7be8ff71f3fa460e8c0b7074a416715a,k-means,warm,exec,queue,7.319450378417969e-05,4.76837158203125e-07,2.384185791015625e-07,1609701290.9150946,1609701291.0190892,0.10399460792541504,1609701290.941121,1609701290.9497843,0.008663177490234375
e5ba2f8baae64bc8962ddb86b930ac34,video,warm,exec,queue,0.022901058197021484,2.384185791015625e-07,2.384185791015625e-07,1609701290.91793,1609701291.161615,0.24368500709533691,1609701290.963377,1609701290.9803333,0.016956329345703125
f5b999a6ea68454da91d1d7b9f00af15,k-means,warm,exec,queue,0.0028972625732421875,4.76837158203125e-07,2.384185791015625e-07,1609701290.9195566,1609701291.0217638,0.10220718383789062,1609701290.9408638,1609701290.9497406,0.008876800537109375
fcabaa05271542918ff47495f636991c,k-means,warm,exec,queue,0.007910490036010742,4.76837158203125e-07,0.0,1609701290.9212008,1609701291.0221748,0.10097408294677734,1609701290.945782,1609701290.9535704,0.007788419723510742
663c86b090b943f5b7a7d178ce4b809f,k-means,warm,exec,queue,0.012578725814819336,4.76837158203125e-07,2.384185791015625e-07,1609701290.9228442,1609701291.0769856,0.15414142608642578,1609701290.9528253,1609701290.962097,0.009271621704101562
53f67616cef949daa4d9689251ad5eac,k-means,warm,exec,queue,0.016942262649536133,4.76837158203125e-07,2.384185791015625e-07,1609701290.9248254,1609701291.042736,0.11791062355041504,1609701290.9622295,1609701290.9705758,0.008346319198608398
d6a2f68e9f48492794fc028864f9519c,k-means,warm,exec,queue,0.0027923583984375,4.76837158203125e-07,4.76837158203125e-07,1609701291.9308069,1609701292.0576286,0.12682175636291504,1609701291.9819326,1609701291.990887,0.008954286575317383
a8a077e151e14d59b9973200e27d1184,k-means,warm,exec,queue,0.025275230407714844,2.384185791015625e-07,2.384185791015625e-07,1609701291.9342434,1609701292.1509798,0.2167363166809082,1609701291.9998465,1609701292.004784,0.004937648773193359
95a1e984d8924912aa66b53dbd326b8f,k-means,warm,exec,queue,0.03035116195678711,2.384185791015625e-07,0.0,1609701291.9360995,1609701292.2876654,0.3515658378601074,1609701292.0035334,1609701292.0099483,0.006414890289306641
03de0251e7454987ba5f8e108db86821,k-means,warm,exec,queue,0.03548765182495117,4.76837158203125e-07,2.384185791015625e-07,1609701291.9379895,1609701292.2871125,0.3491230010986328,1609701292.0126631,1609701292.0199351,0.007272005081176758
3327edd8012e45b5a8c7f7849a846c6d,k-means,warm,exec,queue,0.040781497955322266,2.384185791015625e-07,2.384185791015625e-07,1609701291.9400604,1609701292.1503863,0.2103259563446045,1609701292.0181334,1609701292.023745,0.0056116580963134766
524f25fa49c6420e9f73325997e259ca,k-means,warm,exec,queue,0.04593181610107422,4.76837158203125e-07,2.384185791015625e-07,1609701291.9416127,1609701292.1474612,0.20584845542907715,1609701292.0210297,1609701292.0283945,0.007364749908447266
475d9e62aff6467983b80011bdd497a0,k-means,warm,exec,queue,0.05058121681213379,2.384185791015625e-07,0.0,1609701291.9431098,1609701292.3405266,0.3974168300628662,1609701292.0261707,1609701292.0326407,0.0064699649810791016
568d28901c684c7699bdf0fdb6aef25e,k-means,warm,exec,queue,0.05561208724975586,2.384185791015625e-07,0.0,1609701291.944629,1609701292.390895,0.44626593589782715,1609701292.0339758,1609701292.0399063,0.005930423736572266
34c22560cd264bfda51a00cf829637e6,k-means,warm,exec,queue,0.06031608581542969,2.384185791015625e-07,0.0,1609701291.9461281,1609701292.1896396,0.24351143836975098,1609701292.038574,1609701292.0454016,0.006827592849731445
000294f61f554103ba44c1b95cb3bcbc,k-means,warm,exec,queue,0.02022099494934082,7.152557373046875e-07,2.384185791015625e-07,1609701291.9477558,1609701292.2839768,0.33622097969055176,1609701291.9928834,1609701292.000803,0.007919549942016602
a9107de777eb49828e0c1d789a59109b,k-means,warm,exec,queue,0.012327432632446289,2.384185791015625e-07,2.384185791015625e-07,1609701291.9492571,1609701292.0552073,0.10595011711120605,1609701291.9817011,1609701291.9908476,0.009146451950073242
0fac51c375154d22b606517353f41087,k-means,warm,exec,queue,0.01719832420349121,4.76837158203125e-07,2.384185791015625e-07,1609701291.9507656,1609701292.0571575,0.10639190673828125,1609701291.987423,1609701291.995332,0.007909059524536133
a414a5ded69b434aace380b79d1a5850,k-means,warm,exec,queue,0.06438708305358887,2.384185791015625e-07,0.0,1609701291.9522681,1609701292.3925352,0.44026708602905273,1609701292.0421932,1609701292.0488043,0.0066111087799072266
e23485532b2b4bbd8603fcf50d26e6e0,k-means,warm,exec,queue,0.0692746639251709,7.152557373046875e-07,2.384185791015625e-07,1609701291.9538498,1609701292.3439074,0.3900575637817383,1609701292.0479002,1609701292.052725,0.00482487678527832
1167d247476744f187e997e0ddd2f96b,k-means,warm,exec,queue,0.0740516185760498,2.384185791015625e-07,0.0,1609701291.95533,1609701292.3433478,0.3880178928375244,1609701292.057302,1609701292.0644577,0.007155656814575195
796bbfc3ad44479cac83ee46a5083757,k-means,warm,exec,queue,0.004586219787597656,4.76837158203125e-07,2.384185791015625e-07,1609701292.9296348,1609701293.0758247,0.14618992805480957,1609701292.9775746,1609701292.9857068,0.008132219314575195
467d3f3c41ac41828a7d90c741d3bf12,k-means,warm,exec,queue,0.056763648986816406,2.384185791015625e-07,2.384185791015625e-07,1609701292.9337814,1609701293.1756587,0.24187731742858887,1609701293.0310214,1609701293.0371072,0.006085872650146484
86ca799cef7346d280fa0db3da6b4944,k-means,warm,exec,queue,0.052103281021118164,2.384185791015625e-07,0.0,1609701292.9363189,1609701293.1180947,0.18177580833435059,1609701293.0278382,1609701293.0345495,0.006711244583129883
ecbf5a09b02343679c8eb855e530805a,k-means,warm,exec,queue,0.04602551460266113,2.384185791015625e-07,0.0,1609701292.938801,1609701293.2190032,0.28020215034484863,1609701293.0254319,1609701293.0321164,0.006684541702270508
b342569dc4e44491af7ccb5c1771272d,k-means,warm,exec,queue,0.04100966453552246,2.384185791015625e-07,2.384185791015625e-07,1609701292.941059,1609701293.2711353,0.3300762176513672,1609701293.014174,1609701293.0208027,0.006628751754760742
ebded5c807aa4ad496255db6d7b97569,k-means,warm,exec,queue,0.03567671775817871,4.76837158203125e-07,2.384185791015625e-07,1609701292.9424748,1609701293.3183491,0.37587428092956543,1609701293.0086346,1609701293.0150442,0.006409645080566406
649a107b90734ca8864f6d91c90c2dc5,k-means,warm,exec,queue,0.03115224838256836,2.384185791015625e-07,2.384185791015625e-07,1609701292.9439085,1609701293.0775962,0.13368773460388184,1609701293.0084622,1609701293.0155487,0.007086515426635742
63ed484a198544688b8b44d738fbb53a,k-means,warm,exec,queue,0.009599924087524414,4.76837158203125e-07,0.0,1609701292.945354,1609701293.0506217,0.10526776313781738,1609701292.9773452,1609701292.9855914,0.008246183395385742
f158dfa344fb414cbd6721a044bc8195,k-means,warm,exec,queue,0.014704227447509766,2.384185791015625e-07,2.384185791015625e-07,1609701292.946784,1609701293.152195,0.20541095733642578,1609701292.9825082,1609701292.9915428,0.00903463363647461
5e0b913cb8a340e0a1365ce49c4d4e73,k-means,warm,exec,queue,0.0191192626953125,7.152557373046875e-07,2.384185791015625e-07,1609701292.9483318,1609701293.269248,0.32091617584228516,1609701292.9887211,1609701292.9966695,0.00794839859008789
a667f0283a524eaf968264a4ae667c6d,k-means,warm,exec,queue,0.023585081100463867,2.384185791015625e-07,2.384185791015625e-07,1609701292.949757,1609701293.1532493,0.2034921646118164,1609701293.0039861,1609701293.0118268,0.007840633392333984
cb35c926b1de480195128996b9621b4c,k-means,warm,exec,queue,0.028446674346923828,9.5367431640625e-07,7.152557373046875e-07,1609701292.9511821,1609701293.251453,0.30027079582214355,1609701293.0074377,1609701293.0137744,0.006336688995361328
8a1f5b7018694858a8ebf97d6a4cf206,k-means,warm,exec,queue,0.061456918716430664,4.76837158203125e-07,0.0,1609701292.952616,1609701293.1512306,0.19861459732055664,1609701293.0377429,1609701293.0449991,0.007256269454956055
4e29e618367244e88c50596ae85b27ba,video,warm,exec,queue,0.019389867782592773,2.384185791015625e-07,2.384185791015625e-07,1609701292.9541817,1609701293.3199742,0.36579251289367676,1609701293.007973,1609701293.024399,0.01642608642578125
cd0c9ab8e9f149648db3344425533334,k-means,warm,exec,queue,0.004703044891357422,4.76837158203125e-07,2.384185791015625e-07,1609701293.9311736,1609701294.0706317,0.13945817947387695,1609701293.9823134,1609701293.9917247,0.009411334991455078
240dfaeb70c6485d98a11a628da14cf4,k-means,warm,exec,queue,0.05741405487060547,4.76837158203125e-07,2.384185791015625e-07,1609701293.9357193,1609701294.154598,0.21887874603271484,1609701294.0378876,1609701294.044705,0.006817340850830078
e2125864a25a42d0ae495308fb920aa8,k-means,warm,exec,queue,0.052741289138793945,2.384185791015625e-07,0.0,1609701293.9390795,1609701294.1659067,0.22682714462280273,1609701294.0308695,1609701294.0356576,0.00478816032409668
ea59f58f45d440d4a1dbcc5391777ef2,k-means,warm,exec,queue,0.04759383201599121,2.384185791015625e-07,4.76837158203125e-07,1609701293.9417582,1609701294.2553473,0.31358909606933594,1609701294.0253792,1609701294.0310457,0.005666494369506836
0e17f92fc8cc47a7aef24a626a9c7575,k-means,warm,exec,queue,0.04195427894592285,2.384185791015625e-07,2.384185791015625e-07,1609701293.9435613,1609701294.2539659,0.31040453910827637,1609701294.0192268,1609701294.0241191,0.0048923492431640625
17b2ba54446c4a9b9b854b5a91cfe605,k-means,warm,exec,queue,0.0365452766418457,4.76837158203125e-07,0.0,1609701293.9451742,1609701294.1119046,0.16673040390014648,1609701294.0161219,1609701294.0234132,0.007291316986083984
6e616fd2c9b449e69bd8c6dbfa42ed54,k-means,warm,exec,queue,0.03186321258544922,2.384185791015625e-07,0.0,1609701293.9467816,1609701294.1567068,0.20992517471313477,1609701294.008549,1609701294.0134249,0.004875898361206055
d35342cb3b064c0eaa1f30a562c94cb8,k-means,warm,exec,queue,0.009496450424194336,4.76837158203125e-07,4.76837158203125e-07,1609701293.9483964,1609701294.0740988,0.1257023811340332,1609701293.9820504,1609701293.9916759,0.009625434875488281
ec55cee18c1d4f0abdb491766d2c23b0,k-means,warm,exec,queue,0.014663219451904297,4.76837158203125e-07,2.384185791015625e-07,1609701293.9500258,1609701294.163258,0.21323227882385254,1609701293.9884477,1609701293.9970744,0.008626699447631836
25e877922ae14611b027fc26648ee9ba,k-means,warm,exec,queue,0.019206762313842773,7.152557373046875e-07,2.384185791015625e-07,1609701293.951888,1609701294.073496,0.12160801887512207,1609701293.9935453,1609701294.001963,0.008417606353759766
95b308611b284ba38e93ea968370b617,k-means,warm,exec,queue,0.024419307708740234,2.384185791015625e-07,2.384185791015625e-07,1609701293.9534738,1609701294.1638572,0.21038341522216797,1609701294.0013506,1609701294.0092726,0.007921934127807617
5c45e8daaa614627948314ceb890b1d0,k-means,warm,exec,queue,0.02869725227355957,4.76837158203125e-07,2.384185791015625e-07,1609701293.9550476,1609701294.166304,0.2112565040588379,1609701294.004135,1609701294.0098357,0.005700826644897461
367e8f7686e14f2fb40934bf9d3b7d9c,k-means,warm,exec,queue,0.06240439414978027,2.384185791015625e-07,2.384185791015625e-07,1609701293.9566262,1609701294.1594348,0.20280861854553223,1609701294.0416346,1609701294.0460563,0.004421710968017578
1b8c06b57b8d4346b4e069efd72acd3a,k-means,warm,exec,queue,0.06705999374389648,4.76837158203125e-07,2.384185791015625e-07,1609701293.9583075,1609701294.1601512,0.2018437385559082,1609701294.0473483,1609701294.0542364,0.006888151168823242
5a1b96b935094934aed522b6dc2adf29,k-means,warm,exec,queue,0.002557516098022461,4.76837158203125e-07,2.384185791015625e-07,1609701294.927899,1609701295.121954,0.19405508041381836,1609701294.9746654,1609701294.9833808,0.008715391159057617
ac295724a4b449428d7f80d8c9431e26,matmul,warm,exec,queue,0.02739405632019043,4.76837158203125e-07,2.384185791015625e-07,1609701294.9320488,1609701295.1664267,0.23437786102294922,1609701295.0053241,1609701295.0166786,0.011354446411132812
bee51fcf675f4ae8a7f63b8b8f51748c,k-means,warm,exec,queue,0.019547462463378906,2.384185791015625e-07,2.384185791015625e-07,1609701294.9345753,1609701295.1670048,0.23242950439453125,1609701295.0019414,1609701295.010522,0.008580446243286133
81a01b398b0d4b88bbd318c2fda049dc,k-means,warm,exec,queue,0.02903294563293457,2.384185791015625e-07,2.384185791015625e-07,1609701294.9370358,1609701295.1246037,0.18756794929504395,1609701295.0048156,1609701295.0134156,0.008599996566772461
b8c25c6b5d0440c4af4b7b4ce3422531,k-means,warm,exec,queue,0.0351564884185791,2.384185791015625e-07,2.384185791015625e-07,1609701294.9397566,1609701295.21651,0.27675342559814453,1609701295.0062573,1609701295.0140243,0.0077669620513916016
1299a5ca8c9b408b8ea8adf1e9b3bb6b,k-means,warm,exec,queue,0.04026460647583008,4.76837158203125e-07,0.0,1609701294.9416854,1609701295.2827857,0.34110021591186523,1609701295.0117626,1609701295.019617,0.007854461669921875
8e3ac92eab054a23ae03abe2e0e8ae7e,k-means,warm,exec,queue,0.045830726623535156,2.384185791015625e-07,0.0,1609701294.9432628,1609701295.1636484,0.22038555145263672,1609701295.018064,1609701295.025671,0.007606983184814453
eabe1124451d457e8f17acef541421be,k-means,warm,exec,queue,0.015800952911376953,2.384185791015625e-07,0.0,1609701294.944852,1609701295.08026,0.1354079246520996,1609701294.984263,1609701294.9937215,0.009458541870117188
7cd98bf673d24600b9030c455db985b6,k-means,warm,exec,queue,0.011311531066894531,2.384185791015625e-07,0.0,1609701294.94643,1609701295.0828571,0.1364271640777588,1609701294.9789815,1609701294.988546,0.009564399719238281
6ceb56b3209e47ffa145e532c83d9f78,k-means,warm,exec,queue,0.0060100555419921875,2.384185791015625e-07,2.384185791015625e-07,1609701294.9481215,1609701295.0833998,0.13527822494506836,1609701294.9750378,1609701294.98398,0.008942127227783203
6fc046e4fa114c0ca4cc82a035c29e09,video,warm,exec,queue,0.030773639678955078,7.152557373046875e-07,4.76837158203125e-07,1609701294.9497147,1609701295.1251223,0.17540764808654785,1609701295.0052078,1609701295.0221348,0.016927003860473633
46a99e3341894b7dafcab2bc1afdc964,map_reduce,warm,exec,queue,0.03773045539855957,2.384185791015625e-07,2.384185791015625e-07,1609701294.9513125,1609701295.2145052,0.26319265365600586,1609701295.0059814,1609701295.0915318,0.08555030822753906
bb3089a370974654b5654aacaa4fd035,k-means,warm,exec,queue,7.128715515136719e-05,4.76837158203125e-07,2.384185791015625e-07,1609701295.9315176,1609701296.063939,0.13242149353027344,1609701295.9840052,1609701295.9931848,0.00917959213256836
9740cd24d63041158c31c3179b98872c,k-means,warm,exec,queue,0.009479045867919922,2.384185791015625e-07,2.384185791015625e-07,1609701295.9359941,1609701296.0658662,0.12987208366394043,1609701295.9848049,1609701295.9938104,0.009005546569824219
582fd94acbcb4422b61433083e32715e,k-means,warm,exec,queue,0.013990640640258789,2.384185791015625e-07,0.0,1609701295.9386666,1609701296.1387787,0.20011210441589355,1609701295.9914286,1609701295.9993122,0.007883548736572266
7a6b33dabfe84f77a4bfe384e6734369,k-means,warm,exec,queue,0.018909454345703125,4.76837158203125e-07,2.384185791015625e-07,1609701295.9410894,1609701296.1415985,0.20050907135009766,1609701295.996415,1609701296.0048647,0.008449792861938477
5e96ba7fb6e843aaa64e6ece6eecb807,k-means,warm,exec,queue,0.023821592330932617,2.384185791015625e-07,0.0,1609701295.9429178,1609701296.0986786,0.1557607650756836,1609701296.001359,1609701296.006548,0.005188941955566406
777fb405d20346b5bde9bcbc416de574,k-means,warm,exec,queue,0.02892780303955078,2.384185791015625e-07,4.76837158203125e-07,1609701295.9445422,1609701296.0969617,0.1524195671081543,1609701296.0057786,1609701296.0099874,0.004208803176879883
51054bde6f684b9ea69d5a7741fca223,k-means,warm,exec,queue,0.03377270698547363,2.384185791015625e-07,0.0,1609701295.9461398,1609701296.1913564,0.24521660804748535,1609701296.013404,1609701296.0187972,0.005393266677856445
71d82f315e6348d1bb27fd9c34385124,k-means,warm,exec,queue,0.03851938247680664,2.384185791015625e-07,2.384185791015625e-07,1609701295.9477465,1609701296.282516,0.33476948738098145,1609701296.0166566,1609701296.0223782,0.005721569061279297
4661e47ddfda4263af6bfc387f2755d8,k-means,warm,exec,queue,0.04374527931213379,2.384185791015625e-07,0.0,1609701295.9493818,1609701296.232082,0.2827000617980957,1609701296.0238497,1609701296.030349,0.006499290466308594
459685c8a18d4279a827791c01b8afeb,k-means,warm,exec,queue,0.057860374450683594,4.76837158203125e-07,2.384185791015625e-07,1609701295.9511335,1609701296.426663,0.47552943229675293,1609701296.0387588,1609701296.044363,0.005604267120361328
1fafa3eed55348029fca439ad8013352,k-means,warm,exec,queue,0.04820537567138672,2.384185791015625e-07,2.384185791015625e-07,1609701295.9527197,1609701296.1421962,0.18947649002075195,1609701296.0275867,1609701296.0316107,0.004024028778076172
c638c258dcc74af188fd8d0e4f8891fd,k-means,warm,exec,queue,0.05342602729797363,2.384185791015625e-07,2.384185791015625e-07,1609701295.9542964,1609701296.284646,0.3303496837615967,1609701296.0363061,1609701296.0432882,0.006982088088989258
835928a871f542e7bf3e393206ceaebb,k-means,warm,exec,queue,0.062235116958618164,2.384185791015625e-07,2.384185791015625e-07,1609701295.9558654,1609701296.4232163,0.46735095977783203,1609701296.043939,1609701296.0499113,0.005972146987915039
9f347e0ed676442f82fa1f7e8028f3ac,k-means,warm,exec,queue,0.06680035591125488,2.384185791015625e-07,0.0,1609701295.957578,1609701296.4249744,0.46739649772644043,1609701296.0504458,1609701296.0550587,0.004612922668457031
4be60502d382410e965c4874d05748de,k-means,warm,exec,queue,0.07138991355895996,2.384185791015625e-07,2.384185791015625e-07,1609701295.9591427,1609701296.322575,0.3634324073791504,1609701296.0559459,1609701296.0618856,0.0059397220611572266
7ef018f683a34b87af8043dd270d6060,k-means,warm,exec,queue,0.0021898746490478516,4.76837158203125e-07,2.384185791015625e-07,1609701296.9304774,1609701297.058016,0.12753868103027344,1609701296.980225,1609701296.989825,0.009599924087524414
9a8703181e5949d6a4804f6f6f17c2f7,k-means,warm,exec,queue,0.054025888442993164,2.384185791015625e-07,0.0,1609701296.9345782,1609701297.1682444,0.23366618156433105,1609701297.0334725,1609701297.0383387,0.004866123199462891
6398cfd27f754723a91e0f7f0f5bbccd,k-means,warm,exec,queue,0.04411768913269043,2.384185791015625e-07,0.0,1609701296.937244,1609701297.166489,0.22924494743347168,1609701297.0223658,1609701297.027397,0.005031108856201172
1de2063d301b41009a5bb42802e4a75a,k-means,warm,exec,queue,0.04931068420410156,2.384185791015625e-07,2.384185791015625e-07,1609701296.9398513,1609701297.1298566,0.19000530242919922,1609701297.029367,1609701297.0355036,0.006136655807495117
60cf59b6fbcb4ba79702f090219cc1be,k-means,warm,exec,queue,0.019506216049194336,4.76837158203125e-07,4.76837158203125e-07,1609701296.9428144,1609701297.1302814,0.18746709823608398,1609701297.002766,1609701297.0109313,0.008165359497070312
20b579b9da9547b7b0915258f25a92fc,k-means,warm,exec,queue,0.026033878326416016,2.384185791015625e-07,2.384185791015625e-07,1609701296.9451363,1609701297.1015356,0.15639925003051758,1609701297.004795,1609701297.0102572,0.005462169647216797
2e82927960cc40eaa42bc72ddb584f47,k-means,warm,exec,queue,0.031248807907104492,2.384185791015625e-07,0.0,1609701296.9467466,1609701297.1258702,0.1791236400604248,1609701297.0069304,1609701297.0145402,0.007609844207763672
e1fadc60ac264e3b8347103147c6f7c3,k-means,warm,exec,queue,0.03604435920715332,2.384185791015625e-07,0.0,1609701296.9483576,1609701297.1293929,0.18103528022766113,1609701297.012474,1609701297.0200045,0.0075304508209228516
debb20238e9448deb1a2f0802faa5231,k-means,warm,exec,queue,0.04088711738586426,2.384185791015625e-07,0.0,1609701296.9499679,1609701297.1032493,0.15328145027160645,1609701297.019207,1609701297.026044,0.006836891174316406
38aaf61791a04950ad9d752faa7d64b9,k-means,warm,exec,queue,0.01505279541015625,2.384185791015625e-07,0.0,1609701296.9517055,1609701297.2002602,0.24855470657348633,1609701296.989615,1609701296.998051,0.008435964584350586
c0e9d1139a214a989027220fb16b9883,k-means,warm,exec,queue,0.010624170303344727,4.76837158203125e-07,2.384185791015625e-07,1609701296.9533281,1609701297.2021356,0.24880743026733398,1609701296.9834125,1609701296.9934845,0.010071992874145508
9959c1cb7cf84eea9f0ce81ca9ee8f1d,k-means,warm,exec,queue,0.007422447204589844,2.384185791015625e-07,2.384185791015625e-07,1609701296.954942,1609701297.0596101,0.10466814041137695,1609701296.9805584,1609701296.9902577,0.009699344635009766
9ed9e59e34c04834b2835d12fbdcb1df,video,warm,exec,queue,0.01680302619934082,4.76837158203125e-07,2.384185791015625e-07,1609701296.9565349,1609701297.0997095,0.1431746482849121,1609701297.005814,1609701297.0227582,0.016944169998168945
d610f269e9e44852a8e060ce9265422a,k-means,warm,exec,queue,0.0039653778076171875,4.76837158203125e-07,2.384185791015625e-07,1609701297.9349146,1609701298.1007204,0.16580581665039062,1609701297.9874823,1609701297.9958105,0.00832819938659668
3cca7cb03ada4506b7839e7b7759ae06,k-means,warm,exec,queue,0.05747485160827637,2.384185791015625e-07,0.0,1609701297.9389277,1609701298.2812953,0.34236764907836914,1609701298.04096,1609701298.0472894,0.00632929801940918
d5e012b176c44222bc357e58728320a0,k-means,warm,exec,queue,0.052808284759521484,2.384185791015625e-07,0.0,1609701297.9413023,1609701298.1878026,0.24650025367736816,1609701298.0345116,1609701298.0409815,0.0064699649810791016
14ea1285c7624b40a53bad69b20f31e8,k-means,warm,exec,queue,0.0477747917175293,2.384185791015625e-07,2.384185791015625e-07,1609701297.9436193,1609701298.1945264,0.25090718269348145,1609701298.029259,1609701298.0354428,0.0061838626861572266
692dc9c0104b45fb9e48ede631c74cfb,k-means,warm,exec,queue,0.04323315620422363,2.384185791015625e-07,2.384185791015625e-07,1609701297.9457352,1609701298.2806916,0.33495640754699707,1609701298.0248966,1609701298.032124,0.007227420806884766
66e55fcf4412498faee51661ca55ff80,k-means,warm,exec,queue,0.03787541389465332,2.384185791015625e-07,2.384185791015625e-07,1609701297.9473717,1609701298.1930497,0.24567794799804688,1609701298.0188198,1609701298.0266476,0.0078277587890625
754f4ce748f74e82ab2c9dac7ad919c0,k-means,warm,exec,queue,0.033345937728881836,4.76837158203125e-07,2.384185791015625e-07,1609701297.9489884,1609701298.1935625,0.24457406997680664,1609701298.012974,1609701298.0195358,0.006561756134033203
41340883beac441e93bfb84ed274ba99,k-means,warm,exec,queue,0.028982877731323242,4.76837158203125e-07,2.384185791015625e-07,1609701297.9505916,1609701298.1940427,0.24345111846923828,1609701298.0092747,1609701298.0169249,0.007650136947631836
be9b98153a9f413e93f796b77b6525b1,k-means,warm,exec,queue,0.011776208877563477,4.76837158203125e-07,0.0,1609701297.952211,1609701298.1000984,0.1478874683380127,1609701297.985994,1609701297.9951265,0.00913238525390625
b140a0085e984f32a8c8cbe90ed22e52,k-means,warm,exec,queue,0.01698470115661621,9.5367431640625e-07,2.384185791015625e-07,1609701297.9539332,1609701298.0944357,0.1405024528503418,1609701297.993096,1609701298.0018206,0.008724451065063477
7ca232f214884fdebd7ba5407bbe878e,k-means,warm,exec,queue,0.02160358428955078,2.384185791015625e-07,2.384185791015625e-07,1609701297.95553,1609701298.1013157,0.14578580856323242,1609701297.998155,1609701298.0057383,0.007583141326904297
decfb56e053b4a55ac8eff1e0246f251,k-means,warm,exec,queue,0.02614736557006836,4.76837158203125e-07,2.384185791015625e-07,1609701297.9571524,1609701298.0994952,0.14234280586242676,1609701298.0051763,1609701298.0135164,0.008340120315551758
71f216f3aa5746d3b0b8599dc3a0149b,k-means,warm,exec,queue,0.06162381172180176,2.384185791015625e-07,0.0,1609701297.9587228,1609701298.1871598,0.22843694686889648,1609701298.0465288,1609701298.052269,0.005740165710449219
a38ef5b772cb47d08186359d11dd5791,k-means,warm,exec,queue,0.06624484062194824,4.76837158203125e-07,2.384185791015625e-07,1609701297.9604108,1609701298.1950026,0.23459172248840332,1609701298.0503943,1609701298.0568864,0.006492137908935547
77bac8b2feb047efbc4da6aba23510af,k-means,warm,exec,queue,7.43865966796875e-05,4.76837158203125e-07,2.384185791015625e-07,1609701298.9269974,1609701299.0706365,0.14363908767700195,1609701298.964365,1609701298.9729962,0.008631229400634766
0acb2447e6684903ac9981e8648255a7,k-means,warm,exec,queue,0.004761457443237305,2.384185791015625e-07,0.0,1609701298.930679,1609701299.0379612,0.10728216171264648,1609701298.9638178,1609701298.971137,0.007319211959838867
39131b7cb8ab4237a9b0917d2dd943b5,video,warm,exec,queue,0.01863861083984375,2.384185791015625e-07,2.384185791015625e-07,1609701298.9329247,1609701299.1754823,0.24255752563476562,1609701298.987564,1609701299.0039225,0.016358375549316406
01f3783dc63d4e949217198a3b1c8b64,k-means,warm,exec,queue,0.008827686309814453,7.152557373046875e-07,2.384185791015625e-07,1609701298.9347212,1609701299.0723162,0.13759493827819824,1609701298.969896,1609701298.9781704,0.008274316787719727
dab2f92675ba4b1c9e745ff6d50a6260,k-means,warm,exec,queue,0.013764381408691406,2.384185791015625e-07,2.384185791015625e-07,1609701298.936521,1609701299.13788,0.20135903358459473,1609701298.9750679,1609701298.9835577,0.008489847183227539
5e0441837edf4f44beabb077c15e12fb,k-means,warm,exec,queue,0.019310712814331055,4.76837158203125e-07,2.384185791015625e-07,1609701298.938514,1609701299.0738711,0.13535714149475098,1609701298.9872699,1609701298.994236,0.006966114044189453
48c451e9de174d38b5c0f03e8e167b9f,k-means,warm,exec,queue,0.024954795837402344,4.76837158203125e-07,2.384185791015625e-07,1609701298.9403214,1609701299.1712472,0.2309257984161377,1609701298.9936273,1609701299.000025,0.006397724151611328
f59259422e4c4db88e13831c0adbdf54,k-means,warm,exec,queue,0.030147075653076172,9.5367431640625e-07,4.76837158203125e-07,1609701298.942094,1609701299.17493,0.23283600807189941,1609701298.9947104,1609701299.0024981,0.0077877044677734375
5929cecb96534a0986c5f29f22530e7c,k-means,warm,exec,queue,0.03509020805358887,2.384185791015625e-07,0.0,1609701298.9438741,1609701299.177528,0.23365378379821777,1609701298.997327,1609701299.0042362,0.00690913200378418
6dc28c364a954ce5aa500d0a7d41559c,k-means,warm,exec,queue,0.040384769439697266,4.76837158203125e-07,2.384185791015625e-07,1609701298.945653,1609701299.1759868,0.23033380508422852,1609701299.0056334,1609701299.012334,0.006700754165649414
3b657f8d16e7400ba7dfb23e345458ae,k-means,warm,exec,queue,7.462501525878906e-05,2.384185791015625e-07,2.384185791015625e-07,1609701299.9355476,1609701300.0725994,0.13705182075500488,1609701299.985913,1609701299.9944725,0.008559465408325195
fe2e3a7dba094e8ab0f775d480d36f72,k-means,warm,exec,queue,0.0068857669830322266,2.384185791015625e-07,2.384185791015625e-07,1609701299.939985,1609701300.0741918,0.13420677185058594,1609701299.9860048,1609701299.994491,0.008486270904541016
bb18fcc714b749b8864d9b7bff4a8fad,k-means,warm,exec,queue,0.011935234069824219,4.76837158203125e-07,2.384185791015625e-07,1609701299.942695,1609701300.2996867,0.3569917678833008,1609701299.991446,1609701299.99955,0.008104085922241211
e312ae35565543aaa715fce47b40d80e,k-means,warm,exec,queue,0.017285823822021484,4.76837158203125e-07,0.0,1609701299.9450605,1609701300.1751676,0.23010706901550293,1609701299.997271,1609701300.004083,0.006811857223510742
19b85d56ff834f40b4649b528dfb052c,k-means,warm,exec,queue,0.022171974182128906,2.384185791015625e-07,0.0,1609701299.9468925,1609701300.4405525,0.49365997314453125,1609701300.0034497,1609701300.0087552,0.00530552864074707
5ef61eac73414bee9e22d7258ac28ef1,k-means,warm,exec,queue,0.027292966842651367,2.384185791015625e-07,2.384185791015625e-07,1609701299.9485228,1609701300.4423158,0.4937930107116699,1609701300.0074744,1609701300.0130782,0.005603790283203125
eaec00bfdc2349afaff5aa462581c8f7,k-means,warm,exec,queue,0.032776594161987305,2.384185791015625e-07,2.384185791015625e-07,1609701299.9501555,1609701300.1430566,0.1929011344909668,1609701300.014843,1609701300.0207162,0.005873203277587891
cebb98d0f5494603a92aea12c6d1185a,k-means,warm,exec,queue,0.03780102729797363,2.384185791015625e-07,2.384185791015625e-07,1609701299.9517694,1609701300.3853903,0.4336209297180176,1609701300.0198503,1609701300.0246453,0.004795074462890625
df0e8bc2529b47488685ccecb7836dbd,k-means,warm,exec,queue,0.04344463348388672,2.384185791015625e-07,2.384185791015625e-07,1609701299.953414,1609701300.0973053,0.1438913345336914,1609701300.0260718,1609701300.03231,0.006238222122192383
a7345042e5be42de90aacd9da5a1a7fe,k-means,warm,exec,queue,0.04858064651489258,2.384185791015625e-07,0.0,1609701299.9551787,1609701300.1395473,0.18436861038208008,1609701300.0302181,1609701300.0361972,0.005979061126708984
078cd0dd14af43079c5fb675f254b954,k-means,warm,exec,queue,0.054116010665893555,4.76837158203125e-07,2.384185791015625e-07,1609701299.9567914,1609701300.1424317,0.1856403350830078,1609701300.0382075,1609701300.044589,0.006381511688232422
8b9cfbfb57bf4e38a667d7f299e6056d,k-means,warm,exec,queue,0.0592498779296875,2.384185791015625e-07,0.0,1609701299.9583905,1609701300.30181,0.34341955184936523,1609701300.0418143,1609701300.0462554,0.004441022872924805
a40aeaa3b89944379a86ff19c755a67e,k-means,warm,exec,queue,0.0648648738861084,2.384185791015625e-07,2.384185791015625e-07,1609701299.959995,1609701300.216639,0.25664401054382324,1609701300.0491781,1609701300.0553322,0.006154060363769531
305c8bb21b86418c859338f80086d199,k-means,warm,exec,queue,0.06982040405273438,4.76837158203125e-07,2.384185791015625e-07,1609701299.961713,1609701300.2651348,0.3034217357635498,1609701300.0534747,1609701300.057954,0.004479408264160156
3bc4d9ad1ade4f75b85dd1079ef0dbe5,matmul,warm,exec,queue,0.0160219669342041,0.0,0.0,1609701299.9633167,1609701300.214807,0.25149035453796387,1609701300.0044024,1609701300.0146055,0.010203123092651367
f6045e610c57463883c646343d7d44d0,k-means,warm,exec,queue,0.002678394317626953,4.76837158203125e-07,2.384185791015625e-07,1609701300.9368494,1609701301.143602,0.20675253868103027,1609701300.9842067,1609701300.993866,0.009659290313720703
71a5e445bdfc4b30b74bf3168d310ef1,k-means,warm,exec,queue,0.016211271286010742,2.384185791015625e-07,4.76837158203125e-07,1609701300.9411485,1609701301.0919297,0.15078115463256836,1609701300.9952497,1609701301.0043285,0.009078741073608398
80a8bf3c5169427f889b7969d0ee1192,k-means,warm,exec,queue,0.020972251892089844,4.76837158203125e-07,4.76837158203125e-07,1609701300.9437943,1609701301.2103221,0.2665278911590576,1609701301.0036185,1609701301.0119672,0.008348703384399414
d9d68100f47f4c339a885c4f4fc9cad5,k-means,warm,exec,queue,0.026546478271484375,2.384185791015625e-07,2.384185791015625e-07,1609701300.9457576,1609701301.0937917,0.14803409576416016,1609701301.0057907,1609701301.0137043,0.007913589477539062
ae287e08e26f4b45b63298df3f403b54,k-means,warm,exec,queue,0.03136801719665527,2.384185791015625e-07,0.0,1609701300.9475484,1609701301.1454232,0.1978747844696045,1609701301.010385,1609701301.0176716,0.007286548614501953
fcb8fc99955740ba80021be9a6dd8567,k-means,warm,exec,queue,0.03600764274597168,2.384185791015625e-07,2.384185791015625e-07,1609701300.9491646,1609701301.1780388,0.22887420654296875,1609701301.0151734,1609701301.0236578,0.008484363555908203
db51a1c606e54cebb242bc9a6d02d5c3,k-means,warm,exec,queue,0.041298627853393555,2.384185791015625e-07,2.384185791015625e-07,1609701300.9507682,1609701301.2149365,0.26416826248168945,1609701301.0207543,1609701301.0276802,0.006925821304321289
73af34801d3647cd956b43c73023c212,k-means,warm,exec,queue,0.04625582695007324,2.384185791015625e-07,0.0,1609701300.9523883,1609701301.1417882,0.18939995765686035,1609701301.0262032,1609701301.0328543,0.006651163101196289
dc9a7c7358ec46d894d17b35e7ef9484,k-means,warm,exec,queue,0.051276206970214844,2.384185791015625e-07,2.384185791015625e-07,1609701300.9540064,1609701301.2161157,0.26210927963256836,1609701301.0326734,1609701301.0391445,0.006471157073974609
d3afefd9df0044b191de37258d1a2969,k-means,warm,exec,queue,0.05602073669433594,2.384185791015625e-07,2.384185791015625e-07,1609701300.9559536,1609701301.2155514,0.2595977783203125,1609701301.0378282,1609701301.043804,0.0059757232666015625
9b5eb3672d2342d289b0d90c3d3b3012,k-means,warm,exec,queue,0.008948564529418945,4.76837158203125e-07,2.384185791015625e-07,1609701300.9575586,1609701301.0585139,0.10095524787902832,1609701300.9838157,1609701300.993506,0.009690284729003906
7df9135780144f35b2545fa761eb57ff,k-means,warm,exec,queue,0.013618230819702148,4.76837158203125e-07,2.384185791015625e-07,1609701300.959145,1609701301.0600302,0.10088515281677246,1609701300.98935,1609701300.999008,0.009657859802246094
6573bdec286a4ed4944b3182a3c16342,video,warm,exec,queue,0.01919412612915039,2.384185791015625e-07,2.384185791015625e-07,1609701300.960764,1609701301.2109294,0.2501654624938965,1609701301.0047486,1609701301.0219913,0.0172426700592041
f72edf377c0542c2bc8304fdb19bb112,k-means,warm,exec,queue,0.004075288772583008,4.76837158203125e-07,2.384185791015625e-07,1609701301.9388528,1609701302.11913,0.18027710914611816,1609701301.9872973,1609701301.995699,0.008401632308959961
670e0a5ef4fd483cb48ff7af1b0993d3,k-means,warm,exec,queue,0.054781198501586914,2.384185791015625e-07,2.384185791015625e-07,1609701301.9431393,1609701302.2287142,0.28557491302490234,1609701302.0379975,1609701302.0446436,0.006646156311035156
c5a644244c7843f889018b3cfff5fe33,k-means,warm,exec,queue,0.05006051063537598,4.76837158203125e-07,2.384185791015625e-07,1609701301.9456842,1609701302.2310338,0.28534960746765137,1609701302.0343177,1609701302.0411515,0.006833791732788086
e48b2d999b4e447282cc76669d984b67,k-means,warm,exec,queue,0.04538893699645996,2.384185791015625e-07,2.384185791015625e-07,1609701301.9481845,1609701302.2221682,0.2739837169647217,1609701302.0289977,1609701302.0357594,0.006761789321899414
4ef818d200b2477fab61925120e197ce,k-means,warm,exec,queue,0.04033684730529785,4.76837158203125e-07,2.384185791015625e-07,1609701301.9501693,1609701302.3062582,0.35608887672424316,1609701302.0238318,1609701302.0294929,0.0056610107421875
c5da20b945424a86bc6c7f3b99af52de,k-means,warm,exec,queue,0.034716129302978516,2.384185791015625e-07,2.384185791015625e-07,1609701301.951814,1609701302.1119163,0.16010236740112305,1609701302.0166488,1609701302.023577,0.006928205490112305
4866441cf347486fb5b50b423c7dd0f1,k-means,warm,exec,queue,0.029850244522094727,0.0,2.384185791015625e-07,1609701301.953432,1609701302.230468,0.2770359516143799,1609701302.0120153,1609701302.016934,0.004918575286865234
6a11625599bc4915976f8fae72016c2d,k-means,warm,exec,queue,0.02518630027770996,2.384185791015625e-07,2.384185791015625e-07,1609701301.9550326,1609701302.2293124,0.2742798328399658,1609701302.0078468,1609701302.015116,0.007269144058227539
e61862bcc3b0430cae9a8411b7176ced,k-means,warm,exec,queue,0.009021520614624023,2.384185791015625e-07,0.0,1609701301.9566612,1609701302.1184876,0.16182637214660645,1609701301.9860938,1609701301.9969525,0.010858774185180664
f9d3adfe90c3476eaa307ef8749f853d,k-means,warm,exec,queue,0.014180660247802734,2.384185791015625e-07,2.384185791015625e-07,1609701301.9583902,1609701302.1156695,0.15727925300598145,1609701301.992308,1609701302.0017037,0.009395837783813477
76582f2cc8bb4759ba1a5ebe0141786d,k-means,warm,exec,queue,0.018540382385253906,2.384185791015625e-07,2.384185791015625e-07,1609701301.9599903,1609701302.1150258,0.15503549575805664,1609701301.9967706,1609701302.005193,0.008422374725341797
13afad1d1fe346a8a5ebe51ae29cfb1c,k-means,warm,exec,queue,0.02285146713256836,2.384185791015625e-07,2.384185791015625e-07,1609701301.961622,1609701302.3056304,0.3440084457397461,1609701302.005826,1609701302.01378,0.007954120635986328
0807fc3da9114704acad4246fcab8d1b,k-means,warm,exec,queue,0.060173749923706055,2.384185791015625e-07,0.0,1609701301.9632022,1609701302.229894,0.2666916847229004,1609701302.0441206,1609701302.0497427,0.005622148513793945
d1667e8c508d4347bdf27ada73cb5835,k-means,warm,exec,queue,0.0002429485321044922,7.152557373046875e-07,4.76837158203125e-07,1609701302.93699,1609701303.0989115,0.16192150115966797,1609701302.9799948,1609701302.987337,0.007342338562011719
f6801769af284b07a7fe7dac922eb1cb,k-means,warm,exec,queue,0.006771564483642578,2.384185791015625e-07,0.0,1609701302.941143,1609701303.0974479,0.15630483627319336,1609701302.9803982,1609701302.9895148,0.009116649627685547
34fefc32b6744bf8a9d0a1dddf413f83,k-means,warm,exec,queue,0.011816263198852539,4.76837158203125e-07,2.384185791015625e-07,1609701302.943791,1609701303.1032233,0.15943241119384766,1609701302.9857929,1609701302.9948115,0.009018659591674805
ac490ea83cee4bb2a6586236aba646f0,k-means,warm,exec,queue,0.01696014404296875,4.76837158203125e-07,2.384185791015625e-07,1609701302.9456124,1609701303.1883261,0.24271368980407715,1609701302.9928443,1609701303.0014777,0.00863337516784668
43dd1c4de6f0430a9200a57db5db46c1,k-means,warm,exec,queue,0.023859739303588867,7.152557373046875e-07,2.384185791015625e-07,1609701302.9473913,1609701303.1696277,0.22223639488220215,1609701303.0047026,1609701303.0119119,0.007209300994873047
6672e2c5033c415c9cc2d2a1bd3168f9,k-means,warm,exec,queue,0.029447317123413086,4.76837158203125e-07,2.384185791015625e-07,1609701302.9490027,1609701303.1017733,0.1527705192565918,1609701303.01031,1609701303.0160222,0.005712270736694336
c47522deae2f4b5e99946be0babc42a7,k-means,warm,exec,queue,0.03404664993286133,2.384185791015625e-07,0.0,1609701302.9505963,1609701303.100227,0.14963078498840332,1609701303.011129,1609701303.0168798,0.005750894546508789
c1b93bd5cf3d4a5e9a739a32e88bf6ba,k-means,warm,exec,queue,0.038698434829711914,2.384185791015625e-07,2.384185791015625e-07,1609701302.9521883,1609701303.222214,0.27002573013305664,1609701303.016054,1609701303.0235376,0.007483720779418945
ba3e99082e12441c8789805897446146,k-means,warm,exec,queue,0.04391145706176758,2.384185791015625e-07,2.384185791015625e-07,1609701302.9537935,1609701303.1675174,0.21372389793395996,1609701303.0235996,1609701303.0307646,0.007164955139160156
e3388f4ac2af415d80452704ca6d00ac,k-means,warm,exec,queue,0.048964500427246094,4.76837158203125e-07,2.384185791015625e-07,1609701302.9555297,1609701303.168042,0.21251225471496582,1609701303.0316446,1609701303.038494,0.006849527359008789
1c27405316ec42a4b0150fa90e3d4a89,k-means,warm,exec,queue,0.05387282371520996,2.384185791015625e-07,2.384185791015625e-07,1609701302.9571218,1609701303.1646378,0.20751595497131348,1609701303.0328782,1609701303.0388112,0.005933046340942383
fea16d1c69b74d95b6ebbe4cdf264e3e,video,warm,exec,queue,0.016644001007080078,4.76837158203125e-07,2.384185791015625e-07,1609701302.9586942,1609701303.2238777,0.2651834487915039,1609701303.0054562,1609701303.021337,0.015880823135375977
867b8f4256c745c099168d00a30a7027,k-means,warm,exec,queue,0.00039196014404296875,2.384185791015625e-07,2.384185791015625e-07,1609701303.9366376,1609701304.0591738,0.12253618240356445,1609701303.9803207,1609701303.990178,0.009857416152954102
c2d17f0f7b004df5a6bfc72fb71322c2,k-means,warm,exec,queue,0.043332815170288086,0.0,4.76837158203125e-07,1609701303.9408882,1609701304.1935675,0.25267934799194336,1609701304.0227146,1609701304.0294952,0.0067806243896484375
6dc6c2b33c7e4e2fbbe608e7a108c584,k-means,warm,exec,queue,0.04795956611633301,9.5367431640625e-07,2.384185791015625e-07,1609701303.9435356,1609701304.2492743,0.3057386875152588,1609701304.0276186,1609701304.0323691,0.004750490188598633
8640c31920f14c10acfe311a7d06d7d6,k-means,warm,exec,queue,0.005162954330444336,2.384185791015625e-07,2.384185791015625e-07,1609701303.9462078,1609701304.0575793,0.11137151718139648,1609701303.9800038,1609701303.9899583,0.009954452514648438
100f89160d01431ba95e1a1541398ec8,k-means,warm,exec,queue,0.009623527526855469,4.76837158203125e-07,2.384185791015625e-07,1609701303.9489212,1609701304.1151729,0.16625165939331055,1609701303.9839084,1609701303.9929543,0.009045839309692383
404bb03bf0e94a73ba5880539664b573,k-means,warm,exec,queue,0.014233589172363281,2.384185791015625e-07,2.384185791015625e-07,1609701303.9505255,1609701304.1941416,0.24361610412597656,1609701303.9903526,1609701303.9992313,0.008878707885742188
01ff630be72c45478dbf72a733fcc7aa,k-means,warm,exec,queue,0.01884007453918457,4.76837158203125e-07,4.76837158203125e-07,1609701303.9521332,1609701304.1614347,0.20930147171020508,1609701304.000031,1609701304.0072384,0.007207393646240234
32c4bcf0c6e24bbf90d6306ab1c8f66e,k-means,warm,exec,queue,0.0251767635345459,2.384185791015625e-07,2.384185791015625e-07,1609701303.9537582,1609701304.1170166,0.16325831413269043,1609701304.0025384,1609701304.008295,0.0057566165924072266
59282c1de45f4c5ba49e1c75d571fd7c,k-means,warm,exec,queue,0.030079126358032227,4.76837158203125e-07,2.384185791015625e-07,1609701303.9553602,1609701304.1620607,0.20670056343078613,1609701304.0071,1609701304.01202,0.004920005798339844
a0fc7f0da05f491484860babf8524606,k-means,warm,exec,queue,0.034964561462402344,2.384185791015625e-07,0.0,1609701303.9571176,1609701304.190631,0.23351335525512695,1609701304.0138597,1609701304.0202658,0.006406068801879883
e16e6132660d473894435b4a69eb4a1b,k-means,warm,exec,queue,0.0402679443359375,2.384185791015625e-07,2.384185791015625e-07,1609701303.9587183,1609701304.1581697,0.19945144653320312,1609701304.0185814,1609701304.0255673,0.006985902786254883
c0fd94c9e5764a98a2fdb17af9a0c750,k-means,warm,exec,queue,0.002401113510131836,2.384185791015625e-07,2.384185791015625e-07,1609701304.9438827,1609701305.0981855,0.15430283546447754,1609701305.0319355,1609701305.0407166,0.008781194686889648
6e8bb3a769824fd5ba616a2e0d7f26ad,k-means,warm,exec,queue,0.031511783599853516,4.76837158203125e-07,2.384185791015625e-07,1609701304.9482768,1609701305.1684098,0.22013306617736816,1609701305.0657895,1609701305.0749059,0.009116411209106445
9f493116924f43bab62da2e023ba31e9,k-means,warm,exec,queue,0.03912758827209473,4.76837158203125e-07,0.0,1609701304.9509308,1609701305.173269,0.22233819961547852,1609701305.0669796,1609701305.0761445,0.009164810180664062
89958b027f74478096488e82cb657eed,k-means,warm,exec,queue,0.04391145706176758,2.384185791015625e-07,2.384185791015625e-07,1609701304.9535992,1609701305.289473,0.3358738422393799,1609701305.0704212,1609701305.07738,0.006958723068237305
983d24c6230641cbbfa27082e6f0637a,k-means,warm,exec,queue,0.0482633113861084,4.76837158203125e-07,2.384185791015625e-07,1609701304.9565628,1609701305.2859442,0.32938146591186523,1609701305.0792909,1609701305.0899193,0.010628461837768555
2aad4a2edcd04a31ba33d2b88442e412,k-means,warm,exec,queue,0.0525362491607666,2.384185791015625e-07,4.76837158203125e-07,1609701304.9582102,1609701305.3410027,0.38279247283935547,1609701305.0941207,1609701305.1022213,0.008100509643554688
1ba13c40d8c846f1abeb2f970bfb89be,k-means,warm,exec,queue,0.05759572982788086,7.152557373046875e-07,4.76837158203125e-07,1609701304.9598086,1609701305.3382225,0.3784139156341553,1609701305.0986893,1609701305.1059065,0.0072171688079833984
cb6e6f6a32464929b209ce6bfdcef58f,k-means,warm,exec,queue,0.06527590751647949,4.76837158203125e-07,2.384185791015625e-07,1609701304.9614532,1609701305.2440808,0.28262758255004883,1609701305.1010287,1609701305.1088245,0.007795810699462891
38368b80397b44bf8820cae70ef0254e,k-means,warm,exec,queue,0.01497197151184082,2.384185791015625e-07,2.384185791015625e-07,1609701304.9630663,1609701305.1702259,0.20715951919555664,1609701305.0380237,1609701305.047321,0.009297370910644531
da9db7faffa44a57a95b902bc349827e,k-means,warm,exec,queue,0.01967763900756836,2.384185791015625e-07,2.384185791015625e-07,1609701304.9650111,1609701305.1258876,0.16087651252746582,1609701305.0432942,1609701305.051045,0.007750749588012695
eadd0cc59fd540c59abd208d85ccfc9d,k-means,warm,exec,queue,0.027244091033935547,2.384185791015625e-07,2.384185791015625e-07,1609701304.9666386,1609701305.1719167,0.2052781581878662,1609701305.064295,1609701305.0716476,0.007352590560913086
d9753abc5df14980a2e97597301dc102,k-means,warm,exec,queue,0.012283802032470703,2.384185791015625e-07,0.0,1609701304.9682257,1609701305.0956728,0.12744712829589844,1609701305.0328352,1609701305.0416353,0.008800029754638672
18145f80473745c8919062282579c675,k-means,warm,exec,queue,0.0701448917388916,2.384185791015625e-07,2.384185791015625e-07,1609701304.96983,1609701305.2461345,0.2763044834136963,1609701305.1019356,1609701305.109631,0.007695436477661133
12824fd87f0f4bffb7f4dcf41e054591,video,warm,exec,queue,0.018080472946166992,2.384185791015625e-07,4.76837158203125e-07,1609701304.995054,1609701305.2888863,0.29383230209350586,1609701305.065124,1609701305.0830002,0.017876148223876953
be533001fe774417852a7f6c67f5aa04,matmul,warm,exec,queue,0.023556232452392578,2.384185791015625e-07,2.384185791015625e-07,1609701304.9977343,1609701305.2179532,0.22021889686584473,1609701305.066034,1609701305.0786996,0.012665510177612305
1f15909ffb1b4bca95a51d289ee99681,map_reduce,warm,exec,queue,0.030910015106201172,2.384185791015625e-07,2.384185791015625e-07,1609701305.0004163,1609701305.3415806,0.34116435050964355,1609701305.066324,1609701305.1514494,0.08512544631958008
17ee070148ad4fdc93ebad3b3c3a8bf4,k-means,warm,exec,queue,0.005327463150024414,4.76837158203125e-07,0.0,1609701305.934148,1609701306.0532405,0.11909246444702148,1609701305.9659147,1609701305.9722507,0.0063359737396240234
2601902bf75f4d37814f627d584fc610,k-means,warm,exec,queue,0.03973555564880371,4.76837158203125e-07,2.384185791015625e-07,1609701305.9381552,1609701306.1536324,0.21547722816467285,1609701306.0057952,1609701306.0131881,0.00739288330078125
71202c649f6c4d00903b1efff220b152,k-means,warm,exec,queue,0.03463387489318848,2.384185791015625e-07,2.384185791015625e-07,1609701305.940707,1609701306.1889336,0.24822664260864258,1609701306.001767,1609701306.0074966,0.00572967529296875
1981662cbd1242aa8243fc8e950e5171,k-means,warm,exec,queue,0.028851985931396484,4.76837158203125e-07,2.384185791015625e-07,1609701305.943206,1609701306.2584758,0.31526970863342285,1609701305.9987488,1609701306.0060556,0.007306814193725586
585728ac6cb24c87b2effa5ae3ee6cc5,k-means,warm,exec,queue,0.024500608444213867,2.384185791015625e-07,2.384185791015625e-07,1609701305.945737,1609701306.1121366,0.16639971733093262,1609701305.9883704,1609701305.9955103,0.007139921188354492
0214239e66fb4d7e8762d1209f05a257,k-means,warm,exec,queue,0.010028600692749023,2.384185791015625e-07,2.384185791015625e-07,1609701305.9484754,1609701306.1916723,0.24319696426391602,1609701305.971907,1609701305.9795856,0.0076787471771240234
052443f769b9457aadde3529be864a42,k-means,warm,exec,queue,0.014765024185180664,4.76837158203125e-07,2.384185791015625e-07,1609701305.9499261,1609701306.0861864,0.1362602710723877,1609701305.9789557,1609701305.9872296,0.008273839950561523
ec2603706dc44d6b857874904d865f8a,k-means,warm,exec,queue,0.019931316375732422,2.384185791015625e-07,2.384185791015625e-07,1609701305.9513762,1609701306.1922214,0.2408452033996582,1609701305.9819365,1609701305.9862497,0.004313230514526367
cc27e4e18f894c74b1f08425365c0fd6,k-means,warm,exec,queue,0.006871223449707031,2.384185791015625e-07,0.0,1609701306.942264,1609701307.0425482,0.10028409957885742,1609701306.9856932,1609701306.995099,0.009405851364135742
debb7e3d33f540b78baca69c210c8bb9,k-means,warm,exec,queue,0.05200457572937012,2.384185791015625e-07,0.0,1609701306.9465263,1609701307.2620354,0.3155090808868408,1609701307.0384612,1609701307.0462546,0.007793426513671875
bf11f2637cdf4e389046a1d46847cc10,k-means,warm,exec,queue,0.01569390296936035,4.76837158203125e-07,0.0,1609701306.9489653,1609701307.1708033,0.22183799743652344,1609701306.9947917,1609701307.0030842,0.008292436599731445
1d7635273f204159a1faae5f613cef76,k-means,warm,exec,queue,0.020095348358154297,2.384185791015625e-07,2.384185791015625e-07,1609701306.9505877,1609701307.0880976,0.13750982284545898,1609701307.002593,1609701307.0109177,0.008324623107910156
f34aed0293604ebcb9beca82fbcf5f4b,k-means,warm,exec,queue,0.02444767951965332,4.76837158203125e-07,2.384185791015625e-07,1609701306.9524262,1609701307.0875146,0.13508844375610352,1609701307.0052185,1609701307.012035,0.006816387176513672
7c88fd33ece84cc3a2c110d5595d68d2,k-means,warm,exec,queue,0.05651235580444336,2.384185791015625e-07,2.384185791015625e-07,1609701306.9540615,1609701307.2644684,0.3104069232940674,1609701307.0435967,1609701307.050589,0.006992340087890625
bd7c2abe6ddf4055afa4435b8c94dd32,k-means,warm,exec,queue,0.029139280319213867,2.384185791015625e-07,2.384185791015625e-07,1609701306.9556887,1609701307.0847292,0.12904047966003418,1609701307.0106752,1609701307.0176122,0.0069370269775390625
25ec1ae00a2f4d2d80b4544a05056668,k-means,warm,exec,queue,0.03409266471862793,2.384185791015625e-07,0.0,1609701306.9573417,1609701307.1688504,0.21150875091552734,1609701307.014703,1609701307.0215933,0.006890296936035156
07e11b1a2a0e4a5bb19b6e643a2d6e0d,k-means,warm,exec,queue,0.038945913314819336,4.76837158203125e-07,2.384185791015625e-07,1609701306.9589753,1609701307.2649906,0.3060152530670166,1609701307.02355,1609701307.0313275,0.00777745246887207
c0ab317aafba41ad9624b8b12badd3b9,k-means,warm,exec,queue,0.0442042350769043,4.76837158203125e-07,4.76837158203125e-07,1609701306.9607768,1609701307.3707166,0.4099397659301758,1609701307.0319352,1609701307.0393307,0.007395505905151367
eeeed81342a744d096e3089752889732,k-means,warm,exec,queue,0.04891467094421387,2.384185791015625e-07,2.384185791015625e-07,1609701306.9623601,1609701307.3689506,0.40659046173095703,1609701307.0330348,1609701307.0394218,0.006386995315551758
ea106e9943fa4e01b7949d7feaddebbe,k-means,warm,exec,queue,0.010402441024780273,4.76837158203125e-07,2.384185791015625e-07,1609701306.963914,1609701307.134527,0.17061305046081543,1609701306.990877,1609701306.9996378,0.008760929107666016
46cafb98218041388d420149caddb3ea,video,warm,exec,queue,0.01569843292236328,2.384185791015625e-07,2.384185791015625e-07,1609701306.9654915,1609701307.260242,0.294750452041626,1609701307.0036914,1609701307.021201,0.01750946044921875
129ec860f6d84bfd8fe6ac88ed0a7867,k-means,warm,exec,queue,8.702278137207031e-05,2.384185791015625e-07,2.384185791015625e-07,1609701307.9434001,1609701308.0875971,0.1441969871520996,1609701307.9944682,1609701308.0033374,0.008869171142578125
9ba3916a2fde4c1384a3548d4bda12ab,k-means,warm,exec,queue,0.009710073471069336,2.384185791015625e-07,2.384185791015625e-07,1609701307.9477828,1609701308.0910373,0.14325451850891113,1609701307.9943068,1609701308.0044525,0.01014566421508789
7e507503f5bf4ea7beda921c5f414973,k-means,warm,exec,queue,0.014925718307495117,2.384185791015625e-07,2.384185791015625e-07,1609701307.95043,1609701308.0904884,0.1400585174560547,1609701308.0003202,1609701308.0105243,0.010204076766967773
e564ed38e309495caed8c16cb324f302,k-means,warm,exec,queue,0.019334077835083008,2.384185791015625e-07,2.384185791015625e-07,1609701307.9530494,1609701308.1640358,0.21098637580871582,1609701308.0051806,1609701308.0139606,0.00878000259399414
e088ebd9da7d47c08457eeaf38b7a58c,k-means,warm,exec,queue,0.023964643478393555,4.76837158203125e-07,2.384185791015625e-07,1609701307.9559314,1609701308.1668386,0.2109072208404541,1609701308.0130908,1609701308.0214741,0.00838327407836914
fb6a25c4dd974dd4b3de31d5bc3f460e,k-means,warm,exec,queue,0.029302358627319336,7.152557373046875e-07,7.152557373046875e-07,1609701307.9577324,1609701308.1622846,0.20455217361450195,1609701308.022224,1609701308.0298908,0.007666826248168945
9d0c42ec565f442abdbb2f4d03c683e5,k-means,warm,exec,queue,0.03356051445007324,2.384185791015625e-07,0.0,1609701307.9593098,1609701308.1674523,0.20814251899719238,1609701308.0223877,1609701308.0282538,0.005866050720214844
72354f09ca1140b392acbade3ea4d5bc,k-means,warm,exec,queue,0.038133859634399414,2.384185791015625e-07,2.384185791015625e-07,1609701307.960903,1609701308.3045747,0.3436717987060547,1609701308.0269403,1609701308.033258,0.006317615509033203
2f92d835cf534f80b9013d813eaf9dd8,k-means,warm,exec,queue,0.042543649673461914,2.384185791015625e-07,0.0,1609701307.9624875,1609701308.128657,0.1661696434020996,1609701308.0306282,1609701308.0367742,0.006145954132080078
371cec7bbe5245bd9d3e513f7ec4bac1,k-means,warm,exec,queue,0.04775357246398926,4.76837158203125e-07,0.0,1609701307.9642189,1609701308.230375,0.2661561965942383,1609701308.0367157,1609701308.0432005,0.0064847469329833984
6d4fdaa5ded14dc6aa3c1a3b84c0727e,k-means,warm,exec,queue,0.05236220359802246,2.384185791015625e-07,0.0,1609701307.965792,1609701308.1959817,0.23018980026245117,1609701308.0431714,1609701308.0495787,0.006407260894775391
f80c894c1de54943af1a9a158d7a2eda,k-means,warm,exec,queue,0.05594205856323242,2.384185791015625e-07,2.384185791015625e-07,1609701307.9673629,1609701308.3630345,0.3956716060638428,1609701308.0482726,1609701308.0548787,0.006606101989746094
2e275ef68f9d4474a8e029daa5bf6a31,k-means,warm,exec,queue,0.06036710739135742,2.384185791015625e-07,2.384185791015625e-07,1609701307.9689617,1609701308.1691256,0.2001638412475586,1609701308.05199,1609701308.0567567,0.004766702651977539
a71aceb4d8174e75bcd65125339aa585,k-means,warm,exec,queue,0.008333206176757812,4.76837158203125e-07,0.0,1609701308.946876,1609701309.111694,0.16481804847717285,1609701308.9992418,1609701309.0079882,0.00874638557434082
1209421aa693497d974700b9cf70bc85,k-means,warm,exec,queue,0.05318641662597656,2.384185791015625e-07,2.384185791015625e-07,1609701308.9512272,1609701309.2218845,0.2706573009490967,1609701309.0482368,1609701309.0531447,0.004907846450805664
78994fe19dbe46cba5b7b82c4cad0da9,k-means,warm,exec,queue,0.057714223861694336,2.384185791015625e-07,0.0,1609701308.953402,1609701309.3518171,0.39841508865356445,1609701309.0531962,1609701309.0582762,0.005079984664916992
0bf2b253b34f43f7b4502c7df1f7fb37,k-means,warm,exec,queue,0.016835451126098633,4.76837158203125e-07,2.384185791015625e-07,1609701308.955166,1609701309.1064005,0.15123438835144043,1609701309.004746,1609701309.0146096,0.009863615036010742
4affc2e71a5b467dae8b1a20649b4596,k-means,warm,exec,queue,0.021419286727905273,2.384185791015625e-07,2.384185791015625e-07,1609701308.957167,1609701309.109992,0.15282511711120605,1609701309.0090492,1609701309.0175786,0.008529424667358398
60133441e87847b9bc1ac90c1802f63c,k-means,warm,exec,queue,0.0258944034576416,2.384185791015625e-07,2.384185791015625e-07,1609701308.9589236,1609701309.2126641,0.2537405490875244,1609701309.0209537,1609701309.0292132,0.00825953483581543
1f74ac7d30714dcf9b6dba7e1c2f848e,k-means,warm,exec,queue,0.03135085105895996,7.152557373046875e-07,2.384185791015625e-07,1609701308.9607043,1609701309.2658882,0.30518388748168945,1609701309.0218492,1609701309.0283291,0.006479978561401367
1e79da4fb6ca49ec8d8e8001d44a5c61,k-means,warm,exec,queue,0.036574602127075195,2.384185791015625e-07,2.384185791015625e-07,1609701308.9624708,1609701309.2075605,0.24508976936340332,1609701309.0252187,1609701309.0318313,0.006612539291381836
9fc185205ccc4e4b817ddfb7ded624ce,k-means,warm,exec,queue,0.04211759567260742,2.384185791015625e-07,2.384185791015625e-07,1609701308.9642305,1609701309.3512022,0.38697171211242676,1609701309.0313556,1609701309.038306,0.00695037841796875
e9c0a7d577294b2589fc2fda2ede99d5,k-means,warm,exec,queue,0.04674863815307617,2.384185791015625e-07,2.384185791015625e-07,1609701308.9661922,1609701309.2109396,0.24474740028381348,1609701309.0373428,1609701309.0426106,0.0052678585052490234
fa1c4a48f8c74c769caec7b92b585fc5,k-means,warm,exec,queue,0.050403594970703125,2.384185791015625e-07,2.384185791015625e-07,1609701308.967799,1609701309.3482804,0.380481481552124,1609701309.0417213,1609701309.0473347,0.0056133270263671875
9cd1426cd82c464f8cc88d754d25bfbe,k-means,warm,exec,queue,0.011761903762817383,4.76837158203125e-07,2.384185791015625e-07,1609701308.9694211,1609701309.109366,0.13994479179382324,1609701308.9994268,1609701309.0078413,0.008414506912231445
40cd6795587e40a0abe9afb9313318db,k-means,warm,exec,queue,0.06261420249938965,2.384185791015625e-07,2.384185791015625e-07,1609701308.971033,1609701309.2058203,0.2347872257232666,1609701309.0596073,1609701309.0653043,0.005697011947631836
bd1f8daf27e24199beb4c4d8ed9382c0,video,warm,exec,queue,0.02039480209350586,2.384185791015625e-07,2.384185791015625e-07,1609701308.9727373,1609701309.210322,0.23758459091186523,1609701309.022025,1609701309.0391057,0.01708054542541504
ffc833d8aa224613891e2a0514bdd0ec,k-means,warm,exec,queue,0.0021533966064453125,4.76837158203125e-07,2.384185791015625e-07,1609701309.9452648,1609701310.113844,0.1685791015625,1609701309.9925334,1609701310.0031416,0.010608196258544922
40c623cd39e64e92b536f6547f4346b9,k-means,warm,exec,queue,0.02035999298095703,4.76837158203125e-07,2.384185791015625e-07,1609701309.94928,1609701310.113307,0.16402697563171387,1609701310.0057554,1609701310.0143754,0.008620023727416992
307e15ea08864355b4d2504f5598f7f3,k-means,warm,exec,queue,0.029339075088500977,2.384185791015625e-07,2.384185791015625e-07,1609701309.9517167,1609701310.181279,0.22956228256225586,1609701310.0164506,1609701310.0231905,0.00673985481262207
4a29b20e3da44a118c6a24e08668c8c7,k-means,warm,exec,queue,0.034461021423339844,2.384185791015625e-07,2.384185791015625e-07,1609701309.9541764,1609701310.3520818,0.3979053497314453,1609701310.0209093,1609701310.028154,0.007244586944580078
f540c85c81e0449bb4f540b5536a53da,k-means,warm,exec,queue,0.03927874565124512,2.384185791015625e-07,0.0,1609701309.9568453,1609701310.1818523,0.2250070571899414,1609701310.0251548,1609701310.0320015,0.00684666633605957
ef8fa9d86df545d289f378dd31efaec0,k-means,warm,exec,queue,0.04458117485046387,2.384185791015625e-07,4.76837158203125e-07,1609701309.958414,1609701310.2166557,0.2582416534423828,1609701310.0354512,1609701310.0423994,0.006948232650756836
610f41b7e8c94f5297ba3a1ce191f188,k-means,warm,exec,queue,0.049385786056518555,2.384185791015625e-07,2.384185791015625e-07,1609701309.9599802,1609701310.408785,0.4488048553466797,1609701310.0379314,1609701310.0448651,0.006933689117431641
f36ef436c93c4bf895dc98c140ea87fc,k-means,warm,exec,queue,0.054544687271118164,2.384185791015625e-07,0.0,1609701309.961566,1609701310.1782277,0.21666169166564941,1609701310.0419044,1609701310.048534,0.006629467010498047
a65f531d85e54159b5cacafa8439bd2b,k-means,warm,exec,queue,0.015805959701538086,2.384185791015625e-07,2.384185791015625e-07,1609701309.9631455,1609701310.1153474,0.15220189094543457,1609701310.000112,1609701310.0090308,0.00891876220703125
234bb4858f31409aa61098f71f881f7e,k-means,warm,exec,queue,0.011240005493164062,2.384185791015625e-07,2.384185791015625e-07,1609701309.964862,1609701310.1108124,0.1459503173828125,1609701309.9952304,1609701310.0042408,0.00901031494140625
ed6e8e4ee42e4516ad560a2560904249,k-means,warm,exec,queue,0.00841212272644043,4.76837158203125e-07,2.384185791015625e-07,1609701309.9664257,1609701310.1091022,0.14267659187316895,1609701309.9926262,1609701310.0032012,0.010575056076049805
111c746dc1664a4baadab2a09adbb8ec,matmul,warm,exec,queue,0.03069305419921875,7.152557373046875e-07,2.384185791015625e-07,1609701309.968,1609701310.3506448,0.3826448917388916,1609701310.0170066,1609701310.026512,0.009505271911621094
b57f103c059b4ae8917412e2399a0616,k-means,warm,exec,queue,0.00706934928894043,2.384185791015625e-07,2.384185791015625e-07,1609701310.9498274,1609701311.0677848,0.11795735359191895,1609701310.9990044,1609701311.0064924,0.0074880123138427734
f0109a108f234ce1968981463b729ff6,k-means,warm,exec,queue,0.0488429069519043,2.384185791015625e-07,0.0,1609701310.9542549,1609701311.26035,0.3060951232910156,1609701311.044356,1609701311.049407,0.0050508975982666016
c198484b728844509216b7b0b9752cd1,k-means,warm,exec,queue,0.054055213928222656,2.384185791015625e-07,0.0,1609701310.9567478,1609701311.213527,0.25677919387817383,1609701311.0510664,1609701311.0559382,0.004871845245361328
ef5bcc11185941858c209e873cb97f68,k-means,warm,exec,queue,0.05898427963256836,2.384185791015625e-07,2.384185791015625e-07,1609701310.9583337,1609701311.3529718,0.3946380615234375,1609701311.0552824,1609701311.0599487,0.004666328430175781
e044c6e0901343c787aa335646cbf2cf,k-means,warm,exec,queue,0.025353670120239258,2.384185791015625e-07,2.384185791015625e-07,1609701310.9601135,1609701311.1139023,0.15378880500793457,1609701311.0194514,1609701311.026789,0.0073375701904296875
2a3fe4e261b74e9a8dcd90bc860fc668,k-means,warm,exec,queue,0.03014826774597168,2.384185791015625e-07,2.384185791015625e-07,1609701310.9616995,1609701311.2139132,0.252213716506958,1609701311.02237,1609701311.0287862,0.0064160823822021484
c7a55afd7218439e9383d8f76cc85b00,k-means,warm,exec,queue,0.034738779067993164,2.384185791015625e-07,2.384185791015625e-07,1609701310.96328,1609701311.1135297,0.15024971961975098,1609701311.0278492,1609701311.0353851,0.0075359344482421875
67839ef91a924b93970f6034aea72739,k-means,warm,exec,queue,0.04015183448791504,4.76837158203125e-07,2.384185791015625e-07,1609701310.9648654,1609701311.3277469,0.3628814220428467,1609701311.035876,1609701311.0427196,0.00684356689453125
eebfaa1b1d0842c8858a612e5ccb8a6f,k-means,warm,exec,queue,0.04521989822387695,2.384185791015625e-07,2.384185791015625e-07,1609701310.9664426,1609701311.1142342,0.14779162406921387,1609701311.0400486,1609701311.0459442,0.0058956146240234375
d98779ab01104741bebd409e3f11056b,k-means,warm,exec,queue,0.018769025802612305,4.76837158203125e-07,4.76837158203125e-07,1609701310.9681518,1609701311.1102214,0.14206957817077637,1609701311.0199027,1609701311.028357,0.008454322814941406
70ae59dd27f940fcad7300771820355c,k-means,warm,exec,queue,0.01502680778503418,4.76837158203125e-07,2.384185791015625e-07,1609701310.9697611,1609701311.1526783,0.18291711807250977,1609701311.006557,1609701311.0150533,0.008496284484863281
11ed669da7204d6898590154fa56a272,k-means,warm,exec,queue,0.010166645050048828,2.384185791015625e-07,0.0,1609701310.97134,1609701311.151321,0.17998099327087402,1609701311.0003395,1609701311.0085971,0.008257627487182617
3580d8995ca04e558dc72296190bba8d,k-means,warm,exec,queue,0.06369733810424805,2.384185791015625e-07,0.0,1609701310.972899,1609701311.2116003,0.23870134353637695,1609701311.061547,1609701311.0664988,0.0049517154693603516
7919dfb9f5524e4c825f1e0d785c01fb,k-means,warm,exec,queue,0.06832218170166016,2.384185791015625e-07,2.384185791015625e-07,1609701310.974574,1609701311.3564684,0.3818943500518799,1609701311.0654738,1609701311.0705879,0.005114078521728516
f93f70059e014c6b840b51a512ac7f81,video,warm,exec,queue,0.01557612419128418,2.384185791015625e-07,2.384185791015625e-07,1609701310.9761238,1609701311.3547122,0.3785884380340576,1609701311.0200913,1609701311.0371819,0.017090559005737305
c1b508486857433d9e3dad6ae94b8101,k-means,warm,exec,queue,0.011048078536987305,4.76837158203125e-07,2.384185791015625e-07,1609701311.9475727,1609701312.092195,0.1446223258972168,1609701311.9968436,1609701312.0058,0.008956432342529297
9261f14c3f0e419aa8a8eb14850e24a5,k-means,warm,exec,queue,0.032988786697387695,2.384185791015625e-07,2.384185791015625e-07,1609701311.9518769,1609701312.1235404,0.17166352272033691,1609701312.021894,1609701312.02799,0.0060961246490478516
d641737ce19d4df1b5486e6a16beef49,k-means,warm,exec,queue,0.03746628761291504,2.384185791015625e-07,2.384185791015625e-07,1609701311.9545052,1609701312.6182148,0.6637096405029297,1609701312.0282595,1609701312.0360212,0.007761716842651367
ddbb73db563d4051a848bcdbb2fe605f,k-means,warm,exec,queue,0.04160189628601074,4.76837158203125e-07,2.384185791015625e-07,1609701311.9571302,1609701312.497043,0.5399127006530762,1609701312.0336454,1609701312.0389407,0.005295276641845703
c259acedd6ec4d30b8e8990ead76c23b,k-means,warm,exec,queue,0.04642343521118164,2.384185791015625e-07,0.0,1609701311.9600103,1609701312.1585524,0.19854211807250977,1609701312.0378034,1609701312.0444686,0.006665229797363281
0de7f4fe654448ec835eb3f72752313c,k-means,warm,exec,queue,0.051483869552612305,4.76837158203125e-07,2.384185791015625e-07,1609701311.9618564,1609701312.1550748,0.19321846961975098,1609701312.0446043,1609701312.0512557,0.006651401519775391
4ee0b022424041aaa3b310d058914065,k-means,warm,exec,queue,0.056060791015625,2.384185791015625e-07,2.384185791015625e-07,1609701311.9634247,1609701312.6145592,0.6511344909667969,1609701312.049783,1609701312.0547628,0.004979848861694336
67308d4e1bbe481bafef89e397f56a29,k-means,warm,exec,queue,0.028538942337036133,2.384185791015625e-07,2.384185791015625e-07,1609701311.9650075,1609701312.1568463,0.19183874130249023,1609701312.017469,1609701312.02475,0.007281064987182617
c4886292a7124115b04dbf9515238c17,k-means,warm,exec,queue,0.023641347885131836,2.384185791015625e-07,2.384185791015625e-07,1609701311.9665837,1609701312.121798,0.1552143096923828,1609701312.01309,1609701312.0212286,0.008138656616210938
b8bef1d5787846f4a30e649bfc8872be,k-means,warm,exec,queue,0.014513492584228516,4.76837158203125e-07,2.384185791015625e-07,1609701311.968284,1609701312.0915432,0.12325930595397949,1609701312.001405,1609701312.0101986,0.00879359245300293
96fa9ad061f8431286b70ac90f2a6d3d,k-means,warm,exec,queue,0.06050992012023926,4.76837158203125e-07,2.384185791015625e-07,1609701311.9698465,1609701312.6164837,0.6466372013092041,1609701312.0543177,1609701312.0605073,0.006189584732055664
11813ccc36d54854992efbc2fb8da036,k-means,warm,exec,queue,0.01923346519470215,4.76837158203125e-07,2.384185791015625e-07,1609701311.9714053,1609701312.088666,0.11726069450378418,1609701312.006112,1609701312.014287,0.008174896240234375
40a5c03b36c64546b0349ec25192dd1b,k-means,warm,exec,queue,0.06531190872192383,2.384185791015625e-07,2.384185791015625e-07,1609701311.9729834,1609701312.6804974,0.7075140476226807,1609701312.0611506,1609701312.0677843,0.006633758544921875
6953f1c2e4784d24a17799e9eee1bd7c,k-means,warm,exec,queue,0.002411365509033203,4.76837158203125e-07,2.384185791015625e-07,1609701312.9510787,1609701313.0757291,0.12465047836303711,1609701313.0027678,1609701313.0108063,0.008038520812988281
adabe03ad22a4fe09ad16bd07b7f4ac9,k-means,warm,exec,queue,0.03166508674621582,2.384185791015625e-07,0.0,1609701312.9550545,1609701313.1649225,0.2098679542541504,1609701313.0295835,1609701313.0359774,0.006393909454345703
3b2965d932c24a19829d0f3bdc503b46,k-means,warm,exec,queue,0.0363459587097168,2.384185791015625e-07,0.0,1609701312.9575312,1609701313.3175511,0.3600199222564697,1609701313.034588,1609701313.0391285,0.004540443420410156
6eaa4919896641fca191b6a63157b0ea,k-means,warm,exec,queue,0.04189705848693848,2.384185791015625e-07,0.0,1609701312.9599614,1609701313.2516882,0.29172682762145996,1609701313.0429032,1609701313.0502055,0.007302284240722656
a9b41892fcf64883bd7fd647a6032324,k-means,warm,exec,queue,0.04672670364379883,2.384185791015625e-07,2.384185791015625e-07,1609701312.9626637,1609701313.2066276,0.24396395683288574,1609701313.0458422,1609701313.0502565,0.00441431999206543
94c6b90b4a454d89954514501be18fa5,k-means,warm,exec,queue,0.052274227142333984,2.384185791015625e-07,2.384185791015625e-07,1609701312.9649322,1609701313.2905369,0.3256046772003174,1609701313.052118,1609701313.0592647,0.007146596908569336
6d6e1ba2ca634e9b877c0ae018701084,k-means,warm,exec,queue,0.05786466598510742,2.384185791015625e-07,2.384185791015625e-07,1609701312.9664943,1609701313.1336875,0.16719317436218262,1609701313.0580242,1609701313.0628648,0.0048406124114990234
55c70c1f1599409d989c1bd7004d52e0,k-means,warm,exec,queue,0.011907577514648438,2.384185791015625e-07,0.0,1609701312.9680717,1609701313.1322908,0.16421914100646973,1609701313.008504,1609701313.0171509,0.008646965026855469
f0e0c9b1e3d8470ab341519aebdaf04f,k-means,warm,exec,queue,0.01642131805419922,4.76837158203125e-07,0.0,1609701312.9696581,1609701313.0971334,0.12747526168823242,1609701313.0136294,1609701313.0219681,0.008338689804077148
359d83725f5e48a4bcf46e97b836cc9b,k-means,warm,exec,queue,0.022266387939453125,2.384185791015625e-07,0.0,1609701312.971349,1609701313.3156712,0.34432220458984375,1609701313.0209556,1609701313.0265048,0.005549192428588867
544989dee3704a63aa26ba9074bad470,k-means,warm,exec,queue,0.027038097381591797,2.384185791015625e-07,2.384185791015625e-07,1609701312.972935,1609701313.0981514,0.12521648406982422,1609701313.0238693,1609701313.028891,0.005021810531616211
1a4d6b9af7254e34b0642512f7549ad8,k-means,warm,exec,queue,0.009180307388305664,2.384185791015625e-07,2.384185791015625e-07,1609701312.974517,1609701313.0738814,0.0993642807006836,1609701313.0033536,1609701313.0117433,0.008389711380004883
d4d6ab10baac4c658ff24635309b0eb5,k-means,warm,exec,queue,0.06336688995361328,4.76837158203125e-07,2.384185791015625e-07,1609701312.9760902,1609701313.4253466,0.44925642013549805,1609701313.0650055,1609701313.0715199,0.006514310836791992
80046b3ec9af4f7ba1d0e6648a18c228,k-means,warm,exec,queue,0.06851315498352051,4.76837158203125e-07,2.384185791015625e-07,1609701312.9777856,1609701313.4271016,0.44931602478027344,1609701313.0698938,1609701313.0757365,0.005842685699462891
a44a6ff463264ae8bac08ec32a2fdfff,video,warm,exec,queue,0.014904022216796875,2.384185791015625e-07,0.0,1609701312.9792924,1609701313.1309326,0.1516401767730713,1609701313.0216043,1609701313.0389574,0.017353057861328125
e15e30c89b034bf4a1679f249f1cb7a0,k-means,warm,exec,queue,0.0022017955780029297,4.76837158203125e-07,2.384185791015625e-07,1609701313.9423287,1609701314.1760836,0.23375487327575684,1609701313.9781902,1609701313.9873168,0.009126663208007812
eee4b8b87e7a4418be345e24f946de1e,k-means,warm,exec,queue,0.033509016036987305,2.384185791015625e-07,4.76837158203125e-07,1609701313.946395,1609701314.3704305,0.42403554916381836,1609701314.010862,1609701314.0177097,0.0068476200103759766
63d254df58cd479a8c20d1741c104e42,k-means,warm,exec,queue,0.028039932250976562,2.384185791015625e-07,0.0,1609701313.9490402,1609701314.1014323,0.15239214897155762,1609701314.0037048,1609701314.010375,0.006670236587524414
92d7264722664f17b74754cbd361cf88,k-means,warm,exec,queue,0.023627758026123047,4.76837158203125e-07,2.384185791015625e-07,1609701313.951621,1609701314.3454242,0.39380311965942383,1609701314.0006375,1609701314.0064967,0.0058591365814208984
047b9129379b4897bd51f9ef74ec568c,k-means,warm,exec,queue,0.018540382385253906,4.76837158203125e-07,2.384185791015625e-07,1609701313.9542327,1609701314.3436494,0.3894166946411133,1609701314.0004969,1609701314.007702,0.00720524787902832
d0e12fa3003d4a7abdfd76e96343a716,k-means,warm,exec,queue,0.01401662826538086,2.384185791015625e-07,0.0,1609701313.9569273,1609701314.3687036,0.4117763042449951,1609701313.989607,1609701313.9972577,0.007650613784790039
e2ef9740a0fc4e79a3252e201a2fe2b0,k-means,warm,exec,queue,0.007017374038696289,2.384185791015625e-07,0.0,1609701313.9585218,1609701314.1172643,0.15874242782592773,1609701313.9782681,1609701313.9873183,0.009050130844116211
1fd2101da0f1469c96d36c30c7a26bc8,k-means,warm,exec,queue,0.011696338653564453,2.384185791015625e-07,2.384185791015625e-07,1609701313.960101,1609701314.1032898,0.1431889533996582,1609701313.983252,1609701313.9926996,0.009447574615478516
7630a476e4a84e2290eaf65ee1cc15c9,k-means,warm,exec,queue,7.343292236328125e-05,2.384185791015625e-07,2.384185791015625e-07,1609701314.959307,1609701315.3544276,0.39512062072753906,1609701315.0339882,1609701315.044593,0.0106048583984375
e86772f1dccc48fc93d49ed6e694cf62,k-means,warm,exec,queue,0.08534121513366699,4.76837158203125e-07,2.384185791015625e-07,1609701314.9638276,1609701315.9768107,1.0129830837249756,1609701315.1141455,1609701315.1220653,0.007919788360595703
7c89bc95577e43e9bdd18e4beb1dd7c7,k-means,warm,exec,queue,0.08063840866088867,2.384185791015625e-07,0.0,1609701314.9664319,1609701316.060027,1.093595027923584,1609701315.1087158,1609701315.1160436,0.0073277950286865234
4e5388fe27274730a5ea16254f17785c,k-means,warm,exec,queue,0.07436251640319824,2.384185791015625e-07,0.0,1609701314.9688675,1609701316.0547733,1.0859057903289795,1609701315.108193,1609701315.1146393,0.006446361541748047
5fb01322ef8340b18e84aabc8debb73d,k-means,warm,exec,queue,0.06784534454345703,2.384185791015625e-07,2.384185791015625e-07,1609701314.9705932,1609701316.062298,1.0917048454284668,1609701315.1077678,1609701315.115527,0.00775909423828125
ba5413136e634ef5b96396c3b6cdac1c,k-means,warm,exec,queue,0.0043544769287109375,2.384185791015625e-07,0.0,1609701314.972131,1609701315.1545644,0.1824333667755127,1609701315.0337925,1609701315.0420315,0.008239030838012695
febcb0666fe5447a85c33399eb5c18bf,k-means,warm,exec,queue,0.011294364929199219,2.384185791015625e-07,0.0,1609701314.9736876,1609701315.3557794,0.382091760635376,1609701315.0351057,1609701315.045638,0.010532379150390625
c878f4fc767742aa8d522625919f3dad,k-means,warm,exec,queue,0.016230344772338867,2.384185791015625e-07,0.0,1609701314.9752207,1609701315.3747432,0.3995225429534912,1609701315.0777588,1609701315.0858114,0.008052587509155273
18f1fcc9f2f9418b93d6b63537d3cc1a,k-means,warm,exec,queue,0.044580936431884766,2.384185791015625e-07,0.0,1609701314.9768755,1609701315.9747145,0.9978389739990234,1609701315.0776567,1609701315.0865355,0.008878707885742188
05af3df4a794493aa9efcd787d685f70,k-means,warm,exec,queue,0.05209469795227051,2.384185791015625e-07,2.384185791015625e-07,1609701314.9784098,1609701315.373708,0.3952982425689697,1609701315.0786324,1609701315.0866406,0.008008241653442383
b202960918934570af02cd3c0f3b5c97,k-means,warm,exec,queue,0.057466983795166016,4.76837158203125e-07,2.384185791015625e-07,1609701314.9799438,1609701315.97576,0.9958162307739258,1609701315.081938,1609701315.0902698,0.008331775665283203
acacf8efb211476a954b95befde36d50,k-means,warm,exec,queue,0.06294798851013184,2.384185791015625e-07,2.384185791015625e-07,1609701314.981482,1609701316.0606096,1.079127550125122,1609701315.0889633,1609701315.0963187,0.007355451583862305
ad14803688cf47e0b916a7e7c86eebc3,k-means,warm,exec,queue,0.09005618095397949,4.76837158203125e-07,2.384185791015625e-07,1609701314.9831188,1609701316.128576,1.1454572677612305,1609701315.1255965,1609701315.1321034,0.006506919860839844
05664ad49a444670b6c3901433bdb118,k-means,warm,exec,queue,0.09688329696655273,2.384185791015625e-07,0.0,1609701314.9846454,1609701316.059379,1.0747337341308594,1609701315.1283813,1609701315.1356363,0.007255077362060547
7656273e2fae4720baa3d1a82acb0f92,video,warm,exec,queue,0.04125666618347168,2.384185791015625e-07,0.0,1609701314.9861622,1609701315.3757281,0.38956594467163086,1609701315.07884,1609701315.0955434,0.016703367233276367
3786ecc2519646469550e33ba7db8bc3,matmul,warm,exec,queue,0.04202103614807129,2.384185791015625e-07,2.384185791015625e-07,1609701314.9896295,1609701315.6257715,0.6361420154571533,1609701315.0788004,1609701315.0896978,0.010897397994995117
c0c0fb38f720452f8c2feb5a402915a6,map_reduce,warm,exec,queue,0.042673587799072266,2.384185791015625e-07,2.384185791015625e-07,1609701314.9924035,1609701316.0121064,1.0197029113769531,1609701315.0794866,1609701315.1649902,0.08550357818603516
557a9dee5fc847cd84ff1ec554d7aa09,disk,warm,exec,queue,0.061060428619384766,2.384185791015625e-07,2.384185791015625e-07,1609701314.9949825,1609701316.0554397,1.0604572296142578,1609701315.107334,1609701315.1143742,0.007040262222290039
0fd713365f2748e6a2c9ea5840091bc6,image,cold,exec,create,0.06592345237731934,5.053331613540649,2.384185791015625e-07,1609701314.9975636,1609701320.782617,5.785053491592407,1609701320.1521134,1609701320.1720433,0.019929885864257812
49982295be0e40b2b3332f51124d9be6,network,cold,exec,create,0.06699180603027344,4.562559127807617,0.0,1609701315.0001357,1609701319.9430528,4.942917108535767,1609701319.6625216,1609701319.6808896,0.018368005752563477
5ae79b985f954a77b20cb24baa848721,k-means,warm,exec,queue,0.004634857177734375,2.384185791015625e-07,2.384185791015625e-07,1609701315.9422681,1609701317.0747507,1.1324825286865234,1609701315.9822326,1609701315.9910688,0.00883626937866211
b28f673694a74e44b0af1d699c6e1333,k-means,warm,exec,queue,0.05071592330932617,4.76837158203125e-07,2.384185791015625e-07,1609701315.945252,1609701317.2199595,1.274707555770874,1609701316.0285742,1609701316.033265,0.004690885543823242
ae9e878b9d1641bc9f3a85b87ea20aa1,k-means,warm,exec,queue,0.046156883239746094,4.76837158203125e-07,4.76837158203125e-07,1609701315.9468586,1609701316.1977205,0.25086188316345215,1609701316.027123,1609701316.0336602,0.006537199020385742
9424db838aed4099869f9b96a1906327,k-means,warm,exec,queue,0.040071725845336914,4.76837158203125e-07,2.384185791015625e-07,1609701315.9484887,1609701317.2251704,1.276681661605835,1609701316.0230517,1609701316.0306966,0.0076448917388916016
660b721b6e7f4178a01f381f486528aa,k-means,warm,exec,queue,0.010968923568725586,4.76837158203125e-07,2.384185791015625e-07,1609701315.950379,1609701317.02211,1.0717310905456543,1609701315.9818196,1609701315.9901047,0.008285045623779297
dd9cb69c088d418fa7ac66fc07d81f5a,k-means,warm,exec,queue,0.016176939010620117,4.76837158203125e-07,2.384185791015625e-07,1609701315.9519255,1609701317.0227706,1.070845127105713,1609701315.9886134,1609701315.996069,0.007455587387084961
72cbe439047a41a5b274cc3329933e8f,k-means,warm,exec,queue,0.02155900001525879,4.76837158203125e-07,2.384185791015625e-07,1609701315.953489,1609701317.0251482,1.0716590881347656,1609701315.9952111,1609701316.0028498,0.007638692855834961
0922dcb7a5be4bf6a4266ca91433f8bd,k-means,warm,exec,queue,0.026677370071411133,2.384185791015625e-07,2.384185791015625e-07,1609701315.9550316,1609701317.2232432,1.2682116031646729,1609701316.0036,1609701316.011315,0.0077152252197265625
635b970dc35c45a0973d34500d4c4d7a,k-means,warm,exec,queue,0.032039642333984375,4.76837158203125e-07,2.384185791015625e-07,1609701315.9566982,1609701317.2238364,1.2671382427215576,1609701316.0052686,1609701316.0124981,0.00722956657409668
3cd3d5fe30344fdc80ba560123a2bfca,k-means,warm,exec,queue,0.037650108337402344,4.76837158203125e-07,2.384185791015625e-07,1609701315.9582598,1609701317.3792527,1.4209928512573242,1609701316.0123162,1609701316.0173469,0.005030632019042969
fa3d4ac7c8f4453eaaeb645b71a4f5a8,k-means,warm,exec,queue,7.534027099609375e-05,4.76837158203125e-07,2.384185791015625e-07,1609701316.9452262,1609701317.129905,0.1846787929534912,1609701316.9823098,1609701316.9922898,0.009979963302612305
e8016ebc0da147c4a79e86f770323035,video,warm,exec,queue,0.02417588233947754,0.0,2.384185791015625e-07,1609701316.9494567,1609701317.611824,0.6623673439025879,1609701317.0042806,1609701317.0201087,0.01582813262939453
02c8e6aa039b44f482eb5b38ad9fadf1,k-means,warm,exec,queue,0.003899097442626953,2.384185791015625e-07,0.0,1609701316.9521246,1609701317.2516546,0.299530029296875,1609701316.9825964,1609701316.9923878,0.009791374206542969
df3f9ac88fe84301a017118fbe35a298,k-means,warm,exec,queue,0.008733034133911133,2.384185791015625e-07,2.384185791015625e-07,1609701316.9547904,1609701317.6153061,0.6605157852172852,1609701316.9888954,1609701316.9979444,0.009048938751220703
f87ac65dd5054afa9c734ac2c2a3f8c7,k-means,warm,exec,queue,0.013538360595703125,2.384185791015625e-07,2.384185791015625e-07,1609701316.9574494,1609701317.3773577,0.4199082851409912,1609701316.9937959,1609701317.002232,0.008436203002929688
e4ba5cfd592d47c29ec7796f1a86ecc7,k-means,warm,exec,queue,0.0179746150970459,2.384185791015625e-07,2.384185791015625e-07,1609701316.9606752,1609701317.661572,0.7008967399597168,1609701317.0027802,1609701317.00977,0.006989717483520508
44bdefcefcbd4643a80f89cadd5cc5f7,k-means,warm,exec,queue,0.02285027503967285,2.384185791015625e-07,0.0,1609701316.962313,1609701317.6147218,0.6524088382720947,1609701317.0048144,1609701317.0097902,0.004975795745849609
9618e091344c4d2fbf089ddf1d7a0c02,k-means,warm,exec,queue,0.028160810470581055,2.384185791015625e-07,2.384185791015625e-07,1609701316.9639156,1609701317.6170027,0.6530871391296387,1609701317.0087576,1609701317.0138018,0.005044221878051758
3c14e2f0667e4b06b96dfb732ba93c89,k-means,warm,exec,queue,0.0038983821868896484,2.384185791015625e-07,2.384185791015625e-07,1609701317.9586926,1609701318.179654,0.220961332321167,1609701318.0290575,1609701318.0371928,0.008135318756103516
efe47d739dff45d79f73395d09bb4f9b,k-means,warm,exec,queue,0.010345458984375,4.76837158203125e-07,2.384185791015625e-07,1609701317.963083,1609701318.1778991,0.21481609344482422,1609701318.0313199,1609701318.0402596,0.008939743041992188
fb0126469d7e424db29483e93d3731b8,k-means,warm,exec,queue,0.015717029571533203,4.76837158203125e-07,2.384185791015625e-07,1609701317.965767,1609701318.1814554,0.21568846702575684,1609701318.0369687,1609701318.045184,0.008215188980102539
11360ea686704c99983585afb4334695,k-means,warm,exec,queue,0.02010369300842285,2.384185791015625e-07,0.0,1609701317.9684317,1609701318.2637315,0.295299768447876,1609701318.0415354,1609701318.04787,0.006334543228149414
422f28932e304431a519fdd0b61e5a8c,k-means,warm,exec,queue,0.02460646629333496,2.384185791015625e-07,2.384185791015625e-07,1609701317.9714797,1609701318.2699046,0.29842495918273926,1609701318.0475864,1609701318.0538652,0.0062787532806396484
c2e342f28b214195b20798192d917320,k-means,warm,exec,queue,0.029619216918945312,2.384185791015625e-07,2.384185791015625e-07,1609701317.973521,1609701318.17412,0.20059895515441895,1609701318.053097,1609701318.0592887,0.006191730499267578
a26b493098604762b2920dba7ed0f678,k-means,warm,exec,queue,0.03400230407714844,4.76837158203125e-07,2.384185791015625e-07,1609701317.9750974,1609701318.2721412,0.2970438003540039,1609701318.0583086,1609701318.0643976,0.006088972091674805
91c38efbc91c4a8ab888b32662fb1a26,k-means,warm,exec,queue,0.03859424591064453,2.384185791015625e-07,0.0,1609701317.976687,1609701318.2598498,0.28316283226013184,1609701318.0646136,1609701318.0704622,0.00584864616394043
fc30573576ec4cc98f8c142f182820f8,k-means,warm,exec,queue,0.04355788230895996,2.384185791015625e-07,2.384185791015625e-07,1609701317.978258,1609701318.2695792,0.2913212776184082,1609701318.070475,1609701318.07735,0.006874799728393555
59750ebc734f47e9a0778641c0daeb86,k-means,warm,exec,queue,0.048639774322509766,7.152557373046875e-07,2.384185791015625e-07,1609701317.9799566,1609701318.268876,0.28891944885253906,1609701318.0759516,1609701318.0831668,0.007215261459350586
e1b47d60d01346669ebdb002c63b9360,k-means,warm,exec,queue,0.054009199142456055,2.384185791015625e-07,2.384185791015625e-07,1609701317.9815493,1609701318.3672004,0.3856511116027832,1609701318.0788186,1609701318.08494,0.006121397018432617
a24b1ddde37144079f35f63e08cecb20,k-means,warm,exec,queue,0.01121664047241211,4.76837158203125e-07,2.384185791015625e-07,1609701317.9831254,1609701318.176041,0.1929154396057129,1609701318.031657,1609701318.039377,0.007719993591308594
741b4d9611b941769555cf190bb733ed,k-means,warm,exec,queue,0.05916023254394531,4.76837158203125e-07,2.384185791015625e-07,1609701317.9848144,1609701318.3660126,0.3811981678009033,1609701318.085898,1609701318.0931869,0.007288932800292969
dbb6164626be4eb288db750e262b2e29,k-means,warm,exec,queue,0.06266093254089355,4.76837158203125e-07,0.0,1609701317.987356,1609701318.4580433,0.4706873893737793,1609701318.0924554,1609701318.098821,0.006365537643432617
1049351503844d7d920cef2215c23a35,k-means,warm,exec,queue,0.06809139251708984,2.384185791015625e-07,2.384185791015625e-07,1609701317.9900062,1609701318.2718005,0.28179430961608887,1609701318.0967565,1609701318.1037972,0.007040739059448242
bdcf2deba666418b8288da905408aee7,k-means,warm,exec,queue,0.07311582565307617,2.384185791015625e-07,0.0,1609701317.9924152,1609701318.332597,0.340181827545166,1609701318.102156,1609701318.1083267,0.006170749664306641
fe40c167c5b343378a2f69a7acde0dcb,k-means,warm,exec,queue,0.07824110984802246,2.384185791015625e-07,2.384185791015625e-07,1609701317.994829,1609701318.2702336,0.275404691696167,1609701318.109021,1609701318.1155548,0.00653386116027832
88e58a963d91467d86078d5f82c191d1,k-means,warm,exec,queue,0.08331012725830078,2.384185791015625e-07,2.384185791015625e-07,1609701317.9971905,1609701318.263159,0.26596856117248535,1609701318.114325,1609701318.1205413,0.006216287612915039
e80abcd77fff4941a10c35ee26e46dca,k-means,warm,exec,queue,0.08825278282165527,2.384185791015625e-07,2.384185791015625e-07,1609701317.9994223,1609701318.2692444,0.2698221206665039,1609701318.1183727,1609701318.124751,0.0063784122467041016
d21ed2d8547a4c269fe56e63da1819bc,k-means,warm,exec,queue,0.0036046504974365234,4.76837158203125e-07,2.384185791015625e-07,1609701318.9467638,1609701319.556276,0.6095123291015625,1609701318.9868975,1609701318.994941,0.008043527603149414
1610d7465efa45cab6224bba6d423f5c,video,warm,exec,queue,0.016990184783935547,2.384185791015625e-07,7.152557373046875e-07,1609701318.9509058,1609701319.8973327,0.9464268684387207,1609701319.0134559,1609701319.0284836,0.015027761459350586
c82f8970820b49b6ad3c567ab3f63598,k-means,warm,exec,queue,0.046773433685302734,2.384185791015625e-07,0.0,1609701318.953517,1609701319.892878,0.9393610954284668,1609701319.0341465,1609701319.0408316,0.006685018539428711
d114c2531a8f4793b38fa88444cb007f,k-means,warm,exec,queue,0.04064202308654785,4.76837158203125e-07,2.384185791015625e-07,1609701318.956054,1609701319.8955824,0.9395284652709961,1609701319.0322833,1609701319.0393057,0.007022380828857422
9db22e7c3783492696c811a08e292b7d,k-means,warm,exec,queue,0.03526163101196289,2.384185791015625e-07,2.384185791015625e-07,1609701318.9586146,1609701319.5556731,0.5970585346221924,1609701319.0177994,1609701319.02448,0.006680727005004883
dbab954123ff4a57a37ebad6fea311f6,k-means,warm,exec,queue,0.007734537124633789,4.76837158203125e-07,2.384185791015625e-07,1609701318.9611804,1609701319.6608021,0.6996216773986816,1609701318.987325,1609701318.9950025,0.007677555084228516
91d6dbdb6e6d4aaaa8320a8b87fc9cf4,k-means,warm,exec,queue,0.012831926345825195,4.76837158203125e-07,4.76837158203125e-07,1609701318.962629,1609701319.7784882,0.8158590793609619,1609701318.992855,1609701319.000007,0.00715184211730957
fbb9f772f9d7430f9607282895ca58ec,k-means,warm,exec,queue,0.01831793785095215,2.384185791015625e-07,2.384185791015625e-07,1609701318.964072,1609701319.5528324,0.5887603759765625,1609701318.9981823,1609701319.006339,0.008156776428222656
2124b4487bb54b3394e0f39ac89a481a,k-means,warm,exec,queue,0.026134014129638672,7.152557373046875e-07,4.76837158203125e-07,1609701318.9655492,1609701319.7249115,0.7593622207641602,1609701319.013987,1609701319.0213685,0.007381439208984375
468ad4e71c8947e8a76ffe7187ccac86,k-means,warm,exec,queue,0.032167673110961914,2.384185791015625e-07,2.384185791015625e-07,1609701318.967372,1609701319.843941,0.8765690326690674,1609701319.014418,1609701319.0216467,0.007228851318359375
94696fc4cd5b4d8c9bc8e6b6ff743f70,k-means,warm,exec,queue,0.0032320022583007812,4.76837158203125e-07,0.0,1609701319.9553275,1609701320.0881631,0.13283562660217285,1609701320.0123684,1609701320.0200453,0.007676839828491211
10b6e3a12e1948d395e88d890ff12909,k-means,warm,exec,queue,0.046498775482177734,2.384185791015625e-07,2.384185791015625e-07,1609701319.960479,1609701320.3138418,0.3533627986907959,1609701320.056056,1609701320.0621696,0.006113529205322266
c77c1bb152d349a1a305afdcf5e02ece,k-means,warm,exec,queue,0.05129599571228027,2.384185791015625e-07,2.384185791015625e-07,1609701319.9627512,1609701320.366663,0.403911828994751,1609701320.062421,1609701320.068988,0.0065670013427734375
84a809d724e44296872b408edef7c96e,k-means,warm,exec,queue,0.0572359561920166,2.384185791015625e-07,0.0,1609701319.965031,1609701320.397745,0.43271398544311523,1609701320.0687926,1609701320.0749986,0.006206035614013672
a082967e2ae249d0a96e90b70e7cce32,k-means,warm,exec,queue,0.02346658706665039,2.384185791015625e-07,0.0,1609701319.9672916,1609701320.2217886,0.25449705123901367,1609701320.0324433,1609701320.0396066,0.007163286209106445
fb100620115a446e8e1f361b5010c324,k-means,warm,exec,queue,0.027422189712524414,2.384185791015625e-07,0.0,1609701319.9698608,1609701320.129206,0.15934514999389648,1609701320.0341074,1609701320.0400488,0.0059413909912109375
5112397555fe4b3a89366b3fa0d7ffe1,k-means,warm,exec,queue,0.03294062614440918,2.384185791015625e-07,0.0,1609701319.9721367,1609701320.590297,0.6181602478027344,1609701320.0409644,1609701320.0473557,0.006391286849975586
34f6c99b28f345e9931983eada0ab198,k-means,warm,exec,queue,0.03768014907836914,7.152557373046875e-07,2.384185791015625e-07,1609701319.9739532,1609701320.364755,0.39080166816711426,1609701320.050134,1609701320.056577,0.006443023681640625
1fb3d1e442c4421bb31b3da143bc028e,k-means,warm,exec,queue,0.0431821346282959,0.0,0.0,1609701319.9756148,1609701320.1320612,0.1564464569091797,1609701320.052718,1609701320.0594423,0.006724357604980469
c3f019753cca42dea04851cca27368a3,k-means,warm,exec,queue,0.013940095901489258,4.76837158203125e-07,2.384185791015625e-07,1609701319.977422,1609701320.1315656,0.1541435718536377,1609701320.0182912,1609701320.026675,0.008383750915527344
5154e2945dcf43aaaf6da5ffa2450323,k-means,warm,exec,queue,0.01863694190979004,2.384185791015625e-07,0.0,1609701319.9790704,1609701320.5918312,0.6127607822418213,1609701320.0239127,1609701320.032066,0.008153438568115234
8b3cc80e397e4507b195ce357cf133ed,k-means,warm,exec,queue,0.008867502212524414,0.0,2.384185791015625e-07,1609701319.9807518,1609701320.1796203,0.1988685131072998,1609701320.012995,1609701320.0203304,0.0073354244232177734
3d7214e9c37047f8ac88ddbb9d1e7f0f,k-means,warm,exec,queue,0.06284379959106445,0.0,2.384185791015625e-07,1609701319.9824502,1609701320.2246983,0.2422480583190918,1609701320.0750043,1609701320.0816276,0.006623268127441406
6bea7f90429f4ff1bdb8a52ac75a042b,k-means,warm,exec,queue,0.06830668449401855,2.384185791015625e-07,0.0,1609701319.984215,1609701320.225306,0.24109101295471191,1609701320.0800505,1609701320.0856123,0.00556182861328125
89e794599e5f46938c0a9fe0b59893ca,matmul,warm,exec,queue,0.014684200286865234,0.0,2.384185791015625e-07,1609701319.9858472,1609701320.39964,0.41379284858703613,1609701320.0340893,1609701320.0428588,0.008769512176513672
856253e3207c45809e7e1d74879b5c70,k-means,warm,exec,queue,0.001173257827758789,4.76837158203125e-07,4.76837158203125e-07,1609701320.956046,1609701321.0954916,0.13944554328918457,1609701321.0165102,1609701321.0239708,0.007460594177246094
d65b3853326648c29f089ab6917ca315,k-means,warm,exec,queue,0.05547451972961426,2.384185791015625e-07,2.384185791015625e-07,1609701320.960254,1609701321.1991992,0.23894524574279785,1609701321.0701532,1609701321.0755806,0.005427360534667969
bd126dae181746c6802605c3d8248571,k-means,warm,exec,queue,0.0054929256439208984,2.384185791015625e-07,2.384185791015625e-07,1609701320.9627626,1609701321.0927157,0.12995314598083496,1609701321.0177453,1609701321.025335,0.007589817047119141
9100b09155944c76af9a44625fbfbb76,k-means,warm,exec,queue,0.00981760025024414,2.384185791015625e-07,0.0,1609701320.9652622,1609701321.2046642,0.23940205574035645,1609701321.01884,1609701321.0267859,0.007945775985717773
8838d8412fc142b0a057a6c177ae30e6,k-means,warm,exec,queue,0.015030860900878906,2.384185791015625e-07,2.384185791015625e-07,1609701320.9680295,1609701321.096101,0.12807154655456543,1609701321.0248005,1609701321.031712,0.006911516189575195
a240e78dfc1f48dc995de6db4380772d,k-means,warm,exec,queue,0.021607160568237305,2.384185791015625e-07,2.384185791015625e-07,1609701320.969775,1609701321.2049809,0.23520588874816895,1609701321.0334196,1609701321.0394514,0.00603175163269043
7b716189298043d9acec4a0d6fee564b,k-means,warm,exec,queue,0.026002883911132812,2.384185791015625e-07,0.0,1609701320.9712107,1609701321.2008288,0.22961807250976562,1609701321.0371578,1609701321.0431936,0.006035804748535156
ddb8241e1657475b8730ff06d32b9424,k-means,warm,exec,queue,0.030962467193603516,2.384185791015625e-07,2.384185791015625e-07,1609701320.9726577,1609701321.1162813,0.14362359046936035,1609701321.042121,1609701321.048251,0.0061299800872802734
24eee8ec0b4d4b7b80e3c46cfe5dcca7,k-means,warm,exec,queue,0.035596609115600586,2.384185791015625e-07,0.0,1609701320.974093,1609701321.1585677,0.18447470664978027,1609701321.048264,1609701321.0530095,0.0047454833984375
b42851098b2544aa97e954f2e7a30e8e,k-means,warm,exec,queue,0.0406794548034668,4.76837158203125e-07,2.384185791015625e-07,1609701320.9756405,1609701321.250295,0.2746543884277344,1609701321.0549052,1609701321.061363,0.006457805633544922
8acdd0e22ef64f8695111a8d266448d6,k-means,warm,exec,queue,0.04624772071838379,2.384185791015625e-07,2.384185791015625e-07,1609701320.9770958,1609701321.1997726,0.22267675399780273,1609701321.0588686,1609701321.0644312,0.005562543869018555
08f5d6024bec4559b5e6901a756d1cb6,k-means,warm,exec,queue,0.05183911323547363,2.384185791015625e-07,0.0,1609701320.9785385,1609701321.872989,0.8944504261016846,1609701321.0661705,1609701321.0722666,0.0060961246490478516
4be22cfddeed4e7ebc07ecfd3cd17955,k-means,warm,exec,queue,0.05990099906921387,4.76837158203125e-07,2.384185791015625e-07,1609701320.9800677,1609701321.1942253,0.2141575813293457,1609701321.0772219,1609701321.0840142,0.006792306900024414
1a9b9946047c4711b58114c670717629,k-means,warm,exec,queue,0.06550383567810059,2.384185791015625e-07,0.0,1609701320.9815168,1609701321.2042954,0.2227785587310791,1609701321.0811374,1609701321.0865905,0.0054531097412109375
c117342d2f174235985c9083861aeadf,k-means,warm,exec,queue,0.07100343704223633,7.152557373046875e-07,0.0,1609701320.982956,1609701321.3533275,0.37037158012390137,1609701321.0889618,1609701321.0955677,0.006605863571166992
c95a6074cbda4624a1c190c2e26e6321,k-means,warm,exec,queue,0.07592058181762695,2.384185791015625e-07,0.0,1609701320.9843981,1609701321.3514519,0.367053747177124,1609701321.0946217,1609701321.1006231,0.006001472473144531
e2f3b43a182e476d981f15a3f9d7f7ce,k-means,warm,exec,queue,0.08075523376464844,2.384185791015625e-07,2.384185791015625e-07,1609701320.9859324,1609701321.3549287,0.36899638175964355,1609701321.098586,1609701321.1053832,0.006797075271606445
4dd035d80993420386cefc8b591d7000,video,warm,exec,queue,0.012265920639038086,0.0,0.0,1609701320.9889328,1609701321.2003024,0.21136951446533203,1609701321.0342104,1609701321.0495434,0.015332937240600586
46feb22860a64b64a63355ec9da7b090,k-means,warm,exec,queue,0.005544424057006836,2.384185791015625e-07,2.384185791015625e-07,1609701321.945728,1609701322.1654415,0.21971344947814941,1609701321.9789896,1609701321.9853916,0.006402015686035156
b753cdf4d66940dcb54306caab54755c,k-means,warm,exec,queue,0.0344243049621582,4.76837158203125e-07,0.0,1609701321.9497426,1609701322.4118083,0.4620656967163086,1609701322.0113258,1609701322.0173512,0.0060253143310546875
1f99d043ec04449989ba840327c1945b,k-means,warm,exec,queue,0.029860973358154297,2.384185791015625e-07,2.384185791015625e-07,1609701321.9522927,1609701322.2113342,0.25904154777526855,1609701322.0060925,1609701322.0110214,0.0049288272857666016
87b2ea677b514843b31951b9aa3a459c,k-means,warm,exec,queue,0.02541184425354004,2.384185791015625e-07,2.384185791015625e-07,1609701321.9547992,1609701322.564737,0.6099379062652588,1609701321.9999244,1609701322.0052445,0.005320072174072266
88b9691f8e24460ead9f4cf239c30102,k-means,warm,exec,queue,0.020385026931762695,4.76837158203125e-07,2.384185791015625e-07,1609701321.9573116,1609701322.562755,0.6054434776306152,1609701321.9942694,1609701321.9997983,0.005528926849365234
91d2ba4bf51a40d1aa5875bd4bda15da,k-means,warm,exec,queue,0.014985084533691406,2.384185791015625e-07,2.384185791015625e-07,1609701321.960289,1609701322.1660855,0.205796480178833,1609701321.9905748,1609701321.998285,0.00771021842956543
a8abc767fd2a4d5ead14ee03cf8e2df8,k-means,warm,exec,queue,0.009715795516967773,2.384185791015625e-07,2.384185791015625e-07,1609701321.9619079,1609701322.4137816,0.451873779296875,1609701321.9830937,1609701321.9915793,0.008485555648803711
05bf1b28b0584321ba385cd4833a56fd,k-means,warm,exec,queue,0.039114952087402344,2.384185791015625e-07,2.384185791015625e-07,1609701321.963355,1609701322.3718088,0.40845370292663574,1609701322.0170162,1609701322.0237086,0.006692409515380859
ccb99f7bdf9141ddbbdb0ea74251795c,k-means,warm,exec,queue,0.0052068233489990234,2.384185791015625e-07,2.384185791015625e-07,1609701322.954132,1609701323.1173196,0.16318750381469727,1609701323.0029273,1609701323.0105157,0.007588386535644531
e3dc20ca409e45c99e5eea33d834d98f,k-means,warm,exec,queue,0.03249812126159668,2.384185791015625e-07,2.384185791015625e-07,1609701322.9583173,1609701323.3385317,0.3802144527435303,1609701323.031296,1609701323.0374515,0.006155490875244141
cc3be7948730412a9504a0d0abba1fff,k-means,warm,exec,queue,0.03748273849487305,2.384185791015625e-07,2.384185791015625e-07,1609701322.9608839,1609701323.3277798,0.3668959140777588,1609701323.0355608,1609701323.0416152,0.006054401397705078
8156ff4dc4fb43b3b6a52ea24a0a0fb3,k-means,warm,exec,queue,0.04296994209289551,2.384185791015625e-07,0.0,1609701322.9633987,1609701323.3247073,0.36130857467651367,1609701323.0446749,1609701323.0510864,0.006411552429199219
28e98fca03634bd5a33b8c5513f9c03c,k-means,warm,exec,queue,0.04885435104370117,7.152557373046875e-07,2.384185791015625e-07,1609701322.9662278,1609701323.339913,0.3736851215362549,1609701323.0486994,1609701323.0532863,0.004586935043334961
6d0177675d0e4f7caade87a0fc768478,k-means,warm,exec,queue,0.05410957336425781,4.76837158203125e-07,0.0,1609701322.9685705,1609701323.3251784,0.35660791397094727,1609701323.053892,1609701323.0602472,0.00635528564453125
ff12c243cf924dd081d2c1388c585d8c,k-means,warm,exec,queue,0.05971813201904297,2.384185791015625e-07,2.384185791015625e-07,1609701322.9700232,1609701323.3273642,0.35734105110168457,1609701323.0602,1609701323.0653322,0.005132198333740234
e8ab13072b5c4570a2780d1460ea73f7,k-means,warm,exec,queue,0.01302647590637207,2.384185791015625e-07,2.384185791015625e-07,1609701322.9714801,1609701323.1179044,0.1464242935180664,1609701323.00809,1609701323.0159214,0.007831335067749023
ef52dae6f92f4815b6c251d8c29c4545,k-means,warm,exec,queue,0.01833653450012207,2.384185791015625e-07,0.0,1609701322.9729517,1609701323.341304,0.36835241317749023,1609701323.0141776,1609701323.0216606,0.007483005523681641
c4aee9b7611c47e9b0b3448218e526a1,k-means,warm,exec,queue,0.02333831787109375,4.76837158203125e-07,0.0,1609701322.974519,1609701323.2096841,0.23516511917114258,1609701323.0215492,1609701323.0283682,0.006819009780883789
66ed4b4cc81c4ee780d519a435907f1b,k-means,warm,exec,queue,0.028400182723999023,7.152557373046875e-07,4.76837158203125e-07,1609701322.9759693,1609701323.4070003,0.4310309886932373,1609701323.0246034,1609701323.0297656,0.005162239074707031
f3ad5e9c54d14bcd93ea9bc0a338051c,k-means,warm,exec,queue,0.008205652236938477,2.384185791015625e-07,2.384185791015625e-07,1609701322.9774294,1609701323.1141374,0.13670802116394043,1609701323.002603,1609701323.0105205,0.007917404174804688
62bd53f9383b48bb8565c625e7a770d0,k-means,warm,exec,queue,0.06458425521850586,2.384185791015625e-07,0.0,1609701322.9788778,1609701323.2067463,0.22786855697631836,1609701323.0661619,1609701323.0730188,0.0068569183349609375
071b06b06a254fba9647113bb025a2e0,video,warm,exec,queue,0.016050338745117188,4.76837158203125e-07,0.0,1609701322.9804847,1609701323.209269,0.22878432273864746,1609701323.0218985,1609701323.0383792,0.016480684280395508
ac57466ec3d3452f81df583f38606d6f,k-means,warm,exec,queue,0.004746913909912109,7.152557373046875e-07,2.384185791015625e-07,1609701323.9454334,1609701324.0997324,0.15429902076721191,1609701323.9766154,1609701323.9851055,0.00849008560180664
82dabf699da0438a9131981c6320138c,k-means,warm,exec,queue,0.009435415267944336,4.76837158203125e-07,2.384185791015625e-07,1609701323.949489,1609701324.1016634,0.1521742343902588,1609701323.9817421,1609701323.9907851,0.009042978286743164
6ae36842a0384ea58818066522eab2bc,k-means,warm,exec,queue,0.013785362243652344,2.384185791015625e-07,2.384185791015625e-07,1609701323.9521213,1609701324.2080927,0.25597143173217773,1609701323.9856453,1609701323.9940825,0.008437156677246094
0442b1551c214dd8b838d40accf105d3,k-means,warm,exec,queue,0.019385099411010742,4.76837158203125e-07,4.76837158203125e-07,1609701323.9546788,1609701324.1426473,0.18796849250793457,1609701323.995362,1609701324.0051267,0.009764671325683594
ddcecfc9d237414abe4e5e2cab579dd4,k-means,warm,exec,queue,0.023576736450195312,2.384185791015625e-07,0.0,1609701323.9572313,1609701324.2582283,0.3009970188140869,1609701323.9971764,1609701324.0037768,0.006600379943847656
56d0f36f43814c6983ad0994bd6fff1f,k-means,warm,exec,queue,0.028415679931640625,2.384185791015625e-07,2.384185791015625e-07,1609701323.9600585,1609701324.140879,0.18082046508789062,1609701324.0017817,1609701324.0071442,0.005362510681152344
fd08c4f138be4f2393913ebb8fc2d6b2,k-means,warm,exec,queue,0.03287005424499512,4.76837158203125e-07,2.384185791015625e-07,1609701323.961566,1609701324.21012,0.24855399131774902,1609701324.0072846,1609701324.0143206,0.007035970687866211
46e8d73b104e4e4cb7c02a1d51fab6fd,k-means,warm,exec,queue,0.006186723709106445,4.76837158203125e-07,2.384185791015625e-07,1609701324.954412,1609701325.084777,0.13036513328552246,1609701325.002587,1609701325.0109038,0.008316755294799805
7fe11796350f4626b4fd19225b37be88,k-means,warm,exec,queue,0.027437210083007812,4.76837158203125e-07,2.384185791015625e-07,1609701324.9586542,1609701325.1349566,0.17630243301391602,1609701325.03074,1609701325.0381873,0.007447242736816406
61ad8059254641188557452773e88f3c,k-means,warm,exec,queue,0.03387260437011719,2.384185791015625e-07,2.384185791015625e-07,1609701324.961206,1609701325.1367307,0.17552471160888672,1609701325.0319202,1609701325.0380933,0.006173133850097656
7c09f74813f440289bc709b71e467cef,k-means,warm,exec,queue,0.03916311264038086,7.152557373046875e-07,2.384185791015625e-07,1609701324.9637198,1609701325.2142768,0.25055694580078125,1609701325.0393696,1609701325.0470572,0.007687568664550781
276f3572c2684256b67cd63ac6a50bb6,k-means,warm,exec,queue,0.04432201385498047,2.384185791015625e-07,0.0,1609701324.9656656,1609701325.1899252,0.224259614944458,1609701325.0484462,1609701325.054903,0.006456851959228516
5e61c37c78504f1fbc7f80d90f3e6712,k-means,warm,exec,queue,0.049573421478271484,2.384185791015625e-07,4.76837158203125e-07,1609701324.967121,1609701325.186731,0.21961021423339844,1609701325.0504947,1609701325.057612,0.007117271423339844
b59ade60f8d042249ce16278b054dccd,k-means,warm,exec,queue,0.05451488494873047,2.384185791015625e-07,0.0,1609701324.9686017,1609701325.1904562,0.22185444831848145,1609701325.053758,1609701325.0599403,0.006182432174682617
e444ebdab8d44681a0545356ff2cbe7a,k-means,warm,exec,queue,0.013144254684448242,7.152557373046875e-07,2.384185791015625e-07,1609701324.970058,1609701325.08762,0.11756205558776855,1609701325.0079653,1609701325.0156856,0.007720232009887695
65773e3001c74ff1998b492235693297,k-means,warm,exec,queue,0.01767253875732422,2.384185791015625e-07,4.76837158203125e-07,1609701324.9715323,1609701325.212604,0.2410717010498047,1609701325.0130277,1609701325.0214014,0.008373737335205078
59bfb94053564435a6096fd2379de89b,k-means,warm,exec,queue,0.0245821475982666,2.384185791015625e-07,0.0,1609701324.9731202,1609701325.2103128,0.23719263076782227,1609701325.027362,1609701325.033111,0.0057489871978759766
a36a58b1500c4ae1afa1fae064253f5e,k-means,warm,exec,queue,0.007974863052368164,2.384185791015625e-07,4.76837158203125e-07,1609701324.9745765,1609701325.087135,0.11255860328674316,1609701325.0024338,1609701325.010669,0.00823521614074707
5551eecdaa364206b33c2850fc590b96,video,warm,exec,queue,0.025317907333374023,2.384185791015625e-07,0.0,1609701324.9760346,1609701325.2430298,0.2669951915740967,1609701325.0282528,1609701325.0449927,0.016739845275878906
92c44dd800a545dcb2e3780c062d0c51,matmul,warm,exec,queue,0.022379636764526367,0.0,4.76837158203125e-07,1609701324.9775214,1609701325.187335,0.20981359481811523,1609701325.0312774,1609701325.0399544,0.008677005767822266
d2a26af15f8d47c0b19a0006d93af8df,map_reduce,warm,exec,queue,0.026922225952148438,2.384185791015625e-07,0.0,1609701324.9790955,1609701325.2130492,0.23395371437072754,1609701325.0320182,1609701325.1168418,0.0848236083984375
47e8819a06b7454b8ca86b8b58d7d5bb,k-means,warm,exec,queue,8.344650268554688e-05,2.384185791015625e-07,2.384185791015625e-07,1609701325.9550028,1609701326.1834924,0.22848963737487793,1609701326.0046425,1609701326.0123596,0.007717132568359375
6a5f6a2d091c4f578c12ef3b1b5aab15,k-means,warm,exec,queue,0.009156942367553711,4.76837158203125e-07,2.384185791015625e-07,1609701325.9592097,1609701326.0945876,0.1353778839111328,1609701326.004578,1609701326.0122013,0.007623195648193359
41ab3e98068045c5a0b65967b7a7ecad,k-means,warm,exec,queue,0.014234066009521484,2.384185791015625e-07,4.76837158203125e-07,1609701325.9617338,1609701326.181187,0.2194530963897705,1609701326.0090632,1609701326.0173063,0.008243083953857422
dd03e999ba2e4492ab43fc46b90ccb8c,k-means,warm,exec,queue,0.018637895584106445,2.384185791015625e-07,0.0,1609701325.964229,1609701326.1783648,0.21413564682006836,1609701326.0142748,1609701326.0229084,0.008633613586425781
7a5ad19efa9c4ea38b8dcceab16d9383,k-means,warm,exec,queue,0.023369312286376953,2.384185791015625e-07,4.76837158203125e-07,1609701325.9659226,1609701326.4033792,0.4374566078186035,1609701326.0242324,1609701326.031038,0.0068056583404541016
d914bd71869042b4a295a43e280f0de2,k-means,warm,exec,queue,0.029201984405517578,2.384185791015625e-07,2.384185791015625e-07,1609701325.9673584,1609701326.25605,0.28869175910949707,1609701326.0261152,1609701326.0319352,0.005820035934448242
aec7c2920bcf40cdbd13e852b4763a5f,k-means,warm,exec,queue,0.03439950942993164,7.152557373046875e-07,2.384185791015625e-07,1609701325.9687996,1609701326.4014359,0.4326362609863281,1609701326.0327172,1609701326.0381496,0.0054323673248291016
361c8a6ea0e94b2ca66bb980c83dcd5c,k-means,warm,exec,queue,0.04038238525390625,2.384185791015625e-07,2.384185791015625e-07,1609701325.9702294,1609701326.2116787,0.24144935607910156,1609701326.0391011,1609701326.0447495,0.005648374557495117
ddf63e952cef4b41a60f6e96ef48a427,k-means,warm,exec,queue,0.04485750198364258,2.384185791015625e-07,2.384185791015625e-07,1609701325.971663,1609701326.3232336,0.35157060623168945,1609701326.044023,1609701326.0497172,0.005694150924682617
9ed2419c1caa47e389ae7eb7fb26b8e1,k-means,warm,exec,queue,0.049297332763671875,4.76837158203125e-07,2.384185791015625e-07,1609701325.9732206,1609701326.4164152,0.4431946277618408,1609701326.0512533,1609701326.0576103,0.006356954574584961
30d2627628c64cc691f3981cd93a0d73,k-means,warm,exec,queue,0.05445289611816406,7.152557373046875e-07,2.384185791015625e-07,1609701325.9746635,1609701326.1818058,0.20714235305786133,1609701326.0556726,1609701326.060476,0.00480341911315918
d2b90cebe73b477e84d42809ad35a038,k-means,warm,exec,queue,0.059329986572265625,2.384185791015625e-07,0.0,1609701325.976106,1609701326.254297,0.27819108963012695,1609701326.059713,1609701326.0651083,0.005395412445068359
6c5177fc9160488db0367aee682dd008,k-means,warm,exec,queue,0.06417250633239746,4.76837158203125e-07,2.384185791015625e-07,1609701325.9775496,1609701326.3252716,0.34772205352783203,1609701326.071441,1609701326.0774815,0.0060405731201171875
018b2672869849508e770b95f6fb6012,k-means,warm,exec,queue,0.06606650352478027,2.384185791015625e-07,2.384185791015625e-07,1609701325.9790733,1609701326.270602,0.29152870178222656,1609701326.0723205,1609701326.077071,0.004750490188598633
84c87591f9d3416f8c40e324fa1b1301,k-means,warm,exec,queue,0.005878925323486328,2.384185791015625e-07,0.0,1609701326.9618928,1609701327.2993968,0.33750391006469727,1609701327.0321364,1609701327.040336,0.008199453353881836
e91c9eebef2b4aeb857b523ef63c0927,k-means,warm,exec,queue,0.03511691093444824,4.76837158203125e-07,2.384185791015625e-07,1609701326.9661598,1609701327.387898,0.4217381477355957,1609701327.0589013,1609701327.0652988,0.0063974857330322266
d2ef9341a8a54d7d8a73d93d596c869b,k-means,warm,exec,queue,0.04011344909667969,2.384185791015625e-07,2.384185791015625e-07,1609701326.9686863,1609701327.3458652,0.3771789073944092,1609701327.0651865,1609701327.0705922,0.0054056644439697266
00722baa5a124b39a244b3b435762462,k-means,warm,exec,queue,0.04477357864379883,2.384185791015625e-07,2.384185791015625e-07,1609701326.9711645,1609701327.4325776,0.4614131450653076,1609701327.0714962,1609701327.0776904,0.006194114685058594
dddfe9b16b614fdea62752adddbab7db,k-means,warm,exec,queue,0.04962277412414551,2.384185791015625e-07,2.384185791015625e-07,1609701326.9739356,1609701327.6823132,0.7083775997161865,1609701327.0758893,1609701327.0823135,0.0064241886138916016
23d61c60c563413aa4e8fc8ba7dba6e6,k-means,warm,exec,queue,0.05434846878051758,2.384185791015625e-07,0.0,1609701326.9764352,1609701327.618079,0.641643762588501,1609701327.0800056,1609701327.0868428,0.006837129592895508
a5612bc684d54f1c8f99c569abf971d6,k-means,warm,exec,queue,0.0589604377746582,2.384185791015625e-07,2.384185791015625e-07,1609701326.977851,1609701327.5412521,0.5634012222290039,1609701327.085379,1609701327.090373,0.00499415397644043
1862ce58747e4dfba2e0a4f9f6c071fb,k-means,warm,exec,queue,0.01715993881225586,2.384185791015625e-07,2.384185791015625e-07,1609701326.9792678,1609701327.617476,0.6382081508636475,1609701327.0374794,1609701327.0455227,0.008043289184570312
7eac26f008f946d0bf614ca6c8454fba,k-means,warm,exec,queue,0.021556377410888672,4.76837158203125e-07,4.76837158203125e-07,1609701326.9806995,1609701327.5393395,0.5586400032043457,1609701327.0426345,1609701327.0491352,0.006500720977783203
43dc4e73aec940f08efcf47fc89e6dbb,k-means,warm,exec,queue,0.02701282501220703,4.76837158203125e-07,2.384185791015625e-07,1609701326.982226,1609701327.4305096,0.44828367233276367,1609701327.049955,1609701327.0577369,0.007781982421875
b04bb20c0a114388a0d5fbeb2a13881e,k-means,warm,exec,queue,0.03185272216796875,2.384185791015625e-07,2.384185791015625e-07,1609701326.9836428,1609701327.6212165,0.6375737190246582,1609701327.054535,1609701327.0594602,0.004925251007080078
65d4cb51625e4612a3bd5cf3f3eb4d92,k-means,warm,exec,queue,0.012214899063110352,2.384185791015625e-07,2.384185791015625e-07,1609701326.9850662,1609701327.2987702,0.3137040138244629,1609701327.0318503,1609701327.0388708,0.007020473480224609
dbd5f1e680f8430888f5b839d5a787fe,k-means,warm,exec,queue,0.06383848190307617,4.76837158203125e-07,2.384185791015625e-07,1609701326.987764,1609701327.4719474,0.48418354988098145,1609701327.0917234,1609701327.0976138,0.005890369415283203
5d60bca946c447f79c26790cb59684c7,k-means,warm,exec,queue,0.06852316856384277,2.384185791015625e-07,2.384185791015625e-07,1609701326.9902682,1609701327.6145904,0.6243221759796143,1609701327.0960002,1609701327.1002336,0.004233360290527344
1418052542a34f12a4279737c00ccaeb,k-means,warm,exec,queue,0.07392144203186035,2.384185791015625e-07,2.384185791015625e-07,1609701326.9927478,1609701327.6844146,0.691666841506958,1609701327.1042268,1609701327.1095383,0.005311489105224609
bf3e315ed28d4a7e9beace2432881380,k-means,warm,exec,queue,0.07842063903808594,2.384185791015625e-07,4.76837158203125e-07,1609701326.9952445,1609701327.295902,0.3006575107574463,1609701327.1072402,1609701327.1114035,0.004163265228271484
b8eef7f5f01943ff8378ad2520d7cf9a,k-means,warm,exec,queue,0.08385610580444336,2.384185791015625e-07,2.384185791015625e-07,1609701326.9978826,1609701327.3475688,0.3496861457824707,1609701327.115852,1609701327.1213143,0.005462169647216797
e014798c98a8482185fde9bf3792e4fb,video,warm,exec,queue,0.015001058578491211,4.76837158203125e-07,2.384185791015625e-07,1609701327.0003734,1609701327.6206594,0.6202859878540039,1609701327.0501125,1609701327.0663981,0.01628565788269043
d1452e3b031d432194a6623e15bedffb,k-means,warm,exec,queue,0.0009925365447998047,4.76837158203125e-07,2.384185791015625e-07,1609701327.9556472,1609701328.0774066,0.12175941467285156,1609701327.9997263,1609701328.009275,0.009548664093017578
8b33ec8bf4f3466e9f11e29f83d1e064,k-means,warm,exec,queue,0.009555816650390625,4.76837158203125e-07,2.384185791015625e-07,1609701327.959866,1609701328.0740345,0.11416840553283691,1609701328.000097,1609701328.0085142,0.008417129516601562
1e91328abd0a4eecb3edfaf8d44f0436,k-means,warm,exec,queue,0.0162203311920166,2.384185791015625e-07,0.0,1609701327.9624357,1609701328.1782541,0.2158184051513672,1609701328.0113375,1609701328.0197973,0.008459806442260742
7e307f9c37a34a04821ae92270740dd5,k-means,warm,exec,queue,0.02121591567993164,2.384185791015625e-07,0.0,1609701327.9649863,1609701328.2609918,0.2960054874420166,1609701328.01656,1609701328.021971,0.005410909652709961
9b2735b1a97346e283c7c10f093fcead,k-means,warm,exec,queue,0.026107072830200195,2.384185791015625e-07,2.384185791015625e-07,1609701327.9678025,1609701328.2581763,0.2903738021850586,1609701328.0210252,1609701328.027276,0.006250858306884766
c1c1b093bf81460da32293125c5168c6,k-means,warm,exec,queue,0.030690431594848633,2.384185791015625e-07,2.384185791015625e-07,1609701327.9696062,1609701328.3166122,0.34700608253479004,1609701328.027624,1609701328.032599,0.004975080490112305
0e144a1fc0ca47f5804a20fbe9719a1e,k-means,warm,exec,queue,0.03541684150695801,2.384185791015625e-07,0.0,1609701327.9710839,1609701328.179876,0.20879220962524414,1609701328.0327048,1609701328.0387197,0.006014823913574219
8b7c4ec06a42448abfae8a410a555e0a,k-means,warm,exec,queue,0.04087400436401367,2.384185791015625e-07,2.384185791015625e-07,1609701327.972569,1609701328.2615712,0.2890021800994873,1609701328.0384233,1609701328.0436413,0.005218029022216797
23c8052296224d66b3b96bfdb280ca39,k-means,warm,exec,queue,0.046498775482177734,4.76837158203125e-07,2.384185791015625e-07,1609701327.9740415,1609701328.2631755,0.28913402557373047,1609701328.0446658,1609701328.0500019,0.00533604621887207
e8b0e6511708477abe80484059857967,k-means,warm,exec,queue,0.05119037628173828,2.384185791015625e-07,2.384185791015625e-07,1609701327.9756186,1609701328.174859,0.19924044609069824,1609701328.0497649,1609701328.055162,0.00539708137512207
83e296f849f54d01b3bda0901a331735,k-means,warm,exec,queue,0.0559697151184082,7.152557373046875e-07,2.384185791015625e-07,1609701327.9771006,1609701328.1776426,0.20054197311401367,1609701328.0546377,1609701328.0595398,0.0049021244049072266
b1bbbe9b23b44db1a614761dec8605c0,k-means,warm,exec,queue,0.011015176773071289,2.384185791015625e-07,2.384185791015625e-07,1609701327.978567,1609701328.076789,0.09822201728820801,1609701328.005339,1609701328.0150287,0.009689807891845703
5df7772cdef84e14940f62543cd9ed93,k-means,warm,exec,queue,0.0023949146270751953,7.152557373046875e-07,2.384185791015625e-07,1609701328.953626,1609701329.0613809,0.10775494575500488,1609701328.9943545,1609701329.0024462,0.00809168815612793
225454f5fbcc4da4af525d8be42f50df,video,warm,exec,queue,0.020357608795166016,2.384185791015625e-07,2.384185791015625e-07,1609701328.9578092,1609701329.1785715,0.2207622528076172,1609701329.011527,1609701329.0293505,0.017823457717895508
9f9120d037b44da5990f4b1dc15d792e,k-means,warm,exec,queue,0.01587390899658203,2.384185791015625e-07,0.0,1609701328.9604156,1609701329.1176023,0.15718674659729004,1609701329.0052967,1609701329.0120046,0.006707906723022461
9f8616b139014720ac9dde236552155d,k-means,warm,exec,queue,0.021106243133544922,2.384185791015625e-07,2.384185791015625e-07,1609701328.9629645,1609701329.0930083,0.13004374504089355,1609701329.0112135,1609701329.0182667,0.0070531368255615234
3bae90ab517642878c408a4ab42c1219,k-means,warm,exec,queue,0.025516748428344727,2.384185791015625e-07,2.384185791015625e-07,1609701328.9653294,1609701329.2107482,0.24541878700256348,1609701329.0173254,1609701329.0235488,0.006223440170288086
02c264ce86e644259b4f07e1e4a4e949,k-means,warm,exec,queue,0.02995920181274414,2.384185791015625e-07,2.384185791015625e-07,1609701328.9668183,1609701329.1200387,0.15322041511535645,1609701329.021669,1609701329.0277307,0.0060617923736572266
0ae1db1fbd384e8caa1c0762d6282924,k-means,warm,exec,queue,0.03471112251281738,2.384185791015625e-07,0.0,1609701328.9683073,1609701329.339973,0.37166571617126465,1609701329.027438,1609701329.0345058,0.00706791877746582
c77a4ba274b049909bb46af3258ea6c8,k-means,warm,exec,queue,0.039522647857666016,2.384185791015625e-07,2.384185791015625e-07,1609701328.969775,1609701329.118817,0.14904212951660156,1609701329.033839,1609701329.0387678,0.0049288272857666016
e005ed34db764357b3f9647cece1d4ab,k-means,warm,exec,queue,0.04446840286254883,0.0,2.384185791015625e-07,1609701328.971258,1609701329.2853243,0.31406641006469727,1609701329.0373235,1609701329.0432215,0.005897998809814453
92cb3bbebd5540a18403adcbf10a4bc0,k-means,warm,exec,queue,0.008602142333984375,4.76837158203125e-07,2.384185791015625e-07,1609701328.9728603,1609701329.060054,0.08719372749328613,1609701328.9957302,1609701329.007202,0.011471748352050781
a70a14c64df64bc79f460f3ff654d8b7,k-means,warm,exec,queue,0.013228416442871094,2.384185791015625e-07,0.0,1609701328.97433,1609701329.0943115,0.11998152732849121,1609701328.9993508,1609701329.0071175,0.0077667236328125
1a2635cbeb3342289f8cfa2b15c125d2,k-means,warm,exec,queue,0.005562782287597656,4.76837158203125e-07,2.384185791015625e-07,1609701329.95909,1609701330.3065732,0.34748315811157227,1609701330.0075936,1609701330.0174272,0.009833574295043945
51fc9fa0174840639cae484624197e9d,k-means,warm,exec,queue,0.03376436233520508,2.384185791015625e-07,2.384185791015625e-07,1609701329.9631577,1609701330.140414,0.17725634574890137,1609701330.0356843,1609701330.0407798,0.005095481872558594
0c95cf755ab64f7a81e32e8752d79e01,k-means,warm,exec,queue,0.03875327110290527,4.76837158203125e-07,2.384185791015625e-07,1609701329.9655612,1609701330.2734032,0.3078420162200928,1609701330.0435624,1609701330.0490155,0.0054531097412109375
3b8b5fef98004c31bd5180e06ab5601d,k-means,warm,exec,queue,0.0433652400970459,4.76837158203125e-07,2.384185791015625e-07,1609701329.967908,1609701330.1398408,0.17193293571472168,1609701330.046249,1609701330.0505424,0.0042934417724609375
756007482ef142cb9f8888d38255f3db,k-means,warm,exec,queue,0.048696041107177734,2.384185791015625e-07,2.384185791015625e-07,1609701329.9698832,1609701330.2460887,0.27620553970336914,1609701330.0546992,1609701330.060437,0.005737781524658203
151a2299c8ad4ba08904214911d238a7,k-means,warm,exec,queue,0.053411006927490234,2.384185791015625e-07,2.384185791015625e-07,1609701329.9713705,1609701330.3048236,0.3334531784057617,1609701330.0576634,1609701330.0618088,0.004145383834838867
1ce45e3df4224eb7a52968a515ab36fc,k-means,warm,exec,queue,0.059014081954956055,4.76837158203125e-07,2.384185791015625e-07,1609701329.9728694,1609701330.2126038,0.23973441123962402,1609701330.0660307,1609701330.071756,0.00572514533996582
b6939e94cadf42adad7149f4cf320bf6,k-means,warm,exec,queue,0.015088558197021484,2.384185791015625e-07,2.384185791015625e-07,1609701329.9743552,1609701330.3097842,0.33542895317077637,1609701330.013351,1609701330.0233638,0.01001286506652832
33d933f32c9443b7bdb4d1d9266e1e6c,k-means,warm,exec,queue,0.020482778549194336,2.384185791015625e-07,2.384185791015625e-07,1609701329.9758558,1609701330.1372561,0.16140031814575195,1609701330.0183601,1609701330.025765,0.007404804229736328
2df77682bfd04ea5950f812760751281,k-means,warm,exec,queue,0.02713799476623535,2.384185791015625e-07,2.384185791015625e-07,1609701329.9774752,1609701330.1792452,0.20177006721496582,1609701330.0268402,1609701330.0331373,0.006297111511230469
e2bd372004154752851b67fa292c44ef,k-means,warm,exec,queue,0.03148770332336426,2.384185791015625e-07,2.384185791015625e-07,1609701329.9789789,1609701330.3092415,0.3302626609802246,1609701330.031543,1609701330.0369196,0.005376577377319336
20f8d60ba9f54c0588b1b0eb5d914546,k-means,warm,exec,queue,0.010186910629272461,2.384185791015625e-07,2.384185791015625e-07,1609701329.9804738,1609701330.0783153,0.09784150123596191,1609701330.0078552,1609701330.0163517,0.008496522903442383
5755a5414607437a93eaab07fa17b404,matmul,warm,exec,queue,0.01768183708190918,2.384185791015625e-07,2.384185791015625e-07,1609701329.9819653,1609701330.2714686,0.2895033359527588,1609701330.0277483,1609701330.0381432,0.010394811630249023
7c07661eb0794d35965478b6279e511d,k-means,warm,exec,queue,0.0017938613891601562,4.76837158203125e-07,2.384185791015625e-07,1609701330.95936,1609701331.094298,0.13493800163269043,1609701331.0077784,1609701331.0158346,0.008056163787841797
14228fc083fa4a5fb9df556e9cd6c504,k-means,warm,exec,queue,0.02619147300720215,4.76837158203125e-07,7.152557373046875e-07,1609701330.9634964,1609701331.1745665,0.21107006072998047,1609701331.0311537,1609701331.0370271,0.005873441696166992
f58fa4faa5dd45adaac84c5589248b42,k-means,warm,exec,queue,0.03168606758117676,2.384185791015625e-07,2.384185791015625e-07,1609701330.966041,1609701331.178951,0.21290993690490723,1609701331.036873,1609701331.0428731,0.006000041961669922
1a652203890441aba9c9a01e883fbd4c,k-means,warm,exec,queue,0.0370790958404541,2.384185791015625e-07,0.0,1609701330.9685695,1609701331.2504232,0.28185367584228516,1609701331.0442805,1609701331.0507965,0.006515979766845703
eb415dd3a7a1482c97e92887e3a8f2e2,k-means,warm,exec,queue,0.04282689094543457,2.384185791015625e-07,2.384185791015625e-07,1609701330.9713798,1609701331.2828617,0.31148195266723633,1609701331.0495782,1609701331.0553179,0.005739688873291016
e561ef8431724a978d7a77dd8335fc1f,k-means,warm,exec,queue,0.047316789627075195,2.384185791015625e-07,0.0,1609701330.9732773,1609701331.1762877,0.20301032066345215,1609701331.0542488,1609701331.0607972,0.006548404693603516
16671b32123c463b99a449ad6f17c593,k-means,warm,exec,queue,0.052899837493896484,4.76837158203125e-07,2.384185791015625e-07,1609701330.974724,1609701331.1828148,0.20809078216552734,1609701331.061176,1609701331.0681894,0.0070133209228515625
120469948e81423fbb7e91eb2dfa56aa,k-means,warm,exec,queue,0.012439250946044922,2.384185791015625e-07,0.0,1609701330.9761882,1609701331.0946658,0.11847758293151855,1609701331.0147307,1609701331.022967,0.008236408233642578
8656e8b0c50d4174a9abf359fb66bb53,k-means,warm,exec,queue,0.0176546573638916,2.384185791015625e-07,0.0,1609701330.9776487,1609701331.1236713,0.14602255821228027,1609701331.0201278,1609701331.0279274,0.007799625396728516
c5c21c250b1440d5a19c2a267b47a5a6,k-means,warm,exec,queue,0.02270960807800293,2.384185791015625e-07,2.384185791015625e-07,1609701330.9792216,1609701331.1822267,0.20300507545471191,1609701331.0285828,1609701331.036257,0.007674217224121094
4c3ffa40f7d342e381b95494783f114d,k-means,warm,exec,queue,0.007843255996704102,2.384185791015625e-07,0.0,1609701330.9807048,1609701331.090282,0.10957717895507812,1609701331.0094624,1609701331.0185547,0.009092330932617188
16372572caea4c95880b5b4c943cebad,k-means,warm,exec,queue,0.0053980350494384766,4.76837158203125e-07,4.76837158203125e-07,1609701330.9821506,1609701331.0938427,0.11169219017028809,1609701331.009419,1609701331.0192807,0.00986170768737793
cd4490447b1d4ce5996d7c55b7de1ebe,video,warm,exec,queue,0.0144805908203125,2.384185791015625e-07,2.384185791015625e-07,1609701330.983598,1609701331.179546,0.19594812393188477,1609701331.0271993,1609701331.0449092,0.017709970474243164
f8e5fb1c23f6431b967c3b606aa5a713,k-means,warm,exec,queue,0.00394439697265625,4.76837158203125e-07,2.384185791015625e-07,1609701331.959364,1609701332.0864167,0.12705278396606445,1609701332.006383,1609701332.0149174,0.008534431457519531
ab393808c1bd44faa94fe30ca6d2673b,k-means,warm,exec,queue,0.022438526153564453,4.76837158203125e-07,2.384185791015625e-07,1609701331.963707,1609701332.2458363,0.28212928771972656,1609701332.0288792,1609701332.0360265,0.007147312164306641
1f248ffaeb934ecb9dce3bb6c67dcba8,k-means,warm,exec,queue,0.02812933921813965,4.76837158203125e-07,4.76837158203125e-07,1609701331.9663527,1609701332.1261055,0.15975284576416016,1609701332.0301433,1609701332.0351763,0.005033016204833984
28af1d6ce96f423d877a88467b0b96b5,k-means,warm,exec,queue,0.03278779983520508,7.152557373046875e-07,2.384185791015625e-07,1609701331.9689755,1609701332.1278255,0.15884995460510254,1609701332.0339403,1609701332.0387714,0.004831075668334961
094c6271933a4289a9b4df4b40b90549,k-means,warm,exec,queue,0.03720712661743164,2.384185791015625e-07,2.384185791015625e-07,1609701331.971902,1609701332.1616511,0.18974924087524414,1609701332.041778,1609701332.0493581,0.0075800418853759766
074b399db72f4221a2cddfc385808f61,k-means,warm,exec,queue,0.04212379455566406,2.384185791015625e-07,2.384185791015625e-07,1609701331.9737952,1609701332.2015812,0.22778606414794922,1609701332.0445719,1609701332.0505054,0.005933523178100586
581847de7bcc453f90e0ccc584f14a39,k-means,warm,exec,queue,0.0473477840423584,4.76837158203125e-07,2.384185791015625e-07,1609701331.9754016,1609701332.246443,0.2710413932800293,1609701332.0512948,1609701332.0598648,0.008569955825805664
6b992cd7e8014950be9aec14dfb40103,k-means,warm,exec,queue,0.05168032646179199,2.384185791015625e-07,0.0,1609701331.977026,1609701332.335767,0.35874104499816895,1609701332.0567658,1609701332.0629613,0.006195545196533203
08be9ef855dc431881493478085fedd2,k-means,warm,exec,queue,0.014657020568847656,2.384185791015625e-07,2.384185791015625e-07,1609701331.9786334,1609701332.1598773,0.181243896484375,1609701332.011873,1609701332.0206628,0.008789777755737305
e5cad1fbe32e44e6b46065d2dbebc6c4,k-means,warm,exec,queue,0.01901412010192871,2.384185791015625e-07,2.384185791015625e-07,1609701331.98039,1609701332.2686653,0.28827524185180664,1609701332.0173438,1609701332.0265272,0.009183406829833984
5133a617a1e54b2dbd917b5daaf011e6,k-means,warm,exec,queue,0.009394407272338867,2.384185791015625e-07,4.76837158203125e-07,1609701331.982009,1609701332.0847433,0.10273432731628418,1609701332.0065389,1609701332.0152023,0.008663415908813477
ed7cfaa296bd42ed80d43f904ae412eb,k-means,warm,exec,queue,7.581710815429688e-05,2.384185791015625e-07,2.384185791015625e-07,1609701332.9600563,1609701333.0810504,0.12099409103393555,1609701333.004536,1609701333.0129864,0.008450508117675781
c65a62848ea94a0bb2b1e531c41dd09b,k-means,warm,exec,queue,0.044385433197021484,2.384185791015625e-07,2.384185791015625e-07,1609701332.9641027,1609701333.3593006,0.39519786834716797,1609701333.0503023,1609701333.0559804,0.0056781768798828125
deb98078fbe8424ba950a7e5808329a1,k-means,warm,exec,queue,0.040117502212524414,4.76837158203125e-07,2.384185791015625e-07,1609701332.966617,1609701333.2296093,0.26299214363098145,1609701333.046643,1609701333.052798,0.0061550140380859375
d1b79c6127b34bbb9760feb585184beb,k-means,warm,exec,queue,0.0355985164642334,2.384185791015625e-07,2.384185791015625e-07,1609701332.9689577,1609701333.3574376,0.38847994804382324,1609701333.0408096,1609701333.0488424,0.008032798767089844
f521d4bda3a74ddbba828649730cc435,k-means,warm,exec,queue,0.005990266799926758,4.76837158203125e-07,2.384185791015625e-07,1609701332.9705615,1609701333.0791974,0.10863590240478516,1609701333.0054076,1609701333.014186,0.00877833366394043
d95cf009af57459ea9ac24980ce74727,k-means,warm,exec,queue,0.010483264923095703,7.152557373046875e-07,0.0,1609701332.9719946,1609701333.188208,0.21621346473693848,1609701333.007714,1609701333.0183077,0.010593652725219727
8fef07813bce4efba02acea279dcb042,k-means,warm,exec,queue,0.015076637268066406,2.384185791015625e-07,2.384185791015625e-07,1609701332.9734366,1609701333.2566006,0.28316402435302734,1609701333.0126135,1609701333.0222063,0.009592771530151367
20cd439abe164e53970345ccf521429e,k-means,warm,exec,queue,0.01947164535522461,7.152557373046875e-07,0.0,1609701332.974874,1609701333.4315822,0.4567081928253174,1609701333.0168068,1609701333.024562,0.0077550411224365234
23a428d5afc14b6a9de333df64b1f98e,k-means,warm,exec,queue,0.024714946746826172,4.76837158203125e-07,0.0,1609701332.9763176,1609701333.1116936,0.1353759765625,1609701333.026497,1609701333.0332813,0.0067844390869140625
7838a40577854af4b639e85413dc6446,k-means,warm,exec,queue,0.02913689613342285,2.384185791015625e-07,2.384185791015625e-07,1609701332.9778929,1609701333.2546828,0.27678990364074707,1609701333.030018,1609701333.0383058,0.008287668228149414
090548df450d488198b417fb3609b97d,k-means,warm,exec,queue,0.03425860404968262,2.384185791015625e-07,2.384185791015625e-07,1609701332.9793444,1609701333.2315345,0.25219011306762695,1609701333.0329,1609701333.039201,0.006300926208496094
d18dfa1f84b24544b6c45cccb4a761bd,video,warm,exec,queue,0.020340442657470703,2.384185791015625e-07,2.384185791015625e-07,1609701332.980823,1609701333.4908135,0.5099904537200928,1609701333.0271099,1609701333.0438368,0.016726970672607422
68a0d936eba047d591c255a49afdb0a5,k-means,warm,exec,queue,9.965896606445312e-05,7.152557373046875e-07,2.384185791015625e-07,1609701333.9605818,1609701334.092228,0.13164615631103516,1609701334.0043406,1609701334.0135417,0.0092010498046875
3b72a46b99524b70aad3c2d0fcd3d833,k-means,warm,exec,queue,0.005519866943359375,2.384185791015625e-07,2.384185791015625e-07,1609701333.9649189,1609701334.0903745,0.12545561790466309,1609701334.0047166,1609701334.0130866,0.008369922637939453
d4a692809a7f4fcfb333547ee2d4eeae,k-means,warm,exec,queue,0.010622739791870117,4.76837158203125e-07,4.76837158203125e-07,1609701333.9675257,1609701334.228555,0.2610292434692383,1609701334.0096278,1609701334.017806,0.008178234100341797
9630c1c6e1f34a04a3127588ca7dd88c,k-means,warm,exec,queue,0.015964508056640625,2.384185791015625e-07,2.384185791015625e-07,1609701333.9701464,1609701334.2280812,0.2579348087310791,1609701334.015352,1609701334.0226672,0.007315158843994141
23822af2ddf0489bbf8101d7bb1c0081,k-means,warm,exec,queue,0.020623207092285156,4.76837158203125e-07,2.384185791015625e-07,1609701333.9727786,1609701334.2259257,0.2531471252441406,1609701334.0210161,1609701334.026341,0.005324840545654297
acf4e4d348184573bd5f57ccfe112424,k-means,warm,exec,queue,0.025563478469848633,2.384185791015625e-07,2.384185791015625e-07,1609701333.9743476,1609701334.1231127,0.14876508712768555,1609701334.025647,1609701334.0322576,0.0066106319427490234
ce1c97fa0b4d430ca3f430702057868f,k-means,warm,exec,queue,0.030707836151123047,2.384185791015625e-07,0.0,1609701333.975924,1609701334.1694455,0.19352149963378906,1609701334.0324936,1609701334.0374837,0.004990100860595703
ac8015afd2724b72998005b63ee2b785,k-means,warm,exec,queue,0.0356295108795166,2.384185791015625e-07,2.384185791015625e-07,1609701333.9775057,1609701334.2000926,0.22258687019348145,1609701334.037677,1609701334.0429912,0.0053141117095947266
7e4143da16f9451ab783a98aa2bce607,k-means,warm,exec,queue,0.040307044982910156,2.384185791015625e-07,2.384185791015625e-07,1609701333.9790864,1609701334.1985948,0.21950840950012207,1609701334.0427027,1609701334.0492814,0.006578683853149414
c609e365f90642e2845cfeb959838825,k-means,warm,exec,queue,0.04499053955078125,2.384185791015625e-07,2.384185791015625e-07,1609701333.9808102,1609701334.166014,0.18520379066467285,1609701334.0481412,1609701334.053699,0.0055577754974365234
4958ab9c359745a48f6bc8dc7ddde3e4,k-means,warm,exec,queue,0.0505528450012207,2.384185791015625e-07,2.384185791015625e-07,1609701333.982382,1609701334.168889,0.186506986618042,1609701334.0525315,1609701334.0587115,0.0061800479888916016
8f80dec6b592481582b33f9e74939a87,k-means,warm,exec,queue,0.001508474349975586,4.76837158203125e-07,2.384185791015625e-07,1609701334.9720771,1609701335.1135957,0.14151859283447266,1609701335.0366213,1609701335.0446713,0.008049964904785156
cff7fcb52bbf4c869ae65bf34f25de58,k-means,warm,exec,queue,0.026329755783081055,4.76837158203125e-07,0.0,1609701334.9762866,1609701335.1356153,0.15932869911193848,1609701335.0632198,1609701335.071049,0.00782918930053711
bd2e923323e5427dbbb42deb961ccb6a,k-means,warm,exec,queue,0.03205752372741699,4.76837158203125e-07,4.76837158203125e-07,1609701334.9784546,1609701336.2040417,1.2255871295928955,1609701335.06526,1609701335.0718384,0.0065784454345703125
65fa99f440cb4aa1bbfc3ea948900b17,k-means,warm,exec,queue,0.037369489669799805,0.0,2.384185791015625e-07,1609701334.980632,1609701335.9085524,0.9279203414916992,1609701335.066633,1609701335.073977,0.00734400749206543
0940eb3a229a4c36a198c591cd8b3722,k-means,warm,exec,queue,0.04219794273376465,4.76837158203125e-07,4.76837158203125e-07,1609701334.9830399,1609701336.1997776,1.2167377471923828,1609701335.072277,1609701335.0794148,0.007137775421142578
f7ce6971c19c48ec89f03fdad98bfa26,k-means,warm,exec,queue,0.046662092208862305,2.384185791015625e-07,2.384185791015625e-07,1609701334.9852037,1609701336.199191,1.2139873504638672,1609701335.0928414,1609701335.1000464,0.007205009460449219
7ac7079638ee4c678803802fe656d4b1,k-means,warm,exec,queue,0.05145764350891113,4.76837158203125e-07,2.384185791015625e-07,1609701334.9883947,1609701336.0902748,1.1018800735473633,1609701335.09984,1609701335.107311,0.0074710845947265625
0a94e14812f2433ca00c43b4857a409b,k-means,warm,exec,queue,0.060102224349975586,4.76837158203125e-07,4.76837158203125e-07,1609701334.9898298,1609701336.1564085,1.166578769683838,1609701335.1011956,1609701335.108206,0.007010459899902344
2bbe6582adbc43889cd50f4041db5715,k-means,warm,exec,queue,0.0029642581939697266,7.152557373046875e-07,4.76837158203125e-07,1609701334.9913588,1609701335.6394517,0.6480929851531982,1609701335.037366,1609701335.045413,0.008047103881835938
4aee8d3800fc4e9383d9fd0f75b5d9c1,k-means,warm,exec,queue,0.013661384582519531,2.384185791015625e-07,0.0,1609701334.9928045,1609701335.1125145,0.11970996856689453,1609701335.0377822,1609701335.0459282,0.008146047592163086
808124dd3da641778ed13c6244fefa64,k-means,warm,exec,queue,0.018750429153442383,2.384185791015625e-07,2.384185791015625e-07,1609701334.9942336,1609701335.1366842,0.14245057106018066,1609701335.043042,1609701335.0510626,0.008020639419555664
9b02d229a1f14043be4c7c5d73aec86b,k-means,warm,exec,queue,0.023497581481933594,2.384185791015625e-07,2.384185791015625e-07,1609701334.995665,1609701336.153762,1.1580970287322998,1609701335.0483239,1609701335.0564191,0.008095264434814453
60719f06a953422ab6bf9730cfe0f675,k-means,warm,exec,queue,0.06672286987304688,4.76837158203125e-07,2.384185791015625e-07,1609701334.997204,1609701335.642679,0.645474910736084,1609701335.1016142,1609701335.1084726,0.006858348846435547
608e3679a3e74f3ab4f67daa60061b25,k-means,warm,exec,queue,0.07151222229003906,4.76837158203125e-07,2.384185791015625e-07,1609701334.998623,1609701336.0890613,1.0904383659362793,1609701335.1116257,1609701335.1186671,0.007041454315185547
c8136894374942b1bc46d69e51342ddb,k-means,warm,exec,queue,0.07625746726989746,4.76837158203125e-07,2.384185791015625e-07,1609701335.0000405,1609701336.0897274,1.0896868705749512,1609701335.122574,1609701335.1297374,0.007163286209106445
fa778332777d4d2496799d8319a72c57,k-means,warm,exec,queue,0.9728116989135742,4.76837158203125e-07,2.384185791015625e-07,1609701335.0014675,1609701337.31707,2.3156025409698486,1609701336.019372,1609701336.0262947,0.006922721862792969
01a3579458bc433aaf3634f4a2373561,video,warm,exec,queue,0.01683187484741211,2.384185791015625e-07,2.384185791015625e-07,1609701335.002979,1609701335.9611347,0.958155632019043,1609701335.062831,1609701335.079011,0.016180038452148438
52d7e39fe1b5428aa838204e903bad9a,matmul,warm,exec,queue,0.0216214656829834,4.76837158203125e-07,0.0,1609701335.0044317,1609701335.643293,0.6388611793518066,1609701335.0656033,1609701335.0761395,0.01053619384765625
3a629d302fa84fb09f87362c06173b1c,map_reduce,warm,exec,queue,0.022443056106567383,2.384185791015625e-07,2.384185791015625e-07,1609701335.005872,1609701335.9066153,0.9007432460784912,1609701335.065695,1609701335.1505508,0.08485579490661621
76ca9767763c416d804b72afba86f0af,k-means,warm,exec,queue,0.010510921478271484,2.384185791015625e-07,0.0,1609701335.9703786,1609701337.5594225,1.5890438556671143,1609701336.0200596,1609701336.0279024,0.007842779159545898
a7e891044faa4846bfdabc9c54f304f0,k-means,warm,exec,queue,0.060399532318115234,7.152557373046875e-07,2.384185791015625e-07,1609701335.973427,1609701337.443475,1.470047950744629,1609701336.0786135,1609701336.0827677,0.004154205322265625
344bcae1994245ea914fa3ac7cad69b3,k-means,warm,exec,queue,0.06598758697509766,2.384185791015625e-07,2.384185791015625e-07,1609701335.9753819,1609701337.6320066,1.6566247940063477,1609701336.0846817,1609701336.0891178,0.004436016082763672
be2a4f44cf784eafa2ed083616d95d21,k-means,warm,exec,queue,0.07162833213806152,2.384185791015625e-07,2.384185791015625e-07,1609701335.9770813,1609701337.450513,1.4734315872192383,1609701336.0910776,1609701336.0970502,0.005972623825073242
c84f1817d2684abcac68cde0e496e41f,k-means,warm,exec,queue,0.9873747825622559,4.76837158203125e-07,0.0,1609701335.978958,1609701337.8524077,1.8734498023986816,1609701337.0175972,1609701337.0258632,0.008265972137451172
d9abc52f9d284556ae8d19a7cbeb9311,k-means,warm,exec,queue,0.012006521224975586,2.384185791015625e-07,4.76837158203125e-07,1609701335.9805083,1609701337.167563,1.1870546340942383,1609701336.023524,1609701336.030322,0.0067980289459228516
f01910312aaa4878b9d39ffa7598f912,k-means,warm,exec,queue,0.017327547073364258,7.152557373046875e-07,0.0,1609701335.9820576,1609701337.4481807,1.466123104095459,1609701336.028828,1609701336.03605,0.007222175598144531
ac476b141fdd40e59999c36216a85e72,k-means,warm,exec,queue,0.02231597900390625,0.0,2.384185791015625e-07,1609701335.9836109,1609701337.6337318,1.6501209735870361,1609701336.03499,1609701336.0413878,0.006397724151611328
4056e0bb5c8d4e44a4da567c6de5e2cb,k-means,warm,exec,queue,0.02682209014892578,7.152557373046875e-07,2.384185791015625e-07,1609701335.9851708,1609701337.9274638,1.9422929286956787,1609701336.038826,1609701336.043808,0.00498199462890625
da4cc27cf6804ed39c2885a8d378bc8f,k-means,warm,exec,queue,0.031891584396362305,2.384185791015625e-07,2.384185791015625e-07,1609701335.988118,1609701336.2056081,0.21749019622802734,1609701336.0458052,1609701336.0505085,0.0047032833099365234
c103dbf9cf9347e7842b591aec1b0671,k-means,warm,exec,queue,0.03710627555847168,2.384185791015625e-07,2.384185791015625e-07,1609701335.9900665,1609701336.2049303,0.21486377716064453,1609701336.0504699,1609701336.0545993,0.0041294097900390625
711658c2ef7840f58af83fdba0e456eb,k-means,warm,exec,queue,0.04214882850646973,2.384185791015625e-07,2.384185791015625e-07,1609701335.9915628,1609701336.1701932,0.17863035202026367,1609701336.056291,1609701336.0620549,0.0057637691497802734
bb263977ad0c4f08b3514c1afbf953d4,k-means,warm,exec,queue,0.04744243621826172,2.384185791015625e-07,2.384185791015625e-07,1609701335.9931324,1609701337.4454057,1.4522733688354492,1609701336.0622706,1609701336.0665903,0.004319667816162109
1b253f2d029340588e5e4615ad7b1529,k-means,warm,exec,queue,0.05219006538391113,2.384185791015625e-07,2.384185791015625e-07,1609701335.994602,1609701337.169766,1.175163984298706,1609701336.0676687,1609701336.0718098,0.004141092300415039
ae08c08a87144704b6939572054ac5df,k-means,warm,exec,queue,0.05743145942687988,2.384185791015625e-07,0.0,1609701335.9960647,1609701336.2044997,0.20843505859375,1609701336.0734572,1609701336.0778463,0.004389047622680664
96b071f992a04b69b37642b52e7b8d25,k-means,warm,exec,queue,0.009200096130371094,4.76837158203125e-07,2.384185791015625e-07,1609701336.9645748,1609701337.8470562,0.8824813365936279,1609701337.0185306,1609701337.0268388,0.008308172225952148
73b3199a92404e41b06f596793ac76ba,k-means,warm,exec,queue,0.9900007247924805,4.76837158203125e-07,2.384185791015625e-07,1609701336.968736,1609701338.1873574,1.2186214923858643,1609701338.0114968,1609701338.018366,0.006869316101074219
fc3f8705cfe74671aedfb96a3839b360,k-means,warm,exec,queue,0.055544137954711914,2.384185791015625e-07,4.76837158203125e-07,1609701336.9713645,1609701337.8512833,0.8799188137054443,1609701337.0707598,1609701337.0749476,0.004187822341918945
9aeea8591a954b05b842bca6228adec2,k-means,warm,exec,queue,0.050115346908569336,2.384185791015625e-07,2.384185791015625e-07,1609701336.974005,1609701337.6106052,0.6366002559661865,1609701337.066358,1609701337.0747757,0.008417606353759766
b46f0a60225c46b7bfd13affd212f232,k-means,warm,exec,queue,0.045156002044677734,2.384185791015625e-07,0.0,1609701336.978474,1609701337.6059406,0.6274666786193848,1609701337.0594816,1609701337.06531,0.005828380584716797
823991303ab34766ab71f6573b14fb5f,k-means,warm,exec,queue,0.03920936584472656,2.384185791015625e-07,2.384185791015625e-07,1609701336.9807844,1609701337.5601065,0.579322099685669,1609701337.056111,1609701337.0639112,0.007800102233886719
9691f827b54c486f84b081e4a0505ba2,k-means,warm,exec,queue,0.03380727767944336,2.384185791015625e-07,2.384185791015625e-07,1609701336.982386,1609701337.9293869,0.9470007419586182,1609701337.0467718,1609701337.0516098,0.004837989807128906
56425700aaa346a5ab24a40ee3951892,k-means,warm,exec,queue,0.02908921241760254,2.384185791015625e-07,4.76837158203125e-07,1609701336.9839802,1609701337.6100662,0.6260859966278076,1609701337.044707,1609701337.0511725,0.006465435028076172
907a3a8be8f84932a856eb75f375dbe9,k-means,warm,exec,queue,0.011611700057983398,2.384185791015625e-07,2.384185791015625e-07,1609701336.9856002,1609701337.8518631,0.8662629127502441,1609701337.0225568,1609701337.0304875,0.007930755615234375
51d9ab38a3294b5a8af525797677456f,k-means,warm,exec,queue,0.016246557235717773,2.384185791015625e-07,2.384185791015625e-07,1609701336.9890146,1609701337.8464293,0.857414722442627,1609701337.0274394,1609701337.035461,0.00802159309387207
7df5eeee02b145ca953d8af583b0087d,k-means,warm,exec,queue,0.024097204208374023,2.384185791015625e-07,2.384185791015625e-07,1609701336.9916346,1609701337.609495,0.6178603172302246,1609701337.04216,1609701337.0492575,0.007097482681274414
dd4919f353da4f9bb542a60170b73716,video,warm,exec,queue,0.02103114128112793,4.76837158203125e-07,2.384185791015625e-07,1609701336.9942555,1609701337.4487956,0.4545400142669678,1609701337.0426104,1609701337.0586092,0.01599884033203125
76c70bbda34249b79074bcc191de766a,k-means,warm,exec,queue,0.010065793991088867,2.384185791015625e-07,2.384185791015625e-07,1609701337.9635878,1609701338.2461436,0.28255581855773926,1609701338.0127692,1609701338.0206294,0.007860183715820312
fec4a655c06742b38f3fc56e6371bd81,k-means,warm,exec,queue,0.03811764717102051,2.384185791015625e-07,2.384185791015625e-07,1609701337.9675727,1609701338.2206519,0.2530791759490967,1609701338.0465066,1609701338.0513382,0.004831552505493164
4b8054c0c9484c17813245c31c5eb704,k-means,warm,exec,queue,0.04368472099304199,2.384185791015625e-07,2.384185791015625e-07,1609701337.9701307,1609701338.2480223,0.2778916358947754,1609701338.0530767,1609701338.060349,0.007272243499755859
f0f85f67bd45457d900d1ea140e96867,k-means,warm,exec,queue,0.049210309982299805,2.384185791015625e-07,2.384185791015625e-07,1609701337.97265,1609701338.455387,0.48273706436157227,1609701338.0588028,1609701338.063325,0.004522085189819336
b289d52e70fd4993995b0bdddd98a315,k-means,warm,exec,queue,0.05438828468322754,7.152557373046875e-07,2.384185791015625e-07,1609701337.9756248,1609701338.40747,0.43184518814086914,1609701338.0654323,1609701338.0717018,0.0062694549560546875
06b6e1f1a09c4653bf4aa3ea93604a50,k-means,warm,exec,queue,0.059139251708984375,2.384185791015625e-07,0.0,1609701337.977524,1609701338.4572227,0.47969865798950195,1609701338.069071,1609701338.0736644,0.004593372344970703
26501e69ac06495fba3ff74f17f8445e,k-means,warm,exec,queue,0.993328332901001,4.76837158203125e-07,2.384185791015625e-07,1609701337.978967,1609701339.0929883,1.1140213012695312,1609701339.0151157,1609701339.0228224,0.007706642150878906
f83d802a094a46608c141be0d409a541,k-means,warm,exec,queue,0.018845081329345703,4.76837158203125e-07,2.384185791015625e-07,1609701337.980418,1609701338.3054636,0.3250455856323242,1609701338.029939,1609701338.0372608,0.007321834564208984
39a3b3ac1114403286abf4a98f7114c1,k-means,warm,exec,queue,0.024980545043945312,3.814697265625e-06,2.384185791015625e-07,1609701337.9818668,1609701338.1583416,0.17647480964660645,1609701338.031696,1609701338.0387576,0.007061481475830078
a391952bfde34d01af94dbbf2d014731,k-means,warm,exec,queue,0.029471635818481445,2.384185791015625e-07,0.0,1609701337.9834197,1609701338.4053643,0.42194461822509766,1609701338.0346968,1609701338.0397186,0.005021810531616211
21bbacd87000462591dab101c0dbc3c5,k-means,warm,exec,queue,0.03476762771606445,2.384185791015625e-07,2.384185791015625e-07,1609701337.9848914,1609701338.1563003,0.17140889167785645,1609701338.0434635,1609701338.0501287,0.006665229797363281
f69ba6ae345f4e93ae858d6a8c849ec9,k-means,warm,exec,queue,0.013532161712646484,2.384185791015625e-07,2.384185791015625e-07,1609701337.9873488,1609701338.1568146,0.1694657802581787,1609701338.0177627,1609701338.025553,0.007790327072143555
536e2c3daa64413bb73da92886bc639b,k-means,warm,exec,queue,0.01200246810913086,4.76837158203125e-07,0.0,1609701338.9638996,1609701339.0923927,0.128493070602417,1609701339.0156262,1609701339.0234365,0.007810354232788086
eb6f5ee5f1444aeb9cd2cb8f846f53f7,k-means,warm,exec,queue,0.02752232551574707,2.384185791015625e-07,0.0,1609701338.9677775,1609701339.125885,0.15810751914978027,1609701339.0388546,1609701339.0454018,0.006547212600708008
9d79656250b04bf498fcf822e739edbd,k-means,warm,exec,queue,0.031929731369018555,2.384185791015625e-07,2.384185791015625e-07,1609701338.9700084,1609701339.3925633,0.42255496978759766,1609701339.0417967,1609701339.0480807,0.006283998489379883
eff3bfaf0ee14f4fb60b5051f2e494db,k-means,warm,exec,queue,0.037178754806518555,2.384185791015625e-07,2.384185791015625e-07,1609701338.9722276,1609701339.2281353,0.2559077739715576,1609701339.0480785,1609701339.0548499,0.0067713260650634766
893ca885720f47568ed5a6f8127b4f7a,k-means,warm,exec,queue,0.041701555252075195,2.384185791015625e-07,2.384185791015625e-07,1609701338.9747145,1609701339.3672357,0.3925211429595947,1609701339.0554018,1609701339.0613997,0.005997896194458008
d29bb06e95f242a8831b8aec816cb1d3,k-means,warm,exec,queue,0.046607017517089844,2.384185791015625e-07,2.384185791015625e-07,1609701338.9769382,1609701339.3092854,0.33234715461730957,1609701339.0598152,1609701339.0656552,0.0058400630950927734
7d0aaed55e6746728499c9471c423c4a,k-means,warm,exec,queue,0.052002668380737305,4.76837158203125e-07,2.384185791015625e-07,1609701338.9791498,1609701339.1745896,0.19543981552124023,1609701339.0658004,1609701339.072014,0.006213665008544922
da06d199350e47ff987a146b41424dc5,k-means,warm,exec,queue,0.9941353797912598,4.76837158203125e-07,2.384185791015625e-07,1609701338.9810724,1609701340.08613,1.1050574779510498,1609701340.015505,1609701340.0222948,0.006789684295654297
a067eea29d8d441d80e353f14b1f0df3,k-means,warm,exec,queue,0.012189865112304688,4.76837158203125e-07,2.384185791015625e-07,1609701338.9825456,1609701339.0897865,0.10724091529846191,1609701339.0196059,1609701339.027171,0.007565021514892578
17ebf0e88ed84d3a86e5233e3f193204,k-means,warm,exec,queue,0.017365217208862305,2.384185791015625e-07,4.76837158203125e-07,1609701338.98412,1609701339.1240766,0.13995671272277832,1609701339.025345,1609701339.032943,0.007597923278808594
34d7b39ca91b4ebcb1e6866339c99c00,k-means,warm,exec,queue,0.023895978927612305,2.384185791015625e-07,2.384185791015625e-07,1609701338.9855907,1609701339.1763093,0.1907186508178711,1609701339.0347753,1609701339.0417588,0.006983518600463867
340e4ed3b2404b43929da5eb464cce76,video,warm,exec,queue,0.025716066360473633,2.384185791015625e-07,0.0,1609701338.988629,1609701339.2298517,0.24122262001037598,1609701339.035026,1609701339.051071,0.01604485511779785
db1d584bab48470eb6a09465263426c6,k-means,warm,exec,queue,0.012032270431518555,4.76837158203125e-07,2.384185791015625e-07,1609701339.9663298,1609701340.1357768,0.1694469451904297,1609701340.0163414,1609701340.025407,0.009065628051757812
956fb46fa7e0449fa5f518f9be58085c,k-means,cold,exec,create,-4.8981406688690186,5.149196624755859,4.76837158203125e-07,1609701339.9705126,1609701340.372159,0.40164637565612793,1609701340.2657738,1609701340.2751577,0.009383916854858398
490959c02bc1428ba46f9ec8c46d137e,k-means,warm,exec,queue,0.05070686340332031,4.76837158203125e-07,2.384185791015625e-07,1609701339.9731367,1609701340.4015036,0.42836689949035645,1609701340.0647626,1609701340.0698295,0.005066871643066406
cf15708e01154be8b664af8bdb3b6d59,k-means,warm,exec,queue,0.045142412185668945,4.76837158203125e-07,0.0,1609701339.975639,1609701340.4008784,0.42523932456970215,1609701340.057695,1609701340.0648594,0.007164478302001953
890b516a5b284cde9f2f042d72a3f490,k-means,warm,exec,queue,0.04036402702331543,2.384185791015625e-07,2.384185791015625e-07,1609701339.978503,1609701340.3973458,0.41884279251098633,1609701340.0525107,1609701340.0584779,0.005967140197753906
69c1af720ca0466e9b3f3638a22abe9c,k-means,warm,exec,queue,0.03590750694274902,2.384185791015625e-07,0.0,1609701339.9807196,1609701340.338764,0.3580443859100342,1609701340.0514386,1609701340.0575266,0.0060880184173583984
2160d85b9dd346c1b16bec2df5728f0d,k-means,warm,exec,queue,0.031513214111328125,4.76837158203125e-07,4.76837158203125e-07,1609701339.982146,1609701340.2286503,0.2465043067932129,1609701340.042455,1609701340.0501552,0.007700204849243164
7140b6e5d12746c688ce11893cf727d9,k-means,warm,exec,queue,0.015894651412963867,2.384185791015625e-07,2.384185791015625e-07,1609701339.983574,1609701340.119642,0.13606810569763184,1609701340.0210662,1609701340.0278678,0.006801605224609375
97fb1128f03f4f9f9ec00d4df72f1d4c,k-means,warm,exec,queue,0.020244121551513672,2.384185791015625e-07,2.384185791015625e-07,1609701339.9850626,1609701340.1213725,0.13630986213684082,1609701340.033202,1609701340.0400193,0.006817340850830078
58701986a60341dcbf3a2d75eb35ab03,k-means,warm,exec,queue,0.02501058578491211,2.384185791015625e-07,2.384185791015625e-07,1609701339.9874356,1609701340.253445,0.2660093307495117,1609701340.035548,1609701340.041547,0.005999088287353516
b7c47877e4b64ea9a590063f0ab50213,k-means,warm,exec,queue,0.029526233673095703,2.384185791015625e-07,2.384185791015625e-07,1609701339.9895935,1609701340.2787452,0.289151668548584,1609701340.037112,1609701340.0433993,0.006287336349487305
b9f6dc97254f44d0a378893972e42930,matmul,warm,exec,queue,0.02118825912475586,4.76837158203125e-07,0.0,1609701339.9915066,1609701340.200134,0.20862746238708496,1609701340.0359542,1609701340.0429556,0.007001399993896484
c7ab6eb91f5749c9aae6ea83c05123b1,k-means,warm,exec,queue,0.0007219314575195312,4.76837158203125e-07,2.384185791015625e-07,1609701340.9691343,1609701341.1084368,0.13930249214172363,1609701341.02836,1609701341.035394,0.0070340633392333984
b3e266a182454af8a181e18a7f692ea4,k-means,warm,exec,queue,0.05622553825378418,2.384185791015625e-07,0.0,1609701340.9733891,1609701341.316489,0.34309983253479004,1609701341.0837028,1609701341.08796,0.0042572021484375
4ade2e60ebc147f085a41f4a4a0a0f4f,k-means,warm,exec,queue,0.05103731155395508,2.384185791015625e-07,2.384185791015625e-07,1609701340.9758832,1609701341.246487,0.27060365676879883,1609701341.0794613,1609701341.0863082,0.006846904754638672
9121a8fb557346f3b892b29ca1052238,k-means,warm,exec,queue,0.04631805419921875,2.384185791015625e-07,0.0,1609701340.9784055,1609701341.4097807,0.43137526512145996,1609701341.072723,1609701341.0769763,0.004253387451171875
cca2573e398c42f1808948b53e3aec83,k-means,warm,exec,queue,0.0047228336334228516,4.76837158203125e-07,2.384185791015625e-07,1609701340.9812403,1609701341.2470546,0.26581430435180664,1609701341.0289543,1609701341.0366023,0.007647991180419922
23280ba49a33429b9c9ed091af344f5e,k-means,warm,exec,queue,0.009811878204345703,2.384185791015625e-07,2.384185791015625e-07,1609701340.9837248,1609701341.1068604,0.12313556671142578,1609701341.0317068,1609701341.0394008,0.0076940059661865234
9e3161d6dc684f6ebd30685417c4dc85,k-means,warm,exec,queue,0.015027523040771484,2.384185791015625e-07,2.384185791015625e-07,1609701340.9854627,1609701341.350909,0.3654463291168213,1609701341.0380943,1609701341.0456486,0.007554292678833008
ecced9fbfa7b4a94a4eb57a4e9c1854c,k-means,warm,exec,queue,0.02153944969177246,4.76837158203125e-07,2.384185791015625e-07,1609701340.9881344,1609701341.4079509,0.4198164939880371,1609701341.0477283,1609701341.0545363,0.006808042526245117
9fa5ec0efe6e44d6a87127965d3f8fda,k-means,warm,exec,queue,0.02589583396911621,2.384185791015625e-07,0.0,1609701340.9906416,1609701341.1405618,0.14992022514343262,1609701341.0491087,1609701341.0536244,0.004515647888183594
9e20003840934cd6bf61e20a5b0c2e73,k-means,warm,exec,queue,0.03135967254638672,2.384185791015625e-07,2.384185791015625e-07,1609701340.9933412,1609701341.273225,0.27988386154174805,1609701341.0549817,1609701341.0605547,0.0055730342864990234
aae3f96c49de40b0b4111152420e44e7,k-means,warm,exec,queue,0.03645133972167969,4.76837158203125e-07,4.76837158203125e-07,1609701340.995825,1609701341.1439116,0.1480865478515625,1609701341.0609977,1609701341.0665047,0.005506992340087891
b113fd2b453040bebf92e0f0bf4b10f1,k-means,warm,exec,queue,0.042046546936035156,2.384185791015625e-07,4.76837158203125e-07,1609701340.998348,1609701341.1984007,0.20005273818969727,1609701341.0677888,1609701341.0733783,0.005589485168457031
ea0e497aa21e4585b83d46edfe6801a9,k-means,warm,exec,queue,0.060683250427246094,2.384185791015625e-07,0.0,1609701341.0008636,1609701341.2492318,0.2483682632446289,1609701341.0892465,1609701341.0953045,0.0060579776763916016
efb192c3189546f1acd6a40c9578a739,video,warm,exec,queue,0.01325535774230957,2.384185791015625e-07,2.384185791015625e-07,1609701341.0035236,1609701341.1433365,0.13981294631958008,1609701341.047461,1609701341.0636077,0.01614665985107422
bacb50437f2149a3903a06187969f04b,k-means,warm,exec,queue,0.0077860355377197266,4.76837158203125e-07,4.76837158203125e-07,1609701341.988096,1609701342.202031,0.21393489837646484,1609701342.0438194,1609701342.0524523,0.008632898330688477
1ba34e87a5a549e9aad03a1f2230e8db,k-means,warm,exec,queue,0.05855441093444824,2.384185791015625e-07,2.384185791015625e-07,1609701341.9924295,1609701342.243955,0.2515254020690918,1609701342.0995605,1609701342.1058826,0.006322145462036133
12ade33573324058acd10d6340cd9ed9,k-means,warm,exec,queue,0.05386090278625488,4.76837158203125e-07,2.384185791015625e-07,1609701341.9949934,1609701342.204871,0.20987749099731445,1609701342.0932472,1609701342.0996933,0.006446123123168945
91532cae792949a9a8c15c90d2dd0530,k-means,warm,exec,queue,0.021940946578979492,2.384185791015625e-07,2.384185791015625e-07,1609701341.997586,1609701342.1259708,0.12838482856750488,1609701342.0551908,1609701342.063745,0.008554220199584961
721bb33cf52740a884579292341c7114,k-means,warm,exec,queue,0.02738046646118164,2.384185791015625e-07,2.384185791015625e-07,1609701342.00041,1609701342.4071004,0.4066903591156006,1609701342.0600865,1609701342.066787,0.0067005157470703125
c603aab5d5a044c5bca5fd5b437e3bfe,k-means,warm,exec,queue,0.03234124183654785,2.384185791015625e-07,2.384185791015625e-07,1609701342.0019698,1609701342.1506736,0.14870381355285645,1609701342.0675974,1609701342.0751278,0.0075304508209228516
be84eb8bbff44e6e91eee882e25a6dc1,k-means,warm,exec,queue,0.03718924522399902,2.384185791015625e-07,0.0,1609701342.0035186,1609701342.4036608,0.40014219284057617,1609701342.0726018,1609701342.0774846,0.0048828125
70e0d2d1eab342ed910e3b23bfe7544d,k-means,warm,exec,queue,0.041701555252075195,4.76837158203125e-07,4.76837158203125e-07,1609701342.0050805,1609701342.3470688,0.34198832511901855,1609701342.0764236,1609701342.0837433,0.00731968879699707
1c1b26b518674c1a94efdd44ba5afcab,k-means,warm,exec,queue,0.04689168930053711,2.384185791015625e-07,0.0,1609701342.006631,1609701342.247407,0.24077606201171875,1609701342.0836933,1609701342.0900881,0.006394863128662109
80e1374bb1074848a9dc3c94ecd0a080,k-means,warm,exec,queue,0.05153155326843262,2.384185791015625e-07,4.76837158203125e-07,1609701342.0083249,1609701342.40652,0.3981950283050537,1609701342.0892286,1609701342.0942733,0.005044698715209961
4c25e27d33f443989a5920014c4deae5,k-means,warm,exec,queue,0.016658306121826172,2.384185791015625e-07,0.0,1609701342.0098615,1609701342.270021,0.2601594924926758,1609701342.0497482,1609701342.0603347,0.01058650016784668
a9843fa5107f4a84acc5447639d67676,k-means,warm,exec,queue,0.011928081512451172,2.384185791015625e-07,0.0,1609701342.0114155,1609701342.1277165,0.11630105972290039,1609701342.0440989,1609701342.052451,0.008352041244506836
8925b521b53f48619634e92d80d2db27,k-means,warm,exec,queue,0.06410622596740723,2.384185791015625e-07,0.0,1609701342.0129604,1609701342.347718,0.33475756645202637,1609701342.105847,1609701342.1113288,0.0054819583892822266
51d07bb0a9eb4a78a26eba09132c06f8,k-means,warm,exec,queue,0.06973648071289062,2.384185791015625e-07,0.0,1609701342.0145993,1609701342.2054636,0.19086432456970215,1609701342.111648,1609701342.1185057,0.006857633590698242
912fa14f33674435853e81183bc4b194,k-means,warm,exec,queue,0.07426238059997559,2.384185791015625e-07,2.384185791015625e-07,1609701342.0161242,1609701342.2684915,0.2523672580718994,1609701342.116867,1609701342.1230786,0.006211519241333008
d35015333f62407ea31918ffc1525237,k-means,warm,exec,queue,0.07906365394592285,2.384185791015625e-07,0.0,1609701342.017667,1609701342.2453187,0.22765159606933594,1609701342.1210263,1609701342.1256514,0.004625082015991211
bc4fa271eed44405a38d6f94c96b0144,k-means,warm,exec,queue,8.749961853027344e-05,7.152557373046875e-07,2.384185791015625e-07,1609701342.9682796,1609701343.1215189,0.15323925018310547,1609701343.0293455,1609701343.0381114,0.008765935897827148
31d3f071c3a744279fffd858b94deaf3,k-means,warm,exec,queue,0.011397600173950195,2.384185791015625e-07,4.76837158203125e-07,1609701342.9723902,1609701343.1240346,0.15164446830749512,1609701343.028832,1609701343.0372133,0.008381366729736328
bfd6a3ea2b0440ee92194d461846d247,k-means,warm,exec,queue,0.01570439338684082,4.76837158203125e-07,2.384185791015625e-07,1609701342.9749453,1609701343.2745955,0.2996501922607422,1609701343.0334299,1609701343.0417771,0.008347272872924805
e87249441e7048fb9fb99dd8e454dc4a,k-means,warm,exec,queue,0.01990032196044922,4.76837158203125e-07,4.76837158203125e-07,1609701342.9775035,1609701343.1246073,0.14710378646850586,1609701343.0384903,1609701343.0471833,0.00869297981262207
36fec03e5b03411394a559a4a2ec6e90,k-means,warm,exec,queue,0.0240628719329834,4.76837158203125e-07,2.384185791015625e-07,1609701342.980323,1609701343.1555352,0.17521214485168457,1609701343.0544841,1609701343.0629697,0.008485555648803711
1274e74c88cb4b0ba7d575bf3f133f31,k-means,warm,exec,queue,0.03224515914916992,7.152557373046875e-07,2.384185791015625e-07,1609701342.9818764,1609701343.154241,0.1723647117614746,1609701343.057085,1609701343.0644934,0.0074083805084228516
afa1eaf67516470ca02999a2789019c6,k-means,warm,exec,queue,0.03749871253967285,2.384185791015625e-07,2.384185791015625e-07,1609701342.9833453,1609701343.232693,0.24934768676757812,1609701343.0583336,1609701343.066938,0.008604288101196289
ba8d1a7ae6d0433084b643176dc20165,k-means,warm,exec,queue,0.041558265686035156,2.384185791015625e-07,0.0,1609701342.9848456,1609701343.275153,0.29030728340148926,1609701343.0633762,1609701343.0705957,0.007219552993774414
540c387a5ccb4745ad9de11c29308f1b,k-means,warm,exec,queue,0.045514583587646484,2.384185791015625e-07,0.0,1609701342.9873517,1609701343.2321346,0.2447829246520996,1609701343.0708008,1609701343.0785332,0.007732391357421875
5c154a6638e744c3b7f9713d5a2d1253,k-means,warm,exec,queue,0.05051827430725098,2.384185791015625e-07,0.0,1609701342.9900806,1609701343.1975253,0.2074446678161621,1609701343.0757937,1609701343.0826478,0.006854057312011719
2823e6d156084bfc80819a307ead1e73,k-means,warm,exec,queue,0.054991722106933594,4.76837158203125e-07,2.384185791015625e-07,1609701342.9926023,1609701343.1961575,0.20355510711669922,1609701343.080211,1609701343.086894,0.0066831111907958984
fc04601f29624454889f6e57f7180106,video,warm,exec,queue,0.022115230560302734,2.384185791015625e-07,2.384185791015625e-07,1609701342.995126,1609701343.392648,0.39752197265625,1609701343.057407,1609701343.0743406,0.016933679580688477
58508b4271e946bcab91d9d1fd233d4e,k-means,warm,exec,queue,8.416175842285156e-05,4.76837158203125e-07,2.384185791015625e-07,1609701343.9720604,1609701344.1242936,0.15223312377929688,1609701344.0565505,1609701344.0648584,0.008307933807373047
8354d77da3304008bf7801ccf0342384,k-means,warm,exec,queue,0.008264303207397461,4.76837158203125e-07,2.384185791015625e-07,1609701343.9763112,1609701344.1258438,0.14953255653381348,1609701344.0563085,1609701344.064631,0.008322477340698242
7c5270c6be2842669b9e268bb059760a,k-means,warm,exec,queue,0.013211965560913086,4.76837158203125e-07,2.384185791015625e-07,1609701343.9789193,1609701344.1992698,0.2203505039215088,1609701344.0606399,1609701344.0683231,0.007683277130126953
ee9664e71b874958b64a638d0fac9f7d,k-means,warm,exec,queue,0.027428388595581055,7.152557373046875e-07,2.384185791015625e-07,1609701343.981542,1609701344.3669732,0.38543105125427246,1609701344.0768552,1609701344.0815957,0.004740476608276367
9cde13dfed4a4378927bf19b6764d1cc,k-means,warm,exec,queue,0.03203082084655762,2.384185791015625e-07,2.384185791015625e-07,1609701343.984464,1609701344.1490366,0.16457271575927734,1609701344.0818293,1609701344.0870218,0.00519251823425293
6aadc246b9d74320b7512b2e7a681865,k-means,warm,exec,queue,0.0363767147064209,7.152557373046875e-07,2.384185791015625e-07,1609701343.9860718,1609701344.4172258,0.4311540126800537,1609701344.0890737,1609701344.0961215,0.007047891616821289
54bb78bb992b48c5a3ccaefd3eb244f3,k-means,warm,exec,queue,0.04110550880432129,2.384185791015625e-07,0.0,1609701343.9895837,1609701344.37045,0.38086628913879395,1609701344.0931673,1609701344.0991597,0.005992412567138672
8a42ae5fec884dd6bddbc8ccdb6bcb04,k-means,warm,exec,queue,0.045667409896850586,2.384185791015625e-07,0.0,1609701343.9921904,1609701344.2350543,0.24286389350891113,1609701344.0970325,1609701344.1018913,0.004858732223510742
26abe4812e1d4a03b97f5c85307137bc,k-means,warm,exec,queue,0.05019044876098633,2.384185791015625e-07,0.0,1609701343.9947836,1609701344.3019514,0.30716776847839355,1609701344.104013,1609701344.1087167,0.0047037601470947266
fe84060439dd44d190137bc2b64e77e0,k-means,warm,exec,queue,0.05494403839111328,2.384185791015625e-07,0.0,1609701343.9978535,1609701344.3687205,0.3708670139312744,1609701344.1077652,1609701344.1123397,0.00457453727722168
2b8942d4fcfe408093ab9f452c8c012f,k-means,warm,exec,queue,0.022181987762451172,2.384185791015625e-07,0.0,1609701344.0004601,1609701344.2495775,0.24911737442016602,1609701344.075802,1609701344.0833614,0.007559299468994141
e997a40376b34cf4ba0cd8d5df5656e8,k-means,warm,exec,queue,0.01767444610595703,2.384185791015625e-07,2.384185791015625e-07,1609701344.00309,1609701344.3000267,0.2969367504119873,1609701344.0656772,1609701344.0734024,0.007725238800048828
8bd85393087a437fa27becb275fb2374,k-means,warm,exec,queue,0.0011508464813232422,4.76837158203125e-07,4.76837158203125e-07,1609701344.9823117,1609701345.1039124,0.12160062789916992,1609701345.029518,1609701345.0370054,0.00748753547668457
69fdcd8711c945efbc2107d0b17eb5d3,k-means,warm,exec,queue,0.0002186298370361328,4.76837158203125e-07,2.384185791015625e-07,1609701344.9897006,1609701345.146095,0.15639448165893555,1609701345.0517962,1609701345.0593736,0.007577419281005859
c38873df6651474a816deb86c3c422e6,k-means,warm,exec,queue,0.05337953567504883,2.384185791015625e-07,2.384185791015625e-07,1609701344.9929988,1609701345.2300785,0.23707962036132812,1609701345.0977252,1609701345.1043506,0.00662541389465332
7e69ec21d8d94c63a94fbafdb84590b0,k-means,warm,exec,queue,0.04791736602783203,2.384185791015625e-07,4.76837158203125e-07,1609701344.994429,1609701345.5331995,0.5387704372406006,1609701345.0947337,1609701345.102033,0.007299184799194336
746d823a9ba14329869d20ca5c0f98a8,k-means,warm,exec,queue,0.005921840667724609,2.384185791015625e-07,2.384185791015625e-07,1609701344.9960017,1609701345.1445773,0.1485755443572998,1609701345.0531304,1609701345.0613425,0.008212089538574219
43ccec386d9240acab15c34ab806687f,k-means,warm,exec,queue,0.012728452682495117,4.76837158203125e-07,2.384185791015625e-07,1609701344.9974408,1609701345.2285752,0.23113441467285156,1609701345.0531895,1609701345.0617535,0.008563995361328125
46f09236370c4a4b9cc01221d513db60,k-means,warm,exec,queue,0.0172731876373291,2.384185791015625e-07,2.384185791015625e-07,1609701344.9988644,1609701345.1965108,0.1976463794708252,1609701345.0545344,1609701345.0615623,0.007027864456176758
c262b428c81a42a7819e32508ad437a9,k-means,warm,exec,queue,0.021657228469848633,2.384185791015625e-07,2.384185791015625e-07,1609701345.0003018,1609701345.435751,0.43544912338256836,1609701345.060073,1609701345.068088,0.008015155792236328
b0434ec9777f46afb93d3566392a7d62,k-means,warm,exec,queue,0.026064395904541016,2.384185791015625e-07,2.384185791015625e-07,1609701345.001733,1609701345.2330346,0.23130154609680176,1609701345.074871,1609701345.082595,0.00772404670715332
00daa231e191411e972e85a76f67f61a,k-means,warm,exec,queue,0.03605365753173828,2.384185791015625e-07,2.384185791015625e-07,1609701345.0032623,1609701345.4340796,0.4308173656463623,1609701345.0796561,1609701345.0861459,0.006489753723144531
5036c6cf0b6644f693ff61d6add09562,k-means,warm,exec,queue,0.04073357582092285,2.384185791015625e-07,2.384185791015625e-07,1609701345.004703,1609701345.5349112,0.5302081108093262,1609701345.081016,1609701345.087545,0.0065288543701171875
b1bb1f1dfe594487b0901b8ecf2c62b2,k-means,warm,exec,queue,0.05888056755065918,2.384185791015625e-07,2.384185791015625e-07,1609701345.0061355,1609701345.1998792,0.19374370574951172,1609701345.1044114,1609701345.110956,0.006544589996337891
acf384f0008c4f8db4712a9965e36981,k-means,warm,exec,queue,0.04551863670349121,2.384185791015625e-07,2.384185791015625e-07,1609701345.0075502,1609701345.272501,0.2649507522583008,1609701345.0870278,1609701345.094179,0.007151126861572266
a5dbb7b3245244bda1c375b7c7d9cad3,k-means,warm,exec,queue,0.06375312805175781,2.384185791015625e-07,2.384185791015625e-07,1609701345.0100305,1609701345.2324688,0.22243833541870117,1609701345.110153,1609701345.11587,0.005717039108276367
b31cd0a317174f35930998a2a9897bd2,k-means,warm,exec,queue,0.06929349899291992,2.384185791015625e-07,0.0,1609701345.0114498,1609701345.4323847,0.42093491554260254,1609701345.1162233,1609701345.1223629,0.006139516830444336
221e7d1054d6459195cb8d47190636e9,k-means,warm,exec,queue,0.07449173927307129,7.152557373046875e-07,2.384185791015625e-07,1609701345.0128994,1609701345.475831,0.46293163299560547,1609701345.1221263,1609701345.128151,0.006024599075317383
8a993e6e9e0c4f0c8cb7c1a3412dc05e,k-means,warm,exec,queue,0.07915163040161133,4.76837158203125e-07,2.384185791015625e-07,1609701345.014426,1609701345.4780436,0.46361756324768066,1609701345.1272426,1609701345.133354,0.0061113834381103516
b2badb6c5afc428a85355d76c5364d98,video,warm,exec,queue,0.0042266845703125,2.384185791015625e-07,2.384185791015625e-07,1609701345.0158458,1609701345.1993372,0.18349146842956543,1609701345.0538533,1609701345.0703487,0.016495466232299805
abb79cc947de4cf9983cd96df6617ddb,matmul,warm,exec,queue,0.019251346588134766,2.384185791015625e-07,2.384185791015625e-07,1609701345.0172968,1609701345.3869584,0.3696615695953369,1609701345.0773418,1609701345.0857918,0.008450031280517578
67be02212adc4967b9668cd299f7602d,map_reduce,warm,exec,queue,0.023164749145507812,2.384185791015625e-07,0.0,1609701345.0188098,1609701345.2754633,0.2566535472869873,1609701345.0800364,1609701345.1649194,0.08488297462463379
9b157d51fbc94a83ac662e8b88676862,disk,warm,exec,queue,0.024068355560302734,2.384185791015625e-07,2.384185791015625e-07,1609701345.0202558,1609701345.2759838,0.25572800636291504,1609701345.0802495,1609701345.0889776,0.00872802734375
a9d89088c9dd4d33ab7fe51a278d6fc7,k-means,warm,exec,queue,7.414817810058594e-05,4.76837158203125e-07,2.384185791015625e-07,1609701345.9687247,1609701346.0999703,0.13124561309814453,1609701346.0142038,1609701346.0219223,0.007718563079833984
30bb1ceb7ac248459d431b4c2dcf9c3d,k-means,warm,exec,queue,0.0064885616302490234,4.76837158203125e-07,2.384185791015625e-07,1609701345.9719214,1609701346.0983038,0.12638235092163086,1609701346.0144136,1609701346.0221236,0.007709980010986328
259e26b0cd884da9881b6506b339185e,k-means,warm,exec,queue,0.011339902877807617,2.384185791015625e-07,2.384185791015625e-07,1609701345.9741325,1609701346.2938194,0.3196868896484375,1609701346.0187013,1609701346.0279613,0.009259939193725586
119e0725bf0b4b10a15625c61a9e49ea,k-means,warm,exec,queue,0.01585531234741211,7.152557373046875e-07,2.384185791015625e-07,1609701345.976331,1609701346.20241,0.22607898712158203,1609701346.0231626,1609701346.030329,0.007166385650634766
0a1fc83acf3a45d7a7d85bca9e87caad,k-means,warm,exec,queue,0.021425485610961914,4.76837158203125e-07,2.384185791015625e-07,1609701345.9785109,1609701346.1657627,0.18725180625915527,1609701346.0315316,1609701346.037673,0.0061414241790771484
b0dfefeebc064fc3aec988d8d62ccd20,k-means,warm,exec,queue,0.0265045166015625,4.76837158203125e-07,2.384185791015625e-07,1609701345.9810176,1609701346.3520992,0.3710815906524658,1609701346.037617,1609701346.0436172,0.0060002803802490234
ac1f34fa05c64f07819970f8128e5d3a,k-means,warm,exec,queue,0.030798673629760742,4.76837158203125e-07,2.384185791015625e-07,1609701345.9832141,1609701346.1239257,0.14071154594421387,1609701346.0406275,1609701346.0454192,0.004791736602783203
86e0d8a1ab3d4687b0b92599a7e35616,k-means,warm,exec,queue,0.03520035743713379,2.384185791015625e-07,0.0,1609701345.9851184,1609701346.2247124,0.2395939826965332,1609701346.0444386,1609701346.0488925,0.004453897476196289
c3f5451ce3244c86891acebaf953dee0,k-means,warm,exec,queue,0.039974212646484375,0.0,0.0,1609701345.987653,1609701346.350231,0.3625779151916504,1609701346.0513585,1609701346.057072,0.005713462829589844
83b3ad2ca3584cd8a48f683e6e1f6845,k-means,warm,exec,queue,0.04451632499694824,7.152557373046875e-07,2.384185791015625e-07,1609701345.990377,1609701346.2003791,0.21000218391418457,1609701346.0559986,1609701346.062244,0.00624537467956543
4f16963899f44e7c87abc1190adabf75,k-means,warm,exec,queue,6.794929504394531e-05,4.76837158203125e-07,2.384185791015625e-07,1609701346.973516,1609701347.1184301,0.1449141502380371,1609701347.0231252,1609701347.031676,0.008550882339477539
26320a4d5d634591b353ff07b2dffc6e,k-means,warm,exec,queue,0.03931427001953125,4.76837158203125e-07,2.384185791015625e-07,1609701346.9776993,1609701347.3185334,0.3408341407775879,1609701347.0576625,1609701347.0651598,0.007497310638427734
09fdb77943144f2c8cbb7c94458d8ffb,k-means,warm,exec,queue,0.007584810256958008,4.76837158203125e-07,2.384185791015625e-07,1609701346.9803212,1609701347.1200616,0.1397404670715332,1609701347.0237777,1609701347.0324767,0.00869894027709961
45cba47af7884949a36399cc5e27417b,k-means,warm,exec,queue,0.04858851432800293,0.0,0.0,1609701346.9828875,1609701347.1446664,0.16177892684936523,1609701347.0679688,1609701347.0730944,0.005125522613525391
57ae9c45924142fb87388a8ec441b9c5,k-means,warm,exec,queue,0.01240992546081543,2.384185791015625e-07,2.384185791015625e-07,1609701346.9857583,1609701347.2406933,0.25493502616882324,1609701347.0279155,1609701347.0363936,0.008478164672851562
f6ac87d9382d4de485a09bd8a55ab903,k-means,warm,exec,queue,0.016859769821166992,2.384185791015625e-07,2.384185791015625e-07,1609701346.9889367,1609701347.241241,0.2523043155670166,1609701347.0326028,1609701347.0398219,0.007219076156616211
d713fd9fa0d7495293d00a81ac948927,k-means,warm,exec,queue,0.02132415771484375,4.76837158203125e-07,2.384185791015625e-07,1609701346.990498,1609701347.143117,0.1526188850402832,1609701347.0495293,1609701347.0571976,0.007668256759643555
ece70a7484a3490fb99e58df0336dae3,k-means,warm,exec,queue,0.030015945434570312,4.76837158203125e-07,2.384185791015625e-07,1609701346.992058,1609701347.237806,0.24574804306030273,1609701347.0511189,1609701347.0588214,0.00770258903503418
6ba30a3703df4e4a98ba5e883cbab354,k-means,warm,exec,queue,0.03463149070739746,2.384185791015625e-07,0.0,1609701346.9936395,1609701347.192872,0.1992325782775879,1609701347.0521123,1609701347.059412,0.007299661636352539
c003d92ca332462aa56c505a739e9b72,k-means,warm,exec,queue,0.05863666534423828,2.384185791015625e-07,0.0,1609701346.9953294,1609701347.2948802,0.29955077171325684,1609701347.0803869,1609701347.0866067,0.0062198638916015625
687a1071e863424bbdfa796ee04aa0ad,k-means,warm,exec,queue,0.05391740798950195,2.384185791015625e-07,2.384185791015625e-07,1609701346.9969141,1609701347.2934313,0.29651713371276855,1609701347.0736842,1609701347.0803032,0.006618976593017578
0cc8e7b183bb4ce79919436178af66a8,k-means,warm,exec,queue,0.04389023780822754,2.384185791015625e-07,0.0,1609701346.9984798,1609701347.2597258,0.2612459659576416,1609701347.0670764,1609701347.0741081,0.007031679153442383
fc9088a4283a4f90915502ecb1eaa068,video,warm,exec,queue,0.021251440048217773,4.76837158203125e-07,2.384185791015625e-07,1609701347.0000477,1609701347.2611885,0.2611408233642578,1609701347.0515127,1609701347.067618,0.016105175018310547
a61c47a33e8a432b87a3f5390cdcc169,k-means,warm,exec,queue,0.0046994686126708984,2.384185791015625e-07,2.384185791015625e-07,1609701347.976044,1609701348.2220485,0.24600458145141602,1609701348.0234828,1609701348.0319002,0.008417367935180664
34006258d0214e06915495cead752870,k-means,warm,exec,queue,0.055953264236450195,4.76837158203125e-07,0.0,1609701347.9804378,1609701348.1787071,0.19826936721801758,1609701348.0775344,1609701348.0843391,0.006804704666137695
3746b86047364a26a76ad52e5b10bd46,k-means,warm,exec,queue,0.05122065544128418,2.384185791015625e-07,2.384185791015625e-07,1609701347.9830503,1609701348.3647966,0.3817462921142578,1609701348.0710394,1609701348.075751,0.004711627960205078
32c0cb0bfc9c4db7a8960ff83b87ecc5,k-means,warm,exec,queue,0.04614973068237305,2.384185791015625e-07,2.384185791015625e-07,1609701347.9856596,1609701348.2708688,0.28520917892456055,1609701348.0666745,1609701348.0718238,0.005149364471435547
4aa83e7424e8496085c94831b4bc5243,k-means,warm,exec,queue,0.04071187973022461,2.384185791015625e-07,0.0,1609701347.9891145,1609701348.2240758,0.23496127128601074,1609701348.0593011,1609701348.0641313,0.004830121994018555
bb49211a295845dc939cddc792528c79,k-means,warm,exec,queue,0.035472869873046875,4.76837158203125e-07,2.384185791015625e-07,1609701347.9907148,1609701348.3630383,0.37232351303100586,1609701348.0548584,1609701348.0614884,0.00662994384765625
11b8e8c0b57f49f0a24c1187593b4654,k-means,warm,exec,queue,0.030663013458251953,2.384185791015625e-07,2.384185791015625e-07,1609701347.9923313,1609701348.3150654,0.32273411750793457,1609701348.0487022,1609701348.0536678,0.004965543746948242
330afe8f07f84883a9b88bef655f1e72,k-means,warm,exec,queue,0.008333206176757812,2.384185791015625e-07,0.0,1609701347.9939368,1609701348.1060765,0.11213970184326172,1609701348.0228398,1609701348.0307307,0.007890939712524414
0230798c365542c3a426d48e95213d4a,k-means,warm,exec,queue,0.01299142837524414,2.384185791015625e-07,2.384185791015625e-07,1609701347.9955375,1609701348.1077776,0.11224007606506348,1609701348.0272696,1609701348.0353606,0.008090972900390625
17e0e64b7a844ac2a5148b175e41d93d,k-means,warm,exec,queue,0.017370223999023438,2.384185791015625e-07,2.384185791015625e-07,1609701347.997281,1609701348.3680964,0.3708152770996094,1609701348.032854,1609701348.0415106,0.008656501770019531
e3bc7b3bee964ef9be93f3d643193441,k-means,warm,exec,queue,0.022934675216674805,2.384185791015625e-07,2.384185791015625e-07,1609701347.9988673,1609701348.3674982,0.36863088607788086,1609701348.0400555,1609701348.0467794,0.006723880767822266
f2d15d23e76a4a3faaf86bf456f7d81b,k-means,warm,exec,queue,0.027820348739624023,2.384185791015625e-07,2.384185791015625e-07,1609701348.0004625,1609701348.1804388,0.179976224899292,1609701348.0435622,1609701348.0499816,0.00641942024230957
ee16fcfac7d64dbfabfad07abb5eeb31,k-means,warm,exec,queue,7.200241088867188e-05,4.76837158203125e-07,2.384185791015625e-07,1609701348.9739451,1609701349.1010833,0.1271381378173828,1609701349.0157254,1609701349.0221128,0.006387472152709961
728db390504f440ca44fb22bf35d4e20,video,warm,exec,queue,0.019689083099365234,2.384185791015625e-07,0.0,1609701348.9779751,1609701349.1868901,0.20891499519348145,1609701349.0330381,1609701349.0492654,0.016227245330810547
c727cc8c3750414fb9480abf67cfd98e,k-means,warm,exec,queue,0.004590749740600586,2.384185791015625e-07,2.384185791015625e-07,1609701348.9806056,1609701349.0979583,0.11735272407531738,1609701349.0162532,1609701349.0240731,0.007819890975952148
a9f04a2f5a9146a7b0d936194e59aacc,k-means,warm,exec,queue,0.009685039520263672,2.384185791015625e-07,2.384185791015625e-07,1609701348.9831538,1609701349.1005354,0.11738157272338867,1609701349.0211012,1609701349.0283408,0.007239580154418945
d29af1632fdf4a14ae1b065595a04262,k-means,warm,exec,queue,0.015017271041870117,2.384185791015625e-07,0.0,1609701348.9860163,1609701349.1308045,0.14478826522827148,1609701349.0322258,1609701349.04009,0.007864236831665039
947b21a1c564408295980e07bc28b1dc,k-means,warm,exec,queue,0.02043938636779785,4.76837158203125e-07,2.384185791015625e-07,1609701348.9890916,1609701349.1854897,0.19639801979064941,1609701349.0340679,1609701349.0397868,0.00571894645690918
c188e3eec5c54fe09c2f60f2b0bed3bb,k-means,warm,exec,queue,0.025627613067626953,2.384185791015625e-07,2.384185791015625e-07,1609701348.9906604,1609701349.373668,0.3830075263977051,1609701349.0382206,1609701349.0434518,0.005231142044067383
af4d165460004695bb72e6ee0bc05d96,k-means,warm,exec,queue,0.031147003173828125,2.384185791015625e-07,0.0,1609701348.9922388,1609701349.1808367,0.1885979175567627,1609701349.0479736,1609701349.0556548,0.007681131362915039
c9c44299a27f46d3ac81f1d4a98c7ee5,k-means,warm,exec,queue,0.036548614501953125,2.384185791015625e-07,2.384185791015625e-07,1609701348.9938066,1609701349.1849866,0.19117999076843262,1609701349.0498295,1609701349.0543036,0.004474163055419922
6a33a2a18e79440bba2264b3e751325b,k-means,warm,exec,queue,0.04184460639953613,2.384185791015625e-07,0.0,1609701348.9955041,1609701349.1824567,0.1869525909423828,1609701349.0563712,1609701349.0644026,0.008031368255615234
ce0fcb48b9564d67bb4bf8c708299070,k-means,warm,exec,queue,0.047270774841308594,2.384185791015625e-07,2.384185791015625e-07,1609701348.9970899,1609701349.2568324,0.25974249839782715,1609701349.0613818,1609701349.0655403,0.004158496856689453
aa8d4031ebb74907b1b55dbc0883477f,k-means,warm,exec,queue,0.0076105594635009766,2.384185791015625e-07,0.0,1609701349.9841075,1609701350.322638,0.3385305404663086,1609701350.0443504,1609701350.0530016,0.008651256561279297
48ae1aed08c148e5affb2f89e2f79528,k-means,warm,exec,queue,0.05719184875488281,4.76837158203125e-07,2.384185791015625e-07,1609701349.9892735,1609701350.2391279,0.24985432624816895,1609701350.0967546,1609701350.1044142,0.0076596736907958984
781168366ed54814ba16c664976299c9,k-means,warm,exec,queue,0.0212860107421875,4.76837158203125e-07,2.384185791015625e-07,1609701349.9918306,1609701350.200672,0.20884132385253906,1609701350.0568259,1609701350.0662978,0.009471893310546875
8b914d3b9c1e471ab605932599ea0d6f,k-means,warm,exec,queue,0.03461790084838867,2.384185791015625e-07,0.0,1609701349.9943979,1609701350.2025523,0.20815443992614746,1609701350.068227,1609701350.075614,0.007386922836303711
0f1cd68881fb4ba1aa934c2aa8adca37,k-means,warm,exec,queue,0.039194583892822266,2.384185791015625e-07,2.384185791015625e-07,1609701349.9970422,1609701350.2851918,0.2881495952606201,1609701350.0745845,1609701350.0798867,0.0053021907806396484
e26a39d1b24a4479a07b1e0782b11ffd,k-means,warm,exec,queue,0.043949127197265625,4.76837158203125e-07,2.384185791015625e-07,1609701349.9985735,1609701350.1511738,0.15260028839111328,1609701350.0860023,1609701350.093753,0.007750749588012695
a616896a8d9541798b2bf641d0d814ab,k-means,warm,exec,queue,0.04868817329406738,4.76837158203125e-07,2.384185791015625e-07,1609701350.000103,1609701350.3231883,0.32308530807495117,1609701350.086097,1609701350.0905378,0.004440784454345703
899aaca7aa134fbebf59127d26a199a5,k-means,warm,exec,queue,0.05358409881591797,2.384185791015625e-07,2.384185791015625e-07,1609701350.0016448,1609701350.240375,0.23873019218444824,1609701350.0893013,1609701350.0941887,0.00488734245300293
2a212371d6ac406da45ddde92a47fb4f,k-means,warm,exec,queue,0.029656410217285156,4.76837158203125e-07,2.384185791015625e-07,1609701350.0031734,1609701350.3196585,0.3164851665496826,1609701350.0670667,1609701350.0740266,0.0069599151611328125
c31ff1c45a75473dba01d4334d79d47d,k-means,warm,exec,queue,0.01677107810974121,4.76837158203125e-07,2.384185791015625e-07,1609701350.0048397,1609701350.1265888,0.1217491626739502,1609701350.0499122,1609701350.0590477,0.00913548469543457
5296244f0cca43598cc0017bafe6d852,k-means,warm,exec,queue,0.06198239326477051,4.76837158203125e-07,2.384185791015625e-07,1609701350.0063634,1609701350.3600345,0.3536710739135742,1609701350.1037421,1609701350.1086056,0.0048635005950927734
307ae79ca9814ea28c0f421df0b59e7d,k-means,warm,exec,queue,0.01173090934753418,4.76837158203125e-07,2.384185791015625e-07,1609701350.0078921,1609701350.1249924,0.11710023880004883,1609701350.044023,1609701350.0523648,0.008341789245605469
e20771c3c5fc46f6bd8cc859a0f4eff0,k-means,warm,exec,queue,0.06665825843811035,4.76837158203125e-07,2.384185791015625e-07,1609701350.0094597,1609701350.2895138,0.28005409240722656,1609701350.1062398,1609701350.112909,0.006669282913208008
e52f91fad7004e38bb398e2114507516,k-means,warm,exec,queue,0.07174468040466309,4.76837158203125e-07,2.384185791015625e-07,1609701350.01108,1609701350.2387178,0.22763776779174805,1609701350.1117544,1609701350.1183865,0.006632089614868164
c03d8d3ecc6942f1bc8ea492d65b38c2,k-means,warm,exec,queue,0.07723045349121094,2.384185791015625e-07,2.384185791015625e-07,1609701350.0126176,1609701350.2889132,0.27629566192626953,1609701350.1202521,1609701350.1264381,0.006186008453369141
e7fd0f1acf244937b7f3f6254352deb9,k-means,warm,exec,queue,0.08226346969604492,4.76837158203125e-07,2.384185791015625e-07,1609701350.0141368,1609701350.235164,0.22102713584899902,1609701350.126025,1609701350.1317768,0.005751848220825195
905f876819604c24ae71b3c7799ca975,k-means,warm,exec,queue,0.08681559562683105,4.76837158203125e-07,2.384185791015625e-07,1609701350.015752,1609701350.3621902,0.3464381694793701,1609701350.1290677,1609701350.1353533,0.006285667419433594
b0a5ee9e74b44c1d8775af9d38b555ab,matmul,warm,exec,queue,0.01777482032775879,4.76837158203125e-07,4.76837158203125e-07,1609701350.0173004,1609701350.149766,0.13246560096740723,1609701350.067847,1609701350.0777495,0.009902477264404297
28ecb1e0743048e4a48218f79850fd1b,k-means,warm,exec,queue,0.005956888198852539,2.384185791015625e-07,2.384185791015625e-07,1609701350.979758,1609701351.111286,0.13152790069580078,1609701351.0296254,1609701351.0372283,0.0076029300689697266
b0baaefd56744005a13a156e45992f20,k-means,warm,exec,queue,0.049660682678222656,4.76837158203125e-07,2.384185791015625e-07,1609701350.9836826,1609701351.2128518,0.22916913032531738,1609701351.0757923,1609701351.082863,0.007070779800415039
5669d5bbdf204d0ab344f7229f57c32b,k-means,warm,exec,queue,0.054410696029663086,2.384185791015625e-07,0.0,1609701350.9860132,1609701351.316642,0.3306288719177246,1609701351.0794811,1609701351.0843484,0.0048673152923583984
b7de4e9ea6a64f09b14df62910a765dd,k-means,warm,exec,queue,0.05997467041015625,2.384185791015625e-07,2.384185791015625e-07,1609701350.9895432,1609701351.3160033,0.3264601230621338,1609701351.0859435,1609701351.0918415,0.005897998809814453
5d4d23d13cb249bba84a919307b48fc4,k-means,warm,exec,queue,0.03113389015197754,4.76837158203125e-07,2.384185791015625e-07,1609701350.992433,1609701351.3625426,0.37010955810546875,1609701351.0524476,1609701351.0603042,0.007856607437133789
c5cab332083f458c9b295001050737a8,k-means,warm,exec,queue,0.03631019592285156,2.384185791015625e-07,0.0,1609701350.993985,1609701351.5188792,0.5248942375183105,1609701351.057959,1609701351.0654829,0.007523775100708008
8cc9514f85b748f78a8900a63cd7b9bb,k-means,warm,exec,queue,0.04099130630493164,4.76837158203125e-07,2.384185791015625e-07,1609701350.9955418,1609701351.337228,0.3416862487792969,1609701351.0633485,1609701351.0703719,0.007023334503173828
95cb9e5f44ac48d3a21f8ea0b0e43f6c,k-means,warm,exec,queue,0.046239614486694336,2.384185791015625e-07,0.0,1609701350.9971426,1609701351.1706111,0.17346858978271484,1609701351.0701642,1609701351.0762439,0.006079673767089844
79e16be41418442c8d1fb59aedbb9675,k-means,warm,exec,queue,0.025702714920043945,4.76837158203125e-07,2.384185791015625e-07,1609701350.9986978,1609701351.1752775,0.17657971382141113,1609701351.0485573,1609701351.0544643,0.0059070587158203125
89c65728b2f94d97878ca9c93bfe14ae,k-means,warm,exec,queue,0.020153284072875977,4.76837158203125e-07,2.384185791015625e-07,1609701351.0003831,1609701351.2116485,0.21126532554626465,1609701351.0423913,1609701351.0512693,0.008877992630004883
6edcdc0fcf3b491bb80149691c9f6030,k-means,warm,exec,queue,0.014738082885742188,2.384185791015625e-07,2.384185791015625e-07,1609701351.0019302,1609701351.1747243,0.17279410362243652,1609701351.0349922,1609701351.0440962,0.009104013442993164
2f6329b70beb46f7995d2afd383dd5fb,k-means,warm,exec,queue,0.009431600570678711,2.384185791015625e-07,2.384185791015625e-07,1609701351.0034792,1609701351.1722453,0.16876602172851562,1609701351.029906,1609701351.0387459,0.008839845657348633
49f20d04542e4e8a8af8e74b42d2dd1c,k-means,warm,exec,queue,0.06495380401611328,4.76837158203125e-07,2.384185791015625e-07,1609701351.0050514,1609701351.2139769,0.20892548561096191,1609701351.0914721,1609701351.0962687,0.004796504974365234
b4934a84ebe54b6b825dabc5255ceee4,video,warm,exec,queue,0.016385316848754883,2.384185791015625e-07,2.384185791015625e-07,1609701351.00672,1609701351.4570427,0.45032262802124023,1609701351.0496297,1609701351.0665977,0.0169680118560791
c272bc9454d545da93e43e97618f1479,k-means,warm,exec,queue,8.225440979003906e-05,4.76837158203125e-07,2.384185791015625e-07,1609701351.9756184,1609701352.2160087,0.24039030075073242,1609701352.0197444,1609701352.028394,0.008649587631225586
1dcf39b5368047edb6bc2fa00145ac9f,k-means,warm,exec,queue,0.0047969818115234375,2.384185791015625e-07,2.384185791015625e-07,1609701351.9798307,1609701352.2091076,0.2292768955230713,1609701352.019928,1609701352.0284042,0.00847625732421875
2ca358ac50b942bbb518b9836288fc66,k-means,warm,exec,queue,0.00974583625793457,2.384185791015625e-07,2.384185791015625e-07,1609701351.9824526,1609701352.212783,0.2303304672241211,1609701352.0252597,1609701352.0336802,0.008420467376708984
d5d5cd78217f456e838f0aff56834346,k-means,warm,exec,queue,0.014402151107788086,2.384185791015625e-07,4.76837158203125e-07,1609701351.9848254,1609701352.2120802,0.22725486755371094,1609701352.0305252,1609701352.0390933,0.008568048477172852
5bb9a8df13c34eb9b2d4c77969c77270,k-means,warm,exec,queue,0.021077394485473633,0.0,2.384185791015625e-07,1609701351.9874063,1609701352.2716167,0.2842104434967041,1609701352.0397189,1609701352.046467,0.006748199462890625
939dd769c15d450f82c0b728078f224f,k-means,warm,exec,queue,0.0265350341796875,4.76837158203125e-07,2.384185791015625e-07,1609701351.9903371,1609701352.2670984,0.2767612934112549,1609701352.0458143,1609701352.0525234,0.006709098815917969
7890b28612634cb582ad2552ca4953e9,k-means,warm,exec,queue,0.03209877014160156,4.76837158203125e-07,2.384185791015625e-07,1609701351.992947,1609701352.2702224,0.27727532386779785,1609701352.0515528,1609701352.0567334,0.0051805973052978516
f0dc2cf500a8457bb3ca1bf6b056c0da,k-means,warm,exec,queue,0.03745770454406738,4.76837158203125e-07,2.384185791015625e-07,1609701351.9955587,1609701352.2153869,0.21982812881469727,1609701352.054801,1609701352.0614822,0.006681203842163086
8e4adf3503284c5b8f5e1a2fb92da7ec,k-means,warm,exec,queue,0.04228639602661133,4.76837158203125e-07,2.384185791015625e-07,1609701351.9981613,1609701352.2696939,0.2715325355529785,1609701352.0617938,1609701352.0683403,0.006546497344970703
5e6f9398317e49fbb1f7ccb8cc3f7111,k-means,warm,exec,queue,7.796287536621094e-05,4.76837158203125e-07,2.384185791015625e-07,1609701352.9798443,1609701353.590769,0.6109247207641602,1609701353.026803,1609701353.0344326,0.0076296329498291016
a3a7e3f8605c434ebc7d3f764ea4dc17,k-means,warm,exec,queue,0.008405447006225586,4.76837158203125e-07,2.384185791015625e-07,1609701352.9828553,1609701353.5879707,0.6051154136657715,1609701353.0270083,1609701353.0341792,0.007170915603637695
49db1d1a574b42d9a4410c9bcad8d5b7,k-means,warm,exec,queue,0.012733221054077148,2.384185791015625e-07,0.0,1609701352.9844656,1609701353.591361,0.6068954467773438,1609701353.0304482,1609701353.0393727,0.008924484252929688
c956d544689649f880c83afcfc8cea12,k-means,warm,exec,queue,0.01803874969482422,4.76837158203125e-07,2.384185791015625e-07,1609701352.9870996,1609701353.7951818,0.808082103729248,1609701353.0361202,1609701353.0433016,0.007181406021118164
f97349344df9490caf28b508a811847f,k-means,warm,exec,queue,0.024185895919799805,2.384185791015625e-07,4.76837158203125e-07,1609701352.9902298,1609701353.758458,0.7682280540466309,1609701353.0455265,1609701353.05172,0.006193399429321289
cd5458aa4478437fb3d386e986f877d6,k-means,warm,exec,queue,0.02879929542541504,2.384185791015625e-07,2.384185791015625e-07,1609701352.9927528,1609701353.7926714,0.7999186515808105,1609701353.0494967,1609701353.0560915,0.00659489631652832
8896fa4d03734f3fb81a3ca0d8cb87b0,k-means,warm,exec,queue,0.03332781791687012,2.384185791015625e-07,0.0,1609701352.9952433,1609701353.6033375,0.6080942153930664,1609701353.0528212,1609701353.057966,0.005144834518432617
c0d34cd63f94434fb687a79bef51dfd1,k-means,warm,exec,queue,0.038588762283325195,2.384185791015625e-07,0.0,1609701352.9973266,1609701353.7921956,0.7948689460754395,1609701353.0591288,1609701353.0638652,0.004736423492431641
0fdb4fbf1bc54934a7b5c1b0aa869741,k-means,warm,exec,queue,0.042841196060180664,2.384185791015625e-07,2.384185791015625e-07,1609701352.9987586,1609701353.789752,0.7909934520721436,1609701353.064077,1609701353.0687075,0.004630565643310547
249b2e1d05cf40d290a43a841510e7a3,k-means,warm,exec,queue,0.04709649085998535,2.384185791015625e-07,0.0,1609701353.0003011,1609701353.7947028,0.7944016456604004,1609701353.071122,1609701353.0785453,0.00742340087890625
541b60a12a4d498b948c4be4b9265b87,k-means,warm,exec,queue,0.05172324180603027,2.384185791015625e-07,0.0,1609701353.0017247,1609701353.7566912,0.7549664974212646,1609701353.074347,1609701353.078434,0.004086971282958984
6ac0756a9a534e10b461e83a84236576,video,warm,exec,queue,0.016585588455200195,2.384185791015625e-07,2.384185791015625e-07,1609701353.0031445,1609701353.788137,0.7849924564361572,1609701353.046015,1609701353.0621796,0.016164541244506836
5066372d03a34302bdb446adf148d9e5,k-means,warm,exec,queue,0.0036444664001464844,2.384185791015625e-07,2.384185791015625e-07,1609701353.9768066,1609701354.174007,0.19720029830932617,1609701354.0183437,1609701354.0263815,0.008037805557250977
3a4c91b173234085acb8e36d19b7bc47,k-means,warm,exec,queue,0.04378986358642578,2.384185791015625e-07,2.384185791015625e-07,1609701353.9808462,1609701354.343253,0.36240673065185547,1609701354.059649,1609701354.064846,0.005197048187255859
c8c6aeb457d043e196a113edab80f45c,k-means,warm,exec,queue,0.03917217254638672,4.76837158203125e-07,0.0,1609701353.9833863,1609701354.2424989,0.2591125965118408,1609701354.0568502,1609701354.0634272,0.006577014923095703
b4d07f3ddd9f4c2389843843b0c401d1,k-means,warm,exec,queue,0.03422117233276367,4.76837158203125e-07,2.384185791015625e-07,1609701353.985954,1609701354.3468194,0.36086535453796387,1609701354.0491807,1609701354.0544412,0.005260467529296875
8c392df69987459aab9fadd6b47591fb,k-means,warm,exec,queue,0.029144287109375,2.384185791015625e-07,0.0,1609701353.9891777,1609701354.3462021,0.3570244312286377,1609701354.0452876,1609701354.0504682,0.0051805973052978516
68b96c4654c44407aace17fb4fc63e4e,k-means,warm,exec,queue,0.024535655975341797,2.384185791015625e-07,2.384185791015625e-07,1609701353.9919949,1609701354.131819,0.13982415199279785,1609701354.0385325,1609701354.0428662,0.0043337345123291016
c259bf1f66d747de9c1b1ab59a70758f,k-means,warm,exec,queue,0.008573055267333984,2.384185791015625e-07,2.384185791015625e-07,1609701353.9936948,1609701354.0992453,0.10555052757263184,1609701354.0173898,1609701354.0239334,0.006543636322021484
9dd96908be864144ae21c6fcfcc497d9,k-means,warm,exec,queue,0.013321399688720703,2.384185791015625e-07,0.0,1609701353.9951863,1609701354.1343682,0.13918185234069824,1609701354.0233355,1609701354.0308933,0.007557868957519531
d9b83a69096e43ad995496422c543a9a,k-means,warm,exec,queue,0.017791748046875,4.76837158203125e-07,0.0,1609701353.9967098,1609701354.1331153,0.13640546798706055,1609701354.0303738,1609701354.0376394,0.007265567779541016
07d684938d6247a1b7777814d6df4896,k-means,warm,exec,queue,0.022997140884399414,2.384185791015625e-07,0.0,1609701353.998299,1609701354.2676477,0.2693488597869873,1609701354.0333166,1609701354.0381403,0.0048236846923828125
e80eb96af1674617a56a32b4016797fd,k-means,warm,exec,queue,7.295608520507812e-05,4.76837158203125e-07,2.384185791015625e-07,1609701354.988929,1609701355.0945504,0.105621337890625,1609701355.0317867,1609701355.0403852,0.008598566055297852
303d894a5cbf4c1b9c1ebfa90f674aab,k-means,warm,exec,queue,6.413459777832031e-05,4.76837158203125e-07,4.76837158203125e-07,1609701354.993228,1609701355.321763,0.3285350799560547,1609701355.052962,1609701355.0620165,0.009054422378540039
b68527d136774871830d801638c4a554,k-means,warm,exec,queue,0.013126611709594727,2.384185791015625e-07,2.384185791015625e-07,1609701354.9958317,1609701355.1189935,0.12316179275512695,1609701355.0533338,1609701355.0599456,0.006611824035644531
a186c65ef905445897610dfea568d508,k-means,warm,exec,queue,0.01790165901184082,2.384185791015625e-07,2.384185791015625e-07,1609701354.9984388,1609701355.1441326,0.14569377899169922,1609701355.059207,1609701355.0686162,0.009409189224243164
e10c35f68b7e423ca1a216f8296b0451,k-means,warm,exec,queue,0.022300004959106445,7.152557373046875e-07,4.76837158203125e-07,1609701355.0013874,1609701355.169412,0.16802453994750977,1609701355.0787754,1609701355.0874515,0.00867605209350586
ce3b4290b2804759b9940c05f197e176,k-means,warm,exec,queue,0.03052234649658203,2.384185791015625e-07,2.384185791015625e-07,1609701355.0040002,1609701355.3236551,0.3196549415588379,1609701355.0860772,1609701355.094018,0.00794076919555664
476c5b50619c452cb825989f78263cca,k-means,warm,exec,queue,0.037233829498291016,2.384185791015625e-07,2.384185791015625e-07,1609701355.0058734,1609701355.197431,0.1915576457977295,1609701355.0868316,1609701355.0939054,0.007073879241943359
d3b6f32fdfe849988e5a5a16cac6623e,k-means,warm,exec,queue,0.0425114631652832,2.384185791015625e-07,2.384185791015625e-07,1609701355.0074735,1609701355.3651602,0.35768675804138184,1609701355.0882993,1609701355.0958447,0.00754547119140625
f75f3da559444154a750f6e6adb25d04,k-means,warm,exec,queue,0.04696345329284668,2.384185791015625e-07,2.384185791015625e-07,1609701355.0090961,1609701355.2848954,0.2757992744445801,1609701355.0970476,1609701355.1042736,0.007225990295410156
6e6c122659ee4d7eaf7d463d0ecdc11e,k-means,warm,exec,queue,0.05234527587890625,4.76837158203125e-07,2.384185791015625e-07,1609701355.0110252,1609701355.2829516,0.2719264030456543,1609701355.0989845,1609701355.1072636,0.008279085159301758
704808fb9e7f463b9084d4205e9dafa8,k-means,warm,exec,queue,0.05806756019592285,2.384185791015625e-07,2.384185791015625e-07,1609701355.012639,1609701355.279387,0.26674795150756836,1609701355.10959,1609701355.1174974,0.007907390594482422
d455ca1ef5eb4434945d019af4ddb456,k-means,warm,exec,queue,0.008827447891235352,2.384185791015625e-07,2.384185791015625e-07,1609701355.0142424,1609701355.168435,0.15419268608093262,1609701355.0536811,1609701355.0619686,0.008287429809570312
134d4aa8485f4928bf13df7f6b089d73,k-means,warm,exec,queue,0.06362271308898926,2.384185791015625e-07,2.384185791015625e-07,1609701355.017,1609701355.2834477,0.2664477825164795,1609701355.1136503,1609701355.1202965,0.006646156311035156
f409a8ee9ed94c859eefc36781ded0b7,k-means,warm,exec,queue,0.06889510154724121,2.384185791015625e-07,2.384185791015625e-07,1609701355.0185874,1609701355.3669403,0.34835290908813477,1609701355.114194,1609701355.120346,0.006152153015136719
d1828e21e594422fa85445af4ce0c60d,video,warm,exec,queue,0.003956794738769531,2.384185791015625e-07,2.384185791015625e-07,1609701355.0201833,1609701355.145237,0.12505364418029785,1609701355.0536468,1609701355.07056,0.016913175582885742
8090f31abb494447b1d305458cc09ce8,matmul,warm,exec,queue,0.02175283432006836,2.384185791015625e-07,2.384185791015625e-07,1609701355.0217814,1609701355.1954672,0.17368578910827637,1609701355.0857918,1609701355.0963628,0.010571002960205078
978e30d866734e54a9565ce63ad1862c,map_reduce,warm,exec,queue,0.02724456787109375,2.384185791015625e-07,2.384185791015625e-07,1609701355.0234728,1609701355.469061,0.4455881118774414,1609701355.086811,1609701355.1716475,0.08483648300170898
8239b436e74c495e98f44a716cb785f3,k-means,warm,exec,queue,0.0022346973419189453,4.76837158203125e-07,2.384185791015625e-07,1609701355.98568,1609701356.1525211,0.1668410301208496,1609701356.0312097,1609701356.0381484,0.0069386959075927734
b3e74b961f9d458891cada53968fefb8,k-means,warm,exec,queue,0.04752802848815918,2.384185791015625e-07,2.384185791015625e-07,1609701355.990645,1609701356.387838,0.39719295501708984,1609701356.0750403,1609701356.0796554,0.004615068435668945
0c7b9e11eafc4e57bed6e282688fae83,k-means,warm,exec,queue,0.04251980781555176,2.384185791015625e-07,2.384185791015625e-07,1609701355.9932003,1609701356.2117856,0.21858525276184082,1609701356.0693223,1609701356.0750036,0.005681276321411133
0e8d37b535484ac8b4191698db8057c9,k-means,warm,exec,queue,0.03736686706542969,2.384185791015625e-07,0.0,1609701355.995678,1609701356.2738311,0.2781531810760498,1609701356.0635338,1609701356.0693989,0.0058650970458984375
6c5b814b766a490d9015c35676c4207b,k-means,warm,exec,queue,0.032765865325927734,2.384185791015625e-07,4.76837158203125e-07,1609701355.9975471,1609701356.13101,0.13346290588378906,1609701356.0580614,1609701356.0637345,0.00567317008972168
7b3dfa32f23a4af6bf041eb3be96384a,k-means,warm,exec,queue,0.027832984924316406,2.384185791015625e-07,0.0,1609701355.9989817,1609701356.130464,0.13148236274719238,1609701356.0525947,1609701356.057803,0.005208253860473633
f1bfe0ce0ada4ed58497b03c47d5eae5,k-means,warm,exec,queue,0.022510528564453125,2.384185791015625e-07,4.76837158203125e-07,1609701356.0004187,1609701356.3301349,0.32971620559692383,1609701356.0469148,1609701356.0528677,0.0059528350830078125
1be81be7d3674e5396489fa45af7dabf,k-means,warm,exec,queue,0.017504453659057617,2.384185791015625e-07,2.384185791015625e-07,1609701356.0018375,1609701356.328396,0.32655858993530273,1609701356.0423994,1609701356.0507247,0.008325338363647461
efedfc5e7ef742099476341fcb81882c,k-means,warm,exec,queue,0.009494543075561523,2.384185791015625e-07,2.384185791015625e-07,1609701356.0032716,1609701356.1278946,0.12462306022644043,1609701356.0309818,1609701356.0378237,0.006841897964477539
3998b65a2b44469e89a68bda2abd3fa5,k-means,warm,exec,queue,0.014480352401733398,2.384185791015625e-07,0.0,1609701356.0048232,1609701356.3317387,0.3269155025482178,1609701356.0362253,1609701356.044253,0.008027791976928711
a2b0f0eed2cd405c980480b427f91829,k-means,warm,exec,queue,0.05263018608093262,2.384185791015625e-07,2.384185791015625e-07,1609701356.0062447,1609701356.2717695,0.26552486419677734,1609701356.0805616,1609701356.0861347,0.0055730342864990234
58b4b071881741fcb641db48f4bc6adf,k-means,warm,exec,queue,0.05783820152282715,2.384185791015625e-07,2.384185791015625e-07,1609701356.007664,1609701356.18568,0.17801594734191895,1609701356.0863004,1609701356.0904968,0.0041964054107666016
6454e7137ff24875bcf6e5cb05817207,k-means,warm,exec,queue,0.06285953521728516,4.76837158203125e-07,2.384185791015625e-07,1609701356.0091321,1609701356.186668,0.1775357723236084,1609701356.0917008,1609701356.0974,0.00569915771484375
683f4c5b651b4a5588fd885c04da8d7c,k-means,warm,exec,queue,0.006701946258544922,4.76837158203125e-07,2.384185791015625e-07,1609701356.9814916,1609701357.1144722,0.1329805850982666,1609701357.0246458,1609701357.0334039,0.008758068084716797
4ad15b6d6b2f4e7e83c0e835e9fb2e7e,video,warm,exec,queue,0.017482280731201172,2.384185791015625e-07,0.0,1609701356.9857638,1609701357.1506093,0.16484546661376953,1609701357.0469499,1609701357.0646713,0.01772141456604004
d758f5fdb4854cb1b84f7728ccb807f1,k-means,warm,exec,queue,0.047188758850097656,4.76837158203125e-07,2.384185791015625e-07,1609701356.9894278,1609701357.34048,0.35105228424072266,1609701357.0721316,1609701357.0780735,0.005941867828369141
88806a8bb5ca40dd9ebbc6572e86b7b7,k-means,warm,exec,queue,0.033796072006225586,4.76837158203125e-07,4.76837158203125e-07,1609701356.9920793,1609701357.147117,0.15503764152526855,1609701357.0552168,1609701357.0617836,0.006566762924194336
e8d7d8a3027f46e1aed570b8954f8056,k-means,warm,exec,queue,0.038448333740234375,4.76837158203125e-07,2.384185791015625e-07,1609701356.995044,1609701357.408395,0.41335105895996094,1609701357.064001,1609701357.071168,0.007166862487792969
887cf116c1644c09abcd783c0c5e1b0a,k-means,warm,exec,queue,0.04352879524230957,2.384185791015625e-07,4.76837158203125e-07,1609701356.9971693,1609701357.1499987,0.15282940864562988,1609701357.0652423,1609701357.070663,0.005420684814453125
f0e94f6c62bd458e9a2ea9eff8d69e26,k-means,warm,exec,queue,0.029419660568237305,2.384185791015625e-07,0.0,1609701356.9988139,1609701357.2397063,0.2408924102783203,1609701357.0495799,1609701357.055882,0.0063021183013916016
dc005f2f81be405d83cf00754a64cc42,k-means,warm,exec,queue,0.025030851364135742,2.384185791015625e-07,4.76837158203125e-07,1609701357.0004654,1609701357.4065444,0.4060790538787842,1609701357.0454338,1609701357.0525022,0.0070683956146240234
91c9bcada713448ea3c7176af20c5a81,k-means,warm,exec,queue,0.019637107849121094,2.384185791015625e-07,2.384185791015625e-07,1609701357.002111,1609701357.3390756,0.33696460723876953,1609701357.045553,1609701357.0540407,0.008487701416015625
12689f47cd6145c09d07a60969462cb5,k-means,warm,exec,queue,0.014901876449584961,4.76837158203125e-07,2.384185791015625e-07,1609701357.003885,1609701357.2385755,0.23469042778015137,1609701357.0345922,1609701357.0434263,0.008834123611450195
801622ee6728466881b3de8d1d0e9ee7,k-means,warm,exec,queue,0.010202407836914062,2.384185791015625e-07,0.0,1609701357.0055034,1609701357.1163735,0.1108701229095459,1609701357.0272388,1609701357.03502,0.007781267166137695
d1eafe6f0f0f4d459e2ae2eb062ddf15,k-means,warm,exec,queue,0.0024433135986328125,2.384185791015625e-07,2.384185791015625e-07,1609701357.9844093,1609701358.0990753,0.11466598510742188,1609701358.0297537,1609701358.0378308,0.008077144622802734
3bf1df31c1864968a5ea97757b8d8f30,k-means,warm,exec,queue,0.021909713745117188,2.384185791015625e-07,0.0,1609701357.9895527,1609701358.226419,0.23686623573303223,1609701358.0465622,1609701358.0527704,0.006208181381225586
dbc787442d9f43f79f8e36633b5c0040,k-means,warm,exec,queue,0.0265810489654541,2.384185791015625e-07,2.384185791015625e-07,1609701357.99222,1609701358.1319976,0.13977766036987305,1609701358.0499077,1609701358.0561986,0.006290912628173828
704280dafc7f4856809c8345e654234d,k-means,warm,exec,queue,0.03185725212097168,2.384185791015625e-07,2.384185791015625e-07,1609701357.9948614,1609701358.2493103,0.25444889068603516,1609701358.0555878,1609701358.0617394,0.006151676177978516
4c39fd5e42f54603ba2fcb3b71d6ba5a,k-means,warm,exec,queue,0.03635263442993164,2.384185791015625e-07,4.76837158203125e-07,1609701357.9972851,1609701358.2245228,0.22723770141601562,1609701358.0619802,1609701358.066827,0.004846811294555664
6a7589d9d84d4f4fbfd414cca2eda7b1,k-means,warm,exec,queue,0.04079151153564453,2.384185791015625e-07,0.0,1609701357.9988773,1609701358.2766716,0.27779436111450195,1609701358.0674548,1609701358.0719795,0.004524707794189453
b2f31b3f4bb944cda40218be7a2e060a,k-means,warm,exec,queue,0.045569658279418945,2.384185791015625e-07,0.0,1609701358.0004942,1609701358.2746708,0.27417659759521484,1609701358.0723617,1609701358.0788906,0.0065288543701171875
57ba2e0fec274858968f3ca72d27c7d8,k-means,warm,exec,queue,0.05030417442321777,2.384185791015625e-07,2.384185791015625e-07,1609701358.0020866,1609701358.3666441,0.36455750465393066,1609701358.078875,1609701358.084468,0.005592823028564453
143b9972d7fe4e0180ff19993d7c124b,k-means,warm,exec,queue,0.016791820526123047,2.384185791015625e-07,2.384185791015625e-07,1609701358.0036826,1609701358.1337852,0.13010263442993164,1609701358.040236,1609701358.0490417,0.00880575180053711
4d9e3e7879024ab9852a0b4d815a2a54,k-means,warm,exec,queue,0.009493589401245117,4.76837158203125e-07,2.384185791015625e-07,1609701358.0054054,1609701358.182785,0.17737960815429688,1609701358.0293844,1609701358.0378015,0.008417129516601562
5ca81c9a52ce43a9acc2faf25caf13c9,k-means,warm,exec,queue,0.014742374420166016,2.384185791015625e-07,0.0,1609701358.0069904,1609701358.2510571,0.24406671524047852,1609701358.0345323,1609701358.04297,0.008437633514404297
76ae541ea32e4574b403e9ada969d4ad,k-means,warm,exec,queue,0.0008566379547119141,4.76837158203125e-07,2.384185791015625e-07,1609701358.9857695,1609701359.1845865,0.19881701469421387,1609701359.0484095,1609701359.0570147,0.008605241775512695
223be3d7bcad43cca2bc92a7ecd15cad,k-means,warm,exec,queue,0.02602529525756836,2.384185791015625e-07,2.384185791015625e-07,1609701358.992606,1609701359.1859195,0.1933135986328125,1609701359.0706909,1609701359.0772336,0.006542682647705078
71c115bf48bb49aeba6d0b0dea16342b,k-means,warm,exec,queue,0.031272172927856445,2.384185791015625e-07,0.0,1609701358.9961271,1609701359.1508725,0.15474534034729004,1609701359.0760648,1609701359.0826936,0.006628751754760742
ba5ca3244fd642b0940dca822b402947,k-means,warm,exec,queue,0.03687906265258789,2.384185791015625e-07,0.0,1609701358.9996653,1609701359.2094808,0.20981550216674805,1609701359.085219,1609701359.0926316,0.00741267204284668
339f24e6df934983a017311335b0e0f0,k-means,warm,exec,queue,0.04188966751098633,2.384185791015625e-07,4.76837158203125e-07,1609701359.0025747,1609701359.2820797,0.27950501441955566,1609701359.0883286,1609701359.095002,0.006673336029052734
bbda2e62f62146c588f7dae65647a793,k-means,warm,exec,queue,0.0475306510925293,2.384185791015625e-07,0.0,1609701359.0049434,1609701359.3525584,0.34761500358581543,1609701359.0936658,1609701359.1005805,0.006914615631103516
797f0f814d054beaad6473f0889c5fb5,k-means,warm,exec,queue,0.05234646797180176,2.384185791015625e-07,0.0,1609701359.0072992,1609701359.354318,0.3470187187194824,1609701359.1003249,1609701359.10549,0.00516510009765625
e72c920702074902962f61e9f63a8231,k-means,warm,exec,queue,0.003597259521484375,4.76837158203125e-07,2.384185791015625e-07,1609701359.0096896,1609701359.130084,0.12039446830749512,1609701359.0492408,1609701359.0571017,0.007860898971557617
183e50866d074fabb0071908037133e7,k-means,warm,exec,queue,0.008124828338623047,2.384185791015625e-07,0.0,1609701359.0120573,1609701359.2799416,0.2678842544555664,1609701359.049317,1609701359.0573559,0.008038997650146484
04aff9b39c9a46848a2815f746236c92,k-means,warm,exec,queue,0.012968301773071289,2.384185791015625e-07,2.384185791015625e-07,1609701359.0145957,1609701359.127158,0.11256217956542969,1609701359.054164,1609701359.0623975,0.00823354721069336
3ec897ca9c604355b9c11504eff9fcd8,k-means,warm,exec,queue,0.018242835998535156,2.384185791015625e-07,2.384185791015625e-07,1609701359.0169458,1609701359.4048584,0.3879125118255615,1609701359.0603347,1609701359.0683732,0.008038520812988281
94c4b31080d1436e9cc80c9044d9da7d,k-means,warm,exec,queue,0.023463726043701172,4.76837158203125e-07,2.384185791015625e-07,1609701359.0192964,1609701359.4079754,0.38867902755737305,1609701359.0699918,1609701359.0772495,0.007257699966430664
bbf93772dfc24909b902b31093c072a4,video,warm,exec,queue,0.01599740982055664,2.384185791015625e-07,2.384185791015625e-07,1609701359.021665,1609701359.408575,0.38690996170043945,1609701359.0703049,1609701359.0873873,0.01708245277404785
93880682f4e345efa05849506db1c3aa,k-means,warm,exec,queue,0.004504203796386719,4.76837158203125e-07,0.0,1609701359.9882238,1609701360.1116176,0.12339377403259277,1609701360.0362864,1609701360.0452082,0.00892186164855957
d2e33476072d4a6fb6f2b8e6269fd302,k-means,warm,exec,queue,0.03587913513183594,2.384185791015625e-07,2.384185791015625e-07,1609701359.9926314,1609701360.48306,0.49042844772338867,1609701360.066364,1609701360.0729184,0.006554365158081055
0544e4edf9344fa0882a8aa10e0bb1ee,k-means,warm,exec,queue,0.04140734672546387,2.384185791015625e-07,2.384185791015625e-07,1609701359.9953163,1609701360.2276802,0.23236393928527832,1609701360.0745256,1609701360.0803633,0.005837678909301758
19699382d8604fc3bc670a8c6275b7ee,k-means,warm,exec,queue,0.0461580753326416,0.0,2.384185791015625e-07,1609701359.9972515,1609701360.2283247,0.23107314109802246,1609701360.0785239,1609701360.0834334,0.004909515380859375
77e3f5851dfd4f9181c6012c7969cd92,k-means,warm,exec,queue,0.05183887481689453,2.384185791015625e-07,2.384185791015625e-07,1609701359.9989812,1609701360.2229514,0.2239701747894287,1609701360.0836205,1609701360.0890884,0.005467891693115234
d88bcf511d1d4f71815312978dcfcd6f,k-means,warm,exec,queue,0.05725216865539551,2.384185791015625e-07,0.0,1609701360.0005841,1609701360.287079,0.2864949703216553,1609701360.0894394,1609701360.0939949,0.004555463790893555
616847c9ee3749978ef6205963040ddb,k-means,warm,exec,queue,0.06258797645568848,2.384185791015625e-07,0.0,1609701360.002127,1609701360.332214,0.33008718490600586,1609701360.0952938,1609701360.101322,0.006028175354003906
fe3a1ac29f1b489cb793f748acfb4781,k-means,warm,exec,queue,0.03188681602478027,2.384185791015625e-07,2.384185791015625e-07,1609701360.0036812,1609701360.2288983,0.22521710395812988,1609701360.0618262,1609701360.0695882,0.007761955261230469
a3382812086f48bc82401bf2816a603c,k-means,warm,exec,queue,0.026506662368774414,4.76837158203125e-07,4.76837158203125e-07,1609701360.0052822,1609701360.4824471,0.47716498374938965,1609701360.0574377,1609701360.0641165,0.00667881965637207
b736e1284e50433cb8ad75829726b615,k-means,warm,exec,queue,0.018561840057373047,4.76837158203125e-07,4.76837158203125e-07,1609701360.0069609,1609701360.4161282,0.4091672897338867,1609701360.0479639,1609701360.0559063,0.007942438125610352
b70d0c8a3d294210a65ea432a7cc72d3,k-means,warm,exec,queue,0.013212442398071289,2.384185791015625e-07,0.0,1609701360.0085223,1609701360.2235677,0.21504545211791992,1609701360.0403166,1609701360.047112,0.006795406341552734
177062d9d15147679c193dda2ba10364,k-means,warm,exec,queue,0.008099079132080078,4.76837158203125e-07,2.384185791015625e-07,1609701360.010136,1609701360.1128027,0.10266685485839844,1609701360.0358818,1609701360.0443308,0.008449077606201172
106a3351052f443fa7024d90954737ea,k-means,warm,exec,queue,0.06773567199707031,2.384185791015625e-07,2.384185791015625e-07,1609701360.0116665,1609701360.3328328,0.3211662769317627,1609701360.1008918,1609701360.1053054,0.004413604736328125
f88a09acc7414898870714f029ce3cec,matmul,warm,exec,queue,0.017831087112426758,2.384185791015625e-07,4.76837158203125e-07,1609701360.0133214,1609701360.1446893,0.13136792182922363,1609701360.0585995,1609701360.069598,0.01099848747253418
9d8ba2ed408149d89bbbc92dfd719c0c,k-means,warm,exec,queue,0.0037043094635009766,4.76837158203125e-07,2.384185791015625e-07,1609701360.9906676,1609701361.12289,0.13222241401672363,1609701361.0401175,1609701361.0484211,0.008303642272949219
7d30a64ebcb14748bc53fba357ecb717,k-means,warm,exec,queue,0.025510072708129883,7.152557373046875e-07,2.384185791015625e-07,1609701360.9949913,1609701361.398954,0.4039626121520996,1609701361.0644176,1609701361.069883,0.005465507507324219
8727048dc161418981a3c4aaaf4fe0ca,k-means,warm,exec,queue,0.031453847885131836,2.384185791015625e-07,2.384185791015625e-07,1609701360.9976454,1609701361.2400246,0.24237918853759766,1609701361.0669851,1609701361.0740778,0.007092714309692383
57c858c3f6cd452e866c282fdca092d1,k-means,warm,exec,queue,0.03646063804626465,2.384185791015625e-07,4.76837158203125e-07,1609701361.0002785,1609701361.2826579,0.2823793888092041,1609701361.0708754,1609701361.0786107,0.007735252380371094
549359bbf26447c588e0a14c09239bd1,k-means,warm,exec,queue,0.04165911674499512,2.384185791015625e-07,2.384185791015625e-07,1609701361.0031936,1609701361.1978657,0.1946721076965332,1609701361.0798671,1609701361.0850363,0.0051691532135009766
926bca76fd414fd99ecfe6acaf1ee5f9,k-means,warm,exec,queue,0.04677534103393555,4.76837158203125e-07,2.384185791015625e-07,1609701361.0053651,1609701361.4656816,0.46031641960144043,1609701361.0845318,1609701361.0891154,0.004583597183227539
e85f6d1c86e94123a8d8e370d3106fc1,k-means,warm,exec,queue,0.05147361755371094,2.384185791015625e-07,0.0,1609701361.006965,1609701361.2453344,0.23836946487426758,1609701361.0882888,1609701361.095355,0.007066249847412109
923c8607bb734e1aae7c3be346e0a38a,k-means,warm,exec,queue,0.05697131156921387,4.76837158203125e-07,2.384185791015625e-07,1609701361.008586,1609701361.2436213,0.23503541946411133,1609701361.0969803,1609701361.1022553,0.00527501106262207
4b8d1fc0030c45edb7b8276fee7a1631,k-means,warm,exec,queue,0.062433481216430664,2.384185791015625e-07,2.384185791015625e-07,1609701361.0102015,1609701361.3520741,0.3418726921081543,1609701361.1012387,1609701361.1075952,0.006356477737426758
ea2f8924ed0645e0ae624b06fc2c97d1,k-means,warm,exec,queue,0.00958251953125,2.384185791015625e-07,0.0,1609701361.0119357,1609701361.1580794,0.14614367485046387,1609701361.0404549,1609701361.04929,0.008835077285766602
e55e508a2a4d4969b2d1d1b99eefa455,k-means,warm,exec,queue,0.014620304107666016,2.384185791015625e-07,2.384185791015625e-07,1609701361.013549,1609701361.2430022,0.22945308685302734,1609701361.0454254,1609701361.0540793,0.008653879165649414
f7fd009ed5da4f79b61415db8561f71b,k-means,warm,exec,queue,0.019008398056030273,2.384185791015625e-07,2.384185791015625e-07,1609701361.015148,1609701361.1563618,0.14121389389038086,1609701361.049889,1609701361.058443,0.00855398178100586
2b3c3e563d4f4e8590f3aa940a54d1aa,video,warm,exec,queue,0.016950130462646484,4.76837158203125e-07,0.0,1609701361.0167687,1609701361.3500123,0.33324360847473145,1609701361.0652168,1609701361.0819302,0.016713380813598633
885235c6749f479c8892352f5549036d,k-means,warm,exec,queue,0.0026216506958007812,4.76837158203125e-07,2.384185791015625e-07,1609701361.9940372,1609701362.1184878,0.12445068359375,1609701362.046644,1609701362.054806,0.00816202163696289
09e4385658b744308ea00237dd94947c,k-means,warm,exec,queue,0.01764202117919922,4.76837158203125e-07,2.384185791015625e-07,1609701361.9985323,1609701362.1849163,0.18638396263122559,1609701362.0572603,1609701362.0657787,0.008518457412719727
2626b7ad22a54b029cd938ad7753ce50,k-means,warm,exec,queue,0.02315497398376465,2.384185791015625e-07,2.384185791015625e-07,1609701362.0012,1609701362.2096488,0.2084488868713379,1609701362.0626683,1609701362.0703452,0.007676839828491211
2d398c67210741469b01bd9b7e21c10e,k-means,warm,exec,queue,0.028769493103027344,4.76837158203125e-07,2.384185791015625e-07,1609701362.0038247,1609701362.2868848,0.28306007385253906,1609701362.0691102,1609701362.0756664,0.006556272506713867
6d8c742676904b80b4b213895605d9c8,k-means,warm,exec,queue,0.03336668014526367,2.384185791015625e-07,4.76837158203125e-07,1609701362.0067682,1609701362.1410658,0.13429760932922363,1609701362.0756454,1609701362.0820787,0.006433248519897461
c101d37385964578803ea61c115159d4,k-means,warm,exec,queue,0.03842735290527344,2.384185791015625e-07,0.0,1609701362.0090778,1609701362.2874913,0.2784135341644287,1609701362.0788286,1609701362.085765,0.006936311721801758
642b432236144e10a3513cb86ee07843,k-means,warm,exec,queue,0.04367470741271973,2.384185791015625e-07,4.76837158203125e-07,1609701362.010692,1609701362.1831532,0.17246127128601074,1609701362.0868819,1609701362.0937088,0.006826877593994141
de9f97dc083f40529356c3f870ed145d,k-means,warm,exec,queue,0.04866218566894531,7.152557373046875e-07,2.384185791015625e-07,1609701362.0123131,1609701362.334279,0.32196593284606934,1609701362.0914123,1609701362.097963,0.006550788879394531
409f3e3f8c734599836bd2d2a4dac9a8,k-means,warm,exec,queue,0.05363607406616211,2.384185791015625e-07,2.384185791015625e-07,1609701362.0139284,1609701362.2356582,0.22172975540161133,1609701362.0953429,1609701362.1023328,0.006989955902099609
41fa86ce8a9643b3ab59f498deb09f06,k-means,warm,exec,queue,0.058966875076293945,4.76837158203125e-07,2.384185791015625e-07,1609701362.0158484,1609701362.2839086,0.26806020736694336,1609701362.1037624,1609701362.1100018,0.006239414215087891
2405755378b242f886c5f65674a1efbb,k-means,warm,exec,queue,0.010140419006347656,2.384185791015625e-07,2.384185791015625e-07,1609701362.0174832,1609701362.1167564,0.0992732048034668,1609701362.0470212,1609701362.0560312,0.009010076522827148
e5b44336ef9240b9ba088d39eab7609f,k-means,warm,exec,queue,0.014940500259399414,4.76837158203125e-07,2.384185791015625e-07,1609701362.019086,1609701362.233766,0.21468019485473633,1609701362.0523193,1609701362.0605972,0.00827789306640625
2da52780b30641f48122b9bda018f91e,k-means,warm,exec,queue,0.06371092796325684,4.76837158203125e-07,2.384185791015625e-07,1609701362.0206733,1609701362.3845758,0.36390256881713867,1609701362.1082997,1609701362.1143064,0.006006717681884766
288c74a02e184efc82c5c4a2261605fa,k-means,warm,exec,queue,0.06850504875183105,2.384185791015625e-07,0.0,1609701362.0223641,1609701362.3864465,0.36408233642578125,1609701362.112532,1609701362.1193826,0.006850719451904297
763429c0e4c94c3f9a7dcfd60f3a9755,k-means,warm,exec,queue,0.0034232139587402344,2.384185791015625e-07,2.384185791015625e-07,1609701362.9913292,1609701363.104553,0.11322379112243652,1609701363.0309553,1609701363.0389693,0.00801396369934082
b68ef3ed25a840588868e4b12aad5c91,k-means,warm,exec,queue,0.008163690567016602,4.76837158203125e-07,7.152557373046875e-07,1609701362.9955697,1609701363.1028593,0.10728955268859863,1609701363.0358882,1609701363.0443566,0.008468389511108398
5bc1ba6cd5fd453e8d8afaa7c238224e,k-means,warm,exec,queue,0.040341854095458984,7.152557373046875e-07,2.384185791015625e-07,1609701362.9982054,1609701363.2216654,0.22345995903015137,1609701363.075562,1609701363.0825307,0.00696873664855957
946e8de57bc245e187e4fcd3bb38e212,k-means,warm,exec,queue,0.04591774940490723,2.384185791015625e-07,2.384185791015625e-07,1609701363.0008066,1609701363.2802362,0.27942967414855957,1609701363.0776408,1609701363.0827186,0.005077838897705078
a3ddc5c3220142339be0085b136abe90,k-means,warm,exec,queue,0.0506281852722168,2.384185791015625e-07,2.384185791015625e-07,1609701363.003672,1609701363.3379583,0.3342864513397217,1609701363.0818238,1609701363.0887048,0.006880998611450195
d7767c9605ea4db6ba7cc1c7ced380cc,k-means,warm,exec,queue,0.05614829063415527,2.384185791015625e-07,0.0,1609701363.0055656,1609701363.19411,0.18854427337646484,1609701363.0900917,1609701363.0968902,0.006798505783081055
3f86c4acc6f745a987eff1151fb3959c,k-means,warm,exec,queue,0.025922536849975586,7.152557373046875e-07,2.384185791015625e-07,1609701363.0071385,1609701363.161945,0.15480661392211914,1609701363.055817,1609701363.0608056,0.004988670349121094
eb5e54e3756b44b78d7648b19ed708cf,k-means,warm,exec,queue,0.03147315979003906,4.76837158203125e-07,2.384185791015625e-07,1609701363.0087297,1609701363.2783163,0.26958656311035156,1609701363.0611892,1609701363.0678666,0.006677389144897461
f1ce1012dd05483bb7e0a66119ac7347,k-means,warm,exec,queue,0.036344051361083984,2.384185791015625e-07,2.384185791015625e-07,1609701363.0103004,1609701363.281966,0.2716655731201172,1609701363.0651178,1609701363.0705419,0.005424022674560547
8e1a8303cbd64e7daa7c1973b82646c6,k-means,warm,exec,queue,0.020381450653076172,2.384185791015625e-07,0.0,1609701363.0119908,1609701363.135491,0.12350010871887207,1609701363.0478046,1609701363.055326,0.007521390914916992
92ed57b6680f4a3484d22325b89ba626,k-means,warm,exec,queue,0.01289677619934082,4.76837158203125e-07,2.384185791015625e-07,1609701363.0135725,1609701363.1372173,0.12364482879638672,1609701363.0412383,1609701363.0496907,0.008452415466308594
4f2cb693e8214de598f7de1a3b043a90,video,warm,exec,queue,0.015548467636108398,4.76837158203125e-07,2.384185791015625e-07,1609701363.015134,1609701363.1639862,0.14885210990905762,1609701363.0483758,1609701363.065307,0.01693105697631836
f509b58e079c4d8794ed5de22c7814ab,k-means,warm,exec,queue,0.006975889205932617,2.384185791015625e-07,0.0,1609701363.987425,1609701364.1133003,0.12587523460388184,1609701364.0263755,1609701364.0339727,0.007597208023071289
d90c1eee076e4e4b83afa71ec7262581,k-means,warm,exec,queue,0.051458120346069336,2.384185791015625e-07,2.384185791015625e-07,1609701363.9914474,1609701364.414695,0.4232475757598877,1609701364.0764835,1609701364.0836992,0.007215738296508789
e9d1c408c9f24835b7c1ff27af1590dd,k-means,warm,exec,queue,0.04622316360473633,4.76837158203125e-07,2.384185791015625e-07,1609701363.9939742,1609701364.154193,0.1602187156677246,1609701364.069507,1609701364.0753691,0.005862236022949219
a39696b899494bbf87b79af9b545ff27,k-means,warm,exec,queue,0.04087424278259277,2.384185791015625e-07,0.0,1609701363.9964685,1609701364.339092,0.3426234722137451,1609701364.0638928,1609701364.0700138,0.006120920181274414
bd86dd8386b947eaaff02a368e14bbf7,k-means,warm,exec,queue,0.03601431846618652,2.384185791015625e-07,0.0,1609701363.999215,1609701364.36422,0.3650050163269043,1609701364.0588338,1609701364.0662441,0.007410287857055664
599099f19afc4f55a3a8cea566940e2d,k-means,warm,exec,queue,0.030548095703125,2.384185791015625e-07,2.384185791015625e-07,1609701364.001131,1609701364.41664,0.4155089855194092,1609701364.0521429,1609701364.05795,0.005807161331176758
0c0b60302c9747d487c3a91feb820d15,k-means,warm,exec,queue,0.025956392288208008,2.384185791015625e-07,0.0,1609701364.0025623,1609701364.239762,0.2371997833251953,1609701364.046676,1609701364.0529392,0.006263256072998047
e4c039d044f0436cb94d7796b84c1289,k-means,warm,exec,queue,0.02051687240600586,2.384185791015625e-07,2.384185791015625e-07,1609701364.003985,1609701364.1908586,0.1868736743927002,1609701364.0405784,1609701364.045461,0.0048825740814208984
316fc0cefe384094998162b180626342,k-means,warm,exec,queue,0.010824918746948242,4.76837158203125e-07,2.384185791015625e-07,1609701364.0054271,1609701364.1151657,0.10973858833312988,1609701364.0313659,1609701364.0395677,0.008201837539672852
bbce7224475e4ca58ce2d7e61bfbecd5,k-means,warm,exec,queue,0.015984535217285156,2.384185791015625e-07,2.384185791015625e-07,1609701364.0069573,1609701364.1555583,0.14860105514526367,1609701364.0359316,1609701364.0439434,0.008011817932128906
1619512cdc10432f8f192a8bfabd2435,k-means,warm,exec,queue,0.05621457099914551,2.384185791015625e-07,0.0,1609701364.008402,1609701364.1889174,0.18051528930664062,1609701364.0820684,1609701364.0889037,0.006835222244262695
11e7dc218e3c423ebe5c5331d1b1df85,k-means,warm,exec,queue,0.0006034374237060547,4.76837158203125e-07,2.384185791015625e-07,1609701364.9927936,1609701365.14308,0.15028643608093262,1609701365.0446908,1609701365.053358,0.008667230606079102
715e26f9368b49f79b66036fc2ba4b2c,video,warm,exec,queue,0.01714777946472168,4.76837158203125e-07,4.76837158203125e-07,1609701364.996997,1609701365.394853,0.3978559970855713,1609701365.0720537,1609701365.0892513,0.017197608947753906
cf477f14532a489aaac52475bb6200b3,k-means,warm,exec,queue,0.037415504455566406,4.76837158203125e-07,2.384185791015625e-07,1609701364.9996343,1609701365.34266,0.34302568435668945,1609701365.0812788,1609701365.088813,0.0075342655181884766
01da4a70dbed43148063d1c797f76b1a,k-means,warm,exec,queue,0.04238390922546387,4.76837158203125e-07,2.384185791015625e-07,1609701365.0022428,1609701365.1651695,0.16292667388916016,1609701365.0890343,1609701365.0960717,0.00703740119934082
87623cb604fa4ac4b62d9f764b90ea4a,k-means,warm,exec,queue,0.0066738128662109375,4.76837158203125e-07,2.384185791015625e-07,1609701365.005119,1609701365.1434531,0.13833403587341309,1609701365.0455182,1609701365.0542753,0.00875711441040039
2fa0c93ce97847aea5d31d7178699c06,k-means,warm,exec,queue,0.010999917984008789,2.384185791015625e-07,2.384185791015625e-07,1609701365.0077412,1609701365.1444628,0.13672161102294922,1609701365.046529,1609701365.0553775,0.008848428726196289
b0f3fbe4d6994df09a733fe8aae20e57,k-means,warm,exec,queue,0.015792131423950195,2.384185791015625e-07,2.384185791015625e-07,1609701365.0095701,1609701365.1406991,0.13112902641296387,1609701365.051093,1609701365.059681,0.008587837219238281
1b8fe152f68e4b87a257a60bd347b3fe,k-means,warm,exec,queue,0.02018141746520996,2.384185791015625e-07,2.384185791015625e-07,1609701365.0111706,1609701365.2161534,0.20498275756835938,1609701365.0573628,1609701365.0666134,0.009250640869140625
69f0b4e796054dc68de91e69c11049d5,k-means,warm,exec,queue,0.02617955207824707,4.76837158203125e-07,0.0,1609701365.0127754,1609701365.219046,0.20627069473266602,1609701365.0716681,1609701365.0787988,0.007130622863769531
3b57384053dc436e9ae9006235abc924,k-means,warm,exec,queue,0.03285646438598633,2.384185791015625e-07,0.0,1609701365.0144973,1609701365.3411095,0.3266122341156006,1609701365.0745747,1609701365.0815494,0.006974697113037109
3ec351b474594414be2b17f211a096ad,k-means,warm,exec,queue,0.037782907485961914,2.384185791015625e-07,0.0,1609701365.016095,1609701365.2185664,0.20247149467468262,1609701365.0756898,1609701365.0822263,0.0065364837646484375
e41e954a7b0d4425aeb6a121f1f66a8f,matmul,warm,exec,queue,0.027621984481811523,2.384185791015625e-07,2.384185791015625e-07,1609701365.017707,1609701365.4714036,0.45369648933410645,1609701365.075377,1609701365.0860083,0.010631322860717773
7082c0ff1bac456791eb16d51137d114,map_reduce,warm,exec,queue,0.028228044509887695,2.384185791015625e-07,2.384185791015625e-07,1609701365.0193079,1609701365.3686233,0.3493154048919678,1609701365.074497,1609701365.1594677,0.08497071266174316
8a8428cf4a9e41b88b3d32554f4b58bd,k-means,warm,exec,queue,0.003740072250366211,2.384185791015625e-07,0.0,1609701365.9928603,1609701366.1577246,0.16486430168151855,1609701366.0377147,1609701366.0459838,0.008269071578979492
da2ef1e3ed464efaa718e20bfe6e3191,k-means,warm,exec,queue,0.04978013038635254,2.384185791015625e-07,2.384185791015625e-07,1609701365.997072,1609701366.1844885,0.18741655349731445,1609701366.0853202,1609701366.0911875,0.0058672428131103516
2683b8b180d942b9bf04e71f5bdf1cbb,k-means,warm,exec,queue,0.04532599449157715,4.76837158203125e-07,2.384185791015625e-07,1609701365.999678,1609701366.358946,0.3592681884765625,1609701366.080102,1609701366.085062,0.004960060119628906
f58e5b90f9e64aacaac78cbcd497b914,k-means,warm,exec,queue,0.0407872200012207,2.384185791015625e-07,2.384185791015625e-07,1609701366.0023062,1609701366.3082993,0.30599308013916016,1609701366.0750713,1609701366.0808592,0.005787849426269531
f69a8f98231e4d19b7e0e155d1071e07,k-means,warm,exec,queue,0.03547024726867676,2.384185791015625e-07,2.384185791015625e-07,1609701366.004934,1609701366.2946203,0.2896862030029297,1609701366.0679533,1609701366.0747116,0.006758213043212891
3ed981524dfe497faaf2b2eca084219f,k-means,warm,exec,queue,0.03081798553466797,4.76837158203125e-07,2.384185791015625e-07,1609701366.0065224,1609701366.2185826,0.21206021308898926,1609701366.0628054,1609701366.0686326,0.005827188491821289
00fabfb873614179a5f6c0680ff02680,k-means,warm,exec,queue,0.025433063507080078,2.384185791015625e-07,2.384185791015625e-07,1609701366.0081096,1609701366.2968495,0.2887399196624756,1609701366.059675,1609701366.0667586,0.0070836544036865234
b43472ce30114d50ad57cc2c83751eb8,k-means,warm,exec,queue,0.009246110916137695,4.76837158203125e-07,2.384185791015625e-07,1609701366.0097122,1609701366.1246822,0.11496996879577637,1609701366.037877,1609701366.0461657,0.00828862190246582
a4b165f41fa4464fb4fa7978e9e0b16d,k-means,warm,exec,queue,0.014093399047851562,2.384185791015625e-07,2.384185791015625e-07,1609701366.0113199,1609701366.1862206,0.17490077018737793,1609701366.042043,1609701366.0502985,0.008255481719970703
17e82f2e1a5b4919bc961c67d7509341,k-means,warm,exec,queue,0.018525362014770508,2.384185791015625e-07,2.384185791015625e-07,1609701366.0130596,1609701366.1826906,0.1696310043334961,1609701366.047417,1609701366.0556214,0.008204460144042969
42bad1e641274f3d985765cb54695094,k-means,warm,exec,queue,0.023065805435180664,2.384185791015625e-07,0.0,1609701366.0146422,1609701366.2166858,0.2020435333251953,1609701366.0588746,1609701366.0661519,0.007277250289916992
65bd0ca1ff2744c38b7663992beb8f7b,k-means,warm,exec,queue,0.004603385925292969,7.152557373046875e-07,0.0,1609701366.9959276,1609701367.1113052,0.11537766456604004,1609701367.0416656,1609701367.05017,0.008504390716552734
c2eb68b56b45483cbe91faeac58f25dc,k-means,warm,exec,queue,0.01026463508605957,2.384185791015625e-07,2.384185791015625e-07,1609701367.000032,1609701367.1097333,0.10970139503479004,1609701367.0419166,1609701367.0503192,0.008402585983276367
acc863e6924149d487ff09c4b02140f3,k-means,warm,exec,queue,0.05264925956726074,2.384185791015625e-07,2.384185791015625e-07,1609701367.0026727,1609701367.2122757,0.20960307121276855,1609701367.0926785,1609701367.0990238,0.006345272064208984
363afe6945da48beac63eea450186e6b,k-means,warm,exec,queue,0.04816913604736328,2.384185791015625e-07,0.0,1609701367.0053003,1609701367.2778127,0.27251243591308594,1609701367.087693,1609701367.0930974,0.005404472351074219
8f9e06f6273241da9856fd087a83bb23,k-means,warm,exec,queue,0.04269886016845703,2.384185791015625e-07,2.384185791015625e-07,1609701367.0081873,1609701367.251613,0.24342560768127441,1609701367.081324,1609701367.087699,0.006374835968017578
2348d8684a574996af7a29526e8aaa1d,k-means,warm,exec,queue,0.03822803497314453,2.384185791015625e-07,0.0,1609701367.0098603,1609701367.1512392,0.14137887954711914,1609701367.0763175,1609701367.0829005,0.006582975387573242
3990c1c1207e48019c1fedd57f85b01d,k-means,warm,exec,queue,0.03381085395812988,4.76837158203125e-07,0.0,1609701367.0114264,1609701367.2566328,0.24520635604858398,1609701367.0701847,1609701367.0763557,0.006170988082885742
a6ccb91b952d4b508cb603fd7069b23e,k-means,warm,exec,queue,0.014522790908813477,0.0,2.384185791015625e-07,1609701367.0130224,1609701367.2560081,0.24298572540283203,1609701367.0469031,1609701367.0577338,0.01083064079284668
9c6b880ed72843f78456decac90af4cf,k-means,warm,exec,queue,0.0188138484954834,2.384185791015625e-07,2.384185791015625e-07,1609701367.0145996,1609701367.253358,0.23875832557678223,1609701367.0523858,1609701367.061115,0.008729219436645508
3d6cc9b2c9fa4bd9924c8e217eb6ac34,k-means,warm,exec,queue,0.026262521743774414,2.384185791015625e-07,0.0,1609701367.0163224,1609701367.1260993,0.10977697372436523,1609701367.060952,1609701367.0679827,0.0070307254791259766
46b4b55186524427b8b84767a975d993,k-means,warm,exec,queue,0.03064560890197754,2.384185791015625e-07,2.384185791015625e-07,1609701367.017902,1609701367.3366857,0.3187837600708008,1609701367.064162,1609701367.0707283,0.006566286087036133
0c7083801abe4a8994f500afb8bab26f,video,warm,exec,queue,0.017104625701904297,2.384185791015625e-07,2.384185791015625e-07,1609701367.0194898,1609701367.212871,0.19338130950927734,1609701367.0627332,1609701367.0797787,0.01704549789428711
82a2247062374868a6ec64e258fd8cfc,k-means,warm,exec,queue,0.004388093948364258,2.384185791015625e-07,2.384185791015625e-07,1609701367.9979641,1609701368.1207073,0.12274312973022461,1609701368.0464664,1609701368.0550807,0.008614301681518555
8f227e7499404e4a801b2bbbe8785600,k-means,warm,exec,queue,0.05522441864013672,2.384185791015625e-07,2.384185791015625e-07,1609701368.002247,1609701368.3061392,0.3038921356201172,1609701368.099368,1609701368.1055892,0.00622105598449707
6400c0f50e3449f696b36744e58bc4ca,k-means,warm,exec,queue,0.0497891902923584,2.384185791015625e-07,0.0,1609701368.0049064,1609701368.3067424,0.3018360137939453,1609701368.0934138,1609701368.0997446,0.006330728530883789
0b029969aeba4bb98779a6935e691e1b,k-means,warm,exec,queue,0.0452725887298584,2.384185791015625e-07,2.384185791015625e-07,1609701368.0075293,1609701368.311921,0.30439162254333496,1609701368.0882194,1609701368.0945826,0.0063631534576416016
b070d0678b2f42768f1233facdc8911a,k-means,warm,exec,queue,0.040259599685668945,2.384185791015625e-07,0.0,1609701368.0104816,1609701368.2314308,0.2209491729736328,1609701368.0815265,1609701368.087845,0.006318569183349609
2b2a59833d4847418cf5203fa2894f7b,k-means,warm,exec,queue,0.03541922569274902,2.384185791015625e-07,2.384185791015625e-07,1609701368.0128314,1609701368.3113334,0.29850196838378906,1609701368.0762231,1609701368.0828147,0.0065915584564208984
5b793c9a4883474b8ff70bd866f3a46a,k-means,warm,exec,queue,0.030793190002441406,2.384185791015625e-07,4.76837158203125e-07,1609701368.0144334,1609701368.1785402,0.1641068458557129,1609701368.0724487,1609701368.0791955,0.006746768951416016
dd3d56d0657a42a2a4407afce5ae21d9,k-means,warm,exec,queue,0.009357452392578125,2.384185791015625e-07,2.384185791015625e-07,1609701368.0160275,1609701368.12255,0.1065225601196289,1609701368.0468955,1609701368.054589,0.00769352912902832
c8e9852f429a41eaae05374b67601da6,k-means,warm,exec,queue,0.014251470565795898,4.76837158203125e-07,0.0,1609701368.0176551,1609701368.2295485,0.21189332008361816,1609701368.0506654,1609701368.0591161,0.008450746536254883
7111d437e8694ecdb65925d4d3e2ba18,k-means,warm,exec,queue,0.018579721450805664,4.76837158203125e-07,2.384185791015625e-07,1609701368.019378,1609701368.1448226,0.12544465065002441,1609701368.0564468,1609701368.066086,0.009639263153076172
3a3b7abe44434f49904f9e265df88030,k-means,warm,exec,queue,0.022929906845092773,2.384185791015625e-07,2.384185791015625e-07,1609701368.020996,1609701368.1803064,0.15931034088134766,1609701368.0647025,1609701368.072558,0.007855415344238281
f438b239d5774ca0871f165046bf2e44,k-means,warm,exec,queue,0.027528762817382812,2.384185791015625e-07,2.384185791015625e-07,1609701368.022608,1609701368.3124728,0.28986477851867676,1609701368.0670269,1609701368.0742464,0.007219552993774414
09d9498c44d8470d87d15bc06f6cab7c,k-means,warm,exec,queue,0.007397890090942383,7.152557373046875e-07,2.384185791015625e-07,1609701369.014791,1609701369.3665705,0.3517794609069824,1609701369.0782027,1609701369.0866919,0.008489131927490234
e0110d45db6e45e084d3b7b532c037c9,k-means,warm,exec,queue,0.05095982551574707,2.384185791015625e-07,2.384185791015625e-07,1609701369.0192919,1609701369.5019443,0.4826524257659912,1609701369.1234672,1609701369.1298795,0.0064122676849365234
fc06fa4a493f43b3bedb2954a44786fa,k-means,warm,exec,queue,0.0562138557434082,4.76837158203125e-07,0.0,1609701369.0219634,1609701369.3648484,0.34288501739501953,1609701369.127432,1609701369.1333582,0.0059261322021484375
f53c3c47cbef4ecd9d5e938aab1c9784,k-means,warm,exec,queue,0.06159353256225586,2.384185791015625e-07,2.384185791015625e-07,1609701369.0245974,1609701369.369751,0.3451535701751709,1609701369.1345503,1609701369.1410532,0.006502866744995117
ef61a2e4429145d8b2da2bd684904c1b,k-means,warm,exec,queue,0.018187284469604492,4.76837158203125e-07,2.384185791015625e-07,1609701369.0275114,1609701369.1974454,0.16993403434753418,1609701369.083158,1609701369.0915973,0.008439302444458008
22024e30d960444aabae68968cbfd027,k-means,warm,exec,queue,0.02354884147644043,2.384185791015625e-07,2.384185791015625e-07,1609701369.029569,1609701369.331193,0.301624059677124,1609701369.089607,1609701369.0978124,0.008205413818359375
d236cb346e0d4ba8b95699c3336a959a,k-means,warm,exec,queue,0.02976369857788086,2.384185791015625e-07,0.0,1609701369.0311723,1609701369.572552,0.5413796901702881,1609701369.097764,1609701369.1046748,0.006910800933837891
6978b9897b7a4a4a8f78c30c21ac32db,k-means,warm,exec,queue,0.03417515754699707,2.384185791015625e-07,2.384185791015625e-07,1609701369.0327864,1609701369.3031201,0.27033376693725586,1609701369.0999138,1609701369.1063948,0.0064809322357177734
3be623d8518d408996f69e8ab39e0b8c,k-means,warm,exec,queue,0.03899359703063965,2.384185791015625e-07,0.0,1609701369.0343797,1609701369.2132773,0.17889761924743652,1609701369.1060221,1609701369.1128538,0.006831645965576172
fd7e0c35159743b48ea4cebf461af652,k-means,warm,exec,queue,0.04378032684326172,2.384185791015625e-07,2.384185791015625e-07,1609701369.0361078,1609701369.56678,0.5306723117828369,1609701369.1122541,1609701369.1187983,0.0065441131591796875
2fc1aef85631493baec84e46f7961174,k-means,warm,exec,queue,0.04822421073913574,2.384185791015625e-07,0.0,1609701369.037714,1609701369.569547,0.5318329334259033,1609701369.1158373,1609701369.1211956,0.005358219146728516
73fb57fbed1848a29acba41804747777,k-means,warm,exec,queue,0.01335906982421875,0.0,2.384185791015625e-07,1609701369.039319,1609701369.20078,0.16146087646484375,1609701369.0780754,1609701369.086393,0.008317708969116211
c21c22b0be9d4589a4a34a779a172207,k-means,warm,exec,queue,0.06655335426330566,0.0,2.384185791015625e-07,1609701369.040896,1609701369.3025084,0.2616124153137207,1609701369.13889,1609701369.1445706,0.005680561065673828
c8782dd2a45b4f20b83e61cbc7816a18,k-means,warm,exec,queue,0.07155704498291016,4.76837158203125e-07,2.384185791015625e-07,1609701369.0425744,1609701369.5041115,0.46153712272644043,1609701369.146381,1609701369.1529787,0.006597757339477539
8fd2611eeb6444dcb2eaf4a427061b64,k-means,warm,exec,queue,0.07600545883178711,2.384185791015625e-07,0.0,1609701369.0441442,1609701369.3692253,0.32508111000061035,1609701369.1501205,1609701369.155705,0.0055844783782958984
b7163e66517e4b9292849a5b382a58b6,k-means,warm,exec,queue,0.08135795593261719,4.76837158203125e-07,2.384185791015625e-07,1609701369.0457199,1609701369.5700254,0.5243055820465088,1609701369.1575253,1609701369.1634917,0.0059664249420166016
31dded3cf2334980b773e6a5f0a75d62,k-means,warm,exec,queue,0.08595585823059082,2.384185791015625e-07,2.384185791015625e-07,1609701369.0477536,1609701369.5720868,0.5243332386016846,1609701369.1613524,1609701369.1668863,0.005533933639526367
a82fd91c965b439d8672410c4ef278c5,video,warm,exec,queue,0.01643538475036621,2.384185791015625e-07,0.0,1609701369.0502403,1609701369.200206,0.14996576309204102,1609701369.098628,1609701369.1156614,0.01703333854675293
1ea460f72d954ee39427442157bce5a2,k-means,warm,exec,queue,8.082389831542969e-05,2.384185791015625e-07,2.384185791015625e-07,1609701369.9971294,1609701370.100393,0.10326361656188965,1609701370.0390356,1609701370.0475676,0.008532047271728516
f3ad180e3aec42d8af6c25a820f0addb,matmul,warm,exec,queue,0.02272629737854004,2.384185791015625e-07,0.0,1609701370.001399,1609701370.2193866,0.2179875373840332,1609701370.0606406,1609701370.0715115,0.010870933532714844
24489b8c1b264ca7b0831347f0dae57d,k-means,warm,exec,queue,0.004908084869384766,7.152557373046875e-07,2.384185791015625e-07,1609701370.0040383,1609701370.1862109,0.18217253684997559,1609701370.039245,1609701370.0478334,0.008588552474975586
e4c8ec1cb0ba4e96a5d14d57a55d7637,k-means,warm,exec,queue,0.009968280792236328,4.76837158203125e-07,2.384185791015625e-07,1609701370.0067031,1609701370.133359,0.12665581703186035,1609701370.0447376,1609701370.0531175,0.008379936218261719
d80819c89c5a4fcbb6238f1c468f4467,k-means,warm,exec,queue,0.014746665954589844,2.384185791015625e-07,0.0,1609701370.0093155,1609701370.1351054,0.12578988075256348,1609701370.0500357,1609701370.0587904,0.008754730224609375
bde6467f0c134213885079dd4b5a7e0c,k-means,warm,exec,queue,0.021985530853271484,2.384185791015625e-07,0.0,1609701370.0122488,1609701370.2199996,0.20775079727172852,1609701370.0593946,1609701370.0665333,0.007138729095458984
4de520c2ccfb4c47baa28dc0a513b60c,k-means,warm,exec,queue,0.026248693466186523,2.384185791015625e-07,2.384185791015625e-07,1609701370.0139515,1609701370.1868122,0.17286062240600586,1609701370.0616577,1609701370.0685496,0.006891965866088867
6f15cbfa88d64e658cde720798a32e52,k-means,warm,exec,queue,0.031237363815307617,2.384185791015625e-07,0.0,1609701370.015542,1609701370.2502115,0.23466944694519043,1609701370.0671754,1609701370.0738847,0.00670933723449707
ddd3805291c94ab19b0a0fa584a09b6c,k-means,warm,exec,queue,0.03640460968017578,2.384185791015625e-07,2.384185791015625e-07,1609701370.0171587,1609701370.1833854,0.16622662544250488,1609701370.0741487,1609701370.0791755,0.005026817321777344
6b854c13df1042fab3c71cd63c618566,k-means,warm,exec,queue,0.04135394096374512,2.384185791015625e-07,2.384185791015625e-07,1609701370.0188913,1609701370.2220132,0.20312190055847168,1609701370.0792887,1609701370.0862062,0.006917476654052734
5653f48de667457195301097079b8cbd,k-means,warm,exec,queue,0.0007996559143066406,7.152557373046875e-07,2.384185791015625e-07,1609701370.997784,1609701371.1186655,0.12088155746459961,1609701371.039012,1609701371.0473187,0.008306741714477539
ab455f150cc5459b8f0a8ac675373f06,video,warm,exec,queue,0.019403934478759766,0.0,2.384185791015625e-07,1609701371.0020418,1609701371.3024812,0.30043935775756836,1609701371.0586736,1609701371.0757282,0.01705455780029297
d84f1d2c5ff24e52aaee09db2fb7eea6,k-means,warm,exec,queue,0.013915777206420898,4.76837158203125e-07,0.0,1609701371.004713,1609701371.14313,0.13841700553894043,1609701371.049679,1609701371.057984,0.008305072784423828
6849e2f13f194009a6057e1e46844316,k-means,warm,exec,queue,0.020285844802856445,2.384185791015625e-07,2.384185791015625e-07,1609701371.0073276,1609701371.226339,0.21901154518127441,1609701371.0572267,1609701371.064273,0.00704646110534668
fc882ed5c19f4425926ad3ea760b76c3,k-means,warm,exec,queue,0.025428295135498047,2.384185791015625e-07,2.384185791015625e-07,1609701371.0103047,1609701371.222506,0.21220135688781738,1609701371.0612745,1609701371.0680497,0.0067751407623291016
8f43a16811e84bdcbbaae1c8a61febba,k-means,warm,exec,queue,0.030469655990600586,2.384185791015625e-07,0.0,1609701371.0128436,1609701371.2519004,0.23905682563781738,1609701371.0670626,1609701371.0737188,0.006656169891357422
3577c73832db4e09a79b4ea09b315ef6,k-means,warm,exec,queue,0.03532767295837402,2.384185791015625e-07,2.384185791015625e-07,1609701371.014433,1609701371.1449134,0.13048052787780762,1609701371.0734336,1609701371.0801167,0.0066831111907958984
17c1c458c878421cb156dcb41e039e5b,k-means,warm,exec,queue,0.03979158401489258,2.384185791015625e-07,2.384185791015625e-07,1609701371.0160205,1609701371.2257502,0.20972967147827148,1609701371.0784533,1609701371.0854042,0.006950855255126953
4b180ca7ba7540f9bd1cc69ede11a021,k-means,warm,exec,queue,0.005742788314819336,2.384185791015625e-07,2.384185791015625e-07,1609701371.01764,1609701371.1205404,0.10290026664733887,1609701371.0399709,1609701371.0483758,0.008404970169067383
e8e9720900a642bda7e14f90e84639ac,k-means,warm,exec,queue,0.010399818420410156,4.76837158203125e-07,2.384185791015625e-07,1609701371.019371,1609701371.221917,0.2025458812713623,1609701371.0446029,1609701371.0532255,0.00862264633178711
b47e3a57573d40b5ad518580ce5b14d1,k-means,warm,exec,queue,0.0019502639770507812,4.76837158203125e-07,2.384185791015625e-07,1609701372.0053573,1609701372.1493375,0.1439802646636963,1609701372.0633535,1609701372.07118,0.007826566696166992
fb428ed2cd6343b19abdb6fe6e3cea51,k-means,warm,exec,queue,0.047928810119628906,2.384185791015625e-07,2.384185791015625e-07,1609701372.0096154,1609701372.5468383,0.5372228622436523,1609701372.1085618,1609701372.1134088,0.004847049713134766
4b090ce6f5b04a85a0435d8f22084c97,k-means,warm,exec,queue,0.02089691162109375,2.384185791015625e-07,2.384185791015625e-07,1609701372.0121424,1609701372.2443058,0.2321634292602539,1609701372.0761328,1609701372.084843,0.008710145950317383
47a2bb4773604e78bde751e685b9ba0d,k-means,warm,exec,queue,0.02602100372314453,2.384185791015625e-07,4.76837158203125e-07,1609701372.0147023,1609701372.240509,0.22580671310424805,1609701372.0801172,1609701372.0865924,0.006475210189819336
b96a9a05139e4123955b6bc7f3222492,k-means,warm,exec,queue,0.030480384826660156,2.384185791015625e-07,2.384185791015625e-07,1609701372.017506,1609701372.236975,0.2194690704345703,1609701372.0852673,1609701372.0916355,0.006368160247802734
633bb72eb8ce47d987d7f590e4f5dc0d,k-means,warm,exec,queue,0.03537464141845703,2.384185791015625e-07,0.0,1609701372.0200338,1609701372.212678,0.1926441192626953,1609701372.0920398,1609701372.0970988,0.005059003829956055
98575d7926104fff9fc566b44fda9d67,k-means,warm,exec,queue,0.03980422019958496,2.384185791015625e-07,0.0,1609701372.0216591,1609701372.2456875,0.2240283489227295,1609701372.0971212,1609701372.103433,0.006311655044555664
f1d1b56060ad42e58607ef1f43c226f0,k-means,warm,exec,queue,0.04497718811035156,2.384185791015625e-07,0.0,1609701372.0231302,1609701372.5486135,0.5254833698272705,1609701372.102894,1609701372.110198,0.007303953170776367
8b68d2301c0944818f9c1815a41e2f67,k-means,warm,exec,queue,0.0156097412109375,2.384185791015625e-07,2.384185791015625e-07,1609701372.0246258,1609701372.149832,0.12520623207092285,1609701372.069469,1609701372.077731,0.008261919021606445
6a3cc3d00d4d4d86b9e3f3114e27fbf7,k-means,warm,exec,queue,0.010545492172241211,2.384185791015625e-07,2.384185791015625e-07,1609701372.0262272,1609701372.1450732,0.11884593963623047,1609701372.064515,1609701372.072524,0.008008956909179688
1a0eb05d2ec641c0a084baeec8023462,k-means,warm,exec,queue,0.008573055267333984,7.152557373046875e-07,2.384185791015625e-07,1609701372.0277028,1609701372.14878,0.12107729911804199,1609701372.064282,1609701372.072331,0.00804901123046875
fca995c014ad4f01879642b7b42b2d67,k-means,warm,exec,queue,0.05342268943786621,4.76837158203125e-07,2.384185791015625e-07,1609701372.0291781,1609701372.2450142,0.2158360481262207,1609701372.1147745,1609701372.1210153,0.0062408447265625
d4b6eef6dbff43849dd84e6d5838ae2b,k-means,warm,exec,queue,0.05865979194641113,4.76837158203125e-07,2.384185791015625e-07,1609701372.0306594,1609701372.3882637,0.3576042652130127,1609701372.119291,1609701372.123814,0.004523038864135742
01be72f7da67459a80816a41579028e2,k-means,warm,exec,queue,0.06335091590881348,2.384185791015625e-07,2.384185791015625e-07,1609701372.0322397,1609701372.2703586,0.23811888694763184,1609701372.125474,1609701372.1319745,0.0065004825592041016
e9b15cf29e8140aeb8b6fb4a022302d5,k-means,warm,exec,queue,0.06804418563842773,2.384185791015625e-07,2.384185791015625e-07,1609701372.033718,1609701372.2398224,0.20610427856445312,1609701372.1291957,1609701372.1337154,0.00451970100402832
c6ca7e7b811a4b289cba2f4a196204d2,k-means,warm,exec,queue,0.07352089881896973,2.384185791015625e-07,0.0,1609701372.0351963,1609701372.4308004,0.39560413360595703,1609701372.1368203,1609701372.1437275,0.006907224655151367
04cef32f96af4b9a93706787d85410af,k-means,warm,exec,queue,0.07837271690368652,2.384185791015625e-07,2.384185791015625e-07,1609701372.0367641,1609701372.4967685,0.4600043296813965,1609701372.1405852,1609701372.1450207,0.004435539245605469
6be644973325459598545d640c40def9,k-means,warm,exec,queue,7.033348083496094e-05,7.152557373046875e-07,2.384185791015625e-07,1609701373.0006394,1609701373.1330414,0.1324019432067871,1609701373.0442615,1609701373.0522192,0.007957696914672852
a96b708777934eae89b5dbd2c186d2d6,video,warm,exec,queue,0.02020549774169922,2.384185791015625e-07,2.384185791015625e-07,1609701373.004941,1609701373.236004,0.2310631275177002,1609701373.0642724,1609701373.081107,0.016834497451782227
2df7ab521b974f03978e86dd718e1711,k-means,warm,exec,queue,0.004616498947143555,2.384185791015625e-07,2.384185791015625e-07,1609701373.0075545,1609701373.137654,0.13009953498840332,1609701373.0450258,1609701373.0553677,0.010341882705688477
5d4ab8a6c94a4120a349cb25ed423d92,k-means,warm,exec,queue,0.009535551071166992,2.384185791015625e-07,2.384185791015625e-07,1609701373.0101752,1609701373.258149,0.24797368049621582,1609701373.0505967,1609701373.0602958,0.009699106216430664
1a3f3eb06a704dee9517b35fdcdc73b4,k-means,warm,exec,queue,0.014949798583984375,2.384185791015625e-07,0.0,1609701373.012891,1609701373.1370516,0.1241605281829834,1609701373.0560222,1609701373.0641594,0.008137226104736328
8b01fbf1bdbf497b970574963b1b4d38,k-means,warm,exec,queue,0.019704580307006836,2.384185791015625e-07,0.0,1609701373.014463,1609701373.1567729,0.14230990409851074,1609701373.0633726,1609701373.0689917,0.005619049072265625
70a969eaba8c4bd4bea07544401bfc9d,k-means,warm,exec,queue,0.024715185165405273,2.384185791015625e-07,2.384185791015625e-07,1609701373.0160341,1609701373.3621106,0.34607648849487305,1609701373.0677161,1609701373.0739138,0.006197690963745117
26467dd5d5db4fbf9c057f2bbd802341,k-means,warm,exec,queue,0.0298311710357666,2.384185791015625e-07,2.384185791015625e-07,1609701373.0176451,1609701373.365512,0.3478667736053467,1609701373.0712786,1609701373.0780776,0.006798982620239258
7d40fd94dc5f4f22aac2ee919444ea2e,k-means,warm,exec,queue,0.04448199272155762,2.384185791015625e-07,2.384185791015625e-07,1609701373.0192237,1609701373.2568107,0.23758697509765625,1609701373.0873919,1609701373.0938895,0.006497621536254883
75ed5334f2d6425d9e0f41dcbcb41cad,k-means,warm,exec,queue,0.039302825927734375,2.384185791015625e-07,0.0,1609701373.0211358,1609701373.2388453,0.21770954132080078,1609701373.082973,1609701373.0898256,0.006852626800537109
93c5b9047fa14131bab0f1ca1637edec,k-means,warm,exec,queue,0.034429311752319336,2.384185791015625e-07,2.384185791015625e-07,1609701373.0227041,1609701373.2353902,0.21268606185913086,1609701373.0786693,1609701373.0843651,0.005695819854736328
fc7a3fad88344e5c89f6dfaa246bf4c0,disk,warm,exec,queue,0.020863056182861328,2.384185791015625e-07,2.384185791015625e-07,1609701373.0242965,1609701373.3661041,0.34180760383605957,1609701373.065171,1609701373.0722992,0.007128238677978516
876f56a3fa484926a9d83f042c7dab33,k-means,warm,exec,queue,0.0018949508666992188,7.152557373046875e-07,2.384185791015625e-07,1609701374.0003757,1609701374.1091623,0.10878658294677734,1609701374.0434601,1609701374.0520313,0.008571147918701172
80894ecab6be4791bb44707b4f5b681e,k-means,warm,exec,queue,0.0348818302154541,4.76837158203125e-07,0.0,1609701374.0046678,1609701374.2208352,0.21616744995117188,1609701374.076698,1609701374.083274,0.006575822830200195
fd1e654aeb7b49abaebedf9e56092e39,k-means,warm,exec,queue,0.039437055587768555,2.384185791015625e-07,2.384185791015625e-07,1609701374.0072696,1609701374.318052,0.31078243255615234,1609701374.0817413,1609701374.0866504,0.004909038543701172
d4347527112345e7aacfac9ec8e8dee0,k-means,warm,exec,queue,0.04491472244262695,4.76837158203125e-07,4.76837158203125e-07,1609701374.0098891,1609701374.2860785,0.27618932723999023,1609701374.0893276,1609701374.0958714,0.006543874740600586
6add96a46d8946f4af12ad9eddca91d8,k-means,warm,exec,queue,0.008518695831298828,2.384185791015625e-07,2.384185791015625e-07,1609701374.0126917,1609701374.1773016,0.1646099090576172,1609701374.0466547,1609701374.0549843,0.008329629898071289
17012c09df26439897e1698cb105958c,k-means,warm,exec,queue,0.013481616973876953,2.384185791015625e-07,0.0,1609701374.0142612,1609701374.1337316,0.11947035789489746,1609701374.0514293,1609701374.0602386,0.008809328079223633
2b9c7b1d58f64f54a981848e83694523,k-means,warm,exec,queue,0.018047571182250977,2.384185791015625e-07,2.384185791015625e-07,1609701374.0158346,1609701374.135456,0.11962151527404785,1609701374.056782,1609701374.0653882,0.008606195449829102
48025f9368af4f639aed0ff0035c5c31,k-means,warm,exec,queue,0.022661447525024414,2.384185791015625e-07,0.0,1609701374.0174258,1609701374.2510643,0.23363852500915527,1609701374.0623891,1609701374.068498,0.006108760833740234
ce2852ca66504bb6916caba50090d144,k-means,warm,exec,queue,0.027348041534423828,4.76837158203125e-07,4.76837158203125e-07,1609701374.0189939,1609701374.2843566,0.2653627395629883,1609701374.067748,1609701374.0734298,0.005681753158569336
c6c1650875464df8bc884a1cf765b729,k-means,warm,exec,queue,0.03250408172607422,2.384185791015625e-07,0.0,1609701374.020709,1609701374.1755373,0.15482831001281738,1609701374.0717952,1609701374.0787492,0.0069539546966552734
31903c66a59449a3ba05ce16e9020999,k-means,warm,exec,queue,0.0063860416412353516,4.76837158203125e-07,2.384185791015625e-07,1609701374.022283,1609701374.110839,0.08855581283569336,1609701374.0437195,1609701374.052401,0.008681535720825195
4a3426b9f9c04608aa4f6a5581253d16,k-means,warm,exec,queue,0.0016827583312988281,4.76837158203125e-07,2.384185791015625e-07,1609701375.0131528,1609701375.171461,0.1583082675933838,1609701375.0797994,1609701375.08842,0.008620500564575195
a4e9e33e44694404b967f1835ed1a4e3,k-means,warm,exec,queue,0.011914730072021484,2.384185791015625e-07,2.384185791015625e-07,1609701375.0174675,1609701375.1697412,0.15227365493774414,1609701375.0796382,1609701375.0883548,0.008716583251953125
0b7500a054aa439ebf739fd14a31380c,k-means,warm,exec,queue,0.07229375839233398,2.384185791015625e-07,0.0,1609701375.020049,1609701377.413333,2.3932838439941406,1609701375.150841,1609701375.1568878,0.006046772003173828
b5e8daebd4c049e4b08a78ccdcbae8b1,k-means,warm,exec,queue,0.07792782783508301,2.384185791015625e-07,2.384185791015625e-07,1609701375.0226102,1609701375.9927993,0.970189094543457,1609701375.1569047,1609701375.1622558,0.005351066589355469
14601add6b7f4a688f91bac839c20d3e,k-means,warm,exec,queue,0.08319735527038574,2.384185791015625e-07,0.0,1609701375.0254736,1609701375.9985344,0.9730608463287354,1609701375.162348,1609701375.1680808,0.00573277473449707
e05e2587bd0b45828afb0b05f4b1ee1d,k-means,warm,exec,queue,0.013318061828613281,7.152557373046875e-07,2.384185791015625e-07,1609701375.0280266,1609701375.4940114,0.4659848213195801,1609701375.0828526,1609701375.0913355,0.008482933044433594
f0a6ae621b5e4b55a76f9ecea401caaf,k-means,warm,exec,queue,0.017719268798828125,2.384185791015625e-07,2.384185791015625e-07,1609701375.0296497,1609701375.4905245,0.4608747959136963,1609701375.089168,1609701375.0966692,0.007501125335693359
48f37f011348441aa78c9d5aa1e5e463,k-means,warm,exec,queue,0.02303147315979004,2.384185791015625e-07,2.384185791015625e-07,1609701375.0311837,1609701375.9934096,0.9622259140014648,1609701375.1051302,1609701375.1132238,0.008093595504760742
b65b0381b6504bd2a37544c34c61b86d,k-means,warm,exec,queue,0.030844449996948242,4.76837158203125e-07,2.384185791015625e-07,1609701375.0328407,1609701377.4203527,2.387511968612671,1609701375.1089392,1609701375.1160517,0.0071125030517578125
fe5276bef99544bc850a6b0da601f8fb,k-means,warm,exec,queue,0.03840184211730957,4.76837158203125e-07,2.384185791015625e-07,1609701375.034373,1609701376.0322723,0.9978992938995361,1609701375.1109147,1609701375.1181247,0.0072100162506103516
c19577387c3e4c0cacddc2f83b43d43b,k-means,warm,exec,queue,0.04389238357543945,2.384185791015625e-07,2.384185791015625e-07,1609701375.0359035,1609701375.993974,0.9580705165863037,1609701375.116384,1609701375.124049,0.007664918899536133
2cdc5fa863ff4d39a9393e4e36b0ecec,k-means,warm,exec,queue,0.06763505935668945,2.384185791015625e-07,0.0,1609701375.0374498,1609701376.0697465,1.0322966575622559,1609701375.1478486,1609701375.1540275,0.006178855895996094
6df059b8d5bc4e0a97ca063d5e618c90,k-means,warm,exec,queue,0.04851984977722168,2.384185791015625e-07,2.384185791015625e-07,1609701375.0391,1609701375.9945087,0.9554088115692139,1609701375.128378,1609701375.1355884,0.007210493087768555
2ba9244a2b1a494dbcda788d6d781442,k-means,warm,exec,queue,0.055616140365600586,4.76837158203125e-07,2.384185791015625e-07,1609701375.0406532,1609701377.4148986,2.3742454051971436,1609701375.1344047,1609701375.1410298,0.006625175476074219
d034503436aa46a985aa99bcef675c2e,k-means,warm,exec,queue,0.06169295310974121,2.384185791015625e-07,0.0,1609701375.0422142,1609701375.9981046,0.955890417098999,1609701375.1357274,1609701375.1429558,0.007228374481201172
dd8d099f8a8a4b88b0dec78cc3365adb,k-means,warm,exec,queue,0.0660555362701416,4.76837158203125e-07,2.384185791015625e-07,1609701375.0437386,1609701377.4153738,2.3716351985931396,1609701375.1419322,1609701375.1496904,0.007758140563964844
a89825a04d3148899f99b8d7eaa514a8,video,warm,exec,queue,0.0223996639251709,2.384185791015625e-07,2.384185791015625e-07,1609701375.0453835,1609701375.4933898,0.44800639152526855,1609701375.1097238,1609701375.1270294,0.017305612564086914
5afdf9969578437d98fa31eeb34d6719,matmul,warm,exec,queue,0.0234220027923584,4.76837158203125e-07,2.384185791015625e-07,1609701375.046923,1609701375.9989111,0.9519882202148438,1609701375.1099873,1609701375.1211097,0.011122465133666992
ff453cf8438a4cbca56e1606d653d1d1,map_reduce,warm,exec,queue,0.029129981994628906,2.384185791015625e-07,0.0,1609701375.0484722,1609701375.987949,0.939476728439331,1609701375.1108558,1609701375.1963298,0.08547401428222656
02e49a13b8384e1992731bfb76ee832c,disk,warm,exec,queue,0.03221273422241211,4.76837158203125e-07,2.384185791015625e-07,1609701375.0500164,1609701376.0679593,1.0179429054260254,1609701375.1115704,1609701375.120237,0.008666753768920898
f3133c253a384d1e83f8527c54f992a7,image,cold,exec,create,0.04275107383728027,4.464297771453857,2.384185791015625e-07,1609701375.0516603,1609701379.6800678,4.6284074783325195,1609701379.584147,1609701379.6128356,0.028688669204711914
c020243cf650464e9748b9fd6d7baaf6,k-means,warm,exec,queue,0.002538442611694336,4.76837158203125e-07,2.384185791015625e-07,1609701376.0064824,1609701377.3039882,1.2975058555603027,1609701376.0525608,1609701376.0614634,0.008902549743652344
0205fd84132e4472a099667016d9a13d,k-means,warm,exec,queue,0.02214646339416504,2.384185791015625e-07,2.384185791015625e-07,1609701376.0098622,1609701377.2280743,1.2182121276855469,1609701376.0703964,1609701376.0772598,0.00686335563659668
f03914cf7e9f400eb76107d70787aab3,k-means,warm,exec,queue,0.02646780014038086,2.384185791015625e-07,0.0,1609701376.0116098,1609701377.4103372,1.3987274169921875,1609701376.072991,1609701376.078867,0.005876064300537109
f742ecc0bc704089b8fc5582060af99c,k-means,warm,exec,queue,0.03130030632019043,2.384185791015625e-07,0.0,1609701376.0133762,1609701377.7281327,1.7147564888000488,1609701376.0785336,1609701376.0844681,0.005934476852416992
d9064607c6664392b2d8149c4d517185,k-means,warm,exec,queue,0.03602313995361328,2.384185791015625e-07,4.76837158203125e-07,1609701376.015613,1609701377.9094245,1.8938114643096924,1609701376.0850945,1609701376.0919404,0.006845951080322266
377c2ff7178d47b0a563931a46fa2513,k-means,warm,exec,queue,0.040999650955200195,2.384185791015625e-07,0.0,1609701376.0173848,1609701377.9098186,1.8924338817596436,1609701376.0904129,1609701376.096832,0.006419181823730469
5a1446bb79794aa5b9acfdc12829a88f,k-means,warm,exec,queue,0.04655957221984863,2.384185791015625e-07,0.0,1609701376.0191357,1609701377.4179237,1.3987879753112793,1609701376.0952013,1609701376.101464,0.006262779235839844
efe0e7f9186f437bbbb255bf48421f67,k-means,warm,exec,queue,0.05125999450683594,2.384185791015625e-07,0.0,1609701376.02084,1609701376.201487,0.1806471347808838,1609701376.1004765,1609701376.1073909,0.006914377212524414
474286644dc94e23bef96e83b7e545ee,k-means,warm,exec,queue,0.056946516036987305,4.76837158203125e-07,2.384185791015625e-07,1609701376.0224128,1609701377.302285,1.279872179031372,1609701376.1075468,1609701376.1132746,0.0057277679443359375
085bba9f59994f479cad264e85bf4a1d,k-means,warm,exec,queue,0.01711893081665039,2.384185791015625e-07,0.0,1609701376.0248358,1609701376.1545696,0.12973380088806152,1609701376.0649638,1609701376.0722392,0.00727534294128418
f51ef96a88a14cd290cf0a070ca13e0e,k-means,warm,exec,queue,0.009045839309692383,2.384185791015625e-07,2.384185791015625e-07,1609701376.026387,1609701376.1526184,0.12623143196105957,1609701376.051169,1609701376.058057,0.006888151168823242
26b187865a5842db96efd9b7eadc2542,k-means,warm,exec,queue,0.014136075973510742,2.384185791015625e-07,2.384185791015625e-07,1609701376.027916,1609701376.2009394,0.17302346229553223,1609701376.057164,1609701376.0649104,0.007746458053588867
75647224773b4ca389658e7554471e2b,k-means,warm,exec,queue,0.0616457462310791,2.384185791015625e-07,2.384185791015625e-07,1609701376.0295515,1609701377.0403354,1.0107839107513428,1609701376.1127303,1609701376.1186757,0.005945444107055664
95c2fed9a4ab464a894e0973c7964219,k-means,warm,exec,queue,0.00705265998840332,4.76837158203125e-07,2.384185791015625e-07,1609701377.0065486,1609701377.909044,0.9024953842163086,1609701377.0579517,1609701377.0656707,0.0077190399169921875
bc3ace615be247dcbf1b0b78a3ab92c1,k-means,warm,exec,queue,0.0437469482421875,4.76837158203125e-07,2.384185791015625e-07,1609701377.010936,1609701377.6722798,0.6613438129425049,1609701377.098625,1609701377.104585,0.005959987640380859
cbaacb3b63c94953a6a6d146804ac4c8,k-means,warm,exec,queue,0.04827880859375,2.384185791015625e-07,2.384185791015625e-07,1609701377.0135667,1609701377.9009056,0.8873388767242432,1609701377.102502,1609701377.1071541,0.0046520233154296875
ea384209228d467a861b0f7adc20d962,k-means,warm,exec,queue,0.0530550479888916,4.76837158203125e-07,0.0,1609701377.0161297,1609701377.72855,0.7124202251434326,1609701377.1097982,1609701377.1168113,0.007013082504272461
1993303527fc4ebbafc100a8d9bdf1da,k-means,warm,exec,queue,0.030318498611450195,2.384185791015625e-07,2.384185791015625e-07,1609701377.0183105,1609701377.9107003,0.8923897743225098,1609701377.0791712,1609701377.0845778,0.005406618118286133
bd233471d8d945c293b9fa302695f6a3,k-means,warm,exec,queue,0.03534436225891113,2.384185791015625e-07,2.384185791015625e-07,1609701377.0198154,1609701377.900223,0.8804075717926025,1609701377.084507,1609701377.0907772,0.006270170211791992
aaad3db3031f4350bcb0d6cee874e0c8,k-means,warm,exec,queue,0.040505170822143555,2.384185791015625e-07,4.76837158203125e-07,1609701377.0213296,1609701377.418426,0.3970963954925537,1609701377.090716,1609701377.0957773,0.00506138801574707
0c5ada68c54248538f5a446844e963dd,k-means,warm,exec,queue,0.025969505310058594,4.76837158203125e-07,2.384185791015625e-07,1609701377.022846,1609701377.7274787,0.7046327590942383,1609701377.076767,1609701377.0821247,0.0053577423095703125
ab697106bfd54b258602396e7dc3c56f,k-means,warm,exec,queue,0.02039170265197754,4.76837158203125e-07,2.384185791015625e-07,1609701377.024446,1609701377.3003962,0.27595019340515137,1609701377.0689378,1609701377.0775187,0.008580923080444336
15c36020a4b0481e9a391b78a3181d3e,k-means,warm,exec,queue,0.015064001083374023,2.384185791015625e-07,0.0,1609701377.0260923,1609701377.9112673,0.8851749897003174,1609701377.0624783,1609701377.070127,0.0076487064361572266
6972466b7dd7494b8750a025bdd1e84b,k-means,warm,exec,queue,0.01032257080078125,2.384185791015625e-07,2.384185791015625e-07,1609701377.0275984,1609701377.9102426,0.8826441764831543,1609701377.057803,1609701377.0657942,0.007991313934326172
07b28ef9403b4ace8fb68b3746d0dd43,k-means,warm,exec,queue,0.05794167518615723,2.384185791015625e-07,2.384185791015625e-07,1609701377.0297387,1609701377.4206913,0.39095258712768555,1609701377.1133108,1609701377.1177526,0.004441738128662109
d233c3daacba48a2a87f323abab35c58,video,warm,exec,queue,0.015996217727661133,2.384185791015625e-07,2.384185791015625e-07,1609701377.03186,1609701377.412853,0.3809928894042969,1609701377.0773218,1609701377.0935879,0.0162661075592041
fdfd5ee67d80411cafc0d18f3d36e527,k-means,warm,exec,queue,0.003925323486328125,4.76837158203125e-07,2.384185791015625e-07,1609701377.9992669,1609701378.1096997,0.11043286323547363,1609701378.0366375,1609701378.0444558,0.007818222045898438
3bfbfcaffdaa47d99700bc085d64d957,k-means,warm,exec,queue,0.036243438720703125,7.152557373046875e-07,6.9141387939453125e-06,1609701378.0033302,1609701378.191485,0.1881546974182129,1609701378.078404,1609701378.0849986,0.006594657897949219
edf203de0b6946799a3560ae09379d9d,k-means,warm,exec,queue,0.041152000427246094,7.152557373046875e-07,2.384185791015625e-07,1609701378.0063744,1609701378.3382964,0.3319220542907715,1609701378.0830202,1609701378.0887363,0.005716085433959961
4ef74f8151034ad1b23247a3f50a8c3b,k-means,warm,exec,queue,0.045710086822509766,4.76837158203125e-07,4.76837158203125e-07,1609701378.0091166,1609701378.250046,0.24092936515808105,1609701378.0837364,1609701378.0898476,0.00611114501953125
11cf0ff686d545ba8c382389bd8e5b06,k-means,warm,exec,queue,0.017366647720336914,4.76837158203125e-07,0.0,1609701378.0122106,1609701378.1879194,0.17570877075195312,1609701378.051634,1609701378.0585053,0.006871223449707031
7e8d3968c8d548beb46719ac949db6d2,k-means,warm,exec,queue,0.02230978012084961,2.384185791015625e-07,0.0,1609701378.0140183,1609701378.1567972,0.14277887344360352,1609701378.0549836,1609701378.060916,0.005932331085205078
52cfa44d00914cbbb62cc128218ea8e7,k-means,warm,exec,queue,0.027786970138549805,2.384185791015625e-07,2.384185791015625e-07,1609701378.0155504,1609701378.1548288,0.13927841186523438,1609701378.0604968,1609701378.0667386,0.006241798400878906
1addadd081c949df84be32a0669ee89d,k-means,warm,exec,queue,0.03247642517089844,2.384185791015625e-07,0.0,1609701378.0172496,1609701378.2477849,0.23053526878356934,1609701378.0668309,1609701378.0735118,0.006680965423583984
458c5f13465f4ee9ae4daff685f07275,k-means,warm,exec,queue,0.012452125549316406,7.152557373046875e-07,2.384185791015625e-07,1609701378.0187964,1609701378.1908891,0.17209267616271973,1609701378.045265,1609701378.0534596,0.008194684982299805
06ab63c49e814985a6aec0280edb0313,k-means,warm,exec,queue,0.007859230041503906,4.76837158203125e-07,0.0,1609701378.0205786,1609701378.1585095,0.13793087005615234,1609701378.03954,1609701378.0478723,0.008332252502441406
35cabace6440426d8298750f1c106f3e,k-means,warm,exec,queue,0.000274658203125,7.152557373046875e-07,2.384185791015625e-07,1609701379.0175447,1609701379.2177484,0.20020365715026855,1609701379.0939722,1609701379.1007931,0.0068209171295166016
4ede581bee1640c3a9cc519b78fedb21,k-means,warm,exec,queue,0.008655309677124023,2.384185791015625e-07,2.384185791015625e-07,1609701379.0226038,1609701379.21916,0.19655632972717285,1609701379.0962417,1609701379.1041327,0.007890939712524414
2891a1d404a14f1391624825c984c572,k-means,warm,exec,queue,0.013183355331420898,2.384185791015625e-07,2.384185791015625e-07,1609701379.0248044,1609701379.3294802,0.304675817489624,1609701379.1008217,1609701379.108321,0.007499217987060547
4517cfcbd6944a3dbc6a7faab1f3f92e,k-means,warm,exec,queue,0.01815176010131836,2.384185791015625e-07,2.384185791015625e-07,1609701379.0269496,1609701379.3540196,0.3270699977874756,1609701379.1107993,1609701379.117053,0.006253719329833984
33c3b670b2224fdc920fe5aff8ef776f,k-means,warm,exec,queue,0.02385687828063965,4.76837158203125e-07,0.0,1609701379.029356,1609701379.2538857,0.22452974319458008,1609701379.1178105,1609701379.1249216,0.007111072540283203
f8d3cd0f96cc46c4a4a81784de1d1613,k-means,warm,exec,queue,0.029294967651367188,4.76837158203125e-07,4.76837158203125e-07,1609701379.0315032,1609701379.328028,0.2965247631072998,1609701379.1189885,1609701379.1253643,0.006375789642333984
f7202a563fa4405e96957b00d8747f40,k-means,warm,exec,queue,0.034703969955444336,2.384185791015625e-07,0.0,1609701379.0336475,1609701379.2534208,0.2197732925415039,1609701379.12317,1609701379.129265,0.006095170974731445
638af78803df4b3181db229ed947a3ac,k-means,warm,exec,queue,0.03989291191101074,2.384185791015625e-07,2.384185791015625e-07,1609701379.0357747,1609701379.5124946,0.47671985626220703,1609701379.1327748,1609701379.1403944,0.007619619369506836
37b7edfe741e4c63b2b3bd2788592478,k-means,warm,exec,queue,0.04615592956542969,2.384185791015625e-07,0.0,1609701379.038084,1609701379.2511895,0.2131054401397705,1609701379.1371243,1609701379.1425877,0.005463361740112305
62213a5929c74eca8156c2ef2206575a,k-means,warm,exec,queue,0.050971031188964844,2.384185791015625e-07,4.76837158203125e-07,1609701379.040235,1609701379.3555105,0.3152754306793213,1609701379.1416328,1609701379.1487,0.007067203521728516
acacdca002e94665ab95f49485b35e53,k-means,warm,exec,queue,0.05675792694091797,2.384185791015625e-07,0.0,1609701379.042366,1609701379.514642,0.472275972366333,1609701379.1486132,1609701379.154935,0.00632166862487793
b19aab2649534d238c240af6fcd72477,k-means,warm,exec,queue,0.061425209045410156,2.384185791015625e-07,0.0,1609701379.04451,1609701379.4629421,0.41843223571777344,1609701379.1540873,1609701379.1605532,0.006465911865234375
a3c341ad75dc46b98494f9e2a84687f9,k-means,warm,exec,queue,0.06615543365478516,2.384185791015625e-07,2.384185791015625e-07,1609701379.0467598,1609701379.4151087,0.3683488368988037,1609701379.157577,1609701379.1637197,0.006142616271972656
91e2dc56dbbe43f184681e5e4816832d,k-means,warm,exec,queue,0.07107710838317871,2.384185791015625e-07,2.384185791015625e-07,1609701379.0488865,1609701379.5632403,0.5143537521362305,1609701379.162958,1609701379.1691477,0.006189823150634766
7d493dfe3e8f443e953f22faa5854b48,k-means,warm,exec,queue,0.07578182220458984,2.384185791015625e-07,0.0,1609701379.0510056,1609701379.5656366,0.5146310329437256,1609701379.1691003,1609701379.174913,0.005812644958496094
e16dc4f232e34d9db46080a29e138b30,k-means,warm,exec,queue,0.08133935928344727,2.384185791015625e-07,2.384185791015625e-07,1609701379.0531435,1609701379.461593,0.4084494113922119,1609701379.1755674,1609701379.1821282,0.006560802459716797
6640ff9bfd7e4e6eb870d397d090cc59,k-means,warm,exec,queue,0.08629822731018066,2.384185791015625e-07,0.0,1609701379.0553753,1609701379.5652657,0.5098903179168701,1609701379.1808689,1609701379.1886494,0.007780551910400391
0b9447aa8792495781b9b8bc50e4f585,k-means,warm,exec,queue,0.0909421443939209,2.384185791015625e-07,2.384185791015625e-07,1609701379.0575306,1609701379.4146576,0.35712695121765137,1609701379.1844335,1609701379.1911848,0.006751298904418945
2d7ebf1d3b5d460da5e45365841e3fb6,k-means,warm,exec,queue,0.0958709716796875,2.384185791015625e-07,0.0,1609701379.0596507,1609701379.516359,0.4567084312438965,1609701379.1900032,1609701379.1975403,0.007537126541137695
207eaf96e27643e794c253ee3c6821dc,k-means,warm,exec,queue,0.10087752342224121,2.384185791015625e-07,0.0,1609701379.0617821,1609701379.4124181,0.35063600540161133,1609701379.1963198,1609701379.2025144,0.006194591522216797
ecbaeee7543d455e803e96223c85c4c8,video,warm,exec,queue,0.014965295791625977,2.384185791015625e-07,0.0,1609701379.0640097,1609701379.515084,0.45107436180114746,1609701379.114362,1609701379.1302557,0.01589369773864746
e6863e0effe3408a8d241915661b2246,k-means,warm,exec,queue,0.00549769401550293,4.76837158203125e-07,2.384185791015625e-07,1609701380.0026596,1609701380.1151085,0.11244893074035645,1609701380.0397048,1609701380.046186,0.006481170654296875
583531ffeb044163820f0a104c77776c,matmul,warm,exec,queue,0.012779712677001953,4.76837158203125e-07,2.384185791015625e-07,1609701380.0063238,1609701380.248359,0.2420351505279541,1609701380.062086,1609701380.0731866,0.011100530624389648
a03c32ce341542edb11eee23d1b05b4e,k-means,warm,exec,queue,0.01007986068725586,4.76837158203125e-07,2.384185791015625e-07,1609701380.0100608,1609701380.157197,0.14713621139526367,1609701380.045185,1609701380.0520349,0.006849765777587891
101c8f0767e84573af5ffff7bd113c5b,k-means,warm,exec,queue,0.014612436294555664,4.76837158203125e-07,4.76837158203125e-07,1609701380.012602,1609701380.21846,0.2058579921722412,1609701380.057766,1609701380.065478,0.007712125778198242
6269cf3f0caa4d28bb073048b191dd92,k-means,warm,exec,queue,0.020616769790649414,4.76837158203125e-07,2.384185791015625e-07,1609701380.015098,1609701380.1588974,0.1437993049621582,1609701380.0620308,1609701380.0685642,0.006533384323120117
f01b969688e04510a087d2fbfa01ced4,k-means,warm,exec,queue,0.025572538375854492,4.76837158203125e-07,2.384185791015625e-07,1609701380.017974,1609701380.4190526,0.4010787010192871,1609701380.0623949,1609701380.0666616,0.0042667388916015625
543d0e74e09647f5b07c6d2cb954c098,k-means,warm,exec,queue,0.03025674819946289,2.384185791015625e-07,0.0,1609701380.0205007,1609701380.4163346,0.39583396911621094,1609701380.0680525,1609701380.0765748,0.008522272109985352
2f4707c7153540feb98d122737e1d0b6,k-means,warm,exec,queue,0.03537392616271973,2.384185791015625e-07,0.0,1609701380.0220344,1609701380.4196212,0.3975868225097656,1609701380.0750968,1609701380.0810194,0.005922555923461914
a5c29d7bf7314a0cb3a7e25b4665bb45,k-means,warm,exec,queue,0.03973841667175293,2.384185791015625e-07,2.384185791015625e-07,1609701380.0234888,1609701380.2164757,0.19298696517944336,1609701380.0819445,1609701380.0880203,0.006075859069824219
6e857e4e71dd4b5dbb6f5b9c7268975a,k-means,warm,exec,queue,0.0037305355072021484,4.76837158203125e-07,0.0,1609701381.0046396,1609701381.137927,0.1332874298095703,1609701381.043829,1609701381.0521538,0.008324861526489258
0fe34700f87d4b2fac2697a88a06391f,video,warm,exec,queue,0.016472578048706055,2.384185791015625e-07,0.0,1609701381.0086834,1609701381.1766043,0.16792082786560059,1609701381.0610907,1609701381.0766068,0.015516042709350586
a7a9a5e30b474f7e9185a653d1cc2d95,k-means,warm,exec,queue,0.040914058685302734,4.76837158203125e-07,2.384185791015625e-07,1609701381.0111957,1609701381.2866561,0.27546048164367676,1609701381.083501,1609701381.0898466,0.006345510482788086
5f2f0166bdf04eb3833bd927601a60cc,k-means,warm,exec,queue,0.03609061241149902,2.384185791015625e-07,0.0,1609701381.0136836,1609701381.2512238,0.23754024505615234,1609701381.0758698,1609701381.0819542,0.006084442138671875
2e9118f0758543cd8b7a9b8429e7329a,k-means,warm,exec,queue,0.03144431114196777,2.384185791015625e-07,2.384185791015625e-07,1609701381.016473,1609701381.444121,0.42764782905578613,1609701381.0718768,1609701381.0778182,0.0059413909912109375
da4e4b7d0cb0468b82d2469e2bda5e7d,k-means,warm,exec,queue,0.026776790618896484,2.384185791015625e-07,2.384185791015625e-07,1609701381.0180607,1609701381.220632,0.20257139205932617,1609701381.0671186,1609701381.0742295,0.0071108341217041016
57e21f004d8946b891f62dca7caf9bbc,k-means,warm,exec,queue,0.008102655410766602,2.384185791015625e-07,2.384185791015625e-07,1609701381.0194786,1609701381.1374323,0.11795377731323242,1609701381.0436988,1609701381.0511897,0.007490873336791992
031e66d9c87a416d8f2c11c90cd91b27,k-means,warm,exec,queue,0.01302957534790039,4.76837158203125e-07,2.384185791015625e-07,1609701381.0209222,1609701381.1349916,0.11406946182250977,1609701381.048861,1609701381.0570538,0.008192777633666992
ccde0776c7a24460b0913df2fae3d9e9,k-means,warm,exec,queue,0.017658710479736328,4.76837158203125e-07,2.384185791015625e-07,1609701381.0223532,1609701381.2237217,0.2013685703277588,1609701381.0535429,1609701381.0607033,0.0071604251861572266
a73a0d2b50564f6cb55841397ff38664,k-means,warm,exec,queue,0.02359795570373535,2.384185791015625e-07,2.384185791015625e-07,1609701381.023884,1609701381.284854,0.260969877243042,1609701381.0607398,1609701381.065959,0.005219221115112305
e3a678bcbdaa4eeebbe08e0de952b36f,k-means,warm,exec,queue,0.0038290023803710938,7.152557373046875e-07,2.384185791015625e-07,1609701382.0067906,1609701382.1868427,0.1800520420074463,1609701382.0505848,1609701382.0587,0.008115291595458984
103a559d060f4a90ade0332373e2cc99,k-means,warm,exec,queue,0.04903984069824219,2.384185791015625e-07,2.384185791015625e-07,1609701382.0109208,1609701382.1915922,0.18067145347595215,1609701382.0968428,1609701382.102898,0.006055116653442383
2ee6711a06ef4c07bcba2743d3713be4,k-means,warm,exec,queue,0.044317007064819336,2.384185791015625e-07,0.0,1609701382.0134478,1609701382.1905017,0.17705392837524414,1609701382.0907097,1609701382.0957208,0.005011081695556641
3eb96b45a3504409ac81d2e91ecc91fa,k-means,warm,exec,queue,0.03976845741271973,0.0,2.384185791015625e-07,1609701382.0159266,1609701382.3907392,0.37481260299682617,1609701382.0871336,1609701382.0930326,0.005898952484130859
b5c4857e46d9425287f81afc0438e3df,k-means,warm,exec,queue,0.035262107849121094,4.76837158203125e-07,0.0,1609701382.0187004,1609701382.2206597,0.20195937156677246,1609701382.0811896,1609701382.0895429,0.008353233337402344
40050ed689864cdc806fc5af629c2737,k-means,warm,exec,queue,0.030722379684448242,2.384185791015625e-07,2.384185791015625e-07,1609701382.020912,1609701382.3899767,0.3690648078918457,1609701382.075329,1609701382.0800607,0.004731655120849609
feb01c14e63b4ab5bd2361eac938ba11,k-means,warm,exec,queue,0.025463342666625977,4.76837158203125e-07,2.384185791015625e-07,1609701382.022341,1609701382.247571,0.22522997856140137,1609701382.0714784,1609701382.0780668,0.006588459014892578
0ab6e1a7f3a74668a3e737c90bb371ac,k-means,warm,exec,queue,0.009341239929199219,7.152557373046875e-07,2.384185791015625e-07,1609701382.0237677,1609701382.1305428,0.10677504539489746,1609701382.0509021,1609701382.059036,0.008133888244628906
29d767952a474d568f250a2e1413c42a,k-means,warm,exec,queue,0.014477729797363281,2.384185791015625e-07,2.384185791015625e-07,1609701382.0252178,1609701382.1288106,0.1035928726196289,1609701382.0548263,1609701382.0624504,0.007624149322509766
96de04e0412c4a238a9efca34648d7d7,k-means,warm,exec,queue,0.01876068115234375,2.384185791015625e-07,2.384185791015625e-07,1609701382.0267584,1609701382.1910582,0.16429972648620605,1609701382.0600019,1609701382.0681548,0.008152961730957031
ea0147fb39654378a2691da4d4f0d6f5,k-means,warm,exec,queue,0.023197174072265625,4.76837158203125e-07,2.384185791015625e-07,1609701382.028197,1609701382.2972891,0.2690920829772949,1609701382.0714967,1609701382.0791705,0.007673740386962891
f6c4d390572747aabfa4169ed2dd8c93,k-means,warm,exec,queue,0.0009169578552246094,2.384185791015625e-07,2.384185791015625e-07,1609701383.0194159,1609701383.155225,0.13580918312072754,1609701383.0798078,1609701383.0881488,0.008341073989868164
66d3c52e55f942d9bc59e3b673c045e2,k-means,warm,exec,queue,0.07418370246887207,2.384185791015625e-07,2.384185791015625e-07,1609701383.0238397,1609701383.5267334,0.5028936862945557,1609701383.1537666,1609701383.1587632,0.004996538162231445
1fe18363a7a74546b8cc2dce8a569178,k-means,warm,exec,queue,0.07927632331848145,2.384185791015625e-07,0.0,1609701383.0257256,1609701383.5248086,0.4990830421447754,1609701383.1587083,1609701383.1641252,0.0054168701171875
1687f8d1af384a2398158a5c5d54c236,k-means,warm,exec,queue,0.08401274681091309,2.384185791015625e-07,2.384185791015625e-07,1609701383.027249,1609701383.3256252,0.29837608337402344,1609701383.1647956,1609701383.1707423,0.005946636199951172
afcd0f9c97594d6aa4cde05d9c37fd4f,k-means,warm,exec,queue,0.010894060134887695,2.384185791015625e-07,4.76837158203125e-07,1609701383.0289693,1609701383.1570425,0.12807321548461914,1609701383.0800807,1609701383.088614,0.008533239364624023
e9f23ab16b754fc18f1dcf0f2d9e1885,k-means,warm,exec,queue,0.016132116317749023,2.384185791015625e-07,2.384185791015625e-07,1609701383.0304735,1609701383.1573777,0.12690424919128418,1609701383.0842674,1609701383.0926137,0.008346319198608398
afd20c00fd8043c08f1d986cea0cf676,k-means,warm,exec,queue,0.020589351654052734,2.384185791015625e-07,0.0,1609701383.031989,1609701383.2446675,0.2126784324645996,1609701383.0894177,1609701383.097294,0.007876396179199219
2cb52dc0c1864cd59140731151bb684b,k-means,warm,exec,queue,0.025113821029663086,2.384185791015625e-07,0.0,1609701383.0335147,1609701383.4346032,0.4010884761810303,1609701383.1013255,1609701383.1095886,0.008263111114501953
ebd915644c4d4456a26e5f28fd61fec0,k-means,warm,exec,queue,0.030411958694458008,2.384185791015625e-07,2.384185791015625e-07,1609701383.0351565,1609701383.433189,0.39803242683410645,1609701383.101381,1609701383.1079223,0.006541252136230469
692c55112334450c999e5a46d4f3d284,k-means,warm,exec,queue,0.0346684455871582,2.384185791015625e-07,0.0,1609701383.036694,1609701383.3903308,0.3536367416381836,1609701383.1046479,1609701383.110011,0.0053632259368896484
fffe9b2819e847edb4a6409daba1c424,k-means,warm,exec,queue,0.039980173110961914,2.384185791015625e-07,2.384185791015625e-07,1609701383.0381618,1609701383.435867,0.3977053165435791,1609701383.1116557,1609701383.119066,0.007410287857055664
25a228f2a7a644b1aa606ce687d53f95,k-means,warm,exec,queue,0.04444432258605957,2.384185791015625e-07,0.0,1609701383.03962,1609701383.1972952,0.15767526626586914,1609701383.116735,1609701383.122811,0.00607609748840332
d2d4c81fa0624b5eb201b04e297c1e74,k-means,warm,exec,queue,0.04895472526550293,2.384185791015625e-07,2.384185791015625e-07,1609701383.0411897,1609701383.2810748,0.2398850917816162,1609701383.123363,1609701383.1299727,0.006609678268432617
64e0727d773348298a9fdae585342be8,k-means,warm,exec,queue,0.05375814437866211,4.76837158203125e-07,4.76837158203125e-07,1609701383.0426486,1609701383.391325,0.3486764430999756,1609701383.1277137,1609701383.133129,0.005415201187133789
b4d79865c6944121a694eb6293c59613,k-means,warm,exec,queue,0.05824017524719238,2.384185791015625e-07,2.384185791015625e-07,1609701383.0441077,1609701383.242294,0.19818639755249023,1609701383.1315134,1609701383.1376686,0.006155252456665039
b0cbb51a3c2148eb89dc38f80710aea6,k-means,warm,exec,queue,0.06280326843261719,2.384185791015625e-07,2.384185791015625e-07,1609701383.045581,1609701383.431862,0.38628101348876953,1609701383.1386437,1609701383.1439838,0.005340099334716797
221c6586f640401eb204d638b813f86e,k-means,warm,exec,queue,0.06705331802368164,2.384185791015625e-07,2.384185791015625e-07,1609701383.0471416,1609701383.3557131,0.30857157707214355,1609701383.143673,1609701383.1496875,0.006014585494995117
9240f2ba9d2f47d7bb09ae5af5c2135f,k-means,warm,exec,queue,0.07164430618286133,2.384185791015625e-07,2.384185791015625e-07,1609701383.0486393,1609701383.2428606,0.19422125816345215,1609701383.1487033,1609701383.1548915,0.006188154220581055
22a91c16a7ff4789919d168ee1c1d234,video,warm,exec,queue,0.020305633544921875,2.384185791015625e-07,2.384185791015625e-07,1609701383.050104,1609701383.3892822,0.33917832374572754,1609701383.1014366,1609701383.1167982,0.015361547470092773
fc1cd329ccf741749e8d7a79f25a0221,k-means,warm,exec,queue,0.003504037857055664,4.76837158203125e-07,2.384185791015625e-07,1609701384.0033283,1609701384.610898,0.607569694519043,1609701384.0543835,1609701384.062843,0.00845956802368164
55128e4855f84397afa38d888b195edd,k-means,warm,exec,queue,0.024519920349121094,4.76837158203125e-07,2.384185791015625e-07,1609701384.007562,1609701384.7022743,0.6947124004364014,1609701384.0784123,1609701384.084093,0.00568079948425293
dc92e9553a6d421ca472701abffd70b4,k-means,warm,exec,queue,0.008037328720092773,4.76837158203125e-07,2.384185791015625e-07,1609701384.010193,1609701384.7960076,0.7858145236968994,1609701384.0577016,1609701384.0665395,0.00883793830871582
cbe94714e7b74bd3b6f3ea0d22f5a017,k-means,warm,exec,queue,0.012462854385375977,4.76837158203125e-07,2.384185791015625e-07,1609701384.0128002,1609701384.704268,0.6914677619934082,1609701384.0628,1609701384.0716555,0.008855581283569336
fdcb443abe5d42d1b29ca9024db09186,k-means,warm,exec,queue,0.016869068145751953,4.76837158203125e-07,2.384185791015625e-07,1609701384.0153885,1609701384.869083,0.8536944389343262,1609701384.070347,1609701384.0786905,0.00834345817565918
fa2e5c02c0454d3b9e015c1ac0ad7fac,k-means,warm,exec,queue,0.022457599639892578,2.384185791015625e-07,2.384185791015625e-07,1609701384.039599,1609701384.6090271,0.5694282054901123,1609701384.073604,1609701384.080322,0.0067179203033447266
2f500f9ece294935bbfdb63713994b28,k-means,warm,exec,queue,7.104873657226562e-05,4.76837158203125e-07,2.384185791015625e-07,1609701385.010506,1609701385.1273766,0.11687064170837402,1609701385.0522993,1609701385.0595372,0.007237911224365234
a02ac38097a1445cb313809e35e6943b,matmul,warm,exec,queue,0.02221846580505371,2.384185791015625e-07,0.0,1609701385.0146224,1609701385.1634233,0.14880084991455078,1609701385.0739975,1609701385.0853753,0.011377811431884766
4b76cbbb29ed4b8093ffc7425023584f,k-means,warm,exec,queue,0.004607439041137695,2.384185791015625e-07,0.0,1609701385.0172634,1609701385.2700353,0.25277185440063477,1609701385.053166,1609701385.061042,0.007876157760620117
f7b3d2b8d9ac488d996eabf1bea640e2,k-means,warm,exec,queue,0.009462356567382812,2.384185791015625e-07,0.0,1609701385.019833,1609701385.2031646,0.18333148956298828,1609701385.0580268,1609701385.0660696,0.00804281234741211
5a9abc74c5e94cd6b8d05ff819283901,k-means,warm,exec,queue,0.014933109283447266,4.76837158203125e-07,4.76837158203125e-07,1609701385.0218987,1609701385.1617658,0.13986706733703613,1609701385.070192,1609701385.078608,0.008415937423706055
49ec340a0d834a9dbab6413cf31fd2dd,k-means,warm,exec,queue,0.021718502044677734,2.384185791015625e-07,0.0,1609701385.0234666,1609701385.160662,0.13719534873962402,1609701385.0743325,1609701385.0798767,0.005544185638427734
c6b7f95aa2d347cb9d12e198a8bdcce8,k-means,warm,exec,queue,0.026281356811523438,0.0,0.0,1609701385.0250673,1609701385.2405808,0.2155134677886963,1609701385.0758433,1609701385.0821793,0.0063359737396240234
800f58a0381644e589f79b68f4d88b00,k-means,warm,exec,queue,0.03162097930908203,4.76837158203125e-07,4.76837158203125e-07,1609701385.0266576,1609701385.3129578,0.2863001823425293,1609701385.0815067,1609701385.0886014,0.007094621658325195
d7bc7b2609754464b2186b494331a1fa,k-means,warm,exec,queue,0.03625941276550293,2.384185791015625e-07,2.384185791015625e-07,1609701385.028379,1609701385.2372463,0.20886731147766113,1609701385.0873857,1609701385.0931685,0.0057828426361083984
91e2b58400b74d57a7cb2e31e12bea11,k-means,warm,exec,queue,0.04123711585998535,2.384185791015625e-07,2.384185791015625e-07,1609701385.0299828,1609701385.2690492,0.23906636238098145,1609701385.0936837,1609701385.1005425,0.00685882568359375
e93ae7fe4e5f4b1ab628742afc9522ad,video,warm,exec,queue,0.015038490295410156,2.384185791015625e-07,2.384185791015625e-07,1609701385.0315807,1609701385.3812752,0.34969449043273926,1609701385.0707355,1609701385.0873911,0.016655683517456055
8b997afc50a74d48b2c8fa3afd1d31bf,map_reduce,warm,exec,queue,0.022046804428100586,2.384185791015625e-07,2.384185791015625e-07,1609701385.0331843,1609701385.2399757,0.20679140090942383,1609701385.0754676,1609701385.160119,0.08465147018432617
0aad0235d7544305a46db722e02afcf3,k-means,warm,exec,queue,7.581710815429688e-05,2.384185791015625e-07,2.384185791015625e-07,1609701386.0144274,1609701386.1455398,0.13111233711242676,1609701386.0603266,1609701386.0675018,0.0071752071380615234
fa584cb04ca84dddbd201797c89541d3,k-means,warm,exec,queue,0.008000850677490234,4.76837158203125e-07,0.0,1609701386.0186057,1609701386.2067933,0.1881875991821289,1609701386.061213,1609701386.0689034,0.0076904296875
80d166a78fcb43e5bd4fdc238946023a,k-means,warm,exec,queue,0.012898683547973633,2.384185791015625e-07,2.384185791015625e-07,1609701386.0211573,1609701386.2063124,0.18515515327453613,1609701386.0660906,1609701386.0737638,0.0076732635498046875
a3600e93d8464f0794ffbdd40fcc1a1f,k-means,warm,exec,queue,0.01816534996032715,2.384185791015625e-07,2.384185791015625e-07,1609701386.023672,1609701386.1794698,0.15579771995544434,1609701386.0758545,1609701386.082287,0.006432533264160156
709c2bffba524313b028cc4737fdf86f,k-means,warm,exec,queue,0.022629499435424805,4.76837158203125e-07,2.384185791015625e-07,1609701386.0255296,1609701386.204079,0.17854928970336914,1609701386.0771616,1609701386.0821106,0.004949092864990234
ccffb00a8ca24af38fbbe0a2ee30ce22,k-means,warm,exec,queue,0.027869224548339844,2.384185791015625e-07,0.0,1609701386.0269718,1609701386.182102,0.15513014793395996,1609701386.0823493,1609701386.0883236,0.005974292755126953
8e494a309d0c4fc2a5c7a245eba13528,k-means,warm,exec,queue,0.032928466796875,2.384185791015625e-07,2.384185791015625e-07,1609701386.028452,1609701386.2754836,0.24703168869018555,1609701386.0889738,1609701386.0946496,0.005675792694091797
aeb7ebdaea484126b8f89514c90cd3e9,k-means,warm,exec,queue,0.03724980354309082,2.384185791015625e-07,2.384185791015625e-07,1609701386.029947,1609701386.1826427,0.1526956558227539,1609701386.0939403,1609701386.0982213,0.004281044006347656
644eb182898a446a8894d07ee012c00e,k-means,warm,exec,queue,0.04252266883850098,2.384185791015625e-07,2.384185791015625e-07,1609701386.0314531,1609701386.2735806,0.2421274185180664,1609701386.1003728,1609701386.1066074,0.006234645843505859
3dabcf5cc01d478a9514d99b855567a4,k-means,warm,exec,queue,0.0477757453918457,2.384185791015625e-07,2.384185791015625e-07,1609701386.0330913,1609701386.3396482,0.30655694007873535,1609701386.1049237,1609701386.1091146,0.004190921783447266
2592e383fe0c45b18b7d5271fe38295d,k-means,warm,exec,queue,0.05299019813537598,2.384185791015625e-07,2.384185791015625e-07,1609701386.0345867,1609701386.4162343,0.38164758682250977,1609701386.1132023,1609701386.1198308,0.006628513336181641
0f33199bbc4148659e580ba4af649e71,k-means,warm,exec,queue,0.057532548904418945,2.384185791015625e-07,2.384185791015625e-07,1609701386.0360816,1609701386.3051708,0.2690892219543457,1609701386.115976,1609701386.1198602,0.0038840770721435547
f25efe6f04a441d79f62a4260b06c1d2,k-means,warm,exec,queue,0.06279325485229492,4.76837158203125e-07,2.384185791015625e-07,1609701386.037595,1609701386.2380025,0.2004075050354004,1609701386.1227007,1609701386.1290977,0.0063970088958740234
6b351fd67def4d2fb2445fba7c0b3296,k-means,warm,exec,queue,7.152557373046875e-05,4.76837158203125e-07,2.384185791015625e-07,1609701387.0177586,1609701387.1586363,0.14087772369384766,1609701387.0728061,1609701387.081354,0.008547782897949219
f01d901ac7bf4ef89b2e4f7aa5381983,k-means,warm,exec,queue,0.009951591491699219,2.384185791015625e-07,0.0,1609701387.0222487,1609701387.1590924,0.13684368133544922,1609701387.0734744,1609701387.081937,0.008462667465209961
db17e25f6e2b4d49bf031dc6896660b8,k-means,warm,exec,queue,0.014645099639892578,4.76837158203125e-07,2.384185791015625e-07,1609701387.024903,1609701387.2283158,0.20341277122497559,1609701387.078824,1609701387.087618,0.008794069290161133
2c930aea1f9d4e98bae903eb4694a9e4,k-means,warm,exec,queue,0.01910090446472168,2.384185791015625e-07,2.384185791015625e-07,1609701387.0275126,1609701387.1564438,0.12893128395080566,1609701387.0840898,1609701387.0925372,0.008447408676147461
08e2f0a9ded0413393aa3bdb9a4b60a8,k-means,warm,exec,queue,0.026200056076049805,4.76837158203125e-07,0.0,1609701387.0304737,1609701387.2317002,0.20122647285461426,1609701387.0947769,1609701387.1022418,0.007464885711669922
63ad9fd9a1174bf5b44e99ff0e45f885,k-means,warm,exec,queue,0.030587434768676758,2.384185791015625e-07,2.384185791015625e-07,1609701387.0328333,1609701387.317946,0.2851126194000244,1609701387.0959313,1609701387.1010895,0.005158185958862305
a1a536c25b9c49a0b87f7a6d7f29cca0,k-means,warm,exec,queue,0.03579354286193848,2.384185791015625e-07,2.384185791015625e-07,1609701387.0344377,1609701387.2312794,0.19684171676635742,1609701387.1016235,1609701387.1072066,0.005583047866821289
43303138ed23407ab6af85a48d76d327,k-means,warm,exec,queue,0.0407257080078125,2.384185791015625e-07,2.384185791015625e-07,1609701387.0360324,1609701387.222966,0.1869335174560547,1609701387.1084304,1609701387.1133778,0.0049474239349365234
7f14e200e9f04f63a57e2df60037d72f,k-means,warm,exec,queue,0.0459141731262207,0.0,2.384185791015625e-07,1609701387.0376413,1609701387.3420694,0.3044281005859375,1609701387.1131628,1609701387.1193876,0.006224870681762695
9e25d0dbe05b48f1b8baa61c2a3285ae,k-means,warm,exec,queue,0.05027461051940918,4.76837158203125e-07,2.384185791015625e-07,1609701387.0393846,1609701387.2256947,0.1863100528717041,1609701387.1205685,1609701387.1275036,0.00693511962890625
3b8bb2bc814d44b985cc7b53acea9358,k-means,warm,exec,queue,0.055120229721069336,2.384185791015625e-07,2.384185791015625e-07,1609701387.0410016,1609701387.232023,0.19102144241333008,1609701387.125016,1609701387.1302233,0.0052073001861572266
d711921996a34c2d9dc06d2f2653189a,k-means,warm,exec,queue,0.05954766273498535,2.384185791015625e-07,2.384185791015625e-07,1609701387.042594,1609701387.2243557,0.1817617416381836,1609701387.1287632,1609701387.1337562,0.004992961883544922
a0288ce2bfc94bf2862740b939d1cd99,k-means,warm,exec,queue,0.06467390060424805,2.384185791015625e-07,2.384185791015625e-07,1609701387.0441628,1609701387.3691878,0.3250250816345215,1609701387.1358268,1609701387.1414888,0.005661964416503906
eb500d59a95d4d9088afa376a4891bfe,k-means,warm,exec,queue,0.06858038902282715,4.76837158203125e-07,2.384185791015625e-07,1609701387.045865,1609701387.2278152,0.18195009231567383,1609701387.1398213,1609701387.1442513,0.004430055618286133
673015be3a544cc8ab5e9a4b0ebb8700,video,warm,exec,queue,0.016353368759155273,2.384185791015625e-07,0.0,1609701387.0474327,1609701387.1897342,0.1423015594482422,1609701387.0960858,1609701387.1134222,0.017336368560791016
0ea500235628412787f5da34dd28f7b5,k-means,warm,exec,queue,0.00404667854309082,7.152557373046875e-07,2.384185791015625e-07,1609701388.0171435,1609701388.1450284,0.1278848648071289,1609701388.0631235,1609701388.0716856,0.008562088012695312
d0e89bbb9afe4f799fe987248a421024,k-means,warm,exec,queue,0.009303569793701172,2.384185791015625e-07,2.384185791015625e-07,1609701388.0215793,1609701388.1456354,0.12405610084533691,1609701388.0633597,1609701388.0721989,0.008839130401611328
fedf40f1c0fc4730adbaa0ca97b87da6,k-means,warm,exec,queue,0.05119609832763672,2.384185791015625e-07,0.0,1609701388.0242558,1609701388.1915686,0.1673128604888916,1609701388.110966,1609701388.115912,0.004945993423461914
4ad1b87ac13a43bda340b22b2303e1cb,k-means,warm,exec,queue,0.046140432357788086,2.384185791015625e-07,2.384185791015625e-07,1609701388.0269,1609701388.360648,0.33374786376953125,1609701388.1071048,1609701388.114358,0.007253170013427734
b85b567f035048f0b9497ce87bd8d83c,k-means,warm,exec,queue,0.04097437858581543,2.384185791015625e-07,0.0,1609701388.0294838,1609701388.3105044,0.2810206413269043,1609701388.1053493,1609701388.1129804,0.007631063461303711
7362526b57a2435d951d977e2289b5e2,k-means,warm,exec,queue,0.03557419776916504,2.384185791015625e-07,2.384185791015625e-07,1609701388.0310917,1609701388.2256181,0.19452643394470215,1609701388.093789,1609701388.0990605,0.005271434783935547
311b31a60b6d4661a86fb531d7fac25b,k-means,warm,exec,queue,0.030614614486694336,2.384185791015625e-07,2.384185791015625e-07,1609701388.032858,1609701388.2295468,0.19668889045715332,1609701388.090021,1609701388.0956717,0.005650758743286133
c74fca979bfa43eeb12853fe2f9f3f0f,k-means,warm,exec,queue,0.026143312454223633,4.76837158203125e-07,4.76837158203125e-07,1609701388.0344656,1609701388.3123581,0.2778925895690918,1609701388.088101,1609701388.0962517,0.008150815963745117
2b4dbc4a97554d17aa1962d5ff0e51b7,k-means,warm,exec,queue,0.013045787811279297,2.384185791015625e-07,2.384185791015625e-07,1609701388.0360684,1609701388.1421318,0.1060633659362793,1609701388.0677247,1609701388.0765166,0.008791923522949219
d1b2b248ada0432ea0095bf0bd98b499,k-means,warm,exec,queue,0.01756906509399414,4.76837158203125e-07,2.384185791015625e-07,1609701388.0378067,1609701388.1666439,0.12883710861206055,1609701388.0745864,1609701388.0831273,0.008540868759155273
30b71bafb1104fbfac562e359bc28abb,k-means,warm,exec,queue,0.022150278091430664,7.152557373046875e-07,2.384185791015625e-07,1609701388.039405,1609701388.1682467,0.12884163856506348,1609701388.0864086,1609701388.0945837,0.008175134658813477
0b61a5b8a2f14eb89a63633f94167976,k-means,warm,exec,queue,0.056743621826171875,4.76837158203125e-07,4.76837158203125e-07,1609701388.0409882,1609701388.228852,0.18786382675170898,1609701388.1196957,1609701388.1272483,0.007552623748779297
87ca5b78de9d4b2786baef0f723882d8,k-means,warm,exec,queue,0.005885124206542969,2.384185791015625e-07,2.384185791015625e-07,1609701389.0117583,1609701389.1402137,0.12845540046691895,1609701389.0439084,1609701389.0516064,0.00769805908203125
b1f92f18f6704f96833e284f9649d5cf,video,warm,exec,queue,0.01666545867919922,2.384185791015625e-07,4.76837158203125e-07,1609701389.0159483,1609701389.2223532,0.2064049243927002,1609701389.0632963,1609701389.0803723,0.01707601547241211
15775a615ab44291ab9ac21644097aa7,k-means,warm,exec,queue,0.031050920486450195,0.0,0.0,1609701389.01809,1609701389.2868042,0.26871418952941895,1609701389.0720084,1609701389.0768166,0.004808187484741211
759fd3e0d7cd4c47bf16a885b3356ddc,k-means,warm,exec,queue,0.026375293731689453,2.384185791015625e-07,2.384185791015625e-07,1609701389.0200202,1609701389.1367967,0.1167764663696289,1609701389.0668306,1609701389.072844,0.006013393402099609
c2c3e7000db348949e2cbc9fa473e384,k-means,warm,exec,queue,0.021402359008789062,2.384185791015625e-07,0.0,1609701389.0221043,1609701389.2453403,0.223236083984375,1609701389.0624433,1609701389.0687323,0.006289005279541016
0b2e6b169fea4f10aad9a57a5e039f51,k-means,warm,exec,queue,0.01467752456665039,2.384185791015625e-07,2.384185791015625e-07,1609701389.0243633,1609701389.1396086,0.11524534225463867,1609701389.0560782,1609701389.0633733,0.007295131683349609
ed98ca87552e421cadaa834616ea3bdc,k-means,warm,exec,queue,0.010108709335327148,4.76837158203125e-07,2.384185791015625e-07,1609701389.0264304,1609701389.194695,0.16826462745666504,1609701389.0486972,1609701389.0556986,0.007001399993896484
438b17dd3c954719a1774d657bfcb784,k-means,warm,exec,queue,0.034832000732421875,2.384185791015625e-07,0.0,1609701389.0285423,1609701389.3383982,0.30985593795776367,1609701389.0786932,1609701389.0845163,0.0058231353759765625
564ce79edbde4644925ec540e7c132b2,k-means,warm,exec,queue,0.003240823745727539,4.76837158203125e-07,0.0,1609701390.027847,1609701390.1835902,0.15574312210083008,1609701390.0863316,1609701390.0947256,0.008394002914428711
d0f54c7f93bd4ac0b711ba2a37b3416d,k-means,warm,exec,queue,0.026395320892333984,2.384185791015625e-07,0.0,1609701390.0323277,1609701390.2163093,0.18398165702819824,1609701390.1051283,1609701390.111507,0.006378650665283203
2dd0297bfd154230a608a3234a0e540f,k-means,warm,exec,queue,0.030788421630859375,4.76837158203125e-07,2.384185791015625e-07,1609701390.0348663,1609701390.2146301,0.1797637939453125,1609701390.1078622,1609701390.113305,0.00544285774230957
62a5b4299a9447b9b3f54e2ab99acc34,k-means,warm,exec,queue,0.035512447357177734,2.384185791015625e-07,0.0,1609701390.0369465,1609701390.3663042,0.3293576240539551,1609701390.113263,1609701390.1193738,0.0061109066009521484
28968476d9e34bc78eb66741206c5fbd,k-means,warm,exec,queue,0.039895057678222656,2.384185791015625e-07,2.384185791015625e-07,1609701390.0386145,1609701390.4833264,0.44471192359924316,1609701390.1203651,1609701390.1267111,0.006345987319946289
0a56409feaa14bfc9bb0ab2d2c6a7523,k-means,warm,exec,queue,0.044640302658081055,2.384185791015625e-07,0.0,1609701390.0400994,1609701390.4277658,0.3876664638519287,1609701390.1248436,1609701390.1316903,0.00684666633605957
86803c6a11134ea895fb1f3b8a805612,k-means,warm,exec,queue,0.04906058311462402,2.384185791015625e-07,0.0,1609701390.0415964,1609701390.429299,0.38770270347595215,1609701390.1287367,1609701390.1334224,0.004685640335083008
b14efd76332442038db1b8d3c84ad668,k-means,warm,exec,queue,0.05371451377868652,2.384185791015625e-07,2.384185791015625e-07,1609701390.0430827,1609701390.3232694,0.28018665313720703,1609701390.133755,1609701390.1397445,0.005989551544189453
1751bbad69924cff820c111e9d3be7dd,k-means,warm,exec,queue,0.05894064903259277,2.384185791015625e-07,2.384185791015625e-07,1609701390.0445776,1609701390.5468233,0.5022456645965576,1609701390.1395528,1609701390.1442418,0.00468897819519043
c18e1151a8ff42ea9651f7284d2841c7,k-means,warm,exec,queue,0.019863367080688477,2.384185791015625e-07,0.0,1609701390.046174,1609701390.2602024,0.21402835845947266,1609701390.0968735,1609701390.1050658,0.008192300796508789
28b842e389204927b05090dbe722e981,k-means,warm,exec,queue,0.012855768203735352,2.384185791015625e-07,0.0,1609701390.0476675,1609701390.1817534,0.13408589363098145,1609701390.0859346,1609701390.0943627,0.008428096771240234
efa2cc6a01704e01bb5059142cb1ba83,k-means,warm,exec,queue,0.01777052879333496,2.384185791015625e-07,0.0,1609701390.049147,1609701390.257395,0.20824813842773438,1609701390.0913332,1609701390.0999746,0.008641481399536133
3a4ce5ad4eb640b1a597a2619fdafb57,k-means,warm,exec,queue,0.06431865692138672,2.384185791015625e-07,2.384185791015625e-07,1609701390.0507216,1609701390.5423307,0.4916090965270996,1609701390.1453893,1609701390.1510823,0.005692958831787109
5e42bc92012d4eb99da06ea765d8491e,k-means,warm,exec,queue,0.06904435157775879,2.384185791015625e-07,4.76837158203125e-07,1609701390.0522199,1609701390.5462663,0.4940464496612549,1609701390.150839,1609701390.1551056,0.004266500473022461
45b42723e51c477dab84cb1f45c5325a,k-means,warm,exec,queue,0.0744938850402832,2.384185791015625e-07,2.384185791015625e-07,1609701390.053689,1609701390.2650895,0.21140050888061523,1609701390.1568778,1609701390.162365,0.005487203598022461
81feb46ed2284e5f88d7db22a5fef654,k-means,warm,exec,queue,0.08014178276062012,2.384185791015625e-07,0.0,1609701390.055164,1609701390.2647655,0.20960140228271484,1609701390.1630213,1609701390.167331,0.004309654235839844
db353978f6204dafac5110213cbfcf4a,k-means,warm,exec,queue,0.08475089073181152,2.384185791015625e-07,0.0,1609701390.0567434,1609701390.2642589,0.20751547813415527,1609701390.1680179,1609701390.1735291,0.005511283874511719
80ada4ab068b4a31a95ac279d36472cf,matmul,warm,exec,queue,0.016408681869506836,2.384185791015625e-07,0.0,1609701390.058232,1609701390.2607799,0.20254778861999512,1609701390.1062574,1609701390.1144068,0.008149385452270508
1645ac80fcc64b4e9aedf8c74c926ae6,k-means,warm,exec,queue,0.009056806564331055,4.76837158203125e-07,2.384185791015625e-07,1609701391.0232432,1609701391.1435146,0.12027144432067871,1609701391.0692768,1609701391.0763988,0.007122039794921875
d791fadce63846d3bbe305f735a4cda7,k-means,warm,exec,queue,0.013868093490600586,7.152557373046875e-07,2.384185791015625e-07,1609701391.0274322,1609701391.144654,0.11722183227539062,1609701391.0750449,1609701391.0830836,0.008038759231567383
cae409deb48349fb99b56c700444874b,k-means,warm,exec,queue,0.061440467834472656,0.0,0.0,1609701391.0301948,1609701391.2895951,0.2594003677368164,1609701391.1267517,1609701391.1322703,0.005518674850463867
b5dad487ac314e4ba3cc49cbfd05db96,k-means,warm,exec,queue,0.056440114974975586,2.384185791015625e-07,2.384185791015625e-07,1609701391.0326698,1609701391.350383,0.31771326065063477,1609701391.1215146,1609701391.1256373,0.004122734069824219
3c6c1657232f44338063578ac71019f0,k-means,warm,exec,queue,0.05092954635620117,2.384185791015625e-07,2.384185791015625e-07,1609701391.0342567,1609701391.2212217,0.1869649887084961,1609701391.1155453,1609701391.121278,0.00573277473449707
c1266911401a426eabbe50e50e354a2c,k-means,warm,exec,queue,0.04595637321472168,2.384185791015625e-07,0.0,1609701391.0356667,1609701391.1712353,0.13556861877441406,1609701391.110338,1609701391.114819,0.004481077194213867
8b9e541c3e844040a10059ba19afb0b1,k-means,warm,exec,queue,0.040268659591674805,2.384185791015625e-07,0.0,1609701391.0371041,1609701391.2199147,0.18281054496765137,1609701391.1038575,1609701391.1096709,0.0058133602142333984
dfdf366970d74e0daed444c8cdd23ce9,k-means,warm,exec,queue,0.03476667404174805,4.76837158203125e-07,2.384185791015625e-07,1609701391.0385213,1609701391.2890732,0.2505519390106201,1609701391.0981054,1609701391.1030388,0.004933357238769531
2655d9f7ec32482aa51df150b7371b02,k-means,warm,exec,queue,0.029605388641357422,2.384185791015625e-07,2.384185791015625e-07,1609701391.0399306,1609701391.169716,0.12978529930114746,1609701391.0921564,1609701391.0982585,0.006102085113525391
06597b7f77fd435a9a100cb2d5c4e39f,k-means,warm,exec,queue,0.017709732055664062,7.152557373046875e-07,2.384185791015625e-07,1609701391.0414724,1609701391.193765,0.15229249000549316,1609701391.0810473,1609701391.089024,0.007976770401000977
784dfd69a7ed4f88a349aecb2afa81d6,k-means,warm,exec,queue,0.02454066276550293,4.76837158203125e-07,2.384185791015625e-07,1609701391.04289,1609701391.3474796,0.30458950996398926,1609701391.0867999,1609701391.0910256,0.004225730895996094
ecfb76f79dfd4f20b9eef65b381d0cbc,k-means,warm,exec,queue,0.06634378433227539,2.384185791015625e-07,0.0,1609701391.04432,1609701391.3457465,0.30142641067504883,1609701391.132287,1609701391.1362162,0.00392913818359375
19856d01bc8840b0bb30bcd29c5879dc,k-means,warm,exec,queue,0.07136082649230957,2.384185791015625e-07,0.0,1609701391.0457342,1609701391.218786,0.1730518341064453,1609701391.1377423,1609701391.1433141,0.005571842193603516
c2ccd7ff84aa4b0db538092e72d95ea3,k-means,warm,exec,queue,0.07599878311157227,2.384185791015625e-07,2.384185791015625e-07,1609701391.0474632,1609701391.2866368,0.23917365074157715,1609701391.1449864,1609701391.151424,0.006437540054321289
814f6d11a4ff4b47b73af0363f583f37,video,warm,exec,queue,0.01567530632019043,2.384185791015625e-07,2.384185791015625e-07,1609701391.0488904,1609701391.3498743,0.30098390579223633,1609701391.087848,1609701391.1043475,0.01649951934814453
f385dc1be4304abe921576335b81d78f,k-means,warm,exec,queue,0.006174325942993164,4.76837158203125e-07,2.384185791015625e-07,1609701392.0157669,1609701392.150735,0.13496804237365723,1609701392.050251,1609701392.0583515,0.008100509643554688
19528294020246c380e8932433d6a4d1,k-means,warm,exec,queue,0.04456305503845215,4.76837158203125e-07,2.384185791015625e-07,1609701392.0197132,1609701392.1719239,0.15221071243286133,1609701392.0918067,1609701392.0973458,0.0055391788482666016
7216e90c6e66455bb0448dbc804682d8,k-means,warm,exec,queue,0.039884090423583984,2.384185791015625e-07,4.76837158203125e-07,1609701392.0221338,1609701392.3642538,0.3421199321746826,1609701392.0878575,1609701392.0933893,0.005531787872314453
7c9204e1f4604d11a001b30922b8521f,k-means,warm,exec,queue,0.034586429595947266,2.384185791015625e-07,2.384185791015625e-07,1609701392.0245645,1609701392.3322332,0.30766868591308594,1609701392.0805564,1609701392.086441,0.005884647369384766
2b3f2242c1914714b2331608950c23b9,k-means,warm,exec,queue,0.030150413513183594,7.152557373046875e-07,2.384185791015625e-07,1609701392.0269508,1609701392.2489638,0.22201299667358398,1609701392.0770278,1609701392.0823798,0.005352020263671875
bcecb2a9527e4f0386709e1fb9592f02,k-means,warm,exec,queue,0.024920225143432617,2.384185791015625e-07,2.384185791015625e-07,1609701392.0291538,1609701392.365972,0.33681821823120117,1609701392.0700216,1609701392.0742145,0.004192829132080078
0c39378947cf4ac595d08f2417f973d9,k-means,warm,exec,queue,0.010349512100219727,2.384185791015625e-07,2.384185791015625e-07,1609701392.0305972,1609701392.1513238,0.1207265853881836,1609701392.054181,1609701392.0620904,0.007909297943115234
967007d070c94d7fab900c1739923904,k-means,warm,exec,queue,0.015523433685302734,2.384185791015625e-07,2.384185791015625e-07,1609701392.0319772,1609701392.147785,0.11580777168273926,1609701392.0608351,1609701392.0678005,0.0069653987884521484
41fb3d2b60574f249aeccb8778ff7623,k-means,warm,exec,queue,0.02042531967163086,2.384185791015625e-07,0.0,1609701392.0334375,1609701392.2471519,0.2137143611907959,1609701392.0652585,1609701392.070982,0.005723476409912109
15e7580f676e484990401cf02a1e55f5,k-means,warm,exec,queue,0.00757145881652832,7.152557373046875e-07,2.384185791015625e-07,1609701393.0227294,1609701393.165919,0.1431896686553955,1609701393.0803459,1609701393.0887272,0.008381366729736328
f0a7a8a2fa014366bc05e47d0205e6fb,k-means,warm,exec,queue,0.05835270881652832,2.384185791015625e-07,2.384185791015625e-07,1609701393.027164,1609701393.2453086,0.21814465522766113,1609701393.1343355,1609701393.1403959,0.006060361862182617
0575fae38eb9485c83a646a349b087f4,k-means,warm,exec,queue,0.05311131477355957,2.384185791015625e-07,2.384185791015625e-07,1609701393.0298345,1609701393.2413826,0.2115480899810791,1609701393.1280897,1609701393.1330082,0.004918575286865234
83c55fcceee6432398dbb7a7a4e1a682,k-means,warm,exec,queue,0.04856991767883301,2.384185791015625e-07,2.384185791015625e-07,1609701393.032466,1609701393.242359,0.20989298820495605,1609701393.12429,1609701393.131551,0.007261037826538086
5223ddbe01e142318a9cb84a20ab86a4,k-means,warm,exec,queue,0.04403543472290039,4.76837158203125e-07,0.0,1609701393.0343065,1609701393.2842166,0.2499101161956787,1609701393.1197824,1609701393.1245966,0.00481414794921875
d0a444d1b74547d5ba4462248233fc4b,k-means,warm,exec,queue,0.03940010070800781,2.384185791015625e-07,4.76837158203125e-07,1609701393.0359032,1609701393.243327,0.20742368698120117,1609701393.1123497,1609701393.117797,0.0054471492767333984
2115cabf974e4e149e8b79547a9cad35,k-means,warm,exec,queue,0.035019636154174805,2.384185791015625e-07,2.384185791015625e-07,1609701393.037527,1609701393.2443035,0.20677638053894043,1609701393.1085758,1609701393.114252,0.00567626953125
5f165e66b65a40ccbf395c80a6413a15,k-means,warm,exec,queue,0.016243457794189453,4.76837158203125e-07,2.384185791015625e-07,1609701393.0391588,1609701393.1682358,0.12907695770263672,1609701393.0801294,1609701393.0877268,0.007597446441650391
ffd51fe2d20c487c806a84b5d57de170,k-means,warm,exec,queue,0.019911527633666992,4.76837158203125e-07,4.76837158203125e-07,1609701393.0407748,1609701393.1702774,0.129502534866333,1609701393.0843725,1609701393.0936625,0.009289979934692383
7498fdc01cd54e85826e067e1ab2dcca,k-means,warm,exec,queue,0.024679183959960938,2.384185791015625e-07,0.0,1609701393.0425048,1609701393.1688147,0.12630987167358398,1609701393.0909913,1609701393.0999618,0.008970499038696289
863c398567074f4e96578f2ddf5a2458,k-means,warm,exec,queue,0.0301206111907959,2.384185791015625e-07,2.384185791015625e-07,1609701393.0440955,1609701393.2403793,0.19628381729125977,1609701393.0982983,1609701393.1037006,0.005402326583862305
6ab10942e33841608e4c602795ce293b,k-means,warm,exec,queue,0.034792423248291016,2.384185791015625e-07,0.0,1609701393.0456805,1609701393.2462704,0.20058989524841309,1609701393.1024358,1609701393.109027,0.006591081619262695
4d0739c4a48044b8ba1c980f90d3be7e,k-means,warm,exec,queue,0.06335163116455078,4.76837158203125e-07,2.384185791015625e-07,1609701393.0472507,1609701393.3668306,0.3195798397064209,1609701393.1399703,1609701393.144688,0.004717588424682617
1749565878634e4aac6f5bb8e2ef751d,video,warm,exec,queue,0.016727209091186523,2.384185791015625e-07,2.384185791015625e-07,1609701393.048953,1609701393.1905367,0.14158368110656738,1609701393.0990205,1609701393.1149342,0.015913724899291992
dbb553903a2b467abe577a35278dd566,k-means,warm,exec,queue,0.008053779602050781,2.384185791015625e-07,0.0,1609701394.023832,1609701394.1364195,0.11258745193481445,1609701394.0681427,1609701394.0764337,0.008291006088256836
93ae8fd734a0405bb791a50a520b952a,k-means,warm,exec,queue,0.04360318183898926,2.384185791015625e-07,2.384185791015625e-07,1609701394.028003,1609701394.3291688,0.3011658191680908,1609701394.1076028,1609701394.1121483,0.004545450210571289
c34111392e554777ba11a4e34b9ea319,k-means,warm,exec,queue,0.0482935905456543,7.152557373046875e-07,2.384185791015625e-07,1609701394.0301025,1609701394.3314629,0.3013603687286377,1609701394.11408,1609701394.1198087,0.005728721618652344
079b80a51b704d7f91c4fc5abde90e62,k-means,warm,exec,queue,0.052959442138671875,4.76837158203125e-07,0.0,1609701394.0321517,1609701394.2630847,0.23093295097351074,1609701394.1176622,1609701394.1220217,0.00435948371887207
df7f429e0eed47cdb002f99206e04f2b,k-means,warm,exec,queue,0.05848407745361328,4.76837158203125e-07,2.384185791015625e-07,1609701394.0344756,1609701394.3939,0.359424352645874,1609701394.1251166,1609701394.1311839,0.0060672760009765625
651bfcf2c47e4a7da08a4a4e8cca0063,k-means,warm,exec,queue,0.06328654289245605,2.384185791015625e-07,2.384185791015625e-07,1609701394.0365417,1609701394.226263,0.18972134590148926,1609701394.128965,1609701394.1332405,0.00427556037902832
e58927219baa4dd9bd435de02e1ecc70,k-means,warm,exec,queue,0.038301944732666016,4.76837158203125e-07,2.384185791015625e-07,1609701394.0385933,1609701394.2610455,0.22245216369628906,1609701394.1031096,1609701394.1091807,0.0060710906982421875
3810dd11450d4ec29c11310c6a426714,k-means,warm,exec,queue,0.03311276435852051,2.384185791015625e-07,2.384185791015625e-07,1609701394.0406272,1609701394.1944525,0.1538252830505371,1609701394.0959117,1609701394.100734,0.004822254180908203
6e260199199e46e0a8076bf248241309,k-means,warm,exec,queue,0.028057336807250977,4.76837158203125e-07,2.384185791015625e-07,1609701394.0421968,1609701394.2279005,0.18570375442504883,1609701394.0911458,1609701394.0974774,0.006331682205200195
ea26be225aea4bfc957cec254c648548,k-means,warm,exec,queue,0.022433996200561523,4.76837158203125e-07,2.384185791015625e-07,1609701394.0438802,1609701394.1695573,0.12567710876464844,1609701394.0849845,1609701394.0897567,0.004772186279296875
8e940dc2b8bd49c4988282a00a470b2b,k-means,warm,exec,queue,0.01203775405883789,2.384185791015625e-07,2.384185791015625e-07,1609701394.0454612,1609701394.1677382,0.12227702140808105,1609701394.073744,1609701394.083119,0.009374856948852539
10934e92c4ed4846bec21b25b8b9f9ba,k-means,warm,exec,queue,0.016754627227783203,4.76837158203125e-07,2.384185791015625e-07,1609701394.0470188,1609701394.1928499,0.14583110809326172,1609701394.0803108,1609701394.0886998,0.008388996124267578
09f61414eab14b01bf0ef69ebc93c22f,k-means,warm,exec,queue,0.06873559951782227,2.384185791015625e-07,0.0,1609701394.048605,1609701394.2295718,0.18096685409545898,1609701394.138483,1609701394.145492,0.007009029388427734
af734660077c42edbcbc964dace043c8,k-means,warm,exec,queue,0.00666499137878418,4.76837158203125e-07,2.384185791015625e-07,1609701395.0197308,1609701395.398228,0.3784971237182617,1609701395.0561073,1609701395.0649276,0.008820295333862305
93c632000985495eac1d6526baf6c594,map_reduce,warm,exec,queue,0.03184866905212402,2.384185791015625e-07,2.384185791015625e-07,1609701395.023933,1609701395.5849771,0.5610442161560059,1609701395.085488,1609701395.1703703,0.08488225936889648
4877b507ec28476a8a203b0aef57eccc,k-means,warm,exec,queue,0.01791977882385254,4.76837158203125e-07,2.384185791015625e-07,1609701395.0260565,1609701395.4580016,0.4319450855255127,1609701395.0810404,1609701395.0910482,0.010007858276367188
2e8e2cebcfb74b42a183e64dcb6dbdfc,k-means,warm,exec,queue,0.022430419921875,2.384185791015625e-07,2.384185791015625e-07,1609701395.028114,1609701395.4547594,0.42664527893066406,1609701395.0842183,1609701395.091129,0.006910800933837891
b6187c53ba814b6995dae418c1f672fd,k-means,warm,exec,queue,0.02683115005493164,4.76837158203125e-07,0.0,1609701395.0301826,1609701395.458664,0.4284813404083252,1609701395.0848346,1609701395.0905585,0.0057239532470703125
2981f252d9f941f68919c9cbd239ed48,k-means,warm,exec,queue,0.013927936553955078,2.384185791015625e-07,0.0,1609701395.032512,1609701395.490392,0.45788002014160156,1609701395.0673795,1609701395.0751808,0.0078012943267822266
a8c0cdf77f0d4ce8b9754b2e55a1fda0,k-means,warm,exec,queue,0.009501934051513672,2.384185791015625e-07,2.384185791015625e-07,1609701395.0345976,1609701395.3963625,0.36176490783691406,1609701395.0611858,1609701395.0694556,0.008269786834716797
4aae8b69bf5047708af1f0e60438dc81,video,warm,exec,queue,0.02443528175354004,2.384185791015625e-07,4.76837158203125e-07,1609701395.0365698,1609701395.5843937,0.5478239059448242,1609701395.0853004,1609701395.1030743,0.017773866653442383
277acd71033945429f54e6859070fe25,matmul,warm,exec,queue,0.028902530670166016,2.384185791015625e-07,2.384185791015625e-07,1609701395.0381618,1609701395.5810728,0.5429110527038574,1609701395.0856366,1609701395.096469,0.01083230972290039
b954ee084f7446b38fa3181470b55c22,k-means,warm,exec,queue,0.00026702880859375,4.76837158203125e-07,2.384185791015625e-07,1609701396.0313277,1609701396.1837857,0.15245795249938965,1609701396.0874386,1609701396.0955708,0.008132219314575195
a0370f2ba6af4ac6b9a36f12d8a3eeea,k-means,warm,exec,queue,0.08142948150634766,2.384185791015625e-07,0.0,1609701396.0357194,1609701396.3917463,0.35602688789367676,1609701396.1683645,1609701396.1724336,0.004069089889526367
5636c5d39a2a4d15894718cfde7f2b45,k-means,warm,exec,queue,0.010719060897827148,2.384185791015625e-07,0.0,1609701396.0385523,1609701396.2489781,0.21042585372924805,1609701396.0876656,1609701396.0957067,0.008041143417358398
1f691dae56f049b0a4f291e79feef51b,k-means,warm,exec,queue,0.015208244323730469,2.384185791015625e-07,2.384185791015625e-07,1609701396.0409248,1609701396.1834095,0.1424846649169922,1609701396.0918324,1609701396.0999434,0.008111000061035156
75b74dad2ed044ca94e284474e264b67,k-means,warm,exec,queue,0.01961064338684082,2.384185791015625e-07,2.384185791015625e-07,1609701396.0425627,1609701396.1809542,0.13839149475097656,1609701396.0979435,1609701396.1050713,0.0071277618408203125
0a1f4ab6a704444e82d1a3d867e28879,k-means,warm,exec,queue,0.024051189422607422,4.76837158203125e-07,2.384185791015625e-07,1609701396.044041,1609701396.335709,0.291668176651001,1609701396.1067517,1609701396.1148827,0.008131027221679688
4c68740b3f5646d08564fa7129166ad2,k-means,warm,exec,queue,0.029163360595703125,2.384185791015625e-07,2.384185791015625e-07,1609701396.045524,1609701396.366811,0.3212871551513672,1609701396.1068928,1609701396.1111991,0.004306316375732422
0fc77e7ad6934eab8b9dfbd38f339f4b,k-means,warm,exec,queue,0.03404545783996582,2.384185791015625e-07,2.384185791015625e-07,1609701396.0470028,1609701396.3331254,0.28612256050109863,1609701396.1125438,1609701396.1170468,0.004503011703491211
95f29e2c2d634637847cff03b32d547f,k-means,warm,exec,queue,0.038877010345458984,2.384185791015625e-07,4.76837158203125e-07,1609701396.0484998,1609701396.4976797,0.44917988777160645,1609701396.1193342,1609701396.1256375,0.006303310394287109
c3034dce8f6c43f58355772635d202ce,k-means,warm,exec,queue,0.04397273063659668,4.76837158203125e-07,2.384185791015625e-07,1609701396.0500724,1609701396.2050006,0.15492820739746094,1609701396.1239848,1609701396.128195,0.004210233688354492
dee3c65b655a4cf2acdebad42fd3b833,k-means,warm,exec,queue,0.04843854904174805,4.76837158203125e-07,4.76837158203125e-07,1609701396.0515509,1609701396.3343441,0.2827932834625244,1609701396.130598,1609701396.136069,0.005470991134643555
3b291befcd54434aac55e00a49fa74f8,k-means,warm,exec,queue,0.05367326736450195,4.76837158203125e-07,2.384185791015625e-07,1609701396.0530298,1609701396.500246,0.447216272354126,1609701396.135199,1609701396.1407168,0.005517721176147461
16607606abe74e9e96a3e84994b1f4ef,k-means,warm,exec,queue,0.058869123458862305,7.152557373046875e-07,2.384185791015625e-07,1609701396.0545175,1609701396.4970868,0.4425692558288574,1609701396.1421053,1609701396.1481166,0.006011247634887695
f35b416d446d48e3afe27763ed0cb114,k-means,warm,exec,queue,0.06350827217102051,2.384185791015625e-07,2.384185791015625e-07,1609701396.0560946,1609701396.4935718,0.43747711181640625,1609701396.146327,1609701396.151839,0.0055119991302490234
16adb8ec6f27436fb68ca07de703d68f,k-means,warm,exec,queue,0.06845855712890625,2.384185791015625e-07,4.76837158203125e-07,1609701396.057571,1609701396.500728,0.4431569576263428,1609701396.1540015,1609701396.160408,0.006406545639038086
6daecae398364b7494969ca725305289,k-means,warm,exec,queue,0.07318663597106934,2.384185791015625e-07,2.384185791015625e-07,1609701396.0590508,1609701396.247493,0.18844223022460938,1609701396.1575356,1609701396.1627736,0.005238056182861328
a9442c33228d471a9cdc44f6a2fb633d,k-means,warm,exec,queue,0.07786154747009277,2.384185791015625e-07,4.76837158203125e-07,1609701396.060618,1609701396.4340227,0.37340474128723145,1609701396.1630867,1609701396.1694708,0.006384134292602539
d513afaee2654fee91fe281e494be33b,k-means,warm,exec,queue,0.0073091983795166016,4.76837158203125e-07,2.384185791015625e-07,1609701397.0216465,1609701397.1361182,0.1144716739654541,1609701397.0624366,1609701397.070894,0.008457422256469727
e8dce50833724ea3a5ee702f80bd16b0,video,warm,exec,queue,0.018874168395996094,2.384185791015625e-07,0.0,1609701397.0261657,1609701397.1770713,0.15090560913085938,1609701397.0835462,1609701397.1011488,0.01760268211364746
9de9d87e9e934379aecebc8c58d94248,k-means,warm,exec,queue,0.04327201843261719,2.384185791015625e-07,2.384185791015625e-07,1609701397.0290637,1609701397.3023982,0.2733345031738281,1609701397.1037717,1609701397.110675,0.006903409957885742
0c9615c41d5c489da870464723ad09bc,k-means,warm,exec,queue,0.03826570510864258,2.384185791015625e-07,0.0,1609701397.0319042,1609701397.4216197,0.38971543312072754,1609701397.097942,1609701397.1044106,0.006468534469604492
7619d9f9fee742968a394a9a509d924d,k-means,warm,exec,queue,0.033831119537353516,2.384185791015625e-07,0.0,1609701397.0339525,1609701397.178758,0.1448054313659668,1609701397.0916145,1609701397.09743,0.0058155059814453125
5fec2abf41d143feb61ef59bea2fe447,k-means,warm,exec,queue,0.029320478439331055,4.76837158203125e-07,2.384185791015625e-07,1609701397.0358582,1609701397.4200811,0.38422298431396484,1609701397.0877512,1609701397.0950043,0.007253170013427734
5ebfeb0f9c7b4d2faf80a37abdbd0f27,k-means,warm,exec,queue,0.011178016662597656,2.384185791015625e-07,2.384185791015625e-07,1609701397.0376134,1609701397.1386418,0.1010284423828125,1609701397.0667439,1609701397.0758479,0.009104013442993164
68e027dc8c32443b95daf783014869a2,k-means,warm,exec,queue,0.015607118606567383,4.76837158203125e-07,0.0,1609701397.0393481,1609701397.2368793,0.19753122329711914,1609701397.0720246,1609701397.0808122,0.00878763198852539
73a45af3c8b345378381b1595ab9bb49,k-means,warm,exec,queue,0.02032327651977539,7.152557373046875e-07,2.384185791015625e-07,1609701397.0410857,1609701397.2692456,0.22815990447998047,1609701397.0820234,1609701397.090893,0.008869647979736328
de196c0e88f94fe6b2e65f623039a209,k-means,warm,exec,queue,0.024718046188354492,4.76837158203125e-07,2.384185791015625e-07,1609701397.0429583,1609701397.3034296,0.2604713439941406,1609701397.0832827,1609701397.090261,0.006978273391723633
17a7dfd66096424188135783fcea30e1,k-means,warm,exec,queue,0.0052340030670166016,4.76837158203125e-07,2.384185791015625e-07,1609701398.0359278,1609701398.1971638,0.16123604774475098,1609701398.0742226,1609701398.0829298,0.008707284927368164
1bc3511a1a4349fa8a3db9d66e1947ae,k-means,warm,exec,queue,0.04617118835449219,4.76837158203125e-07,2.384185791015625e-07,1609701398.0401633,1609701398.3646224,0.3244590759277344,1609701398.1215875,1609701398.127506,0.0059185028076171875
6c6ae58bf89746bfb85f76911b75e919,k-means,warm,exec,queue,0.04152202606201172,2.384185791015625e-07,2.384185791015625e-07,1609701398.0422559,1609701398.3627763,0.32052040100097656,1609701398.1149347,1609701398.1203747,0.0054399967193603516
52254fffefb34d7781bf12d9fd56ae82,k-means,warm,exec,queue,0.03628969192504883,4.76837158203125e-07,2.384185791015625e-07,1609701398.0443273,1609701398.3221405,0.277813196182251,1609701398.1108692,1609701398.1178901,0.0070209503173828125
5701b32e30e54f0ca9b0a44dadf71817,k-means,warm,exec,queue,0.009134531021118164,4.76837158203125e-07,4.76837158203125e-07,1609701398.046381,1609701398.2001112,0.15373015403747559,1609701398.0775871,1609701398.0863798,0.008792638778686523
82ebb86cffe64ef9a1be6b1fb2819913,k-means,warm,exec,queue,0.01362752914428711,2.384185791015625e-07,2.384185791015625e-07,1609701398.0486917,1609701398.200738,0.15204620361328125,1609701398.0827358,1609701398.0915875,0.008851766586303711
253bbf6d29564333b4876be0d0628a69,k-means,warm,exec,queue,0.01835036277770996,2.384185791015625e-07,0.0,1609701398.0507727,1609701398.4139922,0.3632194995880127,1609701398.0895362,1609701398.0982275,0.00869131088256836
281b610ebf3c412a8853582684e1243a,k-means,warm,exec,queue,0.023427963256835938,2.384185791015625e-07,0.0,1609701398.052749,1609701398.418657,0.365908145904541,1609701398.0925853,1609701398.0992036,0.0066182613372802734
440ed844fb7b41c5af66eb835a06a75f,k-means,warm,exec,queue,0.02853989601135254,2.384185791015625e-07,2.384185791015625e-07,1609701398.0543413,1609701398.4176564,0.3633151054382324,1609701398.0984092,1609701398.105253,0.0068438053131103516
bb6dbcc758504a2099b15e93daf8ab85,k-means,warm,exec,queue,0.032909393310546875,2.384185791015625e-07,2.384185791015625e-07,1609701398.056031,1609701398.2461123,0.19008135795593262,1609701398.1071556,1609701398.1149595,0.007803916931152344
7fee5a9fae864c39b088279b8dcb722b,k-means,warm,exec,queue,0.0060558319091796875,4.76837158203125e-07,2.384185791015625e-07,1609701399.027137,1609701399.1568556,0.12971854209899902,1609701399.0795436,1609701399.087574,0.008030414581298828
4dc5d55b4880413abb9c4737630e841a,k-means,warm,exec,queue,0.04970955848693848,2.384185791015625e-07,2.384185791015625e-07,1609701399.0315669,1609701399.2231834,0.19161653518676758,1609701399.1249948,1609701399.132052,0.00705718994140625
30ea43e38c6f4293b9c08d65552fb53e,k-means,warm,exec,queue,0.054270029067993164,2.384185791015625e-07,2.384185791015625e-07,1609701399.0342262,1609701399.4010973,0.3668711185455322,1609701399.1312127,1609701399.1388822,0.0076694488525390625
736bd65a6ef647c888616ef7917a7e15,k-means,warm,exec,queue,0.014705657958984375,2.384185791015625e-07,2.384185791015625e-07,1609701399.0368688,1609701399.160078,0.12320923805236816,1609701399.0834324,1609701399.0916748,0.008242368698120117
9ddd50caa34b47e883b4f4151f1dceab,k-means,warm,exec,queue,0.02014923095703125,2.384185791015625e-07,0.0,1609701399.0397844,1609701399.2279851,0.1882007122039795,1609701399.0896149,1609701399.0985124,0.008897542953491211
742a3f99fc0a45c3a1da5c0d5614d901,k-means,warm,exec,queue,0.02757406234741211,2.384185791015625e-07,0.0,1609701399.0418334,1609701399.458528,0.41669464111328125,1609701399.1014678,1609701399.107771,0.006303071975708008
a3bd970f4d0444ad8160e874f7340117,k-means,warm,exec,queue,0.03200984001159668,2.384185791015625e-07,4.76837158203125e-07,1609701399.0434308,1609701399.2274323,0.18400144577026367,1609701399.1031094,1609701399.1078866,0.004777193069458008
c1fe8e5094b741da84f4e06caf35d3b0,k-means,warm,exec,queue,0.0372617244720459,2.384185791015625e-07,2.384185791015625e-07,1609701399.045041,1609701399.1813796,0.136338472366333,1609701399.107254,1609701399.1123936,0.005139589309692383
5cba9a74a24345dc86b5f84942abd026,k-means,warm,exec,queue,0.04229402542114258,4.76837158203125e-07,2.384185791015625e-07,1609701399.0466409,1609701399.526331,0.4796900749206543,1609701399.1159546,1609701399.124281,0.008326292037963867
7c564ec8fae54ea594f7fc720402d095,k-means,warm,exec,queue,0.047271728515625,2.384185791015625e-07,2.384185791015625e-07,1609701399.048384,1609701399.284135,0.23575115203857422,1609701399.1189694,1609701399.1243172,0.005347728729248047
f468751dcc3345b89d99ff2e36865584,k-means,warm,exec,queue,0.010313987731933594,4.76837158203125e-07,2.384185791015625e-07,1609701399.049974,1609701399.159531,0.1095571517944336,1609701399.0793207,1609701399.0879776,0.008656978607177734
0cbe7c0ecbb04f3bbc13e72509b210ea,k-means,warm,exec,queue,0.059648752212524414,2.384185791015625e-07,2.384185791015625e-07,1609701399.0515664,1609701399.2248445,0.1732780933380127,1609701399.1347322,1609701399.1402545,0.005522251129150391
9e665f95723648caaa2b0b481dd149cc,k-means,warm,exec,queue,0.06466937065124512,2.384185791015625e-07,0.0,1609701399.0531602,1609701399.3993087,0.3461484909057617,1609701399.1406612,1609701399.146806,0.00614476203918457
29bddb77ef8d40769028eaef439c738f,video,warm,exec,queue,0.017704010009765625,4.76837158203125e-07,2.384185791015625e-07,1609701399.0551622,1609701399.3371775,0.282015323638916,1609701399.101788,1609701399.118531,0.016742944717407227
b255340a6d86477a9ca050a9923abd36,k-means,warm,exec,queue,0.0065577030181884766,4.76837158203125e-07,0.0,1609701400.0308301,1609701400.2175946,0.18676447868347168,1609701400.081567,1609701400.0900323,0.008465290069580078
df7538967fe447c39bdb87411ef34dc8,k-means,warm,exec,queue,0.047528743743896484,2.384185791015625e-07,0.0,1609701400.0351324,1609701400.2483528,0.21322035789489746,1609701400.1238098,1609701400.130392,0.0065822601318359375
9690aec6735b4914bdf42a8ea14143c2,k-means,warm,exec,queue,0.05239582061767578,4.76837158203125e-07,4.76837158203125e-07,1609701400.0376315,1609701400.242823,0.20519137382507324,1609701400.1293657,1609701400.1358922,0.006526470184326172
105fa8b4313a493ba91b5099e7081db0,k-means,warm,exec,queue,0.05704832077026367,2.384185791015625e-07,0.0,1609701400.0400808,1609701400.4019873,0.3619065284729004,1609701400.137003,1609701400.1438346,0.006831645965576172
2c7088e451944c3bae84f791c322aff5,k-means,warm,exec,queue,0.014364242553710938,4.76837158203125e-07,2.384185791015625e-07,1609701400.0420692,1609701400.1934142,0.15134501457214355,1609701400.0855544,1609701400.093871,0.008316755294799805
00a9587686824e04bfbc1027c278da91,k-means,warm,exec,queue,0.018772363662719727,2.384185791015625e-07,2.384185791015625e-07,1609701400.0436802,1609701400.1944554,0.15077519416809082,1609701400.0905893,1609701400.0991921,0.00860285758972168
45dc69b2fbea4a20a7722c1fd5f9984c,k-means,warm,exec,queue,0.023128509521484375,2.384185791015625e-07,2.384185791015625e-07,1609701400.0452795,1609701400.2878287,0.24254918098449707,1609701400.1036394,1609701400.1120808,0.008441448211669922
b714fd2b9f594ab096e0cf11657dee49,k-means,warm,exec,queue,0.028673410415649414,4.76837158203125e-07,2.384185791015625e-07,1609701400.0468705,1609701400.1923506,0.14548015594482422,1609701400.106202,1609701400.113032,0.0068302154541015625
3f4a57a781764b15b28886d21d5b8ddb,k-means,warm,exec,queue,0.034099578857421875,0.0,2.384185791015625e-07,1609701400.0484567,1609701400.244273,0.1958162784576416,1609701400.107181,1609701400.1119533,0.004772186279296875
c8247d5bdb1342a295cef176e52733be,k-means,warm,exec,queue,0.03898739814758301,4.76837158203125e-07,2.384185791015625e-07,1609701400.0501628,1609701400.3698657,0.3197028636932373,1609701400.1127322,1609701400.1202886,0.007556438446044922
72c96dd912e84a77900298cabde1f88f,k-means,warm,exec,queue,0.04473876953125,2.384185791015625e-07,2.384185791015625e-07,1609701400.0517323,1609701400.2456481,0.19391584396362305,1609701400.1231644,1609701400.129057,0.005892515182495117
01c15a98afb34ad593ef0660aa73c4ef,k-means,warm,exec,queue,0.009685754776000977,4.76837158203125e-07,2.384185791015625e-07,1609701400.053337,1609701400.1686108,0.11527371406555176,1609701400.0811546,1609701400.0893407,0.008186101913452148
51042168b2e7448b9ca96f6c0d7d9118,k-means,warm,exec,queue,0.061765193939208984,2.384185791015625e-07,2.384185791015625e-07,1609701400.0549273,1609701400.309847,0.25491976737976074,1609701400.140679,1609701400.1469634,0.006284475326538086
7f3908e70a9a4e79b6b34fdb6a11c0f6,matmul,warm,exec,queue,0.019448518753051758,4.76837158203125e-07,2.384185791015625e-07,1609701400.0566823,1609701400.2478452,0.1911628246307373,1609701400.1060631,1609701400.1172032,0.011140108108520508
6d9d613326514c8b9d7baf5495d08f5f,k-means,warm,exec,queue,0.006777763366699219,2.384185791015625e-07,0.0,1609701401.0275106,1609701401.1457129,0.11820220947265625,1609701401.0708404,1609701401.0796525,0.008812189102172852
3602fa3df04347f886e5669846eefeea,k-means,warm,exec,queue,0.04323720932006836,2.384185791015625e-07,0.0,1609701401.031847,1609701401.2647755,0.23292851448059082,1609701401.1142178,1609701401.1192794,0.005061626434326172
351ce83f5ca242fe8b6f00562a6de18b,k-means,warm,exec,queue,0.04855775833129883,4.76837158203125e-07,4.76837158203125e-07,1609701401.0341964,1609701401.2677236,0.23352718353271484,1609701401.1188881,1609701401.1233776,0.004489421844482422
88ec5172a70041869d9e78f41ac517e6,k-means,warm,exec,queue,0.053342342376708984,4.76837158203125e-07,2.384185791015625e-07,1609701401.0365126,1609701401.2306092,0.19409656524658203,1609701401.125891,1609701401.1334095,0.0075185298919677734
7377808d6f174892963ceb994c69b563,k-means,warm,exec,queue,0.00944972038269043,2.384185791015625e-07,0.0,1609701401.0390935,1609701401.195269,0.1561756134033203,1609701401.075235,1609701401.0833073,0.008072376251220703
5f371d5fd59c4546be3da3458a98bc8f,k-means,warm,exec,queue,0.014133691787719727,4.76837158203125e-07,2.384185791015625e-07,1609701401.0414238,1609701401.1720133,0.13058948516845703,1609701401.080459,1609701401.0891263,0.008667230606079102
6419596e246a446687064c08d0310154,k-means,warm,exec,queue,0.018603086471557617,2.384185791015625e-07,0.0,1609701401.0436938,1609701401.1710086,0.12731480598449707,1609701401.0902317,1609701401.0989153,0.00868368148803711
e47c322e42134999a3fa09288f3c9c10,k-means,warm,exec,queue,0.02391219139099121,2.384185791015625e-07,0.0,1609701401.0455205,1609701401.1730218,0.1275012493133545,1609701401.0910423,1609701401.0960352,0.004992961883544922
6941c456f6de4e7ea50812cce2d3c151,k-means,warm,exec,queue,0.028888463973999023,2.384185791015625e-07,0.0,1609701401.0470994,1609701401.26831,0.22121071815490723,1609701401.0959432,1609701401.1010213,0.00507807731628418
81fd081135994c56ac1868dc60af0578,k-means,warm,exec,queue,0.03423762321472168,2.384185791015625e-07,2.384185791015625e-07,1609701401.0488157,1609701401.2290082,0.1801924705505371,1609701401.1021628,1609701401.10714,0.004977226257324219
e4ad35efb54b422abcf011b19e83637c,k-means,warm,exec,queue,0.03888297080993652,2.384185791015625e-07,2.384185791015625e-07,1609701401.0503855,1609701401.1699517,0.11956620216369629,1609701401.1071541,1609701401.1118062,0.0046520233154296875
a2f990e6321d4471ae85419f0b8dd834,video,warm,exec,queue,0.0232241153717041,0.0,2.384185791015625e-07,1609701401.0519624,1609701401.3140662,0.262103796005249,1609701401.0912116,1609701401.108857,0.01764535903930664
b0c0558ffaf34fbf869bc730281c7db4,k-means,warm,exec,queue,0.006161212921142578,2.384185791015625e-07,4.76837158203125e-07,1609701402.0334687,1609701402.1758838,0.14241504669189453,1609701402.0853643,1609701402.0934422,0.008077859878540039
a87264923f4a41c88e3a779d852693b1,k-means,warm,exec,queue,0.047774553298950195,2.384185791015625e-07,2.384185791015625e-07,1609701402.0380719,1609701402.2500446,0.21197271347045898,1609701402.1281571,1609701402.133978,0.005820751190185547
25d3eb7c042747f3bc568cae8f46d7b1,k-means,warm,exec,queue,0.05248260498046875,2.384185791015625e-07,2.384185791015625e-07,1609701402.0407724,1609701402.4928913,0.4521188735961914,1609701402.1343348,1609701402.1405451,0.0062103271484375
4725222d975d4ffd9453bd9baf8f512f,k-means,warm,exec,queue,0.0574643611907959,2.384185791015625e-07,0.0,1609701402.0424447,1609701402.3628554,0.32041072845458984,1609701402.1399765,1609701402.1457808,0.005804300308227539
3a12001da7db477199bb70e92be2ac3b,k-means,warm,exec,queue,0.014966011047363281,2.384185791015625e-07,2.384185791015625e-07,1609701402.044282,1609701402.1753254,0.1310434341430664,1609701402.0906725,1609701402.0990853,0.008412837982177734
6286ccfc0f5a4e3ab4e27ddd1d649810,k-means,warm,exec,queue,0.024678707122802734,2.384185791015625e-07,0.0,1609701402.0459204,1609701402.4971464,0.45122599601745605,1609701402.102103,1609701402.1083698,0.00626683235168457
62ef3e6f6f554faf90fc116cefa0b949,k-means,warm,exec,queue,0.030190706253051758,2.384185791015625e-07,2.384185791015625e-07,1609701402.0475333,1609701402.2150111,0.16747784614562988,1609701402.106977,1609701402.112736,0.005759000778198242
4c8c7164055e48049a8234d0091d23f4,k-means,warm,exec,queue,0.03500223159790039,2.384185791015625e-07,0.0,1609701402.0492246,1609701402.2821903,0.23296570777893066,1609701402.1130288,1609701402.1187267,0.005697965621948242
7fda989dc1684cf7901fcc492ceb3648,k-means,warm,exec,queue,0.04016566276550293,2.384185791015625e-07,0.0,1609701402.0508473,1609701402.3635337,0.3126864433288574,1609701402.1186233,1609701402.125107,0.006483793258666992
3818d17da0b542638122eabbfb7d0a49,k-means,warm,exec,queue,0.04491376876831055,7.152557373046875e-07,2.384185791015625e-07,1609701402.0526078,1609701402.4962807,0.44367289543151855,1609701402.12446,1609701402.1296585,0.005198478698730469
fe60bde67a434571ab91a96b802226b4,k-means,warm,exec,queue,0.020145416259765625,2.384185791015625e-07,2.384185791015625e-07,1609701402.0541975,1609701402.2537873,0.19958972930908203,1609701402.0961514,1609701402.1038315,0.007680177688598633
1a6022b4f7aa490cb1c4bf8c183cff3d,k-means,warm,exec,queue,0.00993490219116211,2.384185791015625e-07,0.0,1609701402.0558238,1609701402.1727896,0.11696577072143555,1609701402.0855582,1609701402.0932264,0.007668256759643555
fe521215967946e7bddc32f9b6b6a799,k-means,warm,exec,queue,0.06201982498168945,2.384185791015625e-07,2.384185791015625e-07,1609701402.0574174,1609701402.3595364,0.30211901664733887,1609701402.145127,1609701402.1504416,0.00531458854675293
ae9c17d58c1444d9b6dc678bc3818367,k-means,warm,exec,queue,0.06662392616271973,4.76837158203125e-07,4.76837158203125e-07,1609701402.0591316,1609701402.2533474,0.1942157745361328,1609701402.148874,1609701402.154746,0.005872011184692383
686a8fc6a39b4960ab78f6ca86dbfb60,k-means,warm,exec,queue,0.07188892364501953,2.384185791015625e-07,2.384185791015625e-07,1609701402.0607405,1609701402.4254613,0.36472082138061523,1609701402.1559172,1609701402.1607933,0.004876136779785156
b8a103417ba14ea7bc605daaec8ee666,k-means,warm,exec,queue,0.006943225860595703,4.76837158203125e-07,2.384185791015625e-07,1609701403.0344665,1609701403.1775439,0.14307737350463867,1609701403.0901592,1609701403.0985794,0.008420228958129883
7a883791c98246a8944f7ef9a1d05236,k-means,warm,exec,queue,0.051389455795288086,2.384185791015625e-07,2.384185791015625e-07,1609701403.038933,1609701403.251841,0.21290802955627441,1609701403.1370995,1609701403.1438975,0.0067980289459228516
bf9e6b8afb1d4e00bf4255c9d08c43e9,k-means,warm,exec,queue,0.05594325065612793,2.384185791015625e-07,2.384185791015625e-07,1609701403.0415874,1609701403.2972982,0.2557108402252197,1609701403.1416914,1609701403.1473675,0.0056760311126708984
3ce197fe472c49238a7f55af946e471e,k-means,warm,exec,queue,0.060550689697265625,2.384185791015625e-07,0.0,1609701403.0442216,1609701403.4054477,0.36122608184814453,1609701403.1454668,1609701403.150175,0.004708290100097656
79dda8c6e980475681833b4b0cf2c3e2,k-means,warm,exec,queue,0.0278322696685791,2.384185791015625e-07,2.384185791015625e-07,1609701403.0461814,1609701403.2978806,0.25169920921325684,1609701403.1122277,1609701403.1195476,0.007319927215576172
89cd8cc54c3343f68f28b84c4c58008c,k-means,warm,exec,queue,0.032330989837646484,2.384185791015625e-07,2.384185791015625e-07,1609701403.0477965,1609701403.250247,0.20245051383972168,1609701403.1130588,1609701403.118128,0.005069255828857422
6923a612060b4ceabceb869f621ce7de,k-means,warm,exec,queue,0.03728365898132324,2.384185791015625e-07,0.0,1609701403.0494192,1609701403.3025537,0.25313448905944824,1609701403.1179316,1609701403.122785,0.004853487014770508
0297faea3bed489a852655bbfc09f94b,k-means,warm,exec,queue,0.04289412498474121,2.384185791015625e-07,4.76837158203125e-07,1609701403.051022,1609701403.2984114,0.2473893165588379,1609701403.1252608,1609701403.1303456,0.0050847530364990234
1353f5d3faab4ab4b36c8e3ca682f681,k-means,warm,exec,queue,0.04822897911071777,2.384185791015625e-07,2.384185791015625e-07,1609701403.0526316,1609701403.3030877,0.2504560947418213,1609701403.1301334,1609701403.1367686,0.006635189056396484
e15e079c38e8491193702b0c9501fc5d,k-means,warm,exec,queue,0.020376205444335938,4.76837158203125e-07,0.0,1609701403.0543656,1609701403.301953,0.2475874423980713,1609701403.100429,1609701403.1089795,0.008550405502319336
199f2c89f29e4476b35f1ac583a89a01,k-means,warm,exec,queue,0.01595616340637207,2.384185791015625e-07,0.0,1609701403.0559459,1609701403.1771865,0.12124061584472656,1609701403.0953424,1609701403.1040394,0.008697032928466797
d6b7a1ce65cb4702a0a6bd3c0613c435,k-means,warm,exec,queue,0.010823726654052734,2.384185791015625e-07,0.0,1609701403.0575242,1609701403.175412,0.11788773536682129,1609701403.0904279,1609701403.099132,0.008704185485839844
d11e72c73a75409dbcd9b5d2efd31263,k-means,warm,exec,queue,0.0653536319732666,2.384185791015625e-07,4.76837158203125e-07,1609701403.0591042,1609701403.293335,0.23423075675964355,1609701403.1522083,1609701403.1582296,0.006021261215209961
6fb5134dee05413d958309b188750243,k-means,warm,exec,queue,0.06956052780151367,2.384185791015625e-07,0.0,1609701403.0610542,1609701403.3266227,0.26556849479675293,1609701403.1559956,1609701403.162185,0.0061893463134765625
49fe768d2565416caa10f23da8a03bb3,k-means,warm,exec,queue,0.07485294342041016,2.384185791015625e-07,2.384185791015625e-07,1609701403.0626245,1609701403.368348,0.3057234287261963,1609701403.1636333,1609701403.1706076,0.006974220275878906
36af9f8fb3ad40569bd9e676948fddf7,video,warm,exec,queue,0.017391204833984375,2.384185791015625e-07,0.0,1609701403.0642047,1609701403.2080255,0.14382076263427734,1609701403.1126087,1609701403.129429,0.016820430755615234
5c955c7dbf1b41aaa2b198a8882aa142,k-means,warm,exec,queue,0.007264614105224609,7.152557373046875e-07,2.384185791015625e-07,1609701404.0373025,1609701404.1794,0.14209747314453125,1609701404.0923765,1609701404.1015193,0.009142875671386719
f264fd8c79894ef68823a3998eca143d,k-means,warm,exec,queue,0.04801464080810547,7.152557373046875e-07,2.384185791015625e-07,1609701404.0419402,1609701404.2858229,0.2438826560974121,1609701404.1359572,1609701404.1417,0.005742788314819336
803aa23012f9491b97f2d22d1bfd5118,k-means,warm,exec,queue,0.05254483222961426,0.0,2.384185791015625e-07,1609701404.0446143,1609701404.4623618,0.41774749755859375,1609701404.1416254,1609701404.146598,0.004972696304321289
a011064e2908479fb2823b0cded0abab,k-means,warm,exec,queue,0.05726337432861328,2.384185791015625e-07,2.384185791015625e-07,1609701404.047234,1609701404.2527366,0.20550251007080078,1609701404.1465378,1609701404.151469,0.004931211471557617
f56c2d8e9e5e4abf85919827067a7642,k-means,warm,exec,queue,0.025627613067626953,2.384185791015625e-07,0.0,1609701404.049436,1609701404.2874455,0.23800945281982422,1609701404.1130235,1609701404.1214838,0.008460283279418945
b202591031c24fa2997839ccb6d4ee0d,k-means,warm,exec,queue,0.03125762939453125,2.384185791015625e-07,2.384185791015625e-07,1609701404.051033,1609701404.4029522,0.35191917419433594,1609701404.113562,1609701404.1188033,0.0052411556243896484
ccf6671ddba44cd69e40e3b3cad19185,k-means,warm,exec,queue,0.036611318588256836,2.384185791015625e-07,2.384185791015625e-07,1609701404.052701,1609701404.1776168,0.12491583824157715,1609701404.1188323,1609701404.123844,0.005011558532714844
4a33e86053344bce9af43bbde8a24781,k-means,warm,exec,queue,0.0419464111328125,2.384185791015625e-07,0.0,1609701404.0543108,1609701404.2145722,0.1602613925933838,1609701404.1248484,1609701404.130172,0.005323648452758789
5c72a934a83d4c89928d99db8b060786,k-means,warm,exec,queue,0.04625058174133301,4.76837158203125e-07,0.0,1609701404.055905,1609701404.2151706,0.15926551818847656,1609701404.1296654,1609701404.1359475,0.00628209114074707
ed3030a984d045d39e0c6abb6508b8c6,k-means,warm,exec,queue,0.02119135856628418,4.76837158203125e-07,4.76837158203125e-07,1609701404.0576856,1609701404.4046915,0.34700584411621094,1609701404.102513,1609701404.1112208,0.008707761764526367
2dac57a8934f451fbc14de89c38c2bfa,k-means,warm,exec,queue,0.016820669174194336,4.76837158203125e-07,2.384185791015625e-07,1609701404.0592606,1609701404.3448083,0.28554773330688477,1609701404.096975,1609701404.105356,0.008380889892578125
7d53f726593742138e2a983a73e290ae,k-means,warm,exec,queue,0.011835813522338867,2.384185791015625e-07,0.0,1609701404.0608501,1609701404.2109892,0.15013909339904785,1609701404.0919807,1609701404.1009018,0.008921146392822266
29cf19ab90c648229964b9c2ab00fed4,k-means,warm,exec,queue,0.06210041046142578,2.384185791015625e-07,0.0,1609701404.0624244,1609701404.290031,0.22760653495788574,1609701404.15183,1609701404.1579783,0.006148338317871094
d056bcb70a0345008c5641880caea62f,k-means,warm,exec,queue,0.06695127487182617,2.384185791015625e-07,0.0,1609701404.064099,1609701404.2906125,0.22651338577270508,1609701404.1574085,1609701404.1621838,0.004775285720825195
7ce1a21c658d47ad883e8e89174d27f5,k-means,warm,exec,queue,0.0722343921661377,2.384185791015625e-07,2.384185791015625e-07,1609701404.0656936,1609701404.2921062,0.22641253471374512,1609701404.163761,1609701404.171124,0.007363080978393555
06c1db30cd814e308b0aee670ce26d76,k-means,warm,exec,queue,0.007192850112915039,4.76837158203125e-07,4.76837158203125e-07,1609701405.0328305,1609701405.1470532,0.11422276496887207,1609701405.0765023,1609701405.0849745,0.008472204208374023
c4cabcd7601c4d2a882685dc6f8ed131,map_reduce,warm,exec,queue,0.029540061950683594,2.384185791015625e-07,2.384185791015625e-07,1609701405.0372732,1609701405.3568838,0.319610595703125,1609701405.1081445,1609701405.193505,0.08536052703857422
dd790b584cc64d0e9afcfe0538fd249b,k-means,warm,exec,queue,0.03074336051940918,2.384185791015625e-07,2.384185791015625e-07,1609701405.0399468,1609701405.2483382,0.20839142799377441,1609701405.1075459,1609701405.1147587,0.00721287727355957
af213eb2777443e093a75f8b2dff6877,k-means,warm,exec,queue,0.03614521026611328,2.384185791015625e-07,2.384185791015625e-07,1609701405.041836,1609701405.409684,0.36784791946411133,1609701405.1177292,1609701405.126096,0.008366823196411133
f836edacf4324d1997cc2839d64a197c,k-means,warm,exec,queue,0.00878453254699707,2.384185791015625e-07,4.76837158203125e-07,1609701405.0436535,1609701405.2142112,0.17055773735046387,1609701405.079777,1609701405.0879383,0.008161306381225586
c1c044b780574d9a9f5c03f6afbe1a78,k-means,warm,exec,queue,0.013813972473144531,7.152557373046875e-07,2.384185791015625e-07,1609701405.0452802,1609701405.2801347,0.23485445976257324,1609701405.0863554,1609701405.0951385,0.008783102035522461
c347db18eacb47d1b228fe2f44722609,k-means,warm,exec,queue,0.018489360809326172,4.76837158203125e-07,4.76837158203125e-07,1609701405.046887,1609701405.172383,0.12549614906311035,1609701405.1008353,1609701405.1093657,0.008530378341674805
bb1ba00de0cd491f9dd0e66ce7af900c,k-means,warm,exec,queue,0.023764371871948242,2.384185791015625e-07,0.0,1609701405.048519,1609701405.171313,0.12279415130615234,1609701405.1012034,1609701405.1082358,0.0070323944091796875
0b917cdf758f4dcb96a5d94aa9bc8af8,k-means,warm,exec,queue,0.028263330459594727,2.384185791015625e-07,2.384185791015625e-07,1609701405.0501368,1609701405.2471704,0.19703364372253418,1609701405.1066155,1609701405.1142724,0.00765681266784668
7e9d95cd888e4241b4591c2bad57619c,video,warm,exec,queue,0.02431201934814453,2.384185791015625e-07,2.384185791015625e-07,1609701405.0518873,1609701405.4844291,0.4325418472290039,1609701405.1024206,1609701405.1206996,0.018279075622558594
efd58fd717644e04a5ea5f79cad959b3,matmul,warm,exec,queue,0.030155420303344727,2.384185791015625e-07,2.384185791015625e-07,1609701405.0535462,1609701405.2131567,0.15961050987243652,1609701405.1069841,1609701405.118905,0.011920928955078125
3fe0c3c9a754473c90e2a4213e33137a,disk,warm,exec,queue,0.047974348068237305,2.384185791015625e-07,2.384185791015625e-07,1609701405.0551925,1609701405.4115918,0.3563992977142334,1609701405.1178966,1609701405.123959,0.006062507629394531
a7b61ed8c7da4c9aa7528b5ff4339f5b,k-means,warm,exec,queue,7.510185241699219e-05,2.384185791015625e-07,2.384185791015625e-07,1609701406.0269442,1609701406.1505132,0.12356901168823242,1609701406.0621226,1609701406.0701573,0.008034706115722656
d1ceaa3c975c4a53b5d481d9bb6738ca,k-means,warm,exec,queue,0.005144834518432617,4.76837158203125e-07,2.384185791015625e-07,1609701406.031073,1609701406.1511047,0.12003159523010254,1609701406.062966,1609701406.0722592,0.009293079376220703
7832a530f4184d0aafdd20fe8d7c8277,k-means,warm,exec,queue,0.00989222526550293,4.76837158203125e-07,2.384185791015625e-07,1609701406.0336397,1609701406.1477468,0.11410713195800781,1609701406.0676632,1609701406.07554,0.007876873016357422
1c908eb2811d45d9891cee4ef88fd345,k-means,warm,exec,queue,0.014493703842163086,7.152557373046875e-07,2.384185791015625e-07,1609701406.036151,1609701406.1728075,0.1366565227508545,1609701406.0729446,1609701406.080778,0.007833242416381836
91e4d0e8485141e39f91b63fee739f93,k-means,warm,exec,queue,0.019058942794799805,2.384185791015625e-07,2.384185791015625e-07,1609701406.0386906,1609701406.2901645,0.25147390365600586,1609701406.0785236,1609701406.0829823,0.00445866584777832
56f23650f3d048cc8e2ec4fcc118ea73,k-means,warm,exec,queue,0.023783206939697266,4.76837158203125e-07,2.384185791015625e-07,1609701406.0412056,1609701406.2482884,0.20708274841308594,1609701406.08243,1609701406.0869582,0.0045282840728759766
8bbdb8f56985467e89e6b564bffc471a,k-means,warm,exec,queue,0.02817058563232422,2.384185791015625e-07,2.384185791015625e-07,1609701406.0426533,1609701406.1972027,0.15454936027526855,1609701406.0890713,1609701406.0949311,0.005859851837158203
93ce6d52501344c8be08c7ba7d92865c,k-means,warm,exec,queue,0.03271007537841797,4.76837158203125e-07,2.384185791015625e-07,1609701406.0441,1609701406.171418,0.1273179054260254,1609701406.0928295,1609701406.0967355,0.0039060115814208984
3ac4e1429b904819b3d42ad64fcf0181,k-means,warm,exec,queue,0.006988048553466797,4.76837158203125e-07,2.384185791015625e-07,1609701407.0414698,1609701407.174105,0.13263511657714844,1609701407.0975585,1609701407.1062894,0.008730888366699219
9157d4cf66014a5b930ce4eb63af66e1,k-means,warm,exec,queue,0.05037045478820801,4.76837158203125e-07,4.76837158203125e-07,1609701407.0460272,1609701407.300489,0.25446176528930664,1609701407.1419353,1609701407.1472611,0.005325794219970703
36c3331cf78d4a08b51e163fd5c3e2c7,k-means,warm,exec,queue,0.05516624450683594,2.384185791015625e-07,0.0,1609701407.0486927,1609701407.3236258,0.2749330997467041,1609701407.1467907,1609701407.152727,0.005936145782470703
eda687762ef043d79912a6e98b2db5f9,k-means,warm,exec,queue,0.03201770782470703,2.384185791015625e-07,2.384185791015625e-07,1609701407.0513172,1609701407.2149484,0.16363120079040527,1609701407.1196644,1609701407.1246166,0.004952192306518555
49306ac0910d43af87b2c4fa299379a9,k-means,warm,exec,queue,0.05974149703979492,4.76837158203125e-07,2.384185791015625e-07,1609701407.0534787,1609701407.4956377,0.44215893745422363,1609701407.1537457,1609701407.159035,0.005289316177368164
85bf87b70ddd4ec6a9b2d48f64004ce3,k-means,warm,exec,queue,0.0369868278503418,2.384185791015625e-07,2.384185791015625e-07,1609701407.0550828,1609701407.2162225,0.16113972663879395,1609701407.125325,1609701407.13128,0.0059549808502197266
4f387c35782d4ded887e93770bfc7885,k-means,warm,exec,queue,0.04196047782897949,2.384185791015625e-07,0.0,1609701407.0567038,1609701407.4962032,0.4394993782043457,1609701407.132045,1609701407.1386054,0.006560325622558594
7064f65c58b4444ebef6d588db5dd9f6,k-means,warm,exec,queue,0.04663205146789551,2.384185791015625e-07,2.384185791015625e-07,1609701407.0583153,1609701407.4930868,0.4347715377807617,1609701407.1372945,1609701407.1436906,0.006396055221557617
8d2fcdb742d743fbbfde214f57a25ec3,k-means,warm,exec,queue,0.027503252029418945,4.76837158203125e-07,2.384185791015625e-07,1609701407.0599222,1609701407.2172227,0.15730047225952148,1609701407.1175718,1609701407.1240008,0.006428956985473633
5f8bff374d4a485a86ba5545b25e8932,k-means,warm,exec,queue,0.020471572875976562,2.384185791015625e-07,2.384185791015625e-07,1609701407.0616822,1609701407.4757123,0.4140300750732422,1609701407.1076834,1609701407.1160967,0.008413314819335938
6ec586c9fdb042ffa5162286cd2d75f5,k-means,warm,exec,queue,0.01603865623474121,2.384185791015625e-07,0.0,1609701407.063286,1609701407.2654603,0.20217418670654297,1609701407.1025662,1609701407.111516,0.008949756622314453
b1eb314c6c284776b93e09c8cd08fbfc,k-means,warm,exec,queue,0.010773181915283203,4.76837158203125e-07,0.0,1609701407.0648768,1609701407.172923,0.10804629325866699,1609701407.0971124,1609701407.105717,0.00860452651977539
b5e1120746da4aa99a3f50ce2b1fdf31,k-means,warm,exec,queue,0.06435227394104004,2.384185791015625e-07,2.384185791015625e-07,1609701407.0664535,1609701407.4912872,0.4248337745666504,1609701407.1581497,1609701407.162718,0.004568338394165039
c904988919704e6e938ac3af41e407f4,k-means,warm,exec,queue,0.06986784934997559,2.384185791015625e-07,2.384185791015625e-07,1609701407.0681403,1609701407.3988705,0.3307301998138428,1609701407.1641622,1609701407.1698353,0.00567317008972168
01b2eb72453e4b11bf63d7928f264454,k-means,warm,exec,queue,0.07452988624572754,4.76837158203125e-07,2.384185791015625e-07,1609701407.0697265,1609701407.4740841,0.4043576717376709,1609701407.1687446,1609701407.1736574,0.004912853240966797
e43a316353744350ab336c0b5de1a084,video,warm,exec,queue,0.017406940460205078,2.384185791015625e-07,0.0,1609701407.071305,1609701407.2986321,0.2273271083831787,1609701407.117839,1609701407.1343071,0.016468048095703125
23b460a456074fe4aba89b43d5e36056,k-means,warm,exec,queue,0.008145570755004883,2.384185791015625e-07,2.384185791015625e-07,1609701408.040913,1609701408.2426884,0.20177531242370605,1609701408.0931485,1609701408.1015997,0.008451223373413086
1570716fb9544880a110cbcefd301d20,k-means,warm,exec,queue,0.05371236801147461,4.76837158203125e-07,4.76837158203125e-07,1609701408.044079,1609701408.696959,0.6528799533843994,1609701408.1437333,1609701408.149779,0.006045818328857422
fa2b617d6d0b4978954eb58576a88dee,k-means,warm,exec,queue,0.08572602272033691,2.384185791015625e-07,2.384185791015625e-07,1609701408.0457964,1609701408.510395,0.4645986557006836,1609701408.1777656,1609701408.1848598,0.007094144821166992
ee9cb4aa1c8e4d0fbce6b6126f5cd1a6,k-means,warm,exec,queue,0.03551793098449707,2.384185791015625e-07,0.0,1609701408.0474606,1609701408.4433084,0.39584779739379883,1609701408.1213634,1609701408.1278584,0.006494998931884766
5a942ef2c6e14bb78ccabc08181a90b3,k-means,warm,exec,queue,0.04079890251159668,2.384185791015625e-07,2.384185791015625e-07,1609701408.0494742,1609701408.4452288,0.3957545757293701,1609701408.1254914,1609701408.130164,0.004672527313232422
e0d66997de364ecc884d9c0885f3fcb9,k-means,warm,exec,queue,0.04613184928894043,7.152557373046875e-07,2.384185791015625e-07,1609701408.0511215,1609701408.7006087,0.6494872570037842,1609701408.1334267,1609701408.1408002,0.0073735713958740234
879248d428864522abaf67453c8e4188,k-means,warm,exec,queue,0.05093812942504883,2.384185791015625e-07,4.76837158203125e-07,1609701408.052848,1609701408.6183941,0.5655460357666016,1609701408.1381047,1609701408.1445148,0.006410121917724609
e8fb3c95b97546a48626c26b5950bca1,k-means,warm,exec,queue,0.031134366989135742,2.384185791015625e-07,0.0,1609701408.0544655,1609701408.69765,0.6431844234466553,1609701408.114592,1609701408.1196954,0.005103349685668945
81cb73c974104c30bfdd3726aefc6fe8,k-means,warm,exec,queue,0.0261385440826416,2.384185791015625e-07,0.0,1609701408.0560966,1609701408.3764825,0.3203859329223633,1609701408.1099463,1609701408.1149676,0.005021333694458008
3600f6505f9247f195db0fa15707d28e,k-means,warm,exec,queue,0.0204465389251709,2.384185791015625e-07,2.384185791015625e-07,1609701408.0579057,1609701408.2438579,0.18595218658447266,1609701408.1042213,1609701408.112398,0.008176565170288086
07f99eeb0c9745f3bdc6795b1acfccf0,k-means,warm,exec,queue,0.01605963706970215,2.384185791015625e-07,0.0,1609701408.0595384,1609701408.3348632,0.27532482147216797,1609701408.099124,1609701408.1071687,0.008044719696044922
89c32754e89343d7b26e72a40b4b7052,k-means,warm,exec,queue,0.011044502258300781,2.384185791015625e-07,2.384185791015625e-07,1609701408.06118,1609701408.3804066,0.3192265033721924,1609701408.093291,1609701408.1017864,0.008495330810546875
912d143ecc55452297012ded13285f8c,k-means,warm,exec,queue,0.09054112434387207,2.384185791015625e-07,2.384185791015625e-07,1609701408.0628152,1609701408.701227,0.6384117603302002,1609701408.181232,1609701408.189373,0.008141040802001953
e264074cfda7460f920343319bc6c1f6,k-means,warm,exec,queue,0.09602737426757812,4.76837158203125e-07,0.0,1609701408.0645678,1609701408.5491126,0.4845447540283203,1609701408.1869383,1609701408.1940777,0.007139444351196289
b1f05467cd9744a28a45b21bc0baf6ce,k-means,warm,exec,queue,0.10031819343566895,2.384185791015625e-07,2.384185791015625e-07,1609701408.0661922,1609701408.3810108,0.3148186206817627,1609701408.1918654,1609701408.196879,0.005013465881347656
9fc33db287b5453181d22e905bd4ed6d,k-means,warm,exec,queue,0.0036363601684570312,4.76837158203125e-07,0.0,1609701409.0318472,1609701409.156244,0.12439680099487305,1609701409.0693474,1609701409.0774345,0.008087158203125
81e33ae59eab4e5ebc1a43e07e91abc9,video,warm,exec,queue,0.01575326919555664,2.384185791015625e-07,0.0,1609701409.0361104,1609701409.186372,0.15026164054870605,1609701409.0880003,1609701409.1039312,0.015930891036987305
ef7346212c4b469c897763477861c2ff,k-means,warm,exec,queue,0.03545022010803223,2.384185791015625e-07,0.0,1609701409.0387945,1609701409.254636,0.21584153175354004,1609701409.1038637,1609701409.1088965,0.005032777786254883
9264b42f3f984691b334d206af045d93,k-means,warm,exec,queue,0.03074049949645996,2.384185791015625e-07,2.384185791015625e-07,1609701409.041448,1609701409.2124538,0.1710057258605957,1609701409.097246,1609701409.1022177,0.004971742630004883
cb5e7ba25a9048a8a7b69f147fb6b686,k-means,warm,exec,queue,0.025638341903686523,2.384185791015625e-07,4.76837158203125e-07,1609701409.0440488,1609701409.2112963,0.16724753379821777,1609701409.0917854,1609701409.0984583,0.006672859191894531
ff41d7872e474ec6be44938033f771e5,k-means,warm,exec,queue,0.007488727569580078,4.76837158203125e-07,7.152557373046875e-07,1609701409.0460982,1609701409.1543546,0.10825634002685547,1609701409.0709438,1609701409.079701,0.00875711441040039
e04259ea2c05462f9bc45aebfcd6fd81,k-means,warm,exec,queue,0.011984109878540039,4.76837158203125e-07,2.384185791015625e-07,1609701409.047678,1609701409.1566117,0.10893368721008301,1609701409.075715,1609701409.0845897,0.008874654769897461
06f5ef6d137e40e086a189fb85c7a4c5,k-means,warm,exec,queue,0.016648292541503906,2.384185791015625e-07,2.384185791015625e-07,1609701409.049296,1609701409.3378963,0.28860044479370117,1609701409.0806367,1609701409.0893884,0.008751630783081055
43a45ab575c74289a73290910e795448,k-means,warm,exec,queue,0.022054672241210938,4.76837158203125e-07,2.384185791015625e-07,1609701409.0508916,1609701409.2532916,0.20239996910095215,1609701409.087546,1609701409.094572,0.007025957107543945
6a64e3599b664945aa795a601f7ae614,k-means,warm,exec,queue,0.0070667266845703125,4.76837158203125e-07,2.384185791015625e-07,1609701410.0393198,1609701410.177814,0.13849425315856934,1609701410.087001,1609701410.0958757,0.008874654769897461
908c8323cca2492fa64f87e4acfcbf50,k-means,warm,exec,queue,0.04749655723571777,2.384185791015625e-07,2.384185791015625e-07,1609701410.0437527,1609701410.5621161,0.5183634757995605,1609701410.131298,1609701410.1366737,0.00537562370300293
33ccd28e72e34ac0ad26ee4d91ffda00,k-means,warm,exec,queue,0.05239152908325195,2.384185791015625e-07,2.384185791015625e-07,1609701410.0465066,1609701410.7767944,0.7302877902984619,1609701410.1368852,1609701410.1423125,0.005427360534667969
cb35e2571c69418d957eeda9cacf6772,k-means,warm,exec,queue,0.057022809982299805,2.384185791015625e-07,2.384185791015625e-07,1609701410.0489933,1609701410.7075837,0.6585903167724609,1609701410.1430907,1609701410.1492982,0.006207466125488281
2d7a05a5b7b54b96952a1d53aab0b196,k-means,warm,exec,queue,0.026766300201416016,2.384185791015625e-07,0.0,1609701410.0508091,1609701410.5595584,0.50874924659729,1609701410.1072829,1609701410.1136642,0.00638127326965332
6434fea23a4b42b081be8c1566312a61,k-means,warm,exec,queue,0.03180122375488281,4.76837158203125e-07,2.384185791015625e-07,1609701410.0524187,1609701410.5589497,0.5065310001373291,1609701410.1105475,1609701410.115665,0.0051174163818359375
0bec1abe2a104f6cabbbee726704daf8,k-means,warm,exec,queue,0.03619384765625,4.76837158203125e-07,2.384185791015625e-07,1609701410.0540318,1609701410.832127,0.7780952453613281,1609701410.1157644,1609701410.1215436,0.005779266357421875
14b1050e61e84077a46abbc27052e372,k-means,warm,exec,queue,0.040749311447143555,4.76837158203125e-07,0.0,1609701410.0556185,1609701410.77503,0.7194113731384277,1609701410.1233056,1609701410.1295583,0.006252765655517578
9dfd1382d04a4fa2834da81a61a7eab1,k-means,warm,exec,queue,0.04536247253417969,4.76837158203125e-07,2.384185791015625e-07,1609701410.0572364,1609701410.6226175,0.5653810501098633,1609701410.1276803,1609701410.1352108,0.0075304508209228516
8f9477c3880645be98111b84859b0ebe,k-means,warm,exec,queue,0.02044987678527832,4.76837158203125e-07,2.384185791015625e-07,1609701410.058989,1609701410.178416,0.11942696571350098,1609701410.0988653,1609701410.1077092,0.00884389877319336
781dc89066a743adae1bbb38b584fd12,k-means,warm,exec,queue,0.015090703964233398,2.384185791015625e-07,2.384185791015625e-07,1609701410.0605688,1609701410.1789703,0.11840152740478516,1609701410.0927522,1609701410.1012611,0.008508920669555664
d96d65c57ade485a956e59986784f4a0,k-means,warm,exec,queue,0.010124444961547852,7.152557373046875e-07,0.0,1609701410.062132,1609701410.1734872,0.11135530471801758,1609701410.0878134,1609701410.096613,0.008799552917480469
fd9944a018f44609bf2b0ad24ed93b92,matmul,warm,exec,queue,0.017354249954223633,2.384185791015625e-07,2.384185791015625e-07,1609701410.0637019,1609701410.6243377,0.5606358051300049,1609701410.107381,1609701410.1189654,0.011584281921386719
f61657f4d36b4236a1b33da71de80056,k-means,warm,exec,queue,7.772445678710938e-05,2.384185791015625e-07,2.384185791015625e-07,1609701411.0466807,1609701411.1953502,0.14866948127746582,1609701411.1026292,1609701411.110961,0.008331775665283203
7bf1af9e77314518897bd65a28d358b1,k-means,warm,exec,queue,0.008708715438842773,2.384185791015625e-07,2.384185791015625e-07,1609701411.0510101,1609701411.1944382,0.14342808723449707,1609701411.1029663,1609701411.1118846,0.008918285369873047
5d555a3cdda440969a09ef768f89ea21,k-means,warm,exec,queue,0.013519763946533203,4.76837158203125e-07,2.384185791015625e-07,1609701411.0532525,1609701411.1949115,0.14165902137756348,1609701411.109092,1609701411.1177998,0.008707761764526367
418281d4031d4acf8c09eb1dabed3e6f,k-means,warm,exec,queue,0.01810622215270996,4.76837158203125e-07,2.384185791015625e-07,1609701411.0549526,1609701411.1915338,0.1365811824798584,1609701411.1143162,1609701411.1228185,0.00850224494934082
bbd78399d8fb446c8543e29ed9ddcd47,k-means,warm,exec,queue,0.025453567504882812,4.76837158203125e-07,2.384185791015625e-07,1609701411.0568843,1609701411.3149512,0.25806689262390137,1609701411.1229703,1609701411.1287043,0.005733966827392578
d39fa8cbf68e4947942de63713bf0b27,k-means,warm,exec,queue,0.030411243438720703,2.384185791015625e-07,2.384185791015625e-07,1609701411.0585916,1609701411.233795,0.1752033233642578,1609701411.1259131,1609701411.1323793,0.0064661502838134766
89d5a1baea0e44b0bc2de0fbbf514568,k-means,warm,exec,queue,0.03553271293640137,2.384185791015625e-07,0.0,1609701411.0603096,1609701411.3339958,0.27368617057800293,1609701411.1316588,1609701411.1383116,0.00665283203125
a14959d00fa949a29d1b95e882ba4a19,k-means,warm,exec,queue,0.04042553901672363,2.384185791015625e-07,0.0,1609701411.0620227,1609701411.4810119,0.4189891815185547,1609701411.1386938,1609701411.1463885,0.007694721221923828
f87853ac19104e24868081e095c92d34,k-means,warm,exec,queue,0.04603409767150879,2.384185791015625e-07,0.0,1609701411.0637414,1609701411.3609548,0.2972133159637451,1609701411.145692,1609701411.1517072,0.00601506233215332
0ed85f3c2d9949af81ad391d11c956ff,k-means,warm,exec,queue,0.051093339920043945,2.384185791015625e-07,2.384185791015625e-07,1609701411.0655148,1609701411.337545,0.2720301151275635,1609701411.1485856,1609701411.155184,0.006598472595214844
f8cf73cdbdaa4406ac1620f24534a302,k-means,warm,exec,queue,0.056462764739990234,4.76837158203125e-07,2.384185791015625e-07,1609701411.0670948,1609701411.3358405,0.26874566078186035,1609701411.1542532,1609701411.1591492,0.004895925521850586
552328e657a8497eaf3358054079f909,k-means,warm,exec,queue,0.061519622802734375,2.384185791015625e-07,0.0,1609701411.0686877,1609701411.3154826,0.2467949390411377,1609701411.1613097,1609701411.1674554,0.0061457157135009766
98d89e1b7aa94c3c935374fe0f59e3bd,k-means,warm,exec,queue,0.06710505485534668,2.384185791015625e-07,0.0,1609701411.0702815,1609701411.3592198,0.2889382839202881,1609701411.1658208,1609701411.1719396,0.0061187744140625
fbd68d3084f64e7a83a2d957fa7470c8,k-means,warm,exec,queue,0.07256126403808594,2.384185791015625e-07,0.0,1609701411.0719728,1609701411.3143647,0.24239182472229004,1609701411.173269,1609701411.1802793,0.007010221481323242
aae7eac10cc444a38fe3e2a247be1af4,k-means,warm,exec,queue,0.07787275314331055,2.384185791015625e-07,2.384185791015625e-07,1609701411.0735736,1609701411.3103895,0.2368159294128418,1609701411.1775756,1609701411.1834333,0.005857706069946289
9346a8b7fc494cc089081c60ed4e8fd3,k-means,warm,exec,queue,0.08258938789367676,4.76837158203125e-07,0.0,1609701411.0751333,1609701411.56954,0.49440670013427734,1609701411.1832533,1609701411.189496,0.0062427520751953125
3adba18e3a2747a0849f486cf6b3021d,video,warm,exec,queue,0.016684293746948242,4.76837158203125e-07,2.384185791015625e-07,1609701411.076808,1609701411.3171241,0.24031615257263184,1609701411.1226878,1609701411.1386282,0.015940427780151367
5ec27528dac54cf7978d0cdb0c2eb0c9,k-means,warm,exec,queue,0.0026328563690185547,4.76837158203125e-07,4.76837158203125e-07,1609701412.0385985,1609701412.2630005,0.22440195083618164,1609701412.0805938,1609701412.0882437,0.007649898529052734
2a0344b67f81429493e33c170bbac1f5,k-means,warm,exec,queue,0.0312349796295166,2.384185791015625e-07,2.384185791015625e-07,1609701412.0428493,1609701412.5080924,0.4652431011199951,1609701412.1097317,1609701412.1172411,0.007509469985961914
3003c99b5a40413e94fc03e928d6e90b,k-means,warm,exec,queue,0.027115821838378906,2.384185791015625e-07,4.76837158203125e-07,1609701412.0454452,1609701412.331964,0.28651881217956543,1609701412.1015613,1609701412.1068642,0.005302906036376953
08e0e354d92341daabb0acfa23106790,k-means,warm,exec,queue,0.02249932289123535,2.384185791015625e-07,0.0,1609701412.0479887,1609701412.3325572,0.28456854820251465,1609701412.0968132,1609701412.1027067,0.0058934688568115234
5d4f5d91ba18467da3e49e268b8b4ed8,k-means,warm,exec,queue,0.00975656509399414,4.76837158203125e-07,4.76837158203125e-07,1609701412.0499852,1609701412.4047463,0.35476112365722656,1609701412.0811598,1609701412.0891705,0.008010625839233398
7f496be67da2467e8fd5ac803adeb9f9,k-means,warm,exec,queue,0.014791727066040039,4.76837158203125e-07,0.0,1609701412.051489,1609701412.329269,0.27777981758117676,1609701412.0859542,1609701412.093797,0.007842779159545898
7356f132f6b5496e97de798ca9252b57,k-means,warm,exec,queue,0.020078182220458984,2.384185791015625e-07,2.384185791015625e-07,1609701412.0530112,1609701412.5087705,0.45575928688049316,1609701412.0926182,1609701412.1013174,0.008699178695678711
7ede4374ef48493e85a8a35ea0cba87f,k-means,warm,exec,queue,0.05101799964904785,2.384185791015625e-07,2.384185791015625e-07,1609701412.0545075,1609701412.6643114,0.6098039150238037,1609701412.1305437,1609701412.1362233,0.005679607391357422
6996eb0f4d20496889cc4307d0157f8b,k-means,warm,exec,queue,0.04577040672302246,2.384185791015625e-07,2.384185791015625e-07,1609701412.056003,1609701412.766265,0.7102618217468262,1609701412.1235003,1609701412.130279,0.006778717041015625
948e34cfa4ef46f4b7665cd62c1802cc,k-means,warm,exec,queue,0.04143404960632324,2.384185791015625e-07,2.384185791015625e-07,1609701412.0576248,1609701412.6331897,0.5755648612976074,1609701412.1186786,1609701412.1249423,0.00626373291015625
c8fd48f4c57743808a0c4ff163ef7929,k-means,warm,exec,queue,0.03630852699279785,2.384185791015625e-07,2.384185791015625e-07,1609701412.0591252,1609701412.5888262,0.5297009944915771,1609701412.112427,1609701412.1166875,0.004260540008544922
298bbc8124444f1ab528c32dd04a0e74,k-means,warm,exec,queue,0.00043964385986328125,4.76837158203125e-07,2.384185791015625e-07,1609701413.0435123,1609701413.166611,0.12309861183166504,1609701413.0892076,1609701413.0958874,0.0066797733306884766
e921037b4240401eb474307119f75271,k-means,warm,exec,queue,0.04765462875366211,0.0,2.384185791015625e-07,1609701413.047714,1609701413.4933136,0.4455995559692383,1609701413.1366098,1609701413.141844,0.005234241485595703
fa775b4e99d74a928a81c5e1bf797d09,k-means,warm,exec,queue,0.05222463607788086,2.384185791015625e-07,0.0,1609701413.0502331,1609701413.2525363,0.20230317115783691,1609701413.1415262,1609701413.1472604,0.00573420524597168
188730d829434743898d204568772e48,k-means,warm,exec,queue,0.05679821968078613,2.384185791015625e-07,0.0,1609701413.0526779,1609701413.5179126,0.46523475646972656,1609701413.14775,1609701413.1524622,0.004712343215942383
a8fd3a751e514318aca2710df9b0ba7f,k-means,warm,exec,queue,0.005423307418823242,2.384185791015625e-07,0.0,1609701413.0542643,1609701413.3434348,0.289170503616333,1609701413.0902474,1609701413.0987628,0.008515357971191406
be65bfd1da3a4235aac7392b2cdebb6d,k-means,warm,exec,queue,0.009903669357299805,2.384185791015625e-07,4.76837158203125e-07,1609701413.0556886,1609701413.1683931,0.11270451545715332,1609701413.0932488,1609701413.1012347,0.007985830307006836
8aeef44f83e84f42b6d3e26f43e962b7,k-means,warm,exec,queue,0.014445304870605469,2.384185791015625e-07,0.0,1609701413.057138,1609701413.4119124,0.35477447509765625,1609701413.0985613,1609701413.1072834,0.008722066879272461
bb19abfd6e1e4bf0b08a3c9ac791d4a4,k-means,warm,exec,queue,0.020364761352539062,2.384185791015625e-07,0.0,1609701413.0585635,1609701413.4101362,0.35157275199890137,1609701413.1068888,1609701413.113633,0.0067441463470458984
ccdbc2c0a8c249c5ac793388100c83b3,k-means,warm,exec,queue,0.02598857879638672,2.384185791015625e-07,2.384185791015625e-07,1609701413.0600386,1609701413.3032825,0.24324393272399902,1609701413.109959,1609701413.1161106,0.006151676177978516
d6e7017796564920a488a72191b5e138,k-means,warm,exec,queue,0.030933856964111328,2.384185791015625e-07,0.0,1609701413.061864,1609701413.208641,0.14677715301513672,1609701413.1154618,1609701413.1212592,0.005797386169433594
6d7bf8b1eb754d3995c15c9f9c61c679,k-means,warm,exec,queue,0.03584742546081543,2.384185791015625e-07,2.384185791015625e-07,1609701413.0633533,1609701413.2531555,0.1898021697998047,1609701413.1219058,1609701413.1264863,0.004580497741699219
b9c5c414cfc24a5483186b281d0250de,k-means,warm,exec,queue,0.04066586494445801,2.384185791015625e-07,2.384185791015625e-07,1609701413.0648496,1609701413.3038263,0.23897671699523926,1609701413.1285746,1609701413.1351724,0.006597757339477539
e827a6ce7b3442ba934b59012972aba6,k-means,warm,exec,queue,0.04533076286315918,2.384185791015625e-07,2.384185791015625e-07,1609701413.066332,1609701413.3005915,0.23425936698913574,1609701413.132623,1609701413.1380365,0.005413532257080078
e15f6a4a1ffd43ed8781f81b60da4045,video,warm,exec,queue,0.015531301498413086,0.0,0.0,1609701413.0679328,1609701413.2103403,0.14240741729736328,1609701413.1059046,1609701413.12254,0.016635417938232422
7afb0d7f134c4d49b26846f5542ccd9c,k-means,warm,exec,queue,8.487701416015625e-05,4.76837158203125e-07,2.384185791015625e-07,1609701414.0397136,1609701414.152294,0.1125802993774414,1609701414.08446,1609701414.0930998,0.008639812469482422
6707cd8fc2904d9f8ff1338cc7d8826a,k-means,warm,exec,queue,0.007526397705078125,4.76837158203125e-07,0.0,1609701414.0439277,1609701414.1540635,0.11013579368591309,1609701414.084702,1609701414.092532,0.007829904556274414
702211daec4b465f93fb8e6073de9c8d,k-means,warm,exec,queue,0.012368202209472656,7.152557373046875e-07,2.384185791015625e-07,1609701414.046504,1609701414.2843163,0.23781228065490723,1609701414.0887728,1609701414.0971072,0.00833439826965332
44ed692276f94c52a3d1b6990603a8d4,k-means,warm,exec,queue,0.016831398010253906,4.76837158203125e-07,2.384185791015625e-07,1609701414.0490408,1609701414.2837172,0.23467636108398438,1609701414.094259,1609701414.1025424,0.008283376693725586
b5a76aca1dba4680a1b4d71021926583,k-means,warm,exec,queue,0.0226898193359375,4.76837158203125e-07,2.384185791015625e-07,1609701414.0518613,1609701414.2275767,0.17571544647216797,1609701414.1038785,1609701414.110635,0.00675654411315918
f7d937814dd24a40af559fb952eb92da,k-means,warm,exec,queue,0.027096271514892578,2.384185791015625e-07,2.384185791015625e-07,1609701414.0536427,1609701414.1684787,0.11483597755432129,1609701414.1048894,1609701414.111027,0.0061376094818115234
27b4bca55bf84a97a0ec14679fc30937,k-means,warm,exec,queue,0.03178906440734863,4.76837158203125e-07,2.384185791015625e-07,1609701414.0551376,1609701414.196706,0.14156842231750488,1609701414.109927,1609701414.114887,0.004960060119628906
05f2cb6e03694db3bff36dfea783ee0d,k-means,warm,exec,queue,0.03625822067260742,4.76837158203125e-07,2.384185791015625e-07,1609701414.056652,1609701414.1961172,0.1394650936126709,1609701414.1183915,1609701414.126164,0.0077724456787109375
7d539614f8a14b00a139cf440395009d,k-means,warm,exec,queue,0.04158663749694824,2.384185791015625e-07,2.384185791015625e-07,1609701414.0581486,1609701414.1936507,0.13550209999084473,1609701414.1217785,1609701414.127614,0.005835533142089844
6d43e424d4f74fd09fa2fb0a18bd6cdc,k-means,warm,exec,queue,0.04606223106384277,2.384185791015625e-07,0.0,1609701414.0597584,1609701414.2294118,0.16965341567993164,1609701414.126816,1609701414.1341052,0.00728917121887207
f927d7d60c714f11b75f59805bc52873,k-means,warm,exec,queue,0.051477670669555664,2.384185791015625e-07,2.384185791015625e-07,1609701414.0612588,1609701414.2806275,0.21936869621276855,1609701414.1337695,1609701414.1385539,0.004784345626831055
8e5247a58b7d421c841ceb9fd2803fb6,k-means,warm,exec,queue,0.007311820983886719,4.76837158203125e-07,2.384185791015625e-07,1609701415.0461304,1609701415.1542063,0.10807585716247559,1609701415.0950866,1609701415.1037273,0.008640766143798828
a05d2d153b5449fd99ca733fe37017d1,k-means,warm,exec,queue,0.05439639091491699,2.384185791015625e-07,0.0,1609701415.050448,1609701415.450294,0.39984607696533203,1609701415.1480887,1609701415.1544733,0.006384611129760742
6b4ff5f688624b4a8cc964e4d2a11fe5,k-means,warm,exec,queue,0.044595956802368164,2.384185791015625e-07,0.0,1609701415.0530796,1609701415.5182836,0.46520400047302246,1609701415.141863,1609701415.1489236,0.007060527801513672
581cac13eebe466da52f7d51f5f45c71,k-means,warm,exec,queue,0.04926586151123047,4.76837158203125e-07,2.384185791015625e-07,1609701415.0556586,1609701415.4520218,0.3963632583618164,1609701415.1442869,1609701415.1514904,0.007203578948974609
500b8f6c44564146b83a6a9de942971c,k-means,warm,exec,queue,0.025136232376098633,4.76837158203125e-07,4.76837158203125e-07,1609701415.05856,1609701415.2849867,0.2264268398284912,1609701415.123067,1609701415.1291468,0.006079912185668945
76fbfe564b1448c19a89c2eb319e0c7b,k-means,warm,exec,queue,0.03027033805847168,4.76837158203125e-07,2.384185791015625e-07,1609701415.0608463,1609701415.2458339,0.18498754501342773,1609701415.1260865,1609701415.1324906,0.00640416145324707
32abe85dce18462bbff684cb998b04e6,k-means,warm,exec,queue,0.03646087646484375,0.0,0.0,1609701415.0624168,1609701415.285583,0.22316622734069824,1609701415.1275187,1609701415.132674,0.005155324935913086
30225332132b4b95966733cfa65d5ced,k-means,warm,exec,queue,0.041437387466430664,2.384185791015625e-07,2.384185791015625e-07,1609701415.0639822,1609701415.2824275,0.2184453010559082,1609701415.1333485,1609701415.1413355,0.007987022399902344
cab93ada82574ac18753fd64345caac1,k-means,warm,exec,queue,0.018189668655395508,4.76837158203125e-07,2.384185791015625e-07,1609701415.0655692,1609701415.2818735,0.21630430221557617,1609701415.108946,1609701415.1173282,0.008382081985473633
d333c4f87c7c44deaa5693ad1680faa5,k-means,warm,exec,queue,0.013743400573730469,4.76837158203125e-07,0.0,1609701415.0672646,1609701415.2129388,0.1456742286682129,1609701415.1017199,1609701415.1103466,0.008626699447631836
ad6991c6a6f9439e9c7c7fa9cff460d9,k-means,warm,exec,queue,0.009337663650512695,2.384185791015625e-07,2.384185791015625e-07,1609701415.068859,1609701415.2791257,0.2102665901184082,1609701415.0974684,1609701415.1061645,0.00869607925415039
dc0de62abcd5487ea30b021a291b9974,video,warm,exec,queue,0.025140047073364258,4.76837158203125e-07,4.76837158203125e-07,1609701415.0704231,1609701415.321472,0.2510488033294678,1609701415.1237779,1609701415.1409473,0.017169475555419922
c179c1158f3840baacd8cb49584efda6,matmul,warm,exec,queue,0.02338552474975586,2.384185791015625e-07,0.0,1609701415.072011,1609701415.2474806,0.17546963691711426,1609701415.1269505,1609701415.13903,0.012079477310180664
fafee38c94164977b27da396e9941ca9,map_reduce,warm,exec,queue,0.027875900268554688,2.384185791015625e-07,2.384185791015625e-07,1609701415.073748,1609701415.3848782,0.3111300468444824,1609701415.1285284,1609701415.2139626,0.0854341983795166
5c743954f8814bd28f36b8d712f9169f,k-means,warm,exec,queue,0.002992391586303711,2.384185791015625e-07,2.384185791015625e-07,1609701416.048675,1609701416.1987045,0.15002942085266113,1609701416.1001968,1609701416.1072624,0.007065534591674805
fb17729a13da4fb1b2d6bd72d5591233,k-means,warm,exec,queue,0.05842947959899902,2.384185791015625e-07,4.76837158203125e-07,1609701416.0530872,1609701416.4666567,0.41356945037841797,1609701416.1570928,1609701416.162939,0.005846261978149414
9c0324ab77c2459aa1b4dbb9068aaeb5,k-means,warm,exec,queue,0.05372118949890137,4.76837158203125e-07,2.384185791015625e-07,1609701416.055678,1609701416.3057106,0.2500326633453369,1609701416.1520827,1609701416.1586294,0.006546735763549805
1f631286c2034eaba82ca23d5f7bc917,k-means,warm,exec,queue,0.04821467399597168,4.76837158203125e-07,2.384185791015625e-07,1609701416.0582738,1609701416.3025358,0.2442619800567627,1609701416.1455076,1609701416.1512263,0.005718708038330078
a03b1e1234e947af8793fa8b2f3a21ab,k-means,warm,exec,queue,0.04290413856506348,4.76837158203125e-07,2.384185791015625e-07,1609701416.0609858,1609701416.306311,0.24532508850097656,1609701416.140039,1609701416.1459508,0.005911827087402344
6e747235cc77473f9111478902484eae,k-means,warm,exec,queue,0.0370936393737793,2.384185791015625e-07,2.384185791015625e-07,1609701416.0625403,1609701416.2246366,0.16209626197814941,1609701416.1325827,1609701416.1383464,0.0057637691497802734
35743793673e4731a8410cb374af840b,k-means,warm,exec,queue,0.032103538513183594,2.384185791015625e-07,2.384185791015625e-07,1609701416.0640984,1609701416.4713485,0.40725016593933105,1609701416.1280904,1609701416.1326249,0.004534482955932617
a48ed6d1da00482c8fc3300644ab5960,k-means,warm,exec,queue,0.02712416648864746,4.76837158203125e-07,2.384185791015625e-07,1609701416.0657008,1609701416.470736,0.40503525733947754,1609701416.1217926,1609701416.126095,0.004302501678466797
8568bc3ae79f4c0392a71bd49fb4a7ed,k-means,warm,exec,queue,0.021506309509277344,2.384185791015625e-07,2.384185791015625e-07,1609701416.0672681,1609701416.2228534,0.15558528900146484,1609701416.1151986,1609701416.1195183,0.004319667816162109
5fbe98e601ac4217ab4788e2dc774a0d,k-means,warm,exec,queue,0.009943246841430664,2.384185791015625e-07,0.0,1609701416.0689795,1609701416.2005677,0.13158822059631348,1609701416.1007462,1609701416.1088212,0.00807499885559082
1eb0ff3d678b4dc5ab0ec1ecfd01b879,k-means,warm,exec,queue,0.01467585563659668,4.76837158203125e-07,0.0,1609701416.0705462,1609701416.3019328,0.23138666152954102,1609701416.1067832,1609701416.1146097,0.007826566696166992
919fd96ed2cc459e85a8c1718946a507,k-means,warm,exec,queue,0.0191347599029541,2.384185791015625e-07,2.384185791015625e-07,1609701416.0720978,1609701416.473599,0.4015011787414551,1609701416.1151369,1609701416.1231327,0.007995843887329102
810084b2fc654873a2826dce2bb64bfb,k-means,warm,exec,queue,0.06321597099304199,4.76837158203125e-07,2.384185791015625e-07,1609701416.0736785,1609701416.3830483,0.3093698024749756,1609701416.1609478,1609701416.1666172,0.005669355392456055
057216a849ee4a3cb90d12194c3bc326,k-means,warm,exec,queue,0.06842923164367676,2.384185791015625e-07,0.0,1609701416.075598,1609701416.4719095,0.39631152153015137,1609701416.1679902,1609701416.1729896,0.004999399185180664
167c0ebb9ea9429d9bcacce94d2fc0f3,k-means,warm,exec,queue,0.07382559776306152,4.76837158203125e-07,2.384185791015625e-07,1609701416.0771492,1609701416.2646906,0.18754148483276367,1609701416.173158,1609701416.178778,0.005620002746582031
d2199e5019cf4883a71a1160442b4c30,k-means,warm,exec,queue,0.0038275718688964844,4.76837158203125e-07,4.76837158203125e-07,1609701417.0448825,1609701417.1754532,0.130570650100708,1609701417.09345,1609701417.1020062,0.008556127548217773
805938ef415b432893a8dba13542d5c8,k-means,warm,exec,queue,0.009752511978149414,4.76837158203125e-07,2.384185791015625e-07,1609701417.0493076,1609701417.1785884,0.12928080558776855,1609701417.093844,1609701417.1023524,0.008508443832397461
520de9a10d104075916c2bc8291824fc,k-means,warm,exec,queue,0.05487966537475586,4.76837158203125e-07,2.384185791015625e-07,1609701417.0519707,1609701417.2778275,0.22585678100585938,1609701417.1450837,1609701417.1519926,0.006908893585205078
97403a2d65d54921a1af92fec5500007,k-means,warm,exec,queue,0.04922962188720703,2.384185791015625e-07,0.0,1609701417.0546465,1609701417.2827253,0.22807884216308594,1609701417.1391828,1609701417.1460304,0.0068476200103759766
c574b1cc38254dd5a2016de5e9cd545d,k-means,warm,exec,queue,0.04459118843078613,2.384185791015625e-07,2.384185791015625e-07,1609701417.057215,1609701417.3548024,0.29758739471435547,1609701417.133917,1609701417.1389842,0.005067110061645508
e16c09bc696942a5bd65cef399b978ea,k-means,warm,exec,queue,0.039597272872924805,2.384185791015625e-07,2.384185791015625e-07,1609701417.0588293,1609701417.354231,0.29540181159973145,1609701417.1272812,1609701417.133034,0.0057528018951416016
29307f07896745c6a0249599e8b7093a,k-means,warm,exec,queue,0.03414154052734375,2.384185791015625e-07,4.76837158203125e-07,1609701417.0604596,1609701417.2832696,0.2228100299835205,1609701417.1217349,1609701417.1283293,0.006594419479370117
1fad2accb0334121abd698d7f115c9ad,k-means,warm,exec,queue,0.029639482498168945,2.384185791015625e-07,0.0,1609701417.0620642,1609701417.1910288,0.12896466255187988,1609701417.1192422,1609701417.1249726,0.005730390548706055
f16a92508e5e4501a8a2123b1cc2a9ed,k-means,warm,exec,queue,0.013774871826171875,2.384185791015625e-07,0.0,1609701417.0636733,1609701417.1780634,0.11439013481140137,1609701417.0977798,1609701417.1062198,0.008440017700195312
f11a87f85e7d4ed38fd854b407c98a0e,k-means,warm,exec,queue,0.018097877502441406,4.76837158203125e-07,2.384185791015625e-07,1609701417.0654302,1609701417.301085,0.2356548309326172,1609701417.1022537,1609701417.1099243,0.00767064094543457
0f7f0685f4cb446086617e5099743f91,k-means,warm,exec,queue,0.022697925567626953,7.152557373046875e-07,2.384185791015625e-07,1609701417.0670526,1609701417.283774,0.2167212963104248,1609701417.1185224,1609701417.1256979,0.007175445556640625
04b581376f0049a7b308028a89135317,k-means,warm,exec,queue,0.05942392349243164,4.76837158203125e-07,2.384185791015625e-07,1609701417.068664,1609701417.355337,0.28667283058166504,1609701417.1493044,1609701417.1556735,0.006369113922119141
654c4c4886c04504a063f228deb94e5c,video,warm,exec,queue,0.02154088020324707,4.76837158203125e-07,2.384185791015625e-07,1609701417.070286,1609701417.2843006,0.21401453018188477,1609701417.1199613,1609701417.1375914,0.01763010025024414
6ddd517725094cfda601ec8ecca464e9,k-means,warm,exec,queue,0.002526521682739258,7.152557373046875e-07,2.384185791015625e-07,1609701418.0428302,1609701418.1697598,0.12692952156066895,1609701418.0876112,1609701418.0963721,0.008760929107666016
f63b7620155544c89c389c6462dbb12c,video,warm,exec,queue,0.02024102210998535,2.384185791015625e-07,2.384185791015625e-07,1609701418.047254,1609701418.2789917,0.23173761367797852,1609701418.109451,1609701418.1262872,0.016836166381835938
facf8b5cbfee48929a18727e6a13345d,k-means,warm,exec,queue,0.03267526626586914,2.384185791015625e-07,2.384185791015625e-07,1609701418.0499895,1609701418.311366,0.26137661933898926,1609701418.11577,1609701418.1230943,0.00732421875
f058128d95ea4763ab285317830e7019,k-means,warm,exec,queue,0.03704476356506348,2.384185791015625e-07,2.384185791015625e-07,1609701418.0526888,1609701418.3712113,0.31852245330810547,1609701418.122174,1609701418.13048,0.008306026458740234
c43719a14d494385a63cb904b64952eb,k-means,warm,exec,queue,0.041878700256347656,2.384185791015625e-07,2.384185791015625e-07,1609701418.0553687,1609701418.3732345,0.31786584854125977,1609701418.1260376,1609701418.1328847,0.0068471431732177734
dcd8826367e4417e94db49ed97757c56,k-means,warm,exec,queue,0.02832508087158203,2.384185791015625e-07,2.384185791015625e-07,1609701418.0577223,1609701418.2192147,0.16149234771728516,1609701418.1110024,1609701418.1180408,0.0070383548736572266
c27f31bac54a4ae8924631a9721c5722,k-means,warm,exec,queue,0.023959636688232422,2.384185791015625e-07,2.384185791015625e-07,1609701418.0593596,1609701418.2208674,0.16150784492492676,1609701418.108753,1609701418.1158385,0.007085561752319336
af43b07eeabd4ca9aa5b307af3bb6766,k-means,warm,exec,queue,0.016378164291381836,2.384185791015625e-07,2.384185791015625e-07,1609701418.0610254,1609701418.25306,0.19203472137451172,1609701418.0971231,1609701418.1057782,0.008655071258544922
c5ea23718862488ca5471114493269b6,k-means,warm,exec,queue,0.009019136428833008,4.76837158203125e-07,2.384185791015625e-07,1609701418.0626662,1609701418.17134,0.1086738109588623,1609701418.0871823,1609701418.0957189,0.008536577224731445
d8212c1d22fa42e2beadc91486c1bbe0,k-means,warm,exec,queue,0.014062166213989258,2.384185791015625e-07,2.384185791015625e-07,1609701418.0644379,1609701418.2547925,0.190354585647583,1609701418.0918012,1609701418.1008742,0.009073019027709961
7d373b5ab40c4b7d84c478e8adb768be,k-means,warm,exec,queue,7.104873657226562e-05,4.76837158203125e-07,0.0,1609701419.0416107,1609701419.1633887,0.12177801132202148,1609701419.0798948,1609701419.088568,0.00867319107055664
e908f27444a44268b3340c500cd77cda,k-means,warm,exec,queue,0.005836963653564453,2.384185791015625e-07,2.384185791015625e-07,1609701419.0458555,1609701419.1646605,0.118804931640625,1609701419.0800855,1609701419.0881085,0.00802302360534668
d1a3eac257e24417a0cc82055d31aa96,k-means,warm,exec,queue,0.011043071746826172,4.76837158203125e-07,4.76837158203125e-07,1609701419.0485125,1609701419.3232126,0.2747001647949219,1609701419.0847769,1609701419.0929902,0.008213281631469727
c634ebcc83984090b5c42f4e58dfd38f,k-means,warm,exec,queue,0.015730857849121094,2.384185791015625e-07,2.384185791015625e-07,1609701419.0511286,1609701419.2913501,0.24022150039672852,1609701419.090046,1609701419.098279,0.008233070373535156
90bedb0952c949988577fc4bdd6e243c,k-means,warm,exec,queue,0.02007579803466797,2.384185791015625e-07,0.0,1609701419.053255,1609701419.1988773,0.14562225341796875,1609701419.098989,1609701419.10756,0.00857090950012207
1aa1696757924bdca367a72a4988ca7a,k-means,warm,exec,queue,0.02438640594482422,2.384185791015625e-07,2.384185791015625e-07,1609701419.0550432,1609701419.1959898,0.140946626663208,1609701419.1011944,1609701419.1068802,0.0056858062744140625
0c6e6b8ae2d742259cc70e25a0b00058,k-means,warm,exec,queue,0.02996230125427246,4.76837158203125e-07,0.0,1609701419.056654,1609701419.238027,0.18137311935424805,1609701419.1055567,1609701419.111244,0.005687236785888672
61d672b027e8484e9c44d140401fddeb,k-means,warm,exec,queue,0.03466081619262695,2.384185791015625e-07,2.384185791015625e-07,1609701419.0582402,1609701419.1995525,0.1413123607635498,1609701419.1132255,1609701419.1203573,0.007131814956665039
f14d85c136c14ff5a83e4588f20157bc,k-means,warm,exec,queue,0.0393674373626709,4.76837158203125e-07,2.384185791015625e-07,1609701419.059835,1609701419.3720822,0.31224727630615234,1609701419.1177125,1609701419.1230807,0.005368232727050781
22ec4d4d124249bd8c4d496b3f3737c5,k-means,warm,exec,queue,0.007620334625244141,2.384185791015625e-07,0.0,1609701420.0567021,1609701420.181806,0.12510395050048828,1609701420.1169283,1609701420.1243393,0.007411003112792969
89b617605ae4412bbe29e25b1c697f2f,k-means,warm,exec,queue,0.05502748489379883,2.384185791015625e-07,0.0,1609701420.061255,1609701420.518279,0.45702409744262695,1609701420.1659257,1609701420.172436,0.006510257720947266
2baff80e1ff04e25ac4b4cc8ff57f8d3,k-means,warm,exec,queue,0.06071305274963379,2.384185791015625e-07,2.384185791015625e-07,1609701420.0638528,1609701420.3025613,0.23870849609375,1609701420.1725795,1609701420.178712,0.006132364273071289
eff4634a1dae48d383d1b4dda2eda684,k-means,warm,exec,queue,0.026805639266967773,4.76837158203125e-07,2.384185791015625e-07,1609701420.0664678,1609701420.2234697,0.15700197219848633,1609701420.1344779,1609701420.1410732,0.0065953731536865234
7497cc9b4458439fb5376d4bd58b58bf,k-means,warm,exec,queue,0.04137444496154785,2.384185791015625e-07,2.384185791015625e-07,1609701420.0690866,1609701420.299021,0.2299344539642334,1609701420.1528957,1609701420.1599724,0.007076740264892578
05a748d390674a8d9ae632c31535fe69,k-means,warm,exec,queue,0.04598259925842285,2.384185791015625e-07,2.384185791015625e-07,1609701420.0706427,1609701420.305799,0.23515629768371582,1609701420.1541913,1609701420.1586926,0.0045013427734375
d2c264e0e94b4b4c800b5e7444cbfad7,k-means,warm,exec,queue,0.051500797271728516,2.384185791015625e-07,2.384185791015625e-07,1609701420.0722091,1609701420.2655427,0.19333362579345703,1609701420.1602643,1609701420.1659858,0.005721569061279297
96344525eb764162ba5b54a5516a5963,k-means,warm,exec,queue,0.03593301773071289,2.384185791015625e-07,0.0,1609701420.0737576,1609701420.4339504,0.36019277572631836,1609701420.1431706,1609701420.1479955,0.00482487678527832
0047b5f873604744aa1a54a9b8a43734,k-means,warm,exec,queue,0.03133106231689453,2.384185791015625e-07,2.384185791015625e-07,1609701420.0753248,1609701420.4842277,0.4089028835296631,1609701420.1383905,1609701420.1452205,0.006829977035522461
62424a8b7df949be9f4ac119345e05e0,k-means,warm,exec,queue,0.021202802658081055,7.152557373046875e-07,2.384185791015625e-07,1609701420.077019,1609701420.4358513,0.35883235931396484,1609701420.1278367,1609701420.1365254,0.008688688278198242
d1c185d1bca44688adb8f7dcc2674e2e,k-means,warm,exec,queue,0.01668548583984375,4.76837158203125e-07,2.384185791015625e-07,1609701420.0785694,1609701420.224982,0.14641261100769043,1609701420.1224203,1609701420.1310093,0.008589029312133789
22eecae90e794928893edf4df0af0800,k-means,warm,exec,queue,0.011620044708251953,2.384185791015625e-07,2.384185791015625e-07,1609701420.080131,1609701420.2675385,0.1874074935913086,1609701420.117126,1609701420.1255527,0.008426666259765625
6d174727581a4fc48a067f4865b3afe2,k-means,warm,exec,queue,0.06605386734008789,4.76837158203125e-07,2.384185791015625e-07,1609701420.0818107,1609701420.3019586,0.22014784812927246,1609701420.178132,1609701420.1846678,0.006535768508911133
efc35ad54de243dd8615f80213d96114,k-means,warm,exec,queue,0.07056617736816406,2.384185791015625e-07,2.384185791015625e-07,1609701420.0833635,1609701420.3052037,0.22184014320373535,1609701420.1850913,1609701420.1910775,0.005986213684082031
e85f5044415644b0871fb02decbd84f3,k-means,warm,exec,queue,0.0754244327545166,2.384185791015625e-07,0.0,1609701420.0849137,1609701420.5580654,0.47315168380737305,1609701420.1898332,1609701420.1962924,0.006459236145019531
eb676bb884594b5eb8cd9d419a55c56e,k-means,warm,exec,queue,0.08017826080322266,2.384185791015625e-07,2.384185791015625e-07,1609701420.0864434,1609701420.3869307,0.3004872798919678,1609701420.1937878,1609701420.1999555,0.00616765022277832
c5dca6c3544e4e348a574f0ef64fa6eb,k-means,warm,exec,queue,0.08522725105285645,2.384185791015625e-07,2.384185791015625e-07,1609701420.0884554,1609701420.3849094,0.29645395278930664,1609701420.2009232,1609701420.2061,0.0051767826080322266
a129dfccf3bf494284754f057aa5a235,matmul,warm,exec,queue,0.01582193374633789,2.384185791015625e-07,0.0,1609701420.089997,1609701420.2263572,0.13636016845703125,1609701420.1355233,1609701420.1458688,0.010345458984375
4ed650d1a8e74166bbbafe9afadd033f,k-means,warm,exec,queue,0.0072286128997802734,4.76837158203125e-07,2.384185791015625e-07,1609701421.0460155,1609701421.1518986,0.10588312149047852,1609701421.0869708,1609701421.0954692,0.008498430252075195
3fbf2834d4864a5b921f586b9c50faf5,video,warm,exec,queue,0.019256114959716797,2.384185791015625e-07,0.0,1609701421.0503662,1609701421.2857037,0.235337495803833,1609701421.1124535,1609701421.1294258,0.01697230339050293
2a5defaeb2d848919fc1d94f6668b7eb,k-means,warm,exec,queue,0.04595375061035156,2.384185791015625e-07,0.0,1609701421.0530705,1609701421.2199318,0.16686129570007324,1609701421.132436,1609701421.1390257,0.006589651107788086
4b94936278744fe3a021bb287b45d1ae,k-means,warm,exec,queue,0.0400087833404541,2.384185791015625e-07,0.0,1609701421.0556908,1609701421.2183053,0.1626145839691162,1609701421.1300724,1609701421.1382568,0.008184432983398438
d673a54e3cea48af953848106d383d4c,k-means,warm,exec,queue,0.03525805473327637,2.384185791015625e-07,0.0,1609701421.0585167,1609701421.2215815,0.16306471824645996,1609701421.1180818,1609701421.1257021,0.007620334625244141
3cbd74a94ad94167b4b802d8ef9792fa,k-means,warm,exec,queue,0.029947757720947266,2.384185791015625e-07,0.0,1609701421.0611348,1609701421.179424,0.11828923225402832,1609701421.114318,1609701421.1199207,0.005602836608886719
ef937cf3c9a24ca2b336e9c4a72b4a9b,k-means,warm,exec,queue,0.011170387268066406,4.76837158203125e-07,2.384185791015625e-07,1609701421.0627449,1609701421.1764467,0.11370182037353516,1609701421.0913522,1609701421.100352,0.008999824523925781
0407312fe32548dab9a1d56d8e77de00,k-means,warm,exec,queue,0.015692472457885742,2.384185791015625e-07,2.384185791015625e-07,1609701421.0643618,1609701421.1779242,0.11356234550476074,1609701421.0967054,1609701421.1058996,0.009194135665893555
84a8d1e43f384bfeb5adcecd95ffb9e1,k-means,warm,exec,queue,0.02045440673828125,4.76837158203125e-07,4.76837158203125e-07,1609701421.0659578,1609701421.2874196,0.22146177291870117,1609701421.1098726,1609701421.1186054,0.008732795715332031
7d81ebed59d643bbbe879bff5a03d790,k-means,warm,exec,queue,0.025247812271118164,4.76837158203125e-07,2.384185791015625e-07,1609701421.067676,1609701421.2233021,0.1556260585784912,1609701421.111536,1609701421.1186638,0.0071277618408203125
ae795dbcf2ca4b9abf07ecc0d00ccedb,k-means,warm,exec,queue,0.0038194656372070312,0.0,2.384185791015625e-07,1609701422.0475357,1609701422.1696885,0.12215280532836914,1609701422.0852418,1609701422.0936854,0.008443593978881836
79f2ffd1b85a4ea0b5ffaf27ad6f08bf,k-means,warm,exec,queue,0.025673866271972656,4.76837158203125e-07,2.384185791015625e-07,1609701422.0520365,1609701422.2983146,0.2462780475616455,1609701422.1093109,1609701422.1164014,0.007090568542480469
c14f20cb847849a2800ff4674f9e6f60,k-means,warm,exec,queue,0.03125119209289551,4.76837158203125e-07,2.384185791015625e-07,1609701422.054687,1609701422.4290068,0.37431979179382324,1609701422.117233,1609701422.1217067,0.004473686218261719
3b2a629ae65a45b288687a404e7dea6c,k-means,warm,exec,queue,0.03629136085510254,0.0,2.384185791015625e-07,1609701422.0573652,1609701422.1858032,0.12843799591064453,1609701422.1211467,1609701422.1275835,0.006436824798583984
f6c1d4e950e54953bdb7c983705b2567,k-means,warm,exec,queue,0.04096627235412598,2.384185791015625e-07,2.384185791015625e-07,1609701422.0599666,1609701422.2470212,0.18705463409423828,1609701422.1265304,1609701422.1331868,0.0066564083099365234
c8ebc0d6af534e3fb1f164e96cd7b040,k-means,warm,exec,queue,0.045685529708862305,2.384185791015625e-07,2.384185791015625e-07,1609701422.0619283,1609701422.370491,0.3085627555847168,1609701422.1304584,1609701422.1354394,0.004981040954589844
116d33bf442a40f5befb7789565f7ed5,k-means,warm,exec,queue,0.012108802795410156,4.76837158203125e-07,2.384185791015625e-07,1609701422.0635116,1609701422.2962523,0.2327406406402588,1609701422.0936341,1609701422.1019747,0.008340597152709961
80a31189c27f4fefbe465de2419140a8,k-means,warm,exec,queue,0.016881465911865234,2.384185791015625e-07,0.0,1609701422.0650928,1609701422.1718984,0.10680556297302246,1609701422.0987823,1609701422.1075191,0.008736848831176758
3e054d9f61004bfda5339f98d51c072a,k-means,warm,exec,queue,0.02161431312561035,2.384185791015625e-07,2.384185791015625e-07,1609701422.0667033,1609701422.2197196,0.1530163288116455,1609701422.1041257,1609701422.110818,0.006692171096801758
76bf4db0d20c41fa84729f9d2e9f5745,k-means,warm,exec,queue,0.007666826248168945,4.76837158203125e-07,0.0,1609701422.0684226,1609701422.170854,0.1024315357208252,1609701422.0885415,1609701422.0971134,0.008571863174438477
d9cf87d9b41740a6898ce8ef31071ff5,k-means,warm,exec,queue,0.0018634796142578125,4.76837158203125e-07,2.384185791015625e-07,1609701423.0584037,1609701423.1894362,0.13103246688842773,1609701423.1187332,1609701423.1269512,0.008218050003051758
4e1c055cbd114d50bd91de02271b976f,k-means,warm,exec,queue,0.03409242630004883,2.384185791015625e-07,4.76837158203125e-07,1609701423.062946,1609701423.2736442,0.21069812774658203,1609701423.1491413,1609701423.1548767,0.0057353973388671875
33509e4da193439299c61f136d724c92,k-means,warm,exec,queue,0.03935122489929199,2.384185791015625e-07,2.384185791015625e-07,1609701423.066207,1609701423.317151,0.2509441375732422,1609701423.1600127,1609701423.1669009,0.006888151168823242
2ab6cca43d8d48fbb59e385879c2b796,k-means,warm,exec,queue,0.044705867767333984,4.76837158203125e-07,2.384185791015625e-07,1609701423.0688267,1609701423.2720106,0.20318388938903809,1609701423.1619985,1609701423.1677651,0.005766630172729492
2bcc6eeaff3f413b896ab5a28844330d,k-means,warm,exec,queue,0.049440860748291016,7.152557373046875e-07,4.76837158203125e-07,1609701423.071689,1609701423.3983076,0.32661867141723633,1609701423.1652546,1609701423.172082,0.006827354431152344
25d5248cec064308a8e97d3fb62c5e7e,k-means,warm,exec,queue,0.05437827110290527,2.384185791015625e-07,2.384185791015625e-07,1609701423.0736804,1609701423.3574839,0.28380346298217773,1609701423.1728485,1609701423.180603,0.00775456428527832
9b761612727044d4ae4a2564011f51c4,k-means,warm,exec,queue,0.05948352813720703,2.384185791015625e-07,2.384185791015625e-07,1609701423.075264,1609701423.3591785,0.28391456604003906,1609701423.17727,1609701423.1824603,0.005190372467041016
9bbaa254d01a436e8b778339da5285ef,k-means,warm,exec,queue,0.06430768966674805,7.152557373046875e-07,4.76837158203125e-07,1609701423.076929,1609701423.3557448,0.27881574630737305,1609701423.18214,1609701423.188645,0.00650477409362793
29cc73059e7948d893a3a2ee38e2fe5a,k-means,warm,exec,queue,0.06984114646911621,2.384185791015625e-07,2.384185791015625e-07,1609701423.078564,1609701423.6074605,0.5288965702056885,1609701423.1895099,1609701423.1963637,0.006853818893432617
b4922ed3e9db44fc8459620671049b85,k-means,warm,exec,queue,0.0748436450958252,2.384185791015625e-07,4.76837158203125e-07,1609701423.080332,1609701423.4683056,0.3879735469818115,1609701423.1943214,1609701423.2002194,0.005897998809814453
ed4dcaaf00b44ddba1caecb8caf1c583,k-means,warm,exec,queue,0.004664421081542969,4.76837158203125e-07,0.0,1609701423.0819664,1609701423.2243853,0.14241886138916016,1609701423.1196308,1609701423.128367,0.008736133575439453
be3fe62c8dd14e13a0c66a332c4ab8d0,k-means,warm,exec,queue,0.00965118408203125,2.384185791015625e-07,2.384185791015625e-07,1609701423.0836112,1609701423.222908,0.1392967700958252,1609701423.1198256,1609701423.1283789,0.008553266525268555
9fc8efdc4a674e55a4a96b19ce7d4949,k-means,warm,exec,queue,0.014662981033325195,2.384185791015625e-07,2.384185791015625e-07,1609701423.0852425,1609701423.2214594,0.1362168788909912,1609701423.1251502,1609701423.133702,0.008551836013793945
fa36ed98f44b43128e9cadef03ede9c6,k-means,warm,exec,queue,0.0199892520904541,4.76837158203125e-07,2.384185791015625e-07,1609701423.0869482,1609701423.4651926,0.37824440002441406,1609701423.1312692,1609701423.13974,0.008470773696899414
806be059145445c0845a46e443994fb0,k-means,warm,exec,queue,0.02512192726135254,2.384185791015625e-07,4.76837158203125e-07,1609701423.0885632,1609701423.3187752,0.23021197319030762,1609701423.144103,1609701423.1512356,0.007132530212402344
b7ab2543ec3943c8a7583566f3e3845c,k-means,warm,exec,queue,0.03031444549560547,2.384185791015625e-07,2.384185791015625e-07,1609701423.0901804,1609701423.4688876,0.3787071704864502,1609701423.1447368,1609701423.149803,0.0050661563873291016
0e721cf3ae76459994cbd1398fd6b8ca,video,warm,exec,queue,0.021654844284057617,0.0,2.384185791015625e-07,1609701423.0918813,1609701423.3165953,0.22471404075622559,1609701423.1449425,1609701423.1618917,0.016949176788330078
0824eddad8404d428d91ce73cf25fdc2,k-means,warm,exec,queue,0.0074002742767333984,2.384185791015625e-07,2.384185791015625e-07,1609701424.049523,1609701424.1693282,0.11980509757995605,1609701424.0913877,1609701424.1001198,0.008732080459594727
6609f2f003ed4d70874369f3c5a7d1f4,k-means,warm,exec,queue,0.045096397399902344,2.384185791015625e-07,2.384185791015625e-07,1609701424.053835,1609701424.3432224,0.28938746452331543,1609701424.1325362,1609701424.136832,0.004295825958251953
47732a837bb049339855fbe45b1720e3,k-means,warm,exec,queue,0.040284156799316406,4.76837158203125e-07,2.384185791015625e-07,1609701424.0565195,1609701424.2352366,0.17871713638305664,1609701424.1283233,1609701424.1333706,0.005047321319580078
16d7624cf2254958a8fb12b85c96db9f,k-means,warm,exec,queue,0.03571915626525879,2.384185791015625e-07,2.384185791015625e-07,1609701424.0591588,1609701424.274573,0.21541428565979004,1609701424.1217778,1609701424.1267006,0.0049228668212890625
e1637f8e4be04cd49dc6437c53e18e8d,k-means,warm,exec,queue,0.0313563346862793,4.76837158203125e-07,2.384185791015625e-07,1609701424.0618057,1609701424.4090283,0.34722256660461426,1609701424.1167135,1609701424.122128,0.005414485931396484
e3f15fa9db1d4bb9a4f822d738eac1ed,k-means,warm,exec,queue,0.02601313591003418,2.384185791015625e-07,2.384185791015625e-07,1609701424.0647538,1609701424.2756696,0.21091580390930176,1609701424.1132627,1609701424.1193383,0.006075620651245117
3c67a06f43b74b89b2135cb04e380b12,k-means,warm,exec,queue,0.020914077758789062,4.76837158203125e-07,0.0,1609701424.06638,1609701424.2330782,0.16669821739196777,1609701424.1078973,1609701424.1155965,0.007699251174926758
02cc3394dd8346da883b44ca4c6b494d,k-means,warm,exec,queue,0.016094684600830078,2.384185791015625e-07,2.384185791015625e-07,1609701424.067994,1609701424.1670198,0.09902572631835938,1609701424.1003447,1609701424.1081562,0.007811546325683594
4f6b0037a5414774a869a94b7c67724d,k-means,warm,exec,queue,0.011679887771606445,7.152557373046875e-07,2.384185791015625e-07,1609701424.0696325,1609701424.4111857,0.3415532112121582,1609701424.0955265,1609701424.1047604,0.009233951568603516
2a17ede7754a45778bc5abb076edb6a0,k-means,warm,exec,queue,0.049456119537353516,4.76837158203125e-07,4.76837158203125e-07,1609701424.0715556,1609701424.4681003,0.3965446949005127,1609701424.13944,1609701424.1462884,0.006848335266113281
401a22f2eb10444392e7299b4a3b43d8,k-means,warm,exec,queue,7.104873657226562e-05,4.76837158203125e-07,4.76837158203125e-07,1609701425.057812,1609701425.219378,0.16156601905822754,1609701425.1344774,1609701425.1428404,0.008363008499145508
a3f4e2094ca64f65aa01387857016110,k-means,warm,exec,queue,0.005807161331176758,4.76837158203125e-07,2.384185791015625e-07,1609701425.0623317,1609701425.2232375,0.1609058380126953,1609701425.135582,1609701425.1438086,0.008226633071899414
dac774cb012c481b9b7092c7e62c747e,k-means,warm,exec,queue,0.010523557662963867,2.384185791015625e-07,2.384185791015625e-07,1609701425.0649629,1609701425.2227328,0.15776991844177246,1609701425.1386724,1609701425.1470861,0.00841379165649414
c65667199ed6424ba64915b4165a2b25,k-means,warm,exec,queue,0.014899730682373047,2.384185791015625e-07,2.384185791015625e-07,1609701425.067558,1609701425.2600627,0.1925046443939209,1609701425.1438935,1609701425.152535,0.008641481399536133
0abc69d5fe0542908097bbe9e98d5371,k-means,warm,exec,queue,0.019474506378173828,2.384185791015625e-07,2.384185791015625e-07,1609701425.0947819,1609701425.2475486,0.15276670455932617,1609701425.1593165,1609701425.1674728,0.008156299591064453
b451e12cc34f46b7be723c6db8da14a8,k-means,warm,exec,queue,0.027047395706176758,2.384185791015625e-07,2.384185791015625e-07,1609701425.0963302,1609701425.2440238,0.14769363403320312,1609701425.1625462,1609701425.170058,0.00751185417175293
8747df06286b498892a637fcaa24172f,k-means,warm,exec,queue,0.03308272361755371,2.384185791015625e-07,4.76837158203125e-07,1609701425.0978525,1609701425.2631867,0.16533422470092773,1609701425.1637812,1609701425.1693373,0.0055561065673828125
75cf0cb82ea349f79c391510a6ae4efb,k-means,warm,exec,queue,0.03856253623962402,2.384185791015625e-07,2.384185791015625e-07,1609701425.0994568,1609701425.2469847,0.14752793312072754,1609701425.1684506,1609701425.175529,0.007078409194946289
9272d15c7b1e46a48a021a0a9e24c1bb,k-means,warm,exec,queue,0.04431939125061035,2.384185791015625e-07,0.0,1609701425.10099,1609701425.450373,0.3493828773498535,1609701425.1767979,1609701425.1827886,0.005990743637084961
8fa421fc4a2c4a98b1ee1c16927ab46d,k-means,warm,exec,queue,0.04956841468811035,0.0,0.0,1609701425.1025236,1609701425.2616568,0.1591331958770752,1609701425.1812234,1609701425.1862197,0.004996299743652344
6bc0b2ec186f43d9811efe1aa495ba21,k-means,warm,exec,queue,0.0548245906829834,2.384185791015625e-07,0.0,1609701425.1041224,1609701425.4469323,0.34280991554260254,1609701425.1860101,1609701425.192157,0.006146907806396484
5230e7fff4a649419f0b51006f022c61,k-means,warm,exec,queue,0.0596318244934082,2.384185791015625e-07,0.0,1609701425.105645,1609701425.340692,0.2350471019744873,1609701425.1922834,1609701425.1968374,0.004554033279418945
6ae8e3f92549497886519ccf655ccd54,k-means,warm,exec,queue,0.06437802314758301,4.76837158203125e-07,0.0,1609701425.1071472,1609701425.3388462,0.23169898986816406,1609701425.19731,1609701425.2023711,0.005061149597167969
7b587fc130884e88867450e5294685b3,video,warm,exec,queue,0.017111539840698242,2.384185791015625e-07,2.384185791015625e-07,1609701425.1087475,1609701425.4486406,0.339893102645874,1609701425.1620226,1609701425.178879,0.01685643196105957
bcf0d466bf5d4199b59fb759bfb2489b,matmul,warm,exec,queue,0.017925262451171875,2.384185791015625e-07,0.0,1609701425.1102703,1609701425.3981926,0.28792238235473633,1609701425.1621766,1609701425.173524,0.011347293853759766
035eff94e8054079b18c75df07ef08e1,map_reduce,warm,exec,queue,0.02313828468322754,2.384185791015625e-07,0.0,1609701425.1117947,1609701425.5401926,0.42839789390563965,1609701425.1632993,1609701425.2486215,0.08532214164733887
d216d15e6b2446fca1e115074dd09547,k-means,warm,exec,queue,0.00254058837890625,4.76837158203125e-07,2.384185791015625e-07,1609701426.0555224,1609701426.217933,0.16241049766540527,1609701426.101929,1609701426.1124299,0.010500907897949219
dc9009fbcd3e46be9a4f5a00a1cf233f,k-means,warm,exec,queue,0.02682805061340332,2.384185791015625e-07,2.384185791015625e-07,1609701426.059652,1609701426.287211,0.22755885124206543,1609701426.122549,1609701426.1287122,0.006163120269775391
9daaf1092b944806aed4c90562854db1,k-means,warm,exec,queue,0.03168606758117676,2.384185791015625e-07,0.0,1609701426.0622225,1609701426.2195768,0.15735435485839844,1609701426.1277778,1609701426.1326997,0.004921913146972656
e15c16887fb64b2aaa0fb5aa370d53c4,k-means,warm,exec,queue,0.03647279739379883,2.384185791015625e-07,2.384185791015625e-07,1609701426.064712,1609701426.2898014,0.22508931159973145,1609701426.1345644,1609701426.140129,0.005564689636230469
4ef3838019af40d7873d3a240f60ea35,k-means,warm,exec,queue,0.041817665100097656,2.384185791015625e-07,2.384185791015625e-07,1609701426.067468,1609701426.2902687,0.22280073165893555,1609701426.1388948,1609701426.1439583,0.005063533782958984
1780e55038a24c47afaf3d9768ddb87a,k-means,warm,exec,queue,0.04741811752319336,2.384185791015625e-07,0.0,1609701426.0692096,1609701426.252499,0.1832895278930664,1609701426.1460006,1609701426.1526992,0.0066986083984375
2fd28184ce284f549e73f95c94222141,k-means,warm,exec,queue,0.053015708923339844,2.384185791015625e-07,4.76837158203125e-07,1609701426.070646,1609701426.4378662,0.3672201633453369,1609701426.1506553,1609701426.1546972,0.004041910171508789
5b37b9505e2e42a6939f9c5439552748,k-means,warm,exec,queue,0.02191781997680664,2.384185791015625e-07,0.0,1609701426.0720766,1609701426.2919714,0.2198948860168457,1609701426.1184392,1609701426.1249077,0.006468534469604492
3f27309a9bcd4a8eaa32ae0c37ba9d2d,k-means,warm,exec,queue,0.01647043228149414,2.384185791015625e-07,2.384185791015625e-07,1609701426.0735135,1609701426.3193865,0.24587297439575195,1609701426.1124759,1609701426.119405,0.006929159164428711
67fd594194954991999f8dcc7aa6bc2a,k-means,warm,exec,queue,0.009063243865966797,4.76837158203125e-07,2.384185791015625e-07,1609701426.0750334,1609701426.218768,0.14373445510864258,1609701426.1013563,1609701426.1093333,0.007977008819580078
c32a05050279428d9689b6d717923460,k-means,warm,exec,queue,0.05757641792297363,2.384185791015625e-07,2.384185791015625e-07,1609701426.0764618,1609701426.3577635,0.28130173683166504,1609701426.157465,1609701426.1634357,0.00597071647644043
a71b4705d176443791bedd18a93f5871,k-means,warm,exec,queue,0.014319419860839844,2.384185791015625e-07,0.0,1609701426.0778778,1609701426.2125194,0.1346416473388672,1609701426.1065857,1609701426.1148171,0.008231401443481445
9afb4e8ba87d46fa8196b111d3665001,k-means,warm,exec,queue,0.06265115737915039,4.76837158203125e-07,0.0,1609701426.0792918,1609701426.4114366,0.33214473724365234,1609701426.161739,1609701426.166859,0.005119800567626953
fe2681bf7d7240beb8dffd1e3cb32769,k-means,warm,exec,queue,0.007237434387207031,2.384185791015625e-07,2.384185791015625e-07,1609701427.0613854,1609701427.2064703,0.14508485794067383,1609701427.1191087,1609701427.130093,0.010984420776367188
0aa79a60c39d419489b41bd1d52b38e1,k-means,warm,exec,queue,0.05507636070251465,2.384185791015625e-07,2.384185791015625e-07,1609701427.0658226,1609701427.4388413,0.373018741607666,1609701427.1692908,1609701427.1759331,0.006642341613769531
db292604be544c11b54d3fbef1fafad7,k-means,warm,exec,queue,0.06027865409851074,2.384185791015625e-07,0.0,1609701427.0684502,1609701427.2773447,0.2088944911956787,1609701427.174617,1609701427.179389,0.0047719478607177734
fe875e75113241ffa79c5aee05797a55,k-means,warm,exec,queue,0.020056486129760742,2.384185791015625e-07,2.384185791015625e-07,1609701427.0710225,1609701427.2754033,0.20438075065612793,1609701427.128879,1609701427.1367989,0.007919788360595703
a9427905f180441ca47759c613abbacc,k-means,warm,exec,queue,0.03138017654418945,2.384185791015625e-07,0.0,1609701427.0745327,1609701427.3553166,0.28078389167785645,1609701427.144817,1609701427.1516368,0.006819725036621094
ae133d02a2644681b102d535112d4e7f,k-means,warm,exec,queue,0.03658461570739746,2.384185791015625e-07,0.0,1609701427.076853,1609701427.2783024,0.20144939422607422,1609701427.1462557,1609701427.1531906,0.0069348812103271484
801cde7c490a440396c9ff50230495d8,k-means,warm,exec,queue,0.04181218147277832,2.384185791015625e-07,0.0,1609701427.0784016,1609701427.359279,0.28087735176086426,1609701427.151411,1609701427.1566436,0.005232572555541992
f8c7f0e393ad4b05acb8d9f2be762d3e,k-means,warm,exec,queue,0.04641866683959961,2.384185791015625e-07,2.384185791015625e-07,1609701427.0799537,1609701427.2734625,0.19350886344909668,1609701427.1593199,1609701427.1663473,0.007027387619018555
42efb0c25bc3448b94778ba588fc06a6,k-means,warm,exec,queue,0.05206489562988281,4.76837158203125e-07,2.384185791015625e-07,1609701427.0815058,1609701427.438293,0.35678720474243164,1609701427.1628242,1609701427.1689777,0.006153583526611328
a262577db19d46148d5050fb5a5a81ec,k-means,warm,exec,queue,0.02468705177307129,2.384185791015625e-07,2.384185791015625e-07,1609701427.083182,1609701427.2763598,0.1931777000427246,1609701427.1344354,1609701427.1425955,0.008160114288330078
032e3034c4ae422f99bebfcfa6daf1a8,k-means,warm,exec,queue,0.01568770408630371,2.384185791015625e-07,2.384185791015625e-07,1609701427.0847373,1609701427.2052505,0.1205132007598877,1609701427.1237788,1609701427.132586,0.008807182312011719
cdcf433402934883b0b605af7c327a98,k-means,warm,exec,queue,0.010531425476074219,2.384185791015625e-07,2.384185791015625e-07,1609701427.086282,1609701427.2744358,0.18815374374389648,1609701427.1192322,1609701427.130106,0.010873794555664062
e40426bcc8914c11b8ca12cbb1e56bc7,k-means,warm,exec,queue,0.06570100784301758,2.384185791015625e-07,2.384185791015625e-07,1609701427.0878217,1609701427.2721388,0.18431711196899414,1609701427.180654,1609701427.1852596,0.004605531692504883
1874a90f5f574c619a1ba24efeb60eb3,k-means,warm,exec,queue,0.07044053077697754,2.384185791015625e-07,0.0,1609701427.0894868,1609701427.439344,0.3498570919036865,1609701427.18514,1609701427.1895902,0.004450321197509766
70a26232844440c9b61b7378a8d542ad,k-means,warm,exec,queue,0.0759439468383789,2.384185791015625e-07,2.384185791015625e-07,1609701427.0910277,1609701427.3580208,0.26699304580688477,1609701427.1915445,1609701427.1967607,0.005216121673583984
4a5e898d509043e89eb9861f78b727f1,video,warm,exec,queue,0.021580934524536133,2.384185791015625e-07,2.384185791015625e-07,1609701427.0925658,1609701427.3567595,0.2641937732696533,1609701427.1457117,1609701427.1630344,0.017322778701782227
d61fa00888fc4e9ea1b58ee106712422,k-means,warm,exec,queue,0.006422519683837891,4.76837158203125e-07,2.384185791015625e-07,1609701428.0530288,1609701428.1850743,0.13204550743103027,1609701428.0894146,1609701428.0978892,0.008474588394165039
711d35de98084e62881c0618a4a8d830,k-means,warm,exec,queue,0.01972794532775879,4.76837158203125e-07,2.384185791015625e-07,1609701428.0573945,1609701428.2874126,0.23001813888549805,1609701428.106163,1609701428.115472,0.009309053421020508
6eed3526b8c34fecb8d78ea869c5009c,k-means,warm,exec,queue,0.025092601776123047,4.76837158203125e-07,0.0,1609701428.0600145,1609701428.392232,0.3322174549102783,1609701428.109479,1609701428.1145668,0.005087852478027344
e97f2f75e07c49fb805d43c3b58c222e,k-means,warm,exec,queue,0.03075885772705078,2.384185791015625e-07,2.384185791015625e-07,1609701428.0618377,1609701428.4677136,0.40587592124938965,1609701428.1156561,1609701428.1203718,0.004715681076049805
6c87d5cb188147f2855e517466e181ed,k-means,warm,exec,queue,0.03557395935058594,2.384185791015625e-07,2.384185791015625e-07,1609701428.0634158,1609701428.469699,0.4062831401824951,1609701428.1219296,1609701428.1268244,0.004894733428955078
4d1fc9092ef24f93ab93ccf8e148e77a,k-means,warm,exec,queue,0.040506839752197266,2.384185791015625e-07,2.384185791015625e-07,1609701428.0653105,1609701428.2867038,0.22139334678649902,1609701428.1262548,1609701428.1309762,0.004721403121948242
47f2d220939745c9b47fc1278b0e886c,k-means,warm,exec,queue,0.04514718055725098,2.384185791015625e-07,2.384185791015625e-07,1609701428.0669155,1609701428.2068472,0.13993167877197266,1609701428.1334221,1609701428.1402378,0.006815671920776367
cb187f2dfb194cae9937cac2f06dd4ef,k-means,warm,exec,queue,0.04989433288574219,2.384185791015625e-07,2.384185791015625e-07,1609701428.0685055,1609701428.3587668,0.29026126861572266,1609701428.136676,1609701428.1428401,0.006164073944091797
f83419c7f1ba405a99895550a86e5142,k-means,warm,exec,queue,0.010101079940795898,4.76837158203125e-07,2.384185791015625e-07,1609701428.0700831,1609701428.1854727,0.11538958549499512,1609701428.093736,1609701428.1015072,0.00777125358581543
02670e9fe84347109ce31e04d9332a0d,k-means,warm,exec,queue,0.015066385269165039,2.384185791015625e-07,2.384185791015625e-07,1609701428.0717704,1609701428.1828587,0.11108827590942383,1609701428.0996153,1609701428.1085267,0.008911371231079102
84f8c4dd9776448c8538765594a7f457,k-means,warm,exec,queue,0.00010824203491210938,4.76837158203125e-07,4.76837158203125e-07,1609701429.059111,1609701429.1782959,0.11918473243713379,1609701429.1047165,1609701429.1134174,0.008700847625732422
d127e2d18a1145739f79e04ae7d5b107,k-means,warm,exec,queue,0.008324861526489258,2.384185791015625e-07,2.384185791015625e-07,1609701429.0635858,1609701429.1764758,0.11289000511169434,1609701429.1056767,1609701429.1145134,0.008836746215820312
a18aa0ec72564f3fb7a7eb54f0848e5a,k-means,warm,exec,queue,0.013357400894165039,2.384185791015625e-07,2.384185791015625e-07,1609701429.0652199,1609701429.2380376,0.17281770706176758,1609701429.1105468,1609701429.1192012,0.008654356002807617
8f00f147d7e94e0baaa86d5ee9866d5c,k-means,warm,exec,queue,0.018614768981933594,2.384185791015625e-07,2.384185791015625e-07,1609701429.0668507,1609701429.20094,0.13408923149108887,1609701429.1169047,1609701429.1254172,0.008512496948242188
377a100d86c547429d556fd9a89cbef8,k-means,warm,exec,queue,0.024820566177368164,2.384185791015625e-07,2.384185791015625e-07,1609701429.0686579,1609701429.3223326,0.2536747455596924,1609701429.1269808,1609701429.1326718,0.005691051483154297
eb0643cfd60d4b259642fed65aef27a6,k-means,warm,exec,queue,0.02913808822631836,2.384185791015625e-07,0.0,1609701429.0704014,1609701429.323214,0.25281262397766113,1609701429.1285553,1609701429.1335876,0.00503230094909668
c4c6c6a56bc94e06bfe64b3aa2006811,k-means,warm,exec,queue,0.03421497344970703,2.384185791015625e-07,2.384185791015625e-07,1609701429.0721467,1609701429.2597244,0.1875777244567871,1609701429.1332061,1609701429.13855,0.005343914031982422
5c595be518c0448ba6247c43bdd5c77c,k-means,warm,exec,queue,0.0392000675201416,2.384185791015625e-07,2.384185791015625e-07,1609701429.0737715,1609701429.2346814,0.16090989112854004,1609701429.1403928,1609701429.1470165,0.006623744964599609
e3800ea8434340bf8fd18dd7b4fe95d4,k-means,warm,exec,queue,0.04411506652832031,2.384185791015625e-07,2.384185791015625e-07,1609701429.0753253,1609701429.3227909,0.2474656105041504,1609701429.1446939,1609701429.1494105,0.004716634750366211
8de324fcb9cf48d3a1905a94a4a80beb,k-means,warm,exec,queue,0.048766374588012695,4.76837158203125e-07,2.384185791015625e-07,1609701429.0770276,1609701429.2609918,0.18396425247192383,1609701429.152857,1609701429.1594975,0.006640434265136719
de4e3ae555e94482bb350c141485fddc,k-means,warm,exec,queue,0.05357694625854492,2.384185791015625e-07,2.384185791015625e-07,1609701429.0785542,1609701429.3433669,0.264812707901001,1609701429.155388,1609701429.159788,0.004399776458740234
aac8783e8531465fb283707c2c5dbb5a,k-means,warm,exec,queue,0.058870792388916016,2.384185791015625e-07,2.384185791015625e-07,1609701429.0800827,1609701429.2364075,0.1563248634338379,1609701429.1615014,1609701429.1681318,0.006630420684814453
0fdaca227d2446399dcb5cfadfb24893,video,warm,exec,queue,0.01652216911315918,2.384185791015625e-07,2.384185791015625e-07,1609701429.0816383,1609701429.32474,0.2431015968322754,1609701429.1274905,1609701429.145071,0.017580509185791016
af9dbc8f09e6492b9ae6639de7d29840,k-means,warm,exec,queue,0.0033147335052490234,4.76837158203125e-07,2.384185791015625e-07,1609701430.0625107,1609701430.2538278,0.19131708145141602,1609701430.124302,1609701430.1329868,0.008684873580932617
c3aae5ad58e44f8db0afeed6276f815f,k-means,warm,exec,queue,0.026421070098876953,2.384185791015625e-07,2.384185791015625e-07,1609701430.067039,1609701430.225362,0.15832304954528809,1609701430.145992,1609701430.1531959,0.007203817367553711
b05bf6ba965f40838e4522b0010c4ae0,k-means,warm,exec,queue,0.030995607376098633,2.384185791015625e-07,2.384185791015625e-07,1609701430.0696704,1609701430.313093,0.2434225082397461,1609701430.146678,1609701430.1513236,0.004645586013793945
d81947e69b6a46f1ba7ddd18695e4ab8,k-means,warm,exec,queue,0.03598833084106445,4.76837158203125e-07,2.384185791015625e-07,1609701430.072268,1609701430.2929149,0.22064685821533203,1609701430.1515515,1609701430.1567066,0.005155086517333984
20b0d6cbaa93402b9ba7c10d0a924e7e,k-means,warm,exec,queue,0.040868520736694336,4.76837158203125e-07,0.0,1609701430.0751698,1609701430.4370718,0.36190199851989746,1609701430.1592824,1609701430.1670883,0.007805824279785156
f82fb6e3c1784a558bc627883d4b5e3b,k-means,warm,exec,queue,0.04662919044494629,2.384185791015625e-07,2.384185791015625e-07,1609701430.0771985,1609701430.434581,0.35738253593444824,1609701430.1638236,1609701430.1703386,0.006515026092529297
b49ea795eb9743dcab546c421f7bd27c,k-means,warm,exec,queue,0.05118680000305176,2.384185791015625e-07,0.0,1609701430.0787504,1609701430.2895489,0.2107985019683838,1609701430.1675525,1609701430.1729279,0.005375385284423828
7136faad2bce4a5e91af47b8ec753493,k-means,warm,exec,queue,0.05658578872680664,2.384185791015625e-07,2.384185791015625e-07,1609701430.080314,1609701430.2924783,0.21216440200805664,1609701430.1735244,1609701430.179717,0.006192684173583984
15c32da0171d489f930db9792683a3e8,k-means,warm,exec,queue,0.0616302490234375,7.152557373046875e-07,0.0,1609701430.0818686,1609701430.289105,0.20723628997802734,1609701430.1791148,1609701430.1839592,0.0048444271087646484
bb3036163c73483eb56a8df561e7af72,k-means,warm,exec,queue,0.01996302604675293,2.384185791015625e-07,2.384185791015625e-07,1609701430.083554,1609701430.2217524,0.1381983757019043,1609701430.1345968,1609701430.1436238,0.00902700424194336
214c461225ab4730821ca14312791129,k-means,warm,exec,queue,0.012186765670776367,2.384185791015625e-07,0.0,1609701430.08513,1609701430.1972609,0.11213088035583496,1609701430.1235318,1609701430.131396,0.007864236831665039
986e5c00388c47dd8f812bde90ca7993,k-means,warm,exec,queue,0.017470121383666992,4.76837158203125e-07,2.384185791015625e-07,1609701430.0866866,1609701430.3147514,0.22806477546691895,1609701430.129363,1609701430.1378143,0.008451223373413086
94e6cee6c0e848548f58e4eaa578ce90,k-means,warm,exec,queue,0.06616425514221191,2.384185791015625e-07,2.384185791015625e-07,1609701430.088252,1609701430.4339566,0.3457045555114746,1609701430.1859455,1609701430.1927974,0.006851911544799805
f8ef13ed905a4d139b6117418668d5c7,k-means,warm,exec,queue,0.0705869197845459,2.384185791015625e-07,4.76837158203125e-07,1609701430.089926,1609701430.3464425,0.2565164566040039,1609701430.1896257,1609701430.1941884,0.0045626163482666016
7f19198ff02845d6aba5ecd8194bcf4a,k-means,warm,exec,queue,0.07600116729736328,2.384185791015625e-07,2.384185791015625e-07,1609701430.0914507,1609701430.4303942,0.3389434814453125,1609701430.1963415,1609701430.2030032,0.006661653518676758
5c0a43bb25e4465c8b5a87b6ac8abd78,k-means,warm,exec,queue,0.0813899040222168,2.384185791015625e-07,2.384185791015625e-07,1609701430.092996,1609701430.5388627,0.44586682319641113,1609701430.2016835,1609701430.2082863,0.006602764129638672
adfed05db0c34126bfb4ccbd4097fb9d,k-means,warm,exec,queue,0.0859382152557373,2.384185791015625e-07,2.384185791015625e-07,1609701430.0946243,1609701430.5142605,0.41963624954223633,1609701430.2088635,1609701430.21568,0.006816387176513672
80c27d8a32594601b77a21419fd20f3d,matmul,warm,exec,queue,0.016452789306640625,2.384185791015625e-07,2.384185791015625e-07,1609701430.0961578,1609701430.2261214,0.12996363639831543,1609701430.1453915,1609701430.1564493,0.011057853698730469
f710097ebda14e8bb9263bac629030c5,k-means,warm,exec,queue,0.0036766529083251953,2.384185791015625e-07,2.384185791015625e-07,1609701431.055261,1609701431.1739163,0.11865544319152832,1609701431.0937328,1609701431.1025012,0.008768320083618164
c55d9ca0c19542babf163be517eab368,video,warm,exec,queue,0.01636672019958496,4.76837158203125e-07,4.76837158203125e-07,1609701431.0598407,1609701431.2062557,0.14641499519348145,1609701431.1137874,1609701431.1308615,0.017074108123779297
b1bf053cd0564c2eacf5aca2f1a4c3b1,k-means,warm,exec,queue,0.03489375114440918,2.384185791015625e-07,0.0,1609701431.0625463,1609701431.3915486,0.32900238037109375,1609701431.127978,1609701431.1347344,0.006756305694580078
19082ad4915047739a2b60e4665dcef1,k-means,warm,exec,queue,0.030524253845214844,2.384185791015625e-07,2.384185791015625e-07,1609701431.0651793,1609701431.3934746,0.3282952308654785,1609701431.1216943,1609701431.1283445,0.006650209426879883
422eebdb54de4051b6f71b85c7b04b93,k-means,warm,exec,queue,0.02561354637145996,2.384185791015625e-07,2.384185791015625e-07,1609701431.0677764,1609701431.2407582,0.17298173904418945,1609701431.1159842,1609701431.121034,0.005049705505371094
7465fc8fe6c245f196f083a42d564f2f,k-means,warm,exec,queue,0.007456779479980469,2.384185791015625e-07,0.0,1609701431.0699348,1609701431.281731,0.21179604530334473,1609701431.0943606,1609701431.103282,0.008921384811401367
6ce8b390a8d249abb49ba4dd3c796262,k-means,warm,exec,queue,0.012176752090454102,4.76837158203125e-07,2.384185791015625e-07,1609701431.0715423,1609701431.1757436,0.1042013168334961,1609701431.1000779,1609701431.108932,0.008854150772094727
02ce4b2da4e44b7191a8dbe3bd21caf6,k-means,warm,exec,queue,0.016964197158813477,2.384185791015625e-07,2.384185791015625e-07,1609701431.073154,1609701431.242178,0.16902399063110352,1609701431.1052003,1609701431.113536,0.008335590362548828
41de7ea40e9e47c7a54751e093f17d1d,k-means,warm,exec,queue,0.02320122718811035,4.76837158203125e-07,2.384185791015625e-07,1609701431.0747461,1609701431.3325133,0.2577672004699707,1609701431.113088,1609701431.120254,0.007166147232055664
56da508baa484f45860b70157a9d8747,k-means,warm,exec,queue,7.104873657226562e-05,7.152557373046875e-07,2.384185791015625e-07,1609701432.0608234,1609701432.1786458,0.11782240867614746,1609701432.100441,1609701432.1086652,0.008224248886108398
f74799d20ff8416cb45be90cc5b2bcc3,k-means,warm,exec,queue,0.006702423095703125,4.76837158203125e-07,0.0,1609701432.064701,1609701432.1758244,0.11112332344055176,1609701432.1009815,1609701432.108986,0.008004426956176758
9d43602b267940a99373880d264d8097,k-means,warm,exec,queue,0.011597871780395508,2.384185791015625e-07,2.384185791015625e-07,1609701432.0666394,1609701432.3181078,0.2514684200286865,1609701432.104446,1609701432.1124358,0.007989883422851562
47a7f54ba71349c08dad12f05aa74143,k-means,warm,exec,queue,0.016867399215698242,2.384185791015625e-07,2.384185791015625e-07,1609701432.0685856,1609701432.1792855,0.11069989204406738,1609701432.1104403,1609701432.1185706,0.008130311965942383
d8568b90e6164119ac66cdb3386389be,k-means,warm,exec,queue,0.022570133209228516,2.384185791015625e-07,2.384185791015625e-07,1609701432.0707283,1609701432.2595913,0.18886303901672363,1609701432.1189504,1609701432.124989,0.006038665771484375
2e340064efe44a37a4a1ea655c4a30f0,k-means,warm,exec,queue,0.026975154876708984,2.384185791015625e-07,4.76837158203125e-07,1609701432.0726678,1609701432.2089398,0.13627195358276367,1609701432.1210272,1609701432.127033,0.006005764007568359
2adc0c8eb78c4f12be13cef8b721d53e,k-means,warm,exec,queue,0.03189682960510254,2.384185791015625e-07,4.76837158203125e-07,1609701432.073766,1609701432.4883628,0.4145967960357666,1609701432.1259942,1609701432.132062,0.006067752838134766
db6a3652cdd540debb1e24b66d9bfa46,k-means,warm,exec,queue,0.03670382499694824,2.384185791015625e-07,2.384185791015625e-07,1609701432.0748684,1609701432.485578,0.4107096195220947,1609701432.1330326,1609701432.1382751,0.005242586135864258
192ffd6ad826400082a2a1255b0b5a48,k-means,warm,exec,queue,0.04189133644104004,2.384185791015625e-07,2.384185791015625e-07,1609701432.0759647,1609701432.2106225,0.1346578598022461,1609701432.137056,1609701432.1412482,0.0041921138763427734
f84b52464a8d41998ff5656757cc00dc,k-means,warm,exec,queue,0.04696226119995117,2.384185791015625e-07,2.384185791015625e-07,1609701432.0771468,1609701432.2615283,0.18438148498535156,1609701432.1453433,1609701432.1516092,0.006265878677368164
3b4e81a16a0346d2ac58a6e38bd3ef6d,k-means,warm,exec,queue,0.052373409271240234,4.76837158203125e-07,2.384185791015625e-07,1609701432.0782397,1609701432.302488,0.22424840927124023,1609701432.149053,1609701432.1532304,0.0041773319244384766
a603eeca768947909acc91ad0432c4b7,k-means,warm,exec,queue,0.05694580078125,4.76837158203125e-07,2.384185791015625e-07,1609701432.0793326,1609701432.3764424,0.29710984230041504,1609701432.1548162,1609701432.160617,0.005800962448120117
3c509e3c50814b1db91f47dade9c31ec,k-means,warm,exec,queue,6.532669067382812e-05,4.76837158203125e-07,2.384185791015625e-07,1609701433.0637717,1609701433.2031748,0.1394031047821045,1609701433.1159236,1609701433.12453,0.008606433868408203
accda5b61dc1438bb314009ef4643b69,k-means,warm,exec,queue,0.008805274963378906,4.76837158203125e-07,2.384185791015625e-07,1609701433.068113,1609701433.2846954,0.2165822982788086,1609701433.1154332,1609701433.1240916,0.008658409118652344
ebfed7cf7d9140c395ab53bf64eb4230,k-means,warm,exec,queue,0.014091253280639648,2.384185791015625e-07,2.384185791015625e-07,1609701433.0707448,1609701433.2046697,0.1339249610900879,1609701433.1202915,1609701433.127881,0.007589578628540039
45087d7d78c844368d4b58fca0943e6e,k-means,warm,exec,queue,0.019439697265625,2.384185791015625e-07,2.384185791015625e-07,1609701433.0734088,1609701433.2840846,0.21067571640014648,1609701433.126799,1609701433.134848,0.00804901123046875
c2e4ef000b8a4ceda5c2c7c02d2ac040,k-means,warm,exec,queue,0.02774357795715332,4.76837158203125e-07,2.384185791015625e-07,1609701433.0762959,1609701433.2448587,0.1685628890991211,1609701433.1450498,1609701433.1509101,0.005860328674316406
6750b5155c9e43ac888f455cd0662b53,k-means,warm,exec,queue,0.0351259708404541,2.384185791015625e-07,2.384185791015625e-07,1609701433.0778937,1609701433.449778,0.3718843460083008,1609701433.1469336,1609701433.154272,0.007338523864746094
2febdece3df244b594badb3d445a03d4,k-means,warm,exec,queue,0.03976917266845703,2.384185791015625e-07,2.384185791015625e-07,1609701433.0794265,1609701433.311517,0.23209047317504883,1609701433.1492004,1609701433.1562731,0.0070726871490478516
324c0a3fe3f04774adfed848fd421b6a,k-means,warm,exec,queue,0.04440760612487793,2.384185791015625e-07,2.384185791015625e-07,1609701433.0809731,1609701433.281196,0.20022296905517578,1609701433.1538534,1609701433.160733,0.006879568099975586
43ce0e24701c4a4387c2db7590236d87,k-means,warm,exec,queue,0.04923677444458008,2.384185791015625e-07,0.0,1609701433.082503,1609701433.371568,0.289064884185791,1609701433.1665483,1609701433.1738398,0.007291555404663086
54a903412e524ab18b021b5ab3cc09ac,k-means,warm,exec,queue,0.05408143997192383,2.384185791015625e-07,2.384185791015625e-07,1609701433.0841553,1609701433.4468205,0.36266517639160156,1609701433.170905,1609701433.1780202,0.00711512565612793
8944355dd7ad4891acc3c9ea9318fca8,k-means,warm,exec,queue,0.06096935272216797,4.76837158203125e-07,2.384185791015625e-07,1609701433.0857012,1609701433.450345,0.36464381217956543,1609701433.172348,1609701433.1784286,0.00608062744140625
c5e770acdaf74e18892a09068e03194a,k-means,warm,exec,queue,0.06584310531616211,7.152557373046875e-07,4.76837158203125e-07,1609701433.0872376,1609701433.2805986,0.1933610439300537,1609701433.1801324,1609701433.1873875,0.007255077362060547
1ce465c6f99c4eaa8d9e482a55af3d55,video,warm,exec,queue,0.01940464973449707,2.384185791015625e-07,0.0,1609701433.0887651,1609701433.313067,0.22430181503295898,1609701433.1452436,1609701433.1619043,0.016660690307617188
070274a010014b3199cba49c229f4d87,disk,warm,exec,queue,0.026157140731811523,4.76837158203125e-07,2.384185791015625e-07,1609701433.0903983,1609701433.3145864,0.22418808937072754,1609701433.147173,1609701433.155465,0.008291959762573242
082584fa55f84540b06ed00d76a45d4a,k-means,warm,exec,queue,0.007250785827636719,7.152557373046875e-07,2.384185791015625e-07,1609701434.0594234,1609701434.1636188,0.10419535636901855,1609701434.0971422,1609701434.1052961,0.008153915405273438
06068d3fe16c4dc6b4c7922a0b0cc290,k-means,warm,exec,queue,0.04586005210876465,2.384185791015625e-07,2.384185791015625e-07,1609701434.0635831,1609701434.3494453,0.2858622074127197,1609701434.1408918,1609701434.1475377,0.006645917892456055
05735fdded154aff953c956fc3f3df25,k-means,warm,exec,queue,0.04145526885986328,2.384185791015625e-07,2.384185791015625e-07,1609701434.0662403,1609701434.272494,0.2062537670135498,1609701434.1369035,1609701434.1424518,0.005548238754272461
80f2423adcda455dacf7e7acb4a9e5aa,k-means,warm,exec,queue,0.03669476509094238,2.384185791015625e-07,2.384185791015625e-07,1609701434.0687447,1609701434.4836245,0.41487979888916016,1609701434.132898,1609701434.138331,0.005432844161987305
b3a3651bc07b43eca100d7c998b45160,disk,warm,exec,queue,0.019176006317138672,2.384185791015625e-07,2.384185791015625e-07,1609701434.0703316,1609701434.1968844,0.12655282020568848,1609701434.117186,1609701434.1249988,0.007812738418579102
83c61f9120534f7d811aa5b1a65101f8,k-means,warm,exec,queue,0.03306317329406738,2.384185791015625e-07,4.76837158203125e-07,1609701434.072144,1609701434.1985018,0.1263577938079834,1609701434.1254091,1609701434.1321476,0.006738424301147461
24e160d9c6df46038fbeb5382ed8c30e,k-means,warm,exec,queue,0.011726856231689453,4.76837158203125e-07,2.384185791015625e-07,1609701434.073751,1609701434.372525,0.29877400398254395,1609701434.1021564,1609701434.1107793,0.008622884750366211
a7662bd1969c478f8c070e1fe1f2180d,k-means,warm,exec,queue,0.01613330841064453,4.76837158203125e-07,2.384185791015625e-07,1609701434.0753462,1609701434.3474789,0.27213263511657715,1609701434.1080444,1609701434.1163092,0.008264780044555664
5212f14c55234f97881809bd1f825139,k-means,warm,exec,queue,0.023865461349487305,4.76837158203125e-07,4.76837158203125e-07,1609701434.0769484,1609701434.2001004,0.12315201759338379,1609701434.1169894,1609701434.1238499,0.006860494613647461
3fa0966cb1bc4afeadd0e7c819837985,k-means,warm,exec,queue,0.028476476669311523,2.384185791015625e-07,2.384185791015625e-07,1609701434.07868,1609701434.316077,0.2373969554901123,1609701434.1200078,1609701434.1253083,0.0053005218505859375
e1596c53e7544030a8fd824adfb6ba8a,k-means,warm,exec,queue,0.0065920352935791016,2.384185791015625e-07,0.0,1609701435.072567,1609701435.2091181,0.1365511417388916,1609701435.1320646,1609701435.1402965,0.008231878280639648
dce52ebba0074a89859bb831ae7229c8,k-means,warm,exec,queue,0.05332469940185547,2.384185791015625e-07,2.384185791015625e-07,1609701435.0767653,1609701437.1551435,2.078378200531006,1609701435.1806426,1609701435.1855824,0.0049397945404052734
5bc99583b0874f66bdef5c78e48c39f3,k-means,warm,exec,queue,0.058190107345581055,4.76837158203125e-07,2.384185791015625e-07,1609701435.079304,1609701437.9371574,2.857853412628174,1609701435.185025,1609701435.1901298,0.005104780197143555
5341cf2cdb1e45a4b633fd5f9132d238,k-means,warm,exec,queue,0.06337904930114746,2.384185791015625e-07,0.0,1609701435.0818639,1609701436.4410157,1.359151840209961,1609701435.1928108,1609701435.1991982,0.006387472152709961
72a2f169cbc245bf974bd322725daae4,k-means,warm,exec,queue,0.015807390213012695,4.76837158203125e-07,0.0,1609701435.0846145,1609701436.338656,1.2540414333343506,1609701435.137235,1609701435.1451035,0.007868528366088867
fcba33ec9eca4cc38388e46953862665,k-means,warm,exec,queue,0.02117133140563965,2.384185791015625e-07,2.384185791015625e-07,1609701435.0861163,1609701437.159473,2.0733566284179688,1609701435.1437702,1609701435.1523035,0.008533239364624023
30090964de4045f4beadab299c775caa,k-means,warm,exec,queue,0.026982545852661133,2.384185791015625e-07,2.384185791015625e-07,1609701435.0876195,1609701436.386178,1.2985584735870361,1609701435.155908,1609701435.1630828,0.00717473030090332
ca1536101cc84840ba9e0fae690de6ab,k-means,warm,exec,queue,0.034285545349121094,4.76837158203125e-07,0.0,1609701435.089134,1609701438.1068273,3.017693281173706,1609701435.1624815,1609701435.16889,0.0064084529876708984
6a55c315eb3440fb9c1aaa4d3c5fe2ca,k-means,warm,exec,queue,0.0386660099029541,2.384185791015625e-07,2.384185791015625e-07,1609701435.090762,1609701436.1273224,1.0365605354309082,1609701435.1634712,1609701435.1707413,0.007270097732543945
bc93d6cc17cf4e4492b9a5723c0a9e21,k-means,warm,exec,queue,0.043039798736572266,2.384185791015625e-07,2.384185791015625e-07,1609701435.0922978,1609701436.3841112,1.2918133735656738,1609701435.1702516,1609701435.1781602,0.00790858268737793
5dd1fd8d167644e7a6b8c7cd94593f04,k-means,warm,exec,queue,0.048494815826416016,2.384185791015625e-07,0.0,1609701435.0938144,1609701436.3027172,1.2089028358459473,1609701435.1789675,1609701435.1872683,0.00830078125
cc7d146dd999424b8fe6d35c35754cdd,k-means,warm,exec,queue,0.010971546173095703,2.384185791015625e-07,4.76837158203125e-07,1609701435.0953288,1609701435.2104795,0.11515069007873535,1609701435.1319478,1609701435.1403205,0.008372783660888672
74ae9d23b5994549aebcb5efce8fbcb0,k-means,warm,exec,queue,0.06834220886230469,2.384185791015625e-07,4.76837158203125e-07,1609701435.097234,1609701437.1588717,2.0616376399993896,1609701435.1958315,1609701435.200306,0.0044744014739990234
ae125e3f11634251a90909eb6fc2b3f0,video,warm,exec,queue,0.01865530014038086,0.0,0.0,1609701435.098773,1609701436.340599,1.241826057434082,1609701435.1568015,1609701435.1724713,0.015669822692871094
61ff212b05cf463d831f9ecedf736f9a,matmul,warm,exec,queue,0.022799253463745117,2.384185791015625e-07,2.384185791015625e-07,1609701435.1003084,1609701438.0749485,2.974640130996704,1609701435.1576738,1609701435.1696684,0.011994600296020508
9eb932257a364259ab8c7b389d2674a3,map_reduce,warm,exec,queue,0.025673627853393555,7.152557373046875e-07,2.384185791015625e-07,1609701435.1018257,1609701437.160022,2.0581963062286377,1609701435.1616852,1609701435.2471657,0.0854804515838623
c1436787045c41a688abad55b3bc0957,image,cold,exec,create,0.030590295791625977,5.8033342361450195,2.384185791015625e-07,1609701435.1034415,1609701441.0474138,5.94397234916687,1609701440.9663074,1609701440.986379,0.02007150650024414
ec6209bdb6a447ae87fabf88118d05f1,network,cold,exec,create,0.03945660591125488,6.038398027420044,2.384185791015625e-07,1609701435.1049814,1609701441.475278,6.370296478271484,1609701441.2083178,1609701441.2472034,0.03888559341430664
fb530b647e57438197ce804feacb3eb6,linpack,cold,exec,create,0.04486346244812012,5.574568748474121,4.76837158203125e-07,1609701435.1064985,1609701440.8156872,5.70918869972229,1609701440.7503862,1609701440.7689095,0.018523216247558594
35d97e792222476f9658b7fe0e3de8ee,k-means,warm,exec,queue,0.002165079116821289,7.152557373046875e-07,2.384185791015625e-07,1609701436.0715208,1609701436.4575672,0.3860464096069336,1609701436.1297288,1609701436.1382627,0.008533954620361328
b9e182ed4149457d81c90bd78a42d661,k-means,warm,exec,queue,0.04987359046936035,2.384185791015625e-07,2.384185791015625e-07,1609701436.076539,1609701436.4489543,0.37241530418395996,1609701436.1756532,1609701436.1801195,0.00446629524230957
e627816b583a484ab3a55d8b1acb6e5d,k-means,warm,exec,queue,0.05496382713317871,2.384185791015625e-07,2.384185791015625e-07,1609701436.0792036,1609701438.1529136,2.0737099647521973,1609701436.181289,1609701436.1871588,0.005869865417480469
0f328e875c374fc5af48dace429d3cc5,k-means,warm,exec,queue,0.021226882934570312,4.76837158203125e-07,2.384185791015625e-07,1609701436.0818212,1609701437.9339442,1.8521230220794678,1609701436.1420763,1609701436.150542,0.008465766906738281
b5868e0f129b435d81d30057f6086d38,k-means,warm,exec,queue,0.027434825897216797,2.384185791015625e-07,0.0,1609701436.084406,1609701436.4511948,0.3667888641357422,1609701436.147579,1609701436.1524394,0.004860401153564453
280c6540d08e49cb828483f4fffe40b8,k-means,warm,exec,queue,0.032296180725097656,2.384185791015625e-07,2.384185791015625e-07,1609701436.0861228,1609701437.9376962,1.8515734672546387,1609701436.153317,1609701436.1582885,0.004971504211425781
112b00f3cd634936a89dabfbcd358b8b,k-means,warm,exec,queue,0.03684353828430176,2.384185791015625e-07,2.384185791015625e-07,1609701436.0877416,1609701436.4495203,0.36177873611450195,1609701436.1583147,1609701436.164307,0.005992412567138672
1e72df30542e42f9ad76737ad335d4d7,k-means,warm,exec,queue,0.04197359085083008,2.384185791015625e-07,0.0,1609701436.0893304,1609701438.3396733,2.250342845916748,1609701436.164072,1609701436.1687775,0.0047054290771484375
b1fd8cbb77c547e7a3121263f8b7c18e,k-means,warm,exec,queue,0.047202110290527344,2.384185791015625e-07,2.384185791015625e-07,1609701436.090994,1609701438.1064768,2.0154829025268555,1609701436.1701548,1609701436.1742773,0.004122495651245117
0008f5218d1d42f99fc9e9710a5ff163,k-means,warm,exec,queue,0.016749858856201172,4.76837158203125e-07,2.384185791015625e-07,1609701436.0926056,1609701436.4483452,0.3557395935058594,1609701436.1367614,1609701436.1450438,0.00828242301940918
a299c92049ce47419d946cbfe9ee621c,k-means,warm,exec,queue,0.01169586181640625,4.76837158203125e-07,2.384185791015625e-07,1609701436.0941792,1609701436.4439375,0.3497583866119385,1609701436.1315806,1609701436.139569,0.007988452911376953
54d7c69790b5497cbd003f3ecd9c5260,k-means,warm,exec,queue,0.008713006973266602,2.384185791015625e-07,2.384185791015625e-07,1609701436.095851,1609701438.3385525,2.242701530456543,1609701436.1306565,1609701436.1388013,0.008144855499267578
ef4d82af0459468db9c58574b54775a0,k-means,warm,exec,queue,0.060224294662475586,7.152557373046875e-07,2.384185791015625e-07,1609701436.0974207,1609701437.934636,1.8372154235839844,1609701436.1869655,1609701436.1929348,0.00596928596496582
275376d494154245bc9b7440650352f1,k-means,warm,exec,queue,0.06567144393920898,2.384185791015625e-07,0.0,1609701436.0989738,1609701438.3391385,2.2401647567749023,1609701436.1927392,1609701436.1985922,0.005852937698364258
2596601a580845f789f776e7b866812a,k-means,warm,exec,queue,0.07106542587280273,2.384185791015625e-07,0.0,1609701436.1005583,1609701438.1060233,2.005465030670166,1609701436.1986961,1609701436.2030494,0.00435328483581543
d38850ec0b5c495899d6f4279bee0420,k-means,warm,exec,queue,0.07611274719238281,2.384185791015625e-07,2.384185791015625e-07,1609701436.1021934,1609701436.444575,0.34238171577453613,1609701436.2041001,1609701436.2082562,0.0041561126708984375
22e7f083ad194d668b59e80913b4f3a4,k-means,warm,exec,queue,0.004683732986450195,2.384185791015625e-07,2.384185791015625e-07,1609701437.0658395,1609701438.5277839,1.461944341659546,1609701437.1154768,1609701437.1239183,0.008441448211669922
6161503fa7e24ef58420242f74a3b6e7,k-means,warm,exec,queue,0.050629377365112305,2.384185791015625e-07,2.384185791015625e-07,1609701437.0701544,1609701438.3309083,1.260753870010376,1609701437.1641104,1609701437.169965,0.005854606628417969
6a16835406be4213b79c9c076d4c62bf,k-means,warm,exec,queue,0.04402613639831543,2.384185791015625e-07,2.384185791015625e-07,1609701437.0728095,1609701437.799066,0.7262566089630127,1609701437.1637843,1609701437.1709113,0.007127046585083008
23c9651b3ede43eebd480f85ff57e631,k-means,warm,exec,queue,0.03974127769470215,2.384185791015625e-07,2.384185791015625e-07,1609701437.0754175,1609701438.3379796,1.2625620365142822,1609701437.1543794,1609701437.1623507,0.00797128677368164
b9148a4be79b40a1be8e1b8b492e910c,k-means,warm,exec,queue,0.034369707107543945,2.384185791015625e-07,0.0,1609701437.0786827,1609701437.9309673,0.8522846698760986,1609701437.1437216,1609701437.1509995,0.007277965545654297
b71a168f4fa24004883816941ce4571f,k-means,warm,exec,queue,0.029993772506713867,2.384185791015625e-07,2.384185791015625e-07,1609701437.0809922,1609701438.0710783,0.9900860786437988,1609701437.1414416,1609701437.1498237,0.008382081985473633
4e073b21659f4f35a3e0d8164101312e,k-means,warm,exec,queue,0.025478601455688477,2.384185791015625e-07,0.0,1609701437.0825815,1609701437.8012235,0.718641996383667,1609701437.1387088,1609701437.145878,0.007169246673583984
1a952df579324bac814a33047c5c304f,k-means,warm,exec,queue,0.010159969329833984,4.76837158203125e-07,2.384185791015625e-07,1609701437.0841818,1609701438.5307474,1.4465656280517578,1609701437.1152604,1609701437.1244156,0.0091552734375
5b9908087e3943e385050c10d34b9168,k-means,warm,exec,queue,0.014534711837768555,2.384185791015625e-07,0.0,1609701437.0858867,1609701438.5345435,1.4486567974090576,1609701437.1184132,1609701437.127112,0.008698701858520508
4096a5a2d25141c8b10e895098e05a11,k-means,warm,exec,queue,0.019033432006835938,4.76837158203125e-07,2.384185791015625e-07,1609701437.0874557,1609701438.53136,1.443904161453247,1609701437.1238978,1609701437.1329744,0.009076595306396484
59d4779160a24dd29491adae41bf5cd2,k-means,warm,exec,queue,0.02350163459777832,4.76837158203125e-07,4.76837158203125e-07,1609701437.0890367,1609701438.3373568,1.2483201026916504,1609701437.1385214,1609701437.1472208,0.008699417114257812
9516da00e90d4ca9a9e2011c553c6a7e,video,warm,exec,queue,0.025861024856567383,2.384185791015625e-07,2.384185791015625e-07,1609701437.0906055,1609701438.074359,0.9837534427642822,1609701437.1395576,1609701437.1563668,0.01680922508239746
23aa877c3bb64dd3827de6613cf8e5f7,k-means,warm,exec,queue,0.02691364288330078,4.76837158203125e-07,2.384185791015625e-07,1609701438.079292,1609701438.6379173,0.5586252212524414,1609701438.1478438,1609701438.1534677,0.005623817443847656
0ff29f5d95174d9d88daa504b6513a3d,k-means,warm,exec,queue,0.031488656997680664,2.384185791015625e-07,2.384185791015625e-07,1609701438.0815234,1609701438.575311,0.4937875270843506,1609701438.1532788,1609701438.159472,0.0061931610107421875
63b6c78497994596b255b8e669fb1eeb,k-means,warm,exec,queue,0.036512136459350586,2.384185791015625e-07,4.76837158203125e-07,1609701438.0830824,1609701438.77438,0.6912975311279297,1609701438.1578321,1609701438.1641479,0.006315708160400391
232bb579d22b4ba8a20df2f4045eaeeb,k-means,warm,exec,queue,0.04186248779296875,2.384185791015625e-07,0.0,1609701438.0846517,1609701438.577072,0.4924201965332031,1609701438.163923,1609701438.1684635,0.004540443420410156
818f9d63ef984e0d9c0a8a61e77e3a56,k-means,warm,exec,queue,0.047321319580078125,2.384185791015625e-07,2.384185791015625e-07,1609701438.0877986,1609701438.8482707,0.7604720592498779,1609701438.1697125,1609701438.1757162,0.006003618240356445
f0a1947a9be346e59e8149e67b197847,k-means,warm,exec,queue,0.05233144760131836,2.384185791015625e-07,2.384185791015625e-07,1609701438.0894055,1609701438.6385128,0.5491073131561279,1609701438.1743152,1609701438.1788998,0.004584550857543945
fccd1f3959ba4499993f1c56c61c0214,k-means,warm,exec,queue,0.057737112045288086,2.384185791015625e-07,0.0,1609701438.0910475,1609701438.6349857,0.543938159942627,1609701438.1815896,1609701438.1883416,0.00675201416015625
8031d6d69cb944f6b4ca947fd762af05,k-means,warm,exec,queue,0.012159347534179688,2.384185791015625e-07,2.384185791015625e-07,1609701438.0927057,1609701438.580469,0.4877631664276123,1609701438.130809,1609701438.138688,0.007879018783569336
abdce7edf16e4382b80f0200a6e5a6fe,k-means,warm,exec,queue,0.016628026962280273,2.384185791015625e-07,4.76837158203125e-07,1609701438.0943332,1609701438.5797942,0.4854609966278076,1609701438.135793,1609701438.1428142,0.007021188735961914
51de8f0c5f1b48ae8e619c4fd5706db4,k-means,warm,exec,queue,0.021781206130981445,2.384185791015625e-07,2.384185791015625e-07,1609701438.0962617,1609701438.53308,0.43681836128234863,1609701438.1406744,1609701438.1469219,0.006247520446777344
c6799509a5e848d181c4bf59355bc074,k-means,warm,exec,queue,0.006411552429199219,4.76837158203125e-07,0.0,1609701438.0980256,1609701438.4747827,0.3767571449279785,1609701438.1255677,1609701438.1335208,0.007953166961669922
23efb7d151c34c3eabd85aa5f0034e7a,k-means,warm,exec,queue,0.06245756149291992,2.384185791015625e-07,2.384185791015625e-07,1609701438.099587,1609701438.5817196,0.4821326732635498,1609701438.1851947,1609701438.189276,0.004081249237060547
1a5451a8c38a4664977b362bf8a37af8,k-means,warm,exec,queue,0.06770110130310059,4.76837158203125e-07,2.384185791015625e-07,1609701438.1011853,1609701438.774859,0.6736736297607422,1609701438.191923,1609701438.1989703,0.007047414779663086
0943ba678128432c8054cd1c37167c71,k-means,warm,exec,queue,0.003787994384765625,4.76837158203125e-07,2.384185791015625e-07,1609701439.0656688,1609701439.2968469,0.23117804527282715,1609701439.1064281,1609701439.113938,0.007509946823120117
cee32d7b2dbd4c1ab300e798ba747a81,video,warm,exec,queue,0.01623702049255371,2.384185791015625e-07,2.384185791015625e-07,1609701439.0697744,1609701439.500913,0.4311385154724121,1609701439.1246326,1609701439.1401474,0.015514850616455078
f8aa73f137eb4ef48e2752580ba7847d,k-means,warm,exec,queue,0.04592609405517578,2.384185791015625e-07,0.0,1609701439.0723596,1609701440.1098158,1.0374562740325928,1609701439.15098,1609701439.1574893,0.006509304046630859
ec2c2ac19e09455f9ed05610f72974eb,k-means,warm,exec,queue,0.04121994972229004,4.76837158203125e-07,2.384185791015625e-07,1609701439.074738,1609701439.7319856,0.6572475433349609,1609701439.146604,1609701439.153734,0.0071299076080322266
a89dad1465ca4846a524d83e8c55f75a,k-means,warm,exec,queue,0.035729408264160156,2.384185791015625e-07,2.384185791015625e-07,1609701439.077145,1609701439.84971,0.7725648880004883,1609701439.138796,1609701439.14483,0.006033897399902344
a48e6cf81ab4425f8fbdf03bc5164ecc,k-means,warm,exec,queue,0.03119969367980957,7.152557373046875e-07,2.384185791015625e-07,1609701439.0786088,1609701439.8478086,0.7691998481750488,1609701439.134127,1609701439.14006,0.005933046340942383
146d15420cb946eaa9df7cacf840ad62,k-means,warm,exec,queue,0.026210308074951172,2.384185791015625e-07,2.384185791015625e-07,1609701439.080085,1609701439.397531,0.3174459934234619,1609701439.1273427,1609701439.1332793,0.005936622619628906
8fa8e810ab8a4474a90655cc7d33d90c,k-means,warm,exec,queue,0.00805044174194336,2.384185791015625e-07,2.384185791015625e-07,1609701439.0815997,1609701439.3001533,0.2185535430908203,1609701439.1065812,1609701439.1139956,0.007414340972900391
deb2b78c4b404fe9be899edbb20b83c8,k-means,warm,exec,queue,0.01261448860168457,2.384185791015625e-07,2.384185791015625e-07,1609701439.08309,1609701439.4989522,0.4158620834350586,1609701439.110077,1609701439.1164315,0.006354570388793945
d5c9481b688d45d99bdf21419d37015a,k-means,warm,exec,queue,0.017920494079589844,2.384185791015625e-07,2.384185791015625e-07,1609701439.0847425,1609701439.2985299,0.21378731727600098,1609701439.1172972,1609701439.1251302,0.007833003997802734
86a06f2d740a4edc81a286ffa6c9bcb1,k-means,warm,exec,queue,0.02342963218688965,2.384185791015625e-07,2.384185791015625e-07,1609701439.086231,1609701439.607288,0.5210568904876709,1609701439.1240435,1609701439.129609,0.005565643310546875
68a0f54887614913b0f892bf802d0621,k-means,warm,exec,queue,0.0032052993774414062,4.76837158203125e-07,2.384185791015625e-07,1609701440.0627973,1609701440.2102876,0.1474902629852295,1609701440.111792,1609701440.119691,0.007898807525634766
495bed4738444a2c85426c663237d479,k-means,warm,exec,queue,0.023637771606445312,2.384185791015625e-07,0.0,1609701440.0665846,1609701440.3278422,0.2612576484680176,1609701440.129284,1609701440.1352491,0.005965232849121094
cd58176431fb44b0ac65f83aee9e6b9f,k-means,warm,exec,queue,0.02857518196105957,2.384185791015625e-07,2.384185791015625e-07,1609701440.0690162,1609701440.3316476,0.2626314163208008,1609701440.1326044,1609701440.1387646,0.006160259246826172
af0f494d128b43d9b880888ad36b60bd,k-means,warm,exec,queue,0.033557891845703125,4.76837158203125e-07,0.0,1609701440.0713408,1609701440.4012742,0.32993340492248535,1609701440.1388917,1609701440.145342,0.0064504146575927734
f037ca237471442c88e6f6c38ed9c192,k-means,warm,exec,queue,0.03860878944396973,2.384185791015625e-07,4.76837158203125e-07,1609701440.073943,1609701440.32932,0.25537705421447754,1609701440.1451225,1609701440.1514962,0.00637364387512207
1750bec6c62b4ad6af0c1d9c0a3a99aa,k-means,warm,exec,queue,0.043921709060668945,7.152557373046875e-07,4.76837158203125e-07,1609701440.076276,1609701440.3689764,0.29270029067993164,1609701440.1536214,1609701440.1606398,0.007018327713012695
d4ebacde3cdf404ebdce5fa3e8ec844d,k-means,warm,exec,queue,0.04845285415649414,9.5367431640625e-07,4.76837158203125e-07,1609701440.0785837,1609701440.2759173,0.19733357429504395,1609701440.1575062,1609701440.16388,0.006373882293701172
f507f5e2b27d434f84ad6612ad327735,k-means,warm,exec,queue,0.05311870574951172,2.384185791015625e-07,2.384185791015625e-07,1609701440.0808463,1609701440.5010393,0.4201929569244385,1609701440.160186,1609701440.1658783,0.005692243576049805
b9d7a64c5a1a4ec8907265a17f8080c4,k-means,warm,exec,queue,0.05780792236328125,2.384185791015625e-07,2.384185791015625e-07,1609701440.0822825,1609701440.3672018,0.28491926193237305,1609701440.1685164,1609701440.1760795,0.007563114166259766
56c1a52148784ddb943771e89a9f2ae2,k-means,warm,exec,queue,0.009982109069824219,2.384185791015625e-07,2.384185791015625e-07,1609701440.0838223,1609701440.2109835,0.12716126441955566,1609701440.1115692,1609701440.1188042,0.007235050201416016
8f238f9526394b81bd0b6be2407a65c0,k-means,warm,exec,queue,0.01502084732055664,2.384185791015625e-07,2.384185791015625e-07,1609701440.0852523,1609701440.2072556,0.12200331687927246,1609701440.115885,1609701440.1236517,0.0077667236328125
bb37fcf72df6419da48f50d486411c0a,k-means,warm,exec,queue,0.020060062408447266,2.384185791015625e-07,2.384185791015625e-07,1609701440.0866818,1609701440.332237,0.24555516242980957,1609701440.1216516,1609701440.1289485,0.00729680061340332
92c47dec691a49638d97e30c7426aa12,matmul,warm,exec,queue,0.016473770141601562,2.384185791015625e-07,2.384185791015625e-07,1609701440.0881104,1609701440.2743325,0.18622207641601562,1609701440.1301084,1609701440.138125,0.008016586303710938
6c8502cb3ec44b31ba63965e4d58fe6b,k-means,warm,exec,queue,0.005604267120361328,2.384185791015625e-07,0.0,1609701441.06963,1609701441.190257,0.12062716484069824,1609701441.1147583,1609701441.1220126,0.007254362106323242
78a9e47ae6f945e88a6bf33d3d542faf,k-means,warm,exec,queue,0.010387182235717773,4.76837158203125e-07,2.384185791015625e-07,1609701441.0728362,1609701441.2572997,0.1844635009765625,1609701441.119613,1609701441.1267772,0.0071642398834228516
22624231b53e421092e4e8952e4bf369,k-means,warm,exec,queue,0.015898466110229492,4.76837158203125e-07,0.0,1609701441.074471,1609701441.3293664,0.2548954486846924,1609701441.1260977,1609701441.13345,0.007352352142333984
8c1cea6a303542e88e1e167e76508788,k-means,warm,exec,queue,0.021173954010009766,4.76837158203125e-07,2.384185791015625e-07,1609701441.076083,1609701441.2276316,0.1515486240386963,1609701441.1328366,1609701441.1389089,0.006072282791137695
5eb2b000690d42dd87c3fb7b861a511f,k-means,warm,exec,queue,0.025868654251098633,2.384185791015625e-07,2.384185791015625e-07,1609701441.0783477,1609701441.2977273,0.21937966346740723,1609701441.136706,1609701441.1431007,0.006394624710083008
62ee35ce5aa3456a97195c2315c1dafa,k-means,warm,exec,queue,0.031182050704956055,2.384185791015625e-07,0.0,1609701441.0803783,1609701441.2243013,0.14392304420471191,1609701441.1415563,1609701441.1483586,0.00680232048034668
98cd0cea27d344c89178df9bc3f76bca,k-means,warm,exec,queue,0.03616476058959961,2.384185791015625e-07,4.76837158203125e-07,1609701441.0823872,1609701441.4770436,0.3946564197540283,1609701441.1483088,1609701441.1550677,0.006758928298950195
0118ee8ab59e46a7908bb78a0c2e92fa,k-means,warm,exec,queue,0.0416867733001709,2.384185791015625e-07,2.384185791015625e-07,1609701441.084416,1609701441.3670385,0.2826225757598877,1609701441.1555078,1609701441.1623755,0.006867647171020508
3e15f29387c841978d4be6eed77ab72d,k-means,warm,exec,queue,0.047257184982299805,4.76837158203125e-07,2.384185791015625e-07,1609701441.0858438,1609701441.4124658,0.32662200927734375,1609701441.1600776,1609701441.1671448,0.007067203521728516
2dc3ba3172b743d6bf7d17f4c3df5998,k-means,warm,exec,queue,0.052629947662353516,2.384185791015625e-07,2.384185791015625e-07,1609701441.0873892,1609701441.3265283,0.23913908004760742,1609701441.1653104,1609701441.1719363,0.0066258907318115234
90d16313a64f4a999aaba38130a410ce,k-means,warm,exec,queue,0.05799055099487305,2.384185791015625e-07,2.384185791015625e-07,1609701441.0888672,1609701441.2926776,0.203810453414917,1609701441.1728463,1609701441.1799524,0.00710606575012207
4c6286fe1d8e44c5bafbc0634630c488,k-means,warm,exec,queue,0.06308746337890625,2.384185791015625e-07,0.0,1609701441.0902803,1609701441.2971473,0.20686697959899902,1609701441.1777868,1609701441.184941,0.007154226303100586
aeaf340026864aa1b98be5e3fea58fd1,k-means,warm,exec,queue,0.06811404228210449,2.384185791015625e-07,2.384185791015625e-07,1609701441.0916975,1609701441.2982697,0.2065722942352295,1609701441.1815257,1609701441.187651,0.006125211715698242
6da7457c86a244c39ac13b11d9d73a9a,video,warm,exec,queue,0.014566898345947266,4.76837158203125e-07,2.384185791015625e-07,1609701441.0932226,1609701441.2282262,0.13500356674194336,1609701441.1328177,1609701441.1492536,0.016435861587524414
b9a22e04a9494efe916917f18576e165,k-means,warm,exec,queue,0.009847879409790039,2.384185791015625e-07,2.384185791015625e-07,1609701442.0743952,1609701442.2020185,0.1276233196258545,1609701442.1248233,1609701442.132468,0.0076446533203125
dbe6c8da533f4bf088890b84efc6170b,k-means,warm,exec,queue,0.023391008377075195,2.384185791015625e-07,4.76837158203125e-07,1609701442.0785038,1609701442.2435095,0.16500568389892578,1609701442.140276,1609701442.1458325,0.005556583404541016
7958655e1ea04cc692d7c7f2fceee324,k-means,warm,exec,queue,0.028193235397338867,4.76837158203125e-07,2.384185791015625e-07,1609701442.0810504,1609701442.4174492,0.3363988399505615,1609701442.1457,1609701442.1512191,0.00551915168762207
8b949e0bda8c43cebc932e286bebc6a4,k-means,warm,exec,queue,0.03373146057128906,4.76837158203125e-07,2.384185791015625e-07,1609701442.0835419,1609701442.473707,0.3901650905609131,1609701442.1519618,1609701442.1574206,0.005458831787109375
06285e4bf0254fd9bf18c4465c831640,k-means,warm,exec,queue,0.0382695198059082,2.384185791015625e-07,2.384185791015625e-07,1609701442.0863996,1609701442.4116857,0.3252861499786377,1609701442.1566808,1609701442.161265,0.004584074020385742
ea049e435ff142a5844e657344e493f4,k-means,warm,exec,queue,0.04269766807556152,4.76837158203125e-07,2.384185791015625e-07,1609701442.0887136,1609701442.3187761,0.23006248474121094,1609701442.1635764,1609701442.1705048,0.006928443908691406
e14d1766a9484b6388d86dc79f28a75a,k-means,warm,exec,queue,0.04805731773376465,4.76837158203125e-07,2.384185791015625e-07,1609701442.0901427,1609701442.280477,0.19033432006835938,1609701442.16798,1609701442.1733897,0.005409717559814453
fe49e5dac4bd4f038cc2e7229ec18476,k-means,warm,exec,queue,0.05279064178466797,2.384185791015625e-07,4.76837158203125e-07,1609701442.0915606,1609701442.2821918,0.19063115119934082,1609701442.1737633,1609701442.180618,0.0068547725677490234
d821f01767264e89b8045398dc65f7d4,k-means,warm,exec,queue,0.058312416076660156,2.384185791015625e-07,0.0,1609701442.0930119,1609701442.35678,0.26376819610595703,1609701442.179045,1609701442.184536,0.005491018295288086
467a9e32efbd453a944d8e9cc69d5cf1,k-means,warm,exec,queue,0.06304073333740234,4.76837158203125e-07,2.384185791015625e-07,1609701442.0945585,1609701442.474325,0.37976646423339844,1609701442.1854792,1609701442.1917624,0.006283283233642578
0e09f11839534f4eac4f0038b40f3723,k-means,warm,exec,queue,0.013633012771606445,2.384185791015625e-07,2.384185791015625e-07,1609701442.095991,1609701442.203419,0.10742807388305664,1609701442.1295304,1609701442.1368454,0.007314920425415039
93b7d461dadd45a8ae065e8c6cf9521b,k-means,warm,exec,queue,0.01862359046936035,7.152557373046875e-07,2.384185791015625e-07,1609701442.0974286,1609701442.2798219,0.18239331245422363,1609701442.1360512,1609701442.1434975,0.0074462890625
f8222835e27544a4aeb04e3eb16b0775,k-means,warm,exec,queue,0.06843256950378418,2.384185791015625e-07,0.0,1609701442.0988638,1609701442.414937,0.3160731792449951,1609701442.1899195,1609701442.1953845,0.005465030670166016
0c8c37a4b09840daaa1eaf64a228f210,k-means,warm,exec,queue,0.07393169403076172,2.384185791015625e-07,2.384185791015625e-07,1609701442.1004024,1609701442.354486,0.25408363342285156,1609701442.197942,1609701442.2047305,0.006788492202758789
7635690e0600480088a350ba1c380bfb,k-means,warm,exec,queue,0.07876825332641602,4.76837158203125e-07,2.384185791015625e-07,1609701442.101827,1609701442.4180086,0.31618165969848633,1609701442.2030938,1609701442.208621,0.0055272579193115234
c6e69bd41f184d99ac70dc3ef3a221f8,k-means,warm,exec,queue,0.08348631858825684,4.76837158203125e-07,2.384185791015625e-07,1609701442.103249,1609701442.414367,0.31111788749694824,1609701442.2072437,1609701442.213605,0.006361246109008789
eb45113ca21e42b1b250ee02a27ee6c9,k-means,warm,exec,queue,0.0044248104095458984,4.76837158203125e-07,2.384185791015625e-07,1609701443.0687044,1609701443.1819289,0.11322450637817383,1609701443.1069486,1609701443.1144257,0.0074770450592041016
e8c444ca8d934957b5fa4ea9dc3eb93b,video,warm,exec,queue,0.015238046646118164,2.384185791015625e-07,2.384185791015625e-07,1609701443.0725708,1609701443.3024664,0.22989559173583984,1609701443.1259265,1609701443.141965,0.01603841781616211
b7eb14b12e4b4ab2913667a8def1a931,k-means,warm,exec,queue,0.046407461166381836,2.384185791015625e-07,0.0,1609701443.0741403,1609701443.2573986,0.1832582950592041,1609701443.1513498,1609701443.1560755,0.00472569465637207
fa64fbfd37ea4fd2b17f33770c179f47,k-means,warm,exec,queue,0.041188955307006836,4.76837158203125e-07,0.0,1609701443.0756881,1609701443.3480413,0.2723531723022461,1609701443.1488676,1609701443.1553319,0.006464242935180664
3fecfa8ba4af482b84b0f35f5e597c1a,k-means,warm,exec,queue,0.036192893981933594,2.384185791015625e-07,2.384185791015625e-07,1609701443.0775201,1609701443.3030314,0.2255113124847412,1609701443.1435761,1609701443.1514049,0.007828712463378906
1301e28bfb0d47e4b3efdfade98db334,k-means,warm,exec,queue,0.030605554580688477,2.384185791015625e-07,2.384185791015625e-07,1609701443.079173,1609701443.2558508,0.17667770385742188,1609701443.135051,1609701443.1413164,0.006265401840209961
3cf01f7ed09d4f218f70fa7ee5a24eaa,k-means,warm,exec,queue,0.008101940155029297,2.384185791015625e-07,0.0,1609701443.080839,1609701443.180344,0.09950518608093262,1609701443.1076415,1609701443.115249,0.007607460021972656
30d001f12be24185bd823ccdf2136b9b,k-means,warm,exec,queue,0.012941122055053711,2.384185791015625e-07,2.384185791015625e-07,1609701443.0824797,1609701443.1834097,0.10092997550964355,1609701443.1124828,1609701443.120047,0.0075643062591552734
322b44966619441588039f572785b7e1,k-means,warm,exec,queue,0.018147706985473633,2.384185791015625e-07,0.0,1609701443.0841205,1609701443.2588835,0.17476296424865723,1609701443.1187108,1609701443.126486,0.007775306701660156
8128d7c81f5943fbaa0cf86beebd17b8,k-means,warm,exec,queue,0.023822307586669922,2.384185791015625e-07,2.384185791015625e-07,1609701443.0858243,1609701443.2048442,0.11901998519897461,1609701443.1297486,1609701443.135677,0.005928516387939453
d83067168b704275b9dbc6a096ae372c,k-means,warm,exec,queue,0.02826523780822754,4.76837158203125e-07,2.384185791015625e-07,1609701443.0873253,1609701443.2062554,0.11893010139465332,1609701443.1311145,1609701443.137166,0.006051540374755859
c67571f34b8546fe993202a9ebdb38c1,k-means,warm,exec,queue,0.009139060974121094,4.76837158203125e-07,2.384185791015625e-07,1609701444.071696,1609701444.1825566,0.11086058616638184,1609701444.1145797,1609701444.1221201,0.007540464401245117
0c76658327d847d8b9a31dedafe72db7,k-means,warm,exec,queue,0.027495861053466797,2.384185791015625e-07,2.384185791015625e-07,1609701444.0757265,1609701444.258628,0.18290138244628906,1609701444.1358902,1609701444.1414742,0.005584001541137695
14c435fd9f824dc4a152ba898c8aecb1,k-means,warm,exec,queue,0.0325617790222168,4.76837158203125e-07,2.384185791015625e-07,1609701444.0782673,1609701444.2152975,0.13703012466430664,1609701444.141008,1609701444.1464791,0.005471229553222656
11cbb6ff9b894c7ba226d32fee2bf1be,k-means,warm,exec,queue,0.03780651092529297,2.384185791015625e-07,2.384185791015625e-07,1609701444.080663,1609701444.4265802,0.3459172248840332,1609701444.1468394,1609701444.1530101,0.006170749664306641
f1ecb103de204dffbae1477a248f23ab,k-means,warm,exec,queue,0.04240250587463379,2.384185791015625e-07,0.0,1609701444.0822637,1609701444.5112016,0.4289379119873047,1609701444.1524467,1609701444.1584296,0.005982875823974609
8478d144169748db9451f0216a55f231,k-means,warm,exec,queue,0.04781794548034668,4.76837158203125e-07,2.384185791015625e-07,1609701444.0836785,1609701444.290846,0.2071676254272461,1609701444.1586142,1609701444.164363,0.005748748779296875
cc713b00656e4c62858eeea60710ed4d,k-means,warm,exec,queue,0.05245828628540039,2.384185791015625e-07,2.384185791015625e-07,1609701444.0851154,1609701444.3330896,0.24797415733337402,1609701444.1639333,1609701444.1682398,0.0043065547943115234
9a85baffa932456798588765fed5d217,k-means,warm,exec,queue,0.057387590408325195,2.384185791015625e-07,2.384185791015625e-07,1609701444.0865316,1609701444.4590194,0.37248778343200684,1609701444.1691985,1609701444.1747031,0.005504608154296875
1eb65ff0c62641de8c224db52de82325,k-means,warm,exec,queue,0.06265807151794434,2.384185791015625e-07,4.76837158203125e-07,1609701444.0879476,1609701444.2572072,0.16925954818725586,1609701444.1738658,1609701444.1794686,0.005602836608886719
2dfdf3555e9b421d98b2eb8ff192476f,k-means,warm,exec,queue,0.012910127639770508,2.384185791015625e-07,0.0,1609701444.0894897,1609701444.1814735,0.09198379516601562,1609701444.118738,1609701444.1264298,0.007691860198974609
b6bf3429f8c042c08eeb13b2d863ce11,k-means,warm,exec,queue,0.017286300659179688,2.384185791015625e-07,0.0,1609701444.090902,1609701444.2924633,0.20156121253967285,1609701444.1233406,1609701444.130261,0.006920337677001953
016cee8182394b979e6f06e4d6a69f2a,k-means,warm,exec,queue,0.0229034423828125,2.384185791015625e-07,0.0,1609701444.0923333,1609701444.3351557,0.24282240867614746,1609701444.129943,1609701444.13609,0.006147146224975586
9770ae5f099c476cbaff687cce0815d3,k-means,warm,exec,queue,0.06717920303344727,4.76837158203125e-07,0.0,1609701444.093759,1609701444.5105798,0.416820764541626,1609701444.180701,1609701444.1871157,0.006414651870727539
ad8ce796bdf249f79fce4d7582e03ad0,k-means,warm,exec,queue,0.0010356903076171875,4.76837158203125e-07,2.384185791015625e-07,1609701445.0764778,1609701445.2619572,0.18547940254211426,1609701445.1325831,1609701445.140646,0.00806283950805664
4e2e288bf1fa483e8ec51b6b499fd055,k-means,warm,exec,queue,0.011509418487548828,2.384185791015625e-07,0.0,1609701445.0808105,1609701445.3135433,0.23273277282714844,1609701445.1381435,1609701445.1460001,0.007856607437133789
503e93e433b3444b9c6a52b886cb6054,k-means,warm,exec,queue,0.016741514205932617,2.384185791015625e-07,2.384185791015625e-07,1609701445.0833538,1609701445.2226906,0.13933682441711426,1609701445.1447978,1609701445.1524677,0.007669925689697266
9ee5732e34554b089d2b2b5a0f798bb8,k-means,warm,exec,queue,0.021897315979003906,4.76837158203125e-07,0.0,1609701445.0859027,1609701445.2199352,0.1340324878692627,1609701445.1574872,1609701445.1636167,0.00612950325012207
27a08eba7d8d4424984f4c19cf188087,k-means,warm,exec,queue,0.028041601181030273,2.384185791015625e-07,2.384185791015625e-07,1609701445.0886092,1609701445.3892398,0.3006305694580078,1609701445.160602,1609701445.1675684,0.006966352462768555
07c7361ac3454977a354789f7b36b9dd,k-means,warm,exec,queue,0.03268909454345703,2.384185791015625e-07,2.384185791015625e-07,1609701445.0901084,1609701445.3391645,0.24905610084533691,1609701445.1620193,1609701445.1674452,0.005425930023193359
6e78726a5db94ee1a992d1c284c86172,k-means,warm,exec,queue,0.038069725036621094,2.384185791015625e-07,2.384185791015625e-07,1609701445.0916097,1609701445.3396306,0.24802088737487793,1609701445.1693285,1609701445.1763175,0.006989002227783203
62112d8a9912443781907e4cff62eec3,k-means,warm,exec,queue,0.04281425476074219,2.384185791015625e-07,0.0,1609701445.0931396,1609701445.33702,0.2438802719116211,1609701445.1752205,1609701445.1816757,0.006455183029174805
80413a8dec284aa3a092e7c1d3f3d9f9,k-means,warm,exec,queue,0.04723095893859863,2.384185791015625e-07,4.76837158203125e-07,1609701445.0946329,1609701445.30991,0.21527719497680664,1609701445.1776752,1609701445.1847398,0.0070645809173583984
5a4121a9fa4946a2870cd7858d72f112,k-means,warm,exec,queue,0.05184793472290039,2.384185791015625e-07,2.384185791015625e-07,1609701445.0962715,1609701445.3092723,0.21300077438354492,1609701445.1829333,1609701445.1892765,0.00634312629699707
e998ec162992401ea5f4d1f09ae4a909,k-means,warm,exec,queue,0.056446075439453125,2.384185791015625e-07,2.384185791015625e-07,1609701445.097772,1609701445.4603887,0.36261677742004395,1609701445.1877446,1609701445.194358,0.006613492965698242
ba1a514335af417882a2893e2f893edd,k-means,warm,exec,queue,0.003183126449584961,4.76837158203125e-07,2.384185791015625e-07,1609701445.0992827,1609701445.1944811,0.09519839286804199,1609701445.1331906,1609701445.1411295,0.007938861846923828
d16ae6c8b12c4b9290fd48be02721f08,k-means,warm,exec,queue,0.010927677154541016,2.384185791015625e-07,0.0,1609701445.1007817,1609701445.2232938,0.1225121021270752,1609701445.133294,1609701445.1415508,0.008256673812866211
5219dfe431194b8c80a6cec968bb470c,video,warm,exec,queue,0.025379419326782227,2.384185791015625e-07,2.384185791015625e-07,1609701445.1026344,1609701445.3132043,0.2105698585510254,1609701445.1581268,1609701445.1740465,0.01591968536376953
a4e736bf26ee4007936e087f1b4bedd4,matmul,warm,exec,queue,0.030170679092407227,2.384185791015625e-07,2.384185791015625e-07,1609701445.104133,1609701445.2638247,0.15969181060791016,1609701445.1612222,1609701445.170677,0.009454727172851562
5a50795a70d74bfd93e8e7e939cc661a,map_reduce,warm,exec,queue,0.030927419662475586,2.384185791015625e-07,2.384185791015625e-07,1609701445.1056428,1609701445.4635906,0.35794782638549805,1609701445.1607618,1609701445.2452977,0.08453583717346191
4b582320199040788523962933ead8b8,k-means,warm,exec,queue,7.605552673339844e-05,4.76837158203125e-07,2.384185791015625e-07,1609701446.0694087,1609701446.1964593,0.12705063819885254,1609701446.1079638,1609701446.115279,0.007315158843994141
e208732631be4e97bf1e3242762883cb,k-means,warm,exec,queue,0.0048828125,2.384185791015625e-07,0.0,1609701446.073459,1609701446.1992252,0.12576627731323242,1609701446.108281,1609701446.1163683,0.008087396621704102
7110fde056c2417dbb8a82e36b32b109,k-means,warm,exec,queue,0.009568929672241211,2.384185791015625e-07,0.0,1609701446.0759542,1609701446.199779,0.1238248348236084,1609701446.1129398,1609701446.119843,0.006903171539306641
4414a8f990d84dda811ee37dcbeaf586,k-means,warm,exec,queue,0.014031171798706055,2.384185791015625e-07,2.384185791015625e-07,1609701446.0784838,1609701446.2293797,0.1508958339691162,1609701446.11922,1609701446.1269042,0.007684230804443359
3dc136a7eedb4b019d61566b9a04356e,k-means,warm,exec,queue,0.018515586853027344,4.76837158203125e-07,2.384185791015625e-07,1609701446.080938,1609701446.397867,0.3169288635253906,1609701446.1249185,1609701446.1307826,0.005864143371582031
d5154208eb704a5ea310cb712d295294,k-means,warm,exec,queue,0.023874998092651367,2.384185791015625e-07,0.0,1609701446.0823848,1609701446.2309494,0.14856457710266113,1609701446.1282084,1609701446.1330118,0.00480341911315918
47151e4bf35845e3b9b67fabb650feac,k-means,warm,exec,queue,0.028620243072509766,2.384185791015625e-07,2.384185791015625e-07,1609701446.0838346,1609701446.2686634,0.1848287582397461,1609701446.133748,1609701446.14029,0.0065419673919677734
db8bbe87b5844afe9510153cea6bc14f,k-means,warm,exec,queue,0.03354978561401367,4.76837158203125e-07,2.384185791015625e-07,1609701446.0852888,1609701446.330695,0.2454061508178711,1609701446.13854,1609701446.1430058,0.004465818405151367
7d5bdad230424538a238726cd4c49643,k-means,warm,exec,queue,0.039083242416381836,4.76837158203125e-07,0.0,1609701446.0867283,1609701446.268228,0.18149971961975098,1609701446.1460285,1609701446.1524856,0.006457090377807617
caa08c6d113347cd81675faac26ef1b5,k-means,warm,exec,queue,0.043921470642089844,4.76837158203125e-07,2.384185791015625e-07,1609701446.0882885,1609701446.2689736,0.18068504333496094,1609701446.149796,1609701446.1554432,0.005647182464599609
702cdb8caf0b4777a5bbc205453991b3,k-means,warm,exec,queue,0.04864645004272461,2.384185791015625e-07,0.0,1609701446.0897284,1609701446.26427,0.17454171180725098,1609701446.1552498,1609701446.1624875,0.007237672805786133
f91dadc3433a4a3ca0cd8f4a31188e93,k-means,warm,exec,queue,0.004384756088256836,4.76837158203125e-07,2.384185791015625e-07,1609701447.0739658,1609701447.3966105,0.3226447105407715,1609701447.1172044,1609701447.12513,0.00792551040649414
aa18f23a91714e7da7737be8848db3de,k-means,warm,exec,queue,0.03867340087890625,2.384185791015625e-07,2.384185791015625e-07,1609701447.078115,1609701447.2586532,0.18053817749023438,1609701447.153409,1609701447.1600645,0.006655454635620117
a767c4cc7fe74a39b270e5496e88feda,k-means,warm,exec,queue,0.04387187957763672,2.384185791015625e-07,0.0,1609701447.0806832,1609701447.394324,0.313640832901001,1609701447.1580882,1609701447.1651242,0.007035970687866211
c26188a8a9da40818b24d5a6de8b5fd7,k-means,warm,exec,queue,0.04837346076965332,2.384185791015625e-07,0.0,1609701447.0832143,1609701447.4752548,0.392040491104126,1609701447.1615577,1609701447.166934,0.005376338958740234
ff7357bd1b3a4b449e152cabb52c1ea4,k-means,warm,exec,queue,0.05339193344116211,2.384185791015625e-07,2.384185791015625e-07,1609701447.0855007,1609701447.3504176,0.26491689682006836,1609701447.1667778,1609701447.171571,0.0047931671142578125
a6fdce2ab77945489a3a8800714a0322,k-means,warm,exec,queue,0.013083934783935547,2.384185791015625e-07,2.384185791015625e-07,1609701447.086988,1609701447.3912873,0.30429935455322266,1609701447.1217277,1609701447.129649,0.007921218872070312
b67d399694e44607aba258be1d254bb0,k-means,warm,exec,queue,0.01763629913330078,4.76837158203125e-07,2.384185791015625e-07,1609701447.0884821,1609701447.2569454,0.16846323013305664,1609701447.1263905,1609701447.1347184,0.008327960968017578
c81c3f4ac7af4457865a44180bee1f85,k-means,warm,exec,queue,0.025350093841552734,2.384185791015625e-07,2.384185791015625e-07,1609701447.0899584,1609701447.2603714,0.17041301727294922,1609701447.1391068,1609701447.1462283,0.007121562957763672
873e4c2c44c141a1899b6e378ce5d2b9,k-means,warm,exec,queue,0.029911041259765625,4.76837158203125e-07,2.384185791015625e-07,1609701447.091447,1609701447.3524666,0.2610194683074951,1609701447.1410034,1609701447.1472642,0.006260871887207031
254d14002ad945b2ad26ac470ccd5c5e,k-means,warm,exec,queue,0.03528332710266113,2.384185791015625e-07,2.384185791015625e-07,1609701447.0930567,1609701447.290913,0.19785642623901367,1609701447.1448255,1609701447.1512914,0.006465911865234375
479f6a552cf14b16a65aa869ccd8e752,k-means,warm,exec,queue,0.008037090301513672,2.384185791015625e-07,0.0,1609701447.094538,1609701447.2153563,0.1208183765411377,1609701447.117808,1609701447.1253538,0.0075457096099853516
4930013583f6434eaccdf34c3e8eb843,video,warm,exec,queue,0.01709914207458496,2.384185791015625e-07,4.76837158203125e-07,1609701447.0960233,1609701447.3949656,0.29894232749938965,1609701447.1391697,1609701447.1553152,0.01614546775817871
f496aebda56e4a498719458a8f29f89e,k-means,warm,exec,queue,0.002011537551879883,4.76837158203125e-07,2.384185791015625e-07,1609701448.0584223,1609701448.3264115,0.2679891586303711,1609701448.0742323,1609701448.0814936,0.0072612762451171875
0d8a4d27b02846bdbbb3bb978145dc17,k-means,warm,exec,queue,0.006880521774291992,2.384185791015625e-07,2.384185791015625e-07,1609701448.0624843,1609701448.3757348,0.3132505416870117,1609701448.079926,1609701448.088202,0.008275985717773438
6b89b58ba9f042f7969e37beb7f5b9ad,k-means,warm,exec,queue,0.0016682147979736328,2.384185791015625e-07,0.0,1609701449.0832343,1609701449.2111957,0.1279613971710205,1609701449.1423218,1609701449.1502986,0.007976770401000977
b3ed76ff28a1465dab5eb76e5884c66e,k-means,warm,exec,queue,0.010761022567749023,4.76837158203125e-07,0.0,1609701449.087656,1609701449.2123606,0.12470459938049316,1609701449.1417933,1609701449.1487052,0.0069119930267333984
039de953971a46c19f951218919fd175,k-means,warm,exec,queue,0.018526792526245117,2.384185791015625e-07,0.0,1609701449.0903237,1609701449.2794664,0.18914270401000977,1609701449.158956,1609701449.1663232,0.007367134094238281
50c200940d054f48a86f6bfaedcbe15b,k-means,warm,exec,queue,0.024638891220092773,4.76837158203125e-07,2.384185791015625e-07,1609701449.0929582,1609701449.2783506,0.1853923797607422,1609701449.160786,1609701449.166795,0.006009101867675781
6fdabad9df8a442e84b8f23967aacd50,k-means,warm,exec,queue,0.02955031394958496,2.384185791015625e-07,2.384185791015625e-07,1609701449.0958655,1609701449.350276,0.2544105052947998,1609701449.1642966,1609701449.1702778,0.0059812068939208984
d675f1d44c0d479685871ff161df2251,k-means,warm,exec,queue,0.03467607498168945,4.76837158203125e-07,0.0,1609701449.097733,1609701449.3721182,0.2743852138519287,1609701449.1731598,1609701449.1794026,0.0062427520751953125
ab9cc1730fcc47b680548a3e3c1f3f45,k-means,warm,exec,queue,0.039922237396240234,2.384185791015625e-07,2.384185791015625e-07,1609701449.0993347,1609701449.3452597,0.2459249496459961,1609701449.1770086,1609701449.1824915,0.005482912063598633
5153d0707d2f44369f41054025b22ab8,k-means,warm,exec,queue,0.04555392265319824,2.384185791015625e-07,2.384185791015625e-07,1609701449.1009347,1609701449.353906,0.25297117233276367,1609701449.1828568,1609701449.1893291,0.006472349166870117
f2f61d5990c04f238c159ee720fbea5a,k-means,warm,exec,queue,0.051720619201660156,4.76837158203125e-07,2.384185791015625e-07,1609701449.102655,1609701449.372534,0.2698791027069092,1609701449.1893673,1609701449.1935341,0.004166841506958008
78670995531b4ce4941b128e117caff5,k-means,warm,exec,queue,0.05655646324157715,4.76837158203125e-07,2.384185791015625e-07,1609701449.1042576,1609701449.347019,0.24276137351989746,1609701449.1966374,1609701449.2026188,0.0059814453125
7f459bd7058b4540b68737f2453a3856,k-means,warm,exec,queue,0.06188082695007324,2.384185791015625e-07,2.384185791015625e-07,1609701449.1058443,1609701449.4038143,0.2979700565338135,1609701449.20032,1609701449.2056906,0.005370616912841797
3cf40fafe408405eb6f9afa7aedcf7d4,k-means,warm,exec,queue,0.013278007507324219,2.384185791015625e-07,2.384185791015625e-07,1609701449.1074462,1609701449.2532775,0.14583134651184082,1609701449.1472304,1609701449.1548748,0.0076444149017333984
1ae6c9322bcb4807a717c65fff9ed298,k-means,warm,exec,queue,0.06725239753723145,0.0,0.0,1609701449.1091332,1609701449.3543806,0.24524736404418945,1609701449.2058754,1609701449.21195,0.006074666976928711
83b9d832b10648418cffc52c6f697d61,k-means,warm,exec,queue,0.07228326797485352,0.0,0.0,1609701449.1106977,1609701449.3702307,0.2595329284667969,1609701449.212018,1609701449.2174604,0.005442380905151367
60759232c84b4605a9cc2817acdfaf41,k-means,warm,exec,queue,0.07727360725402832,2.384185791015625e-07,0.0,1609701449.112276,1609701449.3494701,0.23719406127929688,1609701449.217622,1609701449.2237275,0.0061054229736328125
171f3f47b9df4877afffc71d19cb57ab,k-means,warm,exec,queue,0.08223938941955566,2.384185791015625e-07,2.384185791015625e-07,1609701449.1138353,1609701449.353394,0.23955869674682617,1609701449.2232566,1609701449.2294376,0.006181001663208008
f0605beccfcb41af97d0221be25f53c6,video,warm,exec,queue,0.014538764953613281,2.384185791015625e-07,2.384185791015625e-07,1609701449.1154947,1609701449.3498693,0.2343745231628418,1609701449.1596985,1609701449.1762695,0.016571044921875
ef427486362a425988c83d99f6e5ae4c,matmul,warm,exec,queue,0.015024900436401367,2.384185791015625e-07,4.76837158203125e-07,1609701449.1170864,1609701449.3030834,0.18599700927734375,1609701449.1609488,1609701449.1718154,0.010866641998291016
c68a3c927a124db1a089dcb9d653fe51,k-means,warm,exec,queue,0.0017976760864257812,4.76837158203125e-07,2.384185791015625e-07,1609701450.075227,1609701450.2003121,0.12508511543273926,1609701450.1201427,1609701450.1301124,0.009969711303710938
fb654189b69740fc93243a86ba38dded,k-means,warm,exec,queue,0.0374147891998291,4.76837158203125e-07,2.384185791015625e-07,1609701450.0796099,1609701450.2227917,0.14318180084228516,1609701450.1550589,1609701450.161856,0.006797075271606445
ac9ab44e48d8450ebd6b6f11840b5880,k-means,warm,exec,queue,0.04247570037841797,2.384185791015625e-07,2.384185791015625e-07,1609701450.0823002,1609701450.2706287,0.18832850456237793,1609701450.1625016,1609701450.1686914,0.006189823150634766
1c0a990d82fa4266bf5d9cf88304c882,k-means,warm,exec,queue,0.04730558395385742,2.384185791015625e-07,2.384185791015625e-07,1609701450.0846822,1609701450.3321521,0.24746990203857422,1609701450.1667478,1609701450.1725924,0.005844593048095703
70c30b063fce45f78c4a294e9e63ab0a,k-means,warm,exec,queue,0.009284496307373047,4.76837158203125e-07,2.384185791015625e-07,1609701450.086513,1609701450.2019663,0.11545324325561523,1609701450.121025,1609701450.1287289,0.0077037811279296875
ae80174355e44254a13c1729a4a66394,k-means,warm,exec,queue,0.014138936996459961,2.384185791015625e-07,0.0,1609701450.088107,1609701450.2700381,0.1819310188293457,1609701450.125925,1609701450.1340256,0.008100509643554688
e0b99a6fc3cf44f9a4f8679a44a367f4,k-means,warm,exec,queue,0.019367456436157227,4.76837158203125e-07,2.384185791015625e-07,1609701450.0897195,1609701450.2673547,0.17763519287109375,1609701450.131912,1609701450.1393209,0.007408857345581055
193a4c47ea564905add0318a2643aceb,k-means,warm,exec,queue,0.024876117706298828,4.76837158203125e-07,2.384185791015625e-07,1609701450.0913112,1609701450.4409077,0.3495965003967285,1609701450.1461864,1609701450.1548254,0.008639097213745117
d5be585bedfd44b38a130794e9c5c763,k-means,warm,exec,queue,0.029713153839111328,2.384185791015625e-07,2.384185791015625e-07,1609701450.0929337,1609701450.2995062,0.2065725326538086,1609701450.1470206,1609701450.155557,0.008536338806152344
f1b7bd39d232461898ad5fe7816f0390,k-means,warm,exec,queue,0.03504610061645508,2.384185791015625e-07,0.0,1609701450.0946736,1609701450.265677,0.1710033416748047,1609701450.1484869,1609701450.1532912,0.004804372787475586
9435665d8c174cb5af974d7e04bf6f2c,k-means,warm,exec,queue,0.007110118865966797,7.152557373046875e-07,2.384185791015625e-07,1609701450.0962543,1609701450.198525,0.10227060317993164,1609701450.121085,1609701450.1306107,0.009525775909423828
58b58ba1638941fda7c87abe7a984dda,k-means,warm,exec,queue,0.0005021095275878906,4.76837158203125e-07,4.76837158203125e-07,1609701451.0789099,1609701451.2383106,0.15940070152282715,1609701451.128538,1609701451.1369407,0.008402824401855469
2030163e4e6243138736b62f85df1a82,k-means,warm,exec,queue,0.05762076377868652,4.76837158203125e-07,0.0,1609701451.0832963,1609701451.3423357,0.25903940200805664,1609701451.1873834,1609701451.1944137,0.0070302486419677734
7a02d0b27f18447dbecef3082ac5d92b,k-means,warm,exec,queue,0.008030414581298828,2.384185791015625e-07,4.76837158203125e-07,1609701451.0859659,1609701451.2377312,0.1517653465270996,1609701451.128599,1609701451.1374364,0.008837461471557617
2a06a528ebc14ca48e7b3963516208eb,k-means,warm,exec,queue,0.012961864471435547,2.384185791015625e-07,0.0,1609701451.0886106,1609701451.3270032,0.23839259147644043,1609701451.1334276,1609701451.1411493,0.007721662521362305
62e01f2bc82449ad893b8921e3b83b40,k-means,warm,exec,queue,0.01788926124572754,2.384185791015625e-07,0.0,1609701451.091519,1609701451.2397494,0.14823031425476074,1609701451.1404018,1609701451.1475508,0.0071489810943603516
f722a49b8e364907aeac1865e1264776,k-means,warm,exec,queue,0.025017261505126953,2.384185791015625e-07,2.384185791015625e-07,1609701451.093533,1609701451.436387,0.34285402297973633,1609701451.1483846,1609701451.1541648,0.005780220031738281
f5308f2357df4028b448448f6c2b8945,k-means,warm,exec,queue,0.029927968978881836,0.0,0.0,1609701451.0951316,1609701451.2349257,0.13979411125183105,1609701451.1526456,1609701451.157989,0.005343437194824219
f50bcdac3b10451296734ce5207a1403,k-means,warm,exec,queue,0.0350651741027832,2.384185791015625e-07,2.384185791015625e-07,1609701451.0967429,1609701451.5022886,0.405545711517334,1609701451.1574247,1609701451.1634178,0.0059931278228759766
a697d46452f849579aac874af4f786e1,k-means,warm,exec,queue,0.03972768783569336,2.384185791015625e-07,2.384185791015625e-07,1609701451.0983474,1609701451.4608467,0.3624992370605469,1609701451.164163,1609701451.1711438,0.0069806575775146484
6abc818b9561426db0da3ba02379c65d,k-means,warm,exec,queue,0.0446009635925293,2.384185791015625e-07,2.384185791015625e-07,1609701451.1000888,1609701451.5036907,0.40360188484191895,1609701451.1693296,1609701451.1761372,0.006807565689086914
a909ec6392eb490a95c224496953a4a4,k-means,warm,exec,queue,0.04983806610107422,2.384185791015625e-07,2.384185791015625e-07,1609701451.101701,1609701451.4598165,0.35811543464660645,1609701451.1747334,1609701451.1813242,0.006590843200683594
36d4a89a20694a0d915f0ca2e4d65956,k-means,warm,exec,queue,0.055040836334228516,2.384185791015625e-07,0.0,1609701451.1032982,1609701451.3281467,0.22484850883483887,1609701451.1813376,1609701451.1872554,0.005917787551879883
ae10cc87432f40759a344764491f9c65,video,warm,exec,queue,0.01798081398010254,2.384185791015625e-07,0.0,1609701451.1048996,1609701451.359302,0.25440239906311035,1609701451.1492212,1609701451.1663198,0.017098665237426758
55d557fa882f447ebbdb8c22c88ee504,k-means,warm,exec,queue,0.007420063018798828,2.384185791015625e-07,2.384185791015625e-07,1609701452.0962691,1609701452.2901025,0.1938333511352539,1609701452.14495,1609701452.1533244,0.008374452590942383
8900a520e09d4bb38f06334529539200,k-means,warm,exec,queue,0.002020597457885742,2.384185791015625e-07,2.384185791015625e-07,1609701452.099266,1609701452.3735743,0.2743082046508789,1609701452.1441212,1609701452.1509337,0.006812572479248047
f826336cf0e44bee9b9a79f30ec99daa,k-means,warm,exec,queue,0.047150611877441406,2.384185791015625e-07,0.0,1609701452.1034532,1609701452.378231,0.274777889251709,1609701452.1875904,1609701452.1934197,0.005829334259033203
fd559d2b8bd145ae8c1c6cc263dde9ab,k-means,warm,exec,queue,0.0523223876953125,2.384185791015625e-07,0.0,1609701452.1053634,1609701452.3306196,0.22525620460510254,1609701452.194303,1609701452.2009823,0.0066792964935302734
c5d06c79b0c74dbdab41b18f45647ad5,k-means,warm,exec,queue,0.05708456039428711,9.5367431640625e-07,2.384185791015625e-07,1609701452.1071258,1609701452.6029222,0.49579644203186035,1609701452.2005346,1609701452.2067077,0.006173133850097656
b6156ea359be4514a9687d225aba031f,k-means,warm,exec,queue,0.061719655990600586,2.384185791015625e-07,2.384185791015625e-07,1609701452.1087081,1609701452.4898877,0.3811795711517334,1609701452.2030354,1609701452.207578,0.00454258918762207
7d266b27ee704da5a838e65d1976d3df,k-means,warm,exec,queue,0.0421290397644043,2.384185791015625e-07,2.384185791015625e-07,1609701452.1102755,1609701452.6023433,0.492067813873291,1609701452.182664,1609701452.1883087,0.005644798278808594
93d23da80592471c82409dba205bbcae,k-means,warm,exec,queue,0.0366969108581543,2.384185791015625e-07,0.0,1609701452.1118379,1609701452.291504,0.17966604232788086,1609701452.1755464,1609701452.1815443,0.005997896194458008
8a3f8206cc2e48e0967a900ac9aa9799,k-means,warm,exec,queue,0.03164267539978027,2.384185791015625e-07,0.0,1609701452.113431,1609701452.4306688,0.31723785400390625,1609701452.172146,1609701452.1784556,0.00630950927734375
d68965debedb4336aeaa8f902d60cfe5,k-means,warm,exec,queue,0.026670455932617188,2.384185791015625e-07,2.384185791015625e-07,1609701452.115464,1609701452.375635,0.26017093658447266,1609701452.16664,1609701452.1724737,0.005833625793457031
e1abc206211341268903ebb0b6bfb15d,k-means,warm,exec,queue,0.021029233932495117,4.76837158203125e-07,4.76837158203125e-07,1609701452.1170535,1609701452.431781,0.3147275447845459,1609701452.1604083,1609701452.166784,0.006375789642333984
957eda7b03f4436f8709be824e4fdc24,k-means,warm,exec,queue,0.012216567993164062,2.384185791015625e-07,0.0,1609701452.1186237,1609701452.2885473,0.1699235439300537,1609701452.1486742,1609701452.1578908,0.009216547012329102
7b11f8f532c048518d6d3a32f29f4864,k-means,warm,exec,queue,0.01761937141418457,4.76837158203125e-07,2.384185791015625e-07,1609701452.1202164,1609701452.3787866,0.25857019424438477,1609701452.1551573,1609701452.1642475,0.009090185165405273
85526f2c60f64e40b0de2ef9373162cd,k-means,warm,exec,queue,0.06435942649841309,4.76837158203125e-07,0.0,1609701452.1219006,1609701452.5994413,0.4775407314300537,1609701452.2095628,1609701452.2148426,0.0052797794342041016
7b1fbe07d97346289f951b59efac446d,k-means,warm,exec,queue,0.0697793960571289,2.384185791015625e-07,4.76837158203125e-07,1609701452.123455,1609701452.4563217,0.3328666687011719,1609701452.2146955,1609701452.2191563,0.004460811614990234
f223ec2f6b504e78a0fcc90f3d94a7f3,k-means,warm,exec,queue,0.005607128143310547,2.384185791015625e-07,2.384185791015625e-07,1609701453.0769348,1609701453.3954182,0.3184833526611328,1609701453.1111448,1609701453.1194627,0.008317947387695312
cc7d9a17ae38474f876b043b077456b6,video,warm,exec,queue,0.01649928092956543,2.384185791015625e-07,2.384185791015625e-07,1609701453.0810378,1609701453.3931177,0.31207990646362305,1609701453.1317174,1609701453.1482244,0.01650691032409668
eb63380625844faab14e51fa7fdc4e9f,k-means,warm,exec,queue,0.009654998779296875,4.76837158203125e-07,2.384185791015625e-07,1609701453.0835423,1609701453.4546864,0.37114405632019043,1609701453.1157863,1609701453.1234736,0.00768733024597168
fc5a717fbf834923bd57aa846049dfbd,k-means,warm,exec,queue,0.01460409164428711,2.384185791015625e-07,2.384185791015625e-07,1609701453.0860453,1609701453.3942235,0.308178186416626,1609701453.120944,1609701453.1289346,0.007990598678588867
cf9a925e2c8a4b1abbfce3b356272dae,k-means,warm,exec,queue,0.018882274627685547,2.384185791015625e-07,2.384185791015625e-07,1609701453.0885506,1609701453.5695589,0.48100829124450684,1609701453.1310215,1609701453.1399693,0.00894784927368164
d6dd99fe21d44fa4b88a806d3a7dcbef,k-means,warm,exec,queue,0.024197101593017578,2.384185791015625e-07,4.76837158203125e-07,1609701453.0902479,1609701453.5272765,0.4370286464691162,1609701453.1317585,1609701453.13799,0.006231546401977539
8b1bd6cf5b944b3b9ff514696032c573,k-means,warm,exec,queue,0.029428720474243164,2.384185791015625e-07,2.384185791015625e-07,1609701453.0916786,1609701453.3973973,0.30571866035461426,1609701453.1373715,1609701453.143968,0.006596565246582031
d88f66437d2b49e8a65fc45ee532c53c,k-means,warm,exec,queue,0.034789323806762695,2.384185791015625e-07,2.384185791015625e-07,1609701453.0931222,1609701453.5706348,0.4775125980377197,1609701453.1459858,1609701453.1528673,0.0068814754486083984
0bd882d8768742f2a201628ed391f1fe,k-means,warm,exec,queue,0.03992581367492676,2.384185791015625e-07,4.76837158203125e-07,1609701453.09456,1609701453.4542959,0.35973596572875977,1609701453.150514,1609701453.1570187,0.00650477409362793
cb60a27b7bc14775a50d16a931b5aec0,k-means,warm,exec,queue,0.009036540985107422,4.76837158203125e-07,0.0,1609701454.0818875,1609701454.1883993,0.10651183128356934,1609701454.124616,1609701454.132972,0.008356094360351562
6dee8aae14f244b588e9a126fcc5bd67,k-means,warm,exec,queue,0.013957738876342773,4.76837158203125e-07,4.76837158203125e-07,1609701454.0861814,1609701454.2297409,0.14355945587158203,1609701454.1301887,1609701454.1387734,0.008584737777709961
39af2bf902674fcdaabccc7935bc2302,k-means,warm,exec,queue,0.033820152282714844,2.384185791015625e-07,2.384185791015625e-07,1609701454.0887518,1609701454.2326932,0.14394140243530273,1609701454.1526887,1609701454.1587915,0.006102800369262695
4f1e89347edb45c398b4fb07a1a6d2ca,k-means,warm,exec,queue,0.028876543045043945,4.76837158203125e-07,2.384185791015625e-07,1609701454.0912845,1609701454.289228,0.19794344902038574,1609701454.1475008,1609701454.1537802,0.006279468536376953
2a123960d6084ee787747a09cb674d68,k-means,warm,exec,queue,0.02398371696472168,4.76837158203125e-07,2.384185791015625e-07,1609701454.0934274,1609701454.2905262,0.1970987319946289,1609701454.1405952,1609701454.146867,0.006271839141845703
4b5bcd0670db45f3bfabdbeb5cdf6369,k-means,warm,exec,queue,0.018429279327392578,4.76837158203125e-07,4.76837158203125e-07,1609701454.0949097,1609701454.232238,0.1373283863067627,1609701454.1351666,1609701454.1424727,0.007306098937988281
04d107041cf64a26875fb65de56c256d,k-means,warm,exec,queue,0.04256939888000488,4.76837158203125e-07,2.384185791015625e-07,1609701454.096415,1609701454.2917056,0.19529056549072266,1609701454.1630754,1609701454.168105,0.005029439926147461
a480b077f42345b09d981295f825711e,k-means,warm,exec,queue,0.04734969139099121,2.384185791015625e-07,2.384185791015625e-07,1609701454.0979064,1609701454.287883,0.18997669219970703,1609701454.1674824,1609701454.1722913,0.004808902740478516
b132c0106a95449587d76ac6d3e448c3,k-means,warm,exec,queue,0.05219435691833496,7.152557373046875e-07,2.384185791015625e-07,1609701454.0993903,1609701454.3308864,0.23149609565734863,1609701454.1743824,1609701454.1806998,0.0063173770904541016
d1cb156f6e6e44ca9229f440e36b40ed,k-means,warm,exec,queue,0.05644345283508301,2.384185791015625e-07,0.0,1609701454.1010067,1609701454.4067094,0.30570268630981445,1609701454.177914,1609701454.183735,0.0058209896087646484
f6bd749458114c54a699f855d9bceb10,k-means,warm,exec,queue,0.06174445152282715,7.152557373046875e-07,2.384185791015625e-07,1609701454.1025095,1609701454.4488056,0.3462960720062256,1609701454.1855924,1609701454.1918209,0.006228446960449219
a911365d775b410ca18a8cf2a4099d18,k-means,warm,exec,queue,0.03828907012939453,2.384185791015625e-07,0.0,1609701454.1039727,1609701454.408205,0.3042323589324951,1609701454.1566386,1609701454.161517,0.00487828254699707
35ec94dfe363409fb681682f782bad97,k-means,warm,exec,queue,0.007169246673583984,4.76837158203125e-07,4.76837158203125e-07,1609701455.092745,1609701455.2330868,0.14034175872802734,1609701455.1546826,1609701455.1633956,0.008713006973266602
312762e4f6a643708900afb99213d9cc,k-means,warm,exec,queue,0.053949832916259766,4.76837158203125e-07,2.384185791015625e-07,1609701455.097327,1609701455.3709967,0.2736697196960449,1609701455.210808,1609701455.217693,0.006885051727294922
48cee39a13ce4c58973b2585501c6aa2,k-means,warm,exec,queue,0.06021380424499512,4.76837158203125e-07,2.384185791015625e-07,1609701455.0999463,1609701455.5850666,0.4851202964782715,1609701455.2147534,1609701455.2202854,0.005532026290893555
dc734a2075be4bc2b7d3020c7a494342,k-means,warm,exec,queue,0.06566405296325684,4.76837158203125e-07,2.384185791015625e-07,1609701455.101693,1609701455.366459,0.26476597785949707,1609701455.2159731,1609701455.2219799,0.006006717681884766
4a7a4b25bee44436a0a9d1b8ddf4a566,k-means,warm,exec,queue,0.030137300491333008,4.76837158203125e-07,2.384185791015625e-07,1609701455.103489,1609701455.2939417,0.19045281410217285,1609701455.1846576,1609701455.1911614,0.0065038204193115234
565ca32053e846f595bb037fa170b87c,k-means,warm,exec,queue,0.03536510467529297,2.384185791015625e-07,0.0,1609701455.1050975,1609701455.3704545,0.26535701751708984,1609701455.187546,1609701455.1951096,0.007563591003417969
84bfcf69fb1c4f1bac415fd02e730b69,k-means,warm,exec,queue,0.04074859619140625,4.76837158203125e-07,2.384185791015625e-07,1609701455.1066875,1609701455.629664,0.5229763984680176,1609701455.1891992,1609701455.1980715,0.008872270584106445
a528117c54ef41b4b516b8c675b8fdb1,k-means,warm,exec,queue,0.045567989349365234,4.76837158203125e-07,0.0,1609701455.1082966,1609701455.6308186,0.52252197265625,1609701455.190984,1609701455.1998096,0.008825540542602539
b2de29fb04214a1abc902b2f20b036b8,k-means,warm,exec,queue,0.05062150955200195,2.384185791015625e-07,0.0,1609701455.1100242,1609701455.4714582,0.3614339828491211,1609701455.1976948,1609701455.2047558,0.007061004638671875
bb1d2f8d08ea4ba7bcf23595c29a2d47,k-means,warm,exec,queue,0.022701025009155273,4.76837158203125e-07,2.384185791015625e-07,1609701455.1116202,1609701455.5857162,0.47409605979919434,1609701455.166138,1609701455.1756375,0.009499549865722656
ec329f56109b4679983b2fd34fffc06b,k-means,warm,exec,queue,0.018299102783203125,2.384185791015625e-07,2.384185791015625e-07,1609701455.113216,1609701455.2914083,0.1781923770904541,1609701455.1603103,1609701455.1698184,0.009508132934570312
b3c89bf6083248dc845a2468d6ab4bc9,k-means,warm,exec,queue,0.013205766677856445,2.384185791015625e-07,2.384185791015625e-07,1609701455.1147795,1609701455.3427005,0.2279210090637207,1609701455.1553075,1609701455.164315,0.009007453918457031
0b2c1c61f870408181b5dab1ac8774e5,k-means,warm,exec,queue,0.0703129768371582,2.384185791015625e-07,2.384185791015625e-07,1609701455.1164727,1609701455.7649167,0.6484439373016357,1609701455.2203987,1609701455.228062,0.007663249969482422
7a4092f35fc44fa7918d7f2c21eeda2a,k-means,warm,exec,queue,0.07513260841369629,2.384185791015625e-07,7.152557373046875e-07,1609701455.1180391,1609701455.7059872,0.5879480838775635,1609701455.227614,1609701455.2345185,0.00690460205078125
cd57ebd614da4b73bdfb9be76fb81896,k-means,warm,exec,queue,0.08016467094421387,4.76837158203125e-07,4.76837158203125e-07,1609701455.1196086,1609701455.3445857,0.2249770164489746,1609701455.231106,1609701455.2359824,0.004876375198364258
90c12df6d9e543fcb51c99471e4cdb19,k-means,warm,exec,queue,0.08491134643554688,2.384185791015625e-07,2.384185791015625e-07,1609701455.1211948,1609701455.3680649,0.2468700408935547,1609701455.2362008,1609701455.241161,0.004960298538208008
acd0e99efe9c4640a6c2b44334c28897,video,warm,exec,queue,0.01816248893737793,2.384185791015625e-07,2.384185791015625e-07,1609701455.1228447,1609701455.2935019,0.17065715789794922,1609701455.1853848,1609701455.202645,0.017260313034057617
5b5e3e88c61843a08075f2fe9af0951f,matmul,warm,exec,queue,0.023818016052246094,2.384185791015625e-07,2.384185791015625e-07,1609701455.1244185,1609701455.3724844,0.24806594848632812,1609701455.1875944,1609701455.1990683,0.011473894119262695
628fc95fe82c4e32ae41426ba0506f79,map_reduce,warm,exec,queue,0.029420852661132812,4.76837158203125e-07,0.0,1609701455.1259959,1609701455.4427788,0.31678295135498047,1609701455.1900492,1609701455.2755504,0.08550119400024414
4148e814bb51414cb2d245472c9556f1,k-means,warm,exec,queue,0.007532835006713867,2.384185791015625e-07,0.0,1609701456.0819108,1609701456.2028348,0.12092399597167969,1609701456.1225963,1609701456.1308022,0.008205890655517578
a30c7c1baffc40c69bb4a26dc0984207,k-means,warm,exec,queue,0.020990610122680664,2.384185791015625e-07,4.76837158203125e-07,1609701456.0859985,1609701456.3120923,0.22609376907348633,1609701456.1377304,1609701456.1429014,0.005171060562133789
65da09da57a94b99b975c465cafbaf90,k-means,warm,exec,queue,0.026258230209350586,4.76837158203125e-07,2.384185791015625e-07,1609701456.0886774,1609701456.4658391,0.37716174125671387,1609701456.1451328,1609701456.1522658,0.007133007049560547
9b31dedacd2743a89642c63a3e5283ab,k-means,warm,exec,queue,0.030994653701782227,2.384185791015625e-07,2.384185791015625e-07,1609701456.0912998,1609701456.3709679,0.27966809272766113,1609701456.1511595,1609701456.1560996,0.004940032958984375
d3944ddf93af4bd2b8a938d280026497,k-means,warm,exec,queue,0.03631234169006348,2.384185791015625e-07,0.0,1609701456.0937696,1609701456.2903056,0.19653606414794922,1609701456.1550598,1609701456.160108,0.005048274993896484
808240a488974b60b6d6e9b5471cb131,k-means,warm,exec,queue,0.04079866409301758,2.384185791015625e-07,2.384185791015625e-07,1609701456.09549,1609701456.28677,0.19128012657165527,1609701456.1611018,1609701456.167434,0.0063321590423583984
0473667ff3c84fc58ff31de0c94ec26c,k-means,warm,exec,queue,0.046121835708618164,2.384185791015625e-07,0.0,1609701456.0972316,1609701456.2353563,0.13812470436096191,1609701456.166058,1609701456.1705375,0.004479408264160156
fc80b69e51e1496c9b11d943bc0de4c3,k-means,warm,exec,queue,0.05166935920715332,2.384185791015625e-07,0.0,1609701456.0989184,1609701456.4638345,0.3649160861968994,1609701456.173573,1609701456.1800275,0.0064544677734375
b1b902c9b9134a8490eff87674156559,k-means,warm,exec,queue,0.0566861629486084,4.76837158203125e-07,2.384185791015625e-07,1609701456.1006331,1609701456.2606907,0.16005754470825195,1609701456.1773245,1609701456.1818619,0.004537343978881836
f47cd6207ab244d1b58179076eaaf01e,k-means,warm,exec,queue,0.011184215545654297,2.384185791015625e-07,0.0,1609701456.1024482,1609701456.204703,0.10225486755371094,1609701456.127849,1609701456.1362345,0.008385419845581055
d0a98f8d4dce4fa5b62a50c76f653e82,k-means,warm,exec,queue,0.015764236450195312,2.384185791015625e-07,2.384185791015625e-07,1609701456.1041386,1609701456.2897315,0.1855928897857666,1609701456.1329823,1609701456.1417215,0.008739233016967773
15940e8fc1944feeb4ecedcbb635442f,k-means,warm,exec,queue,0.003822803497314453,4.76837158203125e-07,2.384185791015625e-07,1609701457.0819323,1609701457.2209353,0.13900303840637207,1609701457.123904,1609701457.132406,0.008502006530761719
db0872982c0e4699b2caf1d62a5dff31,video,warm,exec,queue,0.017218589782714844,4.76837158203125e-07,0.0,1609701457.0862544,1609701457.2944546,0.20820021629333496,1609701457.1462574,1609701457.1633592,0.017101764678955078
af8ff3e659a34a638d1c6658d6a73d3e,k-means,warm,exec,queue,0.045767784118652344,2.384185791015625e-07,2.384185791015625e-07,1609701457.0889456,1609701457.2979913,0.2090456485748291,1609701457.1686158,1609701457.1736104,0.004994630813598633
c4f760f8215c494c907f9d5d7cb2bdef,k-means,warm,exec,queue,0.041075944900512695,4.76837158203125e-07,2.384185791015625e-07,1609701457.0915654,1609701457.250579,0.1590137481689453,1609701457.1635184,1609701457.1724648,0.008946418762207031
eb7ded564eab4e8a92fce38fe9de89f9,k-means,warm,exec,queue,0.0362238883972168,2.384185791015625e-07,0.0,1609701457.0936942,1609701457.3596363,0.2659420967102051,1609701457.1590807,1609701457.1671295,0.008048772811889648
6cb3578926854d4098ff6de6b2827dbb,k-means,warm,exec,queue,0.03140616416931152,4.76837158203125e-07,2.384185791015625e-07,1609701457.0952883,1609701457.293874,0.19858574867248535,1609701457.151864,1609701457.158439,0.006574869155883789
db42b14865c3480fa232f7a0c8d10f69,k-means,warm,exec,queue,0.02653646469116211,2.384185791015625e-07,2.384185791015625e-07,1609701457.0969026,1609701457.3356454,0.23874282836914062,1609701457.1466672,1609701457.1534655,0.006798267364501953
c63ca1c7586e4648974bbcbdcb24948d,k-means,warm,exec,queue,0.0077571868896484375,2.384185791015625e-07,2.384185791015625e-07,1609701457.0985136,1609701457.21797,0.11945629119873047,1609701457.1240358,1609701457.1328294,0.00879359245300293
412a47dfc9a64169849fbb783866d2ac,k-means,warm,exec,queue,0.012750387191772461,7.152557373046875e-07,2.384185791015625e-07,1609701457.100113,1609701457.2973828,0.19726991653442383,1609701457.129537,1609701457.1385815,0.009044408798217773
58fd60ef1d3e44b78d4108785912a406,k-means,warm,exec,queue,0.017242908477783203,2.384185791015625e-07,0.0,1609701457.1018462,1609701457.2215357,0.1196894645690918,1609701457.1345816,1609701457.1431792,0.008597612380981445
ce05b44362a04c82ae5916405a9cd0c2,k-means,warm,exec,queue,0.02437281608581543,2.384185791015625e-07,0.0,1609701457.103437,1609701457.25235,0.14891314506530762,1609701457.1454477,1609701457.1524546,0.00700688362121582
3bfb0b900c604bd395457890d08fdc2c,k-means,warm,exec,queue,0.010074615478515625,2.384185791015625e-07,0.0,1609701458.0909286,1609701458.2303941,0.1394655704498291,1609701458.1419094,1609701458.1499786,0.008069276809692383
7da1787bf34940d19cd5b448a3f0982a,k-means,warm,exec,queue,0.02266693115234375,4.76837158203125e-07,0.0,1609701458.095187,1609701458.2977054,0.20251846313476562,1609701458.1582134,1609701458.1667418,0.008528470993041992
b04de0b4cc52484dad2fc04bb8c1ff60,k-means,warm,exec,queue,0.027490854263305664,4.76837158203125e-07,2.384185791015625e-07,1609701458.0976841,1609701458.2542012,0.15651702880859375,1609701458.1625748,1609701458.1679254,0.005350589752197266
9bdede473296458c9c35d387e1920ac9,k-means,warm,exec,queue,0.03319096565246582,2.384185791015625e-07,2.384185791015625e-07,1609701458.100155,1609701458.390413,0.29025793075561523,1609701458.1676016,1609701458.1732218,0.005620241165161133
3242b7ca815e4b1384486be7c37c649f,k-means,warm,exec,queue,0.03776049613952637,4.76837158203125e-07,0.0,1609701458.102244,1609701458.5825393,0.48029541969299316,1609701458.1743147,1609701458.1799512,0.005636453628540039
234b1f04036547efa24bf3d2f7c29f93,k-means,warm,exec,queue,0.042568206787109375,2.384185791015625e-07,2.384185791015625e-07,1609701458.103884,1609701458.579095,0.47521090507507324,1609701458.1786754,1609701458.185498,0.0068225860595703125
c6ec3ae966104088a04c326716302935,k-means,warm,exec,queue,0.04713940620422363,2.384185791015625e-07,2.384185791015625e-07,1609701458.1054804,1609701458.2971003,0.191619873046875,1609701458.1823206,1609701458.1871321,0.004811525344848633
39ae102bcb6447918c228c018dcbe9b3,k-means,warm,exec,queue,0.05225634574890137,4.76837158203125e-07,2.384185791015625e-07,1609701458.1070735,1609701458.2524877,0.14541411399841309,1609701458.188238,1609701458.193086,0.004848003387451172
df721d5f2d494a96940fbb0c805c147f,k-means,warm,exec,queue,0.057750701904296875,2.384185791015625e-07,2.384185791015625e-07,1609701458.1086788,1609701458.3898015,0.28112268447875977,1609701458.1942315,1609701458.1988883,0.004656791687011719
a76e8081009e4530a4ffff8cc3937a62,k-means,warm,exec,queue,0.06308507919311523,2.384185791015625e-07,2.384185791015625e-07,1609701458.110418,1609701458.2942028,0.18378472328186035,1609701458.199977,1609701458.204548,0.004570960998535156
0e956910d52d45e7ab96f03430844709,k-means,warm,exec,queue,0.013854503631591797,2.384185791015625e-07,0.0,1609701458.112004,1609701458.2309384,0.11893439292907715,1609701458.146156,1609701458.1548188,0.008662700653076172
4df80b0736644e738190ab9ac3f09b6e,k-means,warm,exec,queue,0.01815342903137207,4.76837158203125e-07,2.384185791015625e-07,1609701458.1136405,1609701458.2276468,0.11400628089904785,1609701458.15107,1609701458.1597307,0.008660554885864258
faf4013e54be45d8962cb7a41ec5adf5,k-means,warm,exec,queue,0.06798171997070312,2.384185791015625e-07,2.384185791015625e-07,1609701458.1152112,1609701458.3909574,0.27574610710144043,1609701458.205611,1609701458.2098846,0.004273653030395508
80527a58c6d64b52bfca927eb2c132ba,k-means,warm,exec,queue,0.07304263114929199,2.384185791015625e-07,0.0,1609701458.1169095,1609701458.4204688,0.3035593032836914,1609701458.2113414,1609701458.2174404,0.00609898567199707
4a9b7a0a13b34e94bfd65fbe1c063af2,k-means,warm,exec,queue,0.07776236534118652,2.384185791015625e-07,0.0,1609701458.1184733,1609701458.5808618,0.4623885154724121,1609701458.2169106,1609701458.2213013,0.004390716552734375
2fd43ea622e9475796545f7ff85aba66,k-means,warm,exec,queue,0.0024569034576416016,4.76837158203125e-07,2.384185791015625e-07,1609701459.082355,1609701459.2086322,0.12627720832824707,1609701459.1213531,1609701459.129839,0.008485794067382812
07836c710a10412abcbdb8c8279c2f59,video,warm,exec,queue,0.021106481552124023,2.384185791015625e-07,2.384185791015625e-07,1609701459.0865285,1609701459.2718737,0.18534517288208008,1609701459.1434932,1609701459.1601572,0.01666402816772461
ea7d1054aeea4ab18af3ac8ccc6c0240,k-means,warm,exec,queue,0.01522374153137207,2.384185791015625e-07,0.0,1609701459.0891535,1609701459.2106225,0.12146902084350586,1609701459.1324215,1609701459.1406076,0.008186101913452148
5cd648c719564f4ba6795bbbd97a11dc,k-means,warm,exec,queue,0.021862268447875977,4.76837158203125e-07,2.384185791015625e-07,1609701459.0917122,1609701459.2298727,0.13816046714782715,1609701459.1433065,1609701459.150629,0.007322549819946289
ad0804c1f56c4051b1c0ce733048c792,k-means,warm,exec,queue,0.026180744171142578,0.0,2.384185791015625e-07,1609701459.093458,1609701459.275137,0.18167901039123535,1609701459.1439288,1609701459.1485333,0.0046045780181884766
1e453d47a88d46e0badfe38f348aa3bd,k-means,warm,exec,queue,0.03138160705566406,2.384185791015625e-07,2.384185791015625e-07,1609701459.0951664,1609701459.274566,0.1793994903564453,1609701459.1493475,1609701459.1557617,0.006414175033569336
32558908d8c24519b74ea58e3d74ec57,k-means,warm,exec,queue,0.03604388236999512,2.384185791015625e-07,0.0,1609701459.0966856,1609701459.4828844,0.3861987590789795,1609701459.1545603,1609701459.159811,0.005250692367553711
456356c4a2fd405aa3f79779b080e635,k-means,warm,exec,queue,0.04050779342651367,2.384185791015625e-07,2.384185791015625e-07,1609701459.0981922,1609701459.4811492,0.38295698165893555,1609701459.161014,1609701459.167628,0.006613969802856445
e6f45b0831914a46b6d60bbaed20db42,k-means,warm,exec,queue,0.008315563201904297,2.384185791015625e-07,0.0,1609701459.0996995,1609701459.2057977,0.10609817504882812,1609701459.121738,1609701459.1303754,0.008637428283691406
7b0fdf8ee65b495782c5e84468979365,k-means,warm,exec,queue,0.01322627067565918,4.76837158203125e-07,2.384185791015625e-07,1609701459.1013417,1609701459.2091553,0.10781359672546387,1609701459.1269946,1609701459.1359007,0.008906126022338867
b7cec94f4ccc4772ba810508f3b3dae9,k-means,warm,exec,queue,0.010991096496582031,4.76837158203125e-07,2.384185791015625e-07,1609701460.0908911,1609701460.2339342,0.14304304122924805,1609701460.140679,1609701460.1495554,0.008876562118530273
6cd7d492e8964b82a24955bb0290b8c1,k-means,warm,exec,queue,0.032814979553222656,2.384185791015625e-07,0.0,1609701460.0950863,1609701460.4998302,0.40474390983581543,1609701460.1659365,1609701460.171394,0.005457639694213867
13009846fe524ffeb782f8f5393b2ab9,k-means,warm,exec,queue,0.0374753475189209,2.384185791015625e-07,0.0,1609701460.0977483,1609701460.3821757,0.2844274044036865,1609701460.170183,1609701460.1772017,0.0070188045501708984
946c14b450244a48a9bdaa440280eb3b,k-means,warm,exec,queue,0.0423893928527832,2.384185791015625e-07,2.384185791015625e-07,1609701460.100363,1609701460.4992406,0.3988776206970215,1609701460.1782136,1609701460.1851916,0.006978034973144531
fc70a4b24736472db5c40dbb80361bd8,k-means,warm,exec,queue,0.047548532485961914,2.384185791015625e-07,2.384185791015625e-07,1609701460.1021552,1609701460.2920465,0.18989133834838867,1609701460.1832528,1609701460.1881118,0.004858970642089844
c77e7d53f9e5449299344f3c0dc49ffc,k-means,warm,exec,queue,0.0522005558013916,2.384185791015625e-07,2.384185791015625e-07,1609701460.1037445,1609701460.410488,0.3067433834075928,1609701460.1868496,1609701460.1919215,0.005071878433227539
c6cfc5695f4f4beeabdea8e832415906,k-means,warm,exec,queue,0.05681157112121582,2.384185791015625e-07,2.384185791015625e-07,1609701460.1053436,1609701460.4135761,0.30823254585266113,1609701460.1933932,1609701460.1984024,0.005009174346923828
c1c710a28ebb48d0a1bc7822005845a0,k-means,warm,exec,queue,0.06176304817199707,2.384185791015625e-07,2.384185791015625e-07,1609701460.1069236,1609701460.4961402,0.38921666145324707,1609701460.1978698,1609701460.2025483,0.004678487777709961
b35da8ed18a8411597959428b9244f59,k-means,warm,exec,queue,0.028238773345947266,4.76837158203125e-07,2.384185791015625e-07,1609701460.108542,1609701460.495556,0.38701415061950684,1609701460.1617112,1609701460.1691327,0.0074214935302734375
3c569900b600485b86cc97e437b16239,k-means,warm,exec,queue,0.023710250854492188,4.76837158203125e-07,4.76837158203125e-07,1609701460.1102712,1609701460.4949675,0.38469624519348145,1609701460.1624842,1609701460.1726563,0.010172128677368164
cc5efb9b05c04d7c9dfc54e3aee226ac,k-means,warm,exec,queue,0.014589071273803711,4.76837158203125e-07,4.76837158203125e-07,1609701460.1118667,1609701460.3839014,0.2720346450805664,1609701460.1449401,1609701460.153306,0.008365869522094727
f9a13205001f4c2495aeb0978bbe6c44,k-means,warm,exec,queue,0.019117355346679688,4.76837158203125e-07,7.152557373046875e-07,1609701460.1134639,1609701460.232444,0.11898016929626465,1609701460.1501946,1609701460.1590374,0.008842706680297852
c4aa74becfd042f8b31bf1ceeaa91730,k-means,warm,exec,queue,0.06610822677612305,4.76837158203125e-07,2.384185791015625e-07,1609701460.115042,1609701460.4141572,0.2991151809692383,1609701460.2046742,1609701460.2118134,0.0071392059326171875
848e90e8a57f4b6d8f47b7d291818399,matmul,warm,exec,queue,0.019213438034057617,2.384185791015625e-07,0.0,1609701460.116769,1609701460.2903652,0.17359614372253418,1609701460.162791,1609701460.1744382,0.011647224426269531
d76d18c3912f45d4a23486066c112823,k-means,warm,exec,queue,0.0004589557647705078,4.76837158203125e-07,2.384185791015625e-07,1609701461.0910335,1609701461.2286682,0.1376347541809082,1609701461.143162,1609701461.1520596,0.008897542953491211
5ee9b28b0bc4441fad969ebdc12a60c7,k-means,warm,exec,queue,0.007671356201171875,2.384185791015625e-07,2.384185791015625e-07,1609701461.095467,1609701461.226829,0.1313619613647461,1609701461.1439867,1609701461.1524427,0.008455991744995117
8a933c126ce6467e9de80deb961fb2aa,k-means,warm,exec,queue,0.012121438980102539,2.384185791015625e-07,0.0,1609701461.0981364,1609701461.370203,0.272066593170166,1609701461.144658,1609701461.1528196,0.008161544799804688
ea4de5ec8c7c48838ba08ff2e09ee3a4,k-means,warm,exec,queue,0.016695737838745117,4.76837158203125e-07,2.384185791015625e-07,1609701461.1007566,1609701461.556267,0.45551037788391113,1609701461.1518288,1609701461.1601443,0.008315563201904297
c99335fee4cb4142af228a0870cff647,k-means,warm,exec,queue,0.02158522605895996,9.5367431640625e-07,2.384185791015625e-07,1609701461.1025739,1609701461.2512743,0.14870047569274902,1609701461.1647186,1609701461.173053,0.00833439826965332
b5d3e075e9f248f0a462ce632236f9a1,k-means,warm,exec,queue,0.027405261993408203,2.384185791015625e-07,0.0,1609701461.1041996,1609701461.2530465,0.14884686470031738,1609701461.1666903,1609701461.1723156,0.005625247955322266
545286eaf04446d288f3e829c1bf1d80,k-means,warm,exec,queue,0.0329282283782959,2.384185791015625e-07,2.384185791015625e-07,1609701461.1058705,1609701461.5545292,0.44865870475769043,1609701461.1678033,1609701461.1740758,0.006272554397583008
9bf550d57ab84ce2b36d2449c4e08b93,k-means,warm,exec,queue,0.03761625289916992,2.384185791015625e-07,2.384185791015625e-07,1609701461.1075397,1609701461.3435318,0.2359921932220459,1609701461.1738534,1609701461.181823,0.00796961784362793
bf99302cf02d4330b6d31b24717efd55,k-means,warm,exec,queue,0.0429692268371582,2.384185791015625e-07,2.384185791015625e-07,1609701461.1092389,1609701461.5528066,0.44356775283813477,1609701461.1817336,1609701461.188304,0.006570339202880859
b653bcbfe46443ac84290d7b436ea2a6,k-means,warm,exec,queue,0.0476529598236084,2.384185791015625e-07,2.384185791015625e-07,1609701461.111064,1609701461.3488388,0.23777484893798828,1609701461.185102,1609701461.1917048,0.006602764129638672
cda4d095259143e1af27b869fb32f0f5,k-means,warm,exec,queue,0.05205130577087402,2.384185791015625e-07,2.384185791015625e-07,1609701461.1126778,1609701461.368446,0.2557682991027832,1609701461.191034,1609701461.1969275,0.0058934688568115234
44f63f32addb44179605926535c10ee2,k-means,warm,exec,queue,0.057099103927612305,2.384185791015625e-07,0.0,1609701461.1142626,1609701461.457706,0.3434433937072754,1609701461.196103,1609701461.2006946,0.004591464996337891
171c4c3992114cb891af8bb1d83a3985,k-means,warm,exec,queue,0.0584259033203125,2.384185791015625e-07,2.384185791015625e-07,1609701461.115842,1609701461.3471515,0.2313094139099121,1609701461.2014983,1609701461.207165,0.0056667327880859375
c105aa66a18f478d827e818f16c92cb2,video,warm,exec,queue,0.016392946243286133,2.384185791015625e-07,2.384185791015625e-07,1609701461.1175656,1609701461.3465385,0.2289729118347168,1609701461.1675682,1609701461.1843672,0.016798973083496094
8af495e3108341f19ba5d88c8757ae1e,k-means,warm,exec,queue,0.008759021759033203,7.152557373046875e-07,2.384185791015625e-07,1609701462.0894814,1609701462.204724,0.11524271965026855,1609701462.133007,1609701462.1415071,0.008500099182128906
4677cb9f4d6d4b94a718d0c71510f816,k-means,warm,exec,queue,0.03283405303955078,2.384185791015625e-07,4.76837158203125e-07,1609701462.0937057,1609701462.2375424,0.14383673667907715,1609701462.1594622,1609701462.1644683,0.005006074905395508
97de51ef239144caa17ad911e6e1bf99,k-means,warm,exec,queue,0.03889656066894531,4.76837158203125e-07,2.384185791015625e-07,1609701462.0962543,1609701462.2391357,0.1428813934326172,1609701462.1663625,1609701462.1728415,0.006479024887084961
b77cc3d8cbb04be6b95a0e55d8a96b7e,k-means,warm,exec,queue,0.04440140724182129,4.76837158203125e-07,2.384185791015625e-07,1609701462.0987916,1609701462.363484,0.2646923065185547,1609701462.1741962,1609701462.179581,0.005384683609008789
1ca7cf7b325a4400a0c6fba95e91863c,k-means,warm,exec,queue,0.04959225654602051,2.384185791015625e-07,2.384185791015625e-07,1609701462.1012402,1609701462.288484,0.18724393844604492,1609701462.180069,1609701462.1859891,0.0059201717376708984
2f0f22a07d2a41d9ad847c26dc6814ce,k-means,warm,exec,queue,0.054624319076538086,2.384185791015625e-07,2.384185791015625e-07,1609701462.102695,1609701462.4312184,0.3285233974456787,1609701462.1860707,1609701462.1923819,0.006311178207397461
60f872d5d783477eaba3549ccd0ca60f,k-means,warm,exec,queue,0.05913519859313965,2.384185791015625e-07,2.384185791015625e-07,1609701462.104159,1609701462.3137898,0.20963072776794434,1609701462.1891098,1609701462.1939566,0.004846811294555664
a4821fe7fb9641b49f9721871f74457e,k-means,warm,exec,queue,0.0644536018371582,4.76837158203125e-07,2.384185791015625e-07,1609701462.1056356,1609701462.365196,0.25956034660339355,1609701462.1949873,1609701462.199944,0.004956722259521484
ed808b0351f6403ebd5a97e1b037ab7b,k-means,warm,exec,queue,0.0272061824798584,4.76837158203125e-07,2.384185791015625e-07,1609701462.1071005,1609701462.337959,0.23085856437683105,1609701462.1585054,1609701462.165249,0.006743669509887695
abf635b158a54adf9afe6bfdd1b90899,k-means,warm,exec,queue,0.022124290466308594,7.152557373046875e-07,4.76837158203125e-07,1609701462.1086912,1609701462.3395982,0.23090696334838867,1609701462.150186,1609701462.1581264,0.007940292358398438
ae0c2c43f50f4d378d9e1c1f69bcb7b7,k-means,warm,exec,queue,0.012060880661010742,4.76837158203125e-07,4.76837158203125e-07,1609701462.110144,1609701462.2064385,0.09629464149475098,1609701462.137844,1609701462.1461716,0.008327484130859375
e299904231af41a98949664ba560047d,k-means,warm,exec,queue,0.017213821411132812,4.76837158203125e-07,4.76837158203125e-07,1609701462.1116025,1609701462.290322,0.17871952056884766,1609701462.143258,1609701462.151293,0.008034944534301758
6b1e1deabdab451bb7a13a38eb8c5c25,k-means,warm,exec,queue,0.00015664100646972656,4.76837158203125e-07,0.0,1609701463.0905213,1609701463.2367308,0.1462094783782959,1609701463.1368978,1609701463.1455212,0.008623361587524414
4f08784c416c4a9bbc62bc1248599857,k-means,warm,exec,queue,0.0064051151275634766,2.384185791015625e-07,2.384185791015625e-07,1609701463.0948331,1609701463.2351153,0.14028215408325195,1609701463.1369474,1609701463.1455643,0.008616924285888672
1deeacfb7b124f7cb29b37e98601756e,k-means,warm,exec,queue,0.010978221893310547,2.384185791015625e-07,0.0,1609701463.0975034,1609701463.2317586,0.13425517082214355,1609701463.1410267,1609701463.149385,0.008358240127563477
3b38fc2c01be40d7bb6222ac29e1bda8,k-means,warm,exec,queue,0.016322612762451172,4.76837158203125e-07,2.384185791015625e-07,1609701463.1001234,1609701463.2345617,0.13443827629089355,1609701463.1470776,1609701463.1552804,0.008202791213989258
2b5521b232384539bc9edb7f15064930,k-means,warm,exec,queue,0.020737886428833008,2.384185791015625e-07,2.384185791015625e-07,1609701463.102071,1609701463.3950014,0.29293036460876465,1609701463.1583407,1609701463.1657152,0.00737452507019043
771abec3a3b74c98b91974bd3e160898,k-means,warm,exec,queue,0.025850534439086914,2.384185791015625e-07,2.384185791015625e-07,1609701463.1036654,1609701463.3099363,0.20627093315124512,1609701463.1589487,1609701463.1645882,0.005639553070068359
2b62fb2e38354f4690a9a2107b786acc,k-means,warm,exec,queue,0.03037261962890625,2.384185791015625e-07,0.0,1609701463.1052802,1609701463.309378,0.20409774780273438,1609701463.162226,1609701463.1672575,0.005031585693359375
efe7adc223d447dea5df665b2bc09b93,k-means,warm,exec,queue,0.03505063056945801,2.384185791015625e-07,2.384185791015625e-07,1609701463.1068811,1609701463.3066556,0.19977450370788574,1609701463.1690636,1609701463.1768541,0.007790565490722656
627e1153c1c242c486d2c38d79012ea1,k-means,warm,exec,queue,0.04065203666687012,2.384185791015625e-07,2.384185791015625e-07,1609701463.1084983,1609701463.3944151,0.285916805267334,1609701463.173333,1609701463.1798208,0.006487846374511719
47e0e432c21b47f09053dfa4e4b69146,k-means,warm,exec,queue,0.04623556137084961,4.76837158203125e-07,0.0,1609701463.1102502,1609701463.6167903,0.506540060043335,1609701463.1799593,1609701463.1873178,0.007358551025390625
7ef366b4b3b745c1bfe4e92618274a5e,k-means,warm,exec,queue,0.05111289024353027,2.384185791015625e-07,2.384185791015625e-07,1609701463.1118186,1609701463.3913395,0.27952098846435547,1609701463.185815,1609701463.1919992,0.006184101104736328
b98120d5265949fcb4c5890aa99c56af,k-means,warm,exec,queue,0.05580306053161621,2.384185791015625e-07,2.384185791015625e-07,1609701463.1134183,1609701463.311527,0.19810867309570312,1609701463.1898599,1609701463.1963298,0.0064699649810791016
bca64b873f264c8c955d70f185f70ca5,video,warm,exec,queue,0.017652034759521484,2.384185791015625e-07,0.0,1609701463.1149957,1609701463.6186,0.5036041736602783,1609701463.1596437,1609701463.1762388,0.016595125198364258
e3374f3fd6c648b5b89a5b305d27be45,k-means,warm,exec,queue,0.006758928298950195,4.76837158203125e-07,2.384185791015625e-07,1609701464.0928583,1609701464.3302352,0.23737692832946777,1609701464.1628695,1609701464.1712081,0.008338689804077148
cb0532d835754346a05f6247d61524b9,k-means,warm,exec,queue,0.054094552993774414,2.384185791015625e-07,0.0,1609701464.0972826,1609701464.3296468,0.23236417770385742,1609701464.2134035,1609701464.2179072,0.004503726959228516
2185a857a9264eabb561ee2621244a4c,k-means,warm,exec,queue,0.0490870475769043,4.76837158203125e-07,4.76837158203125e-07,1609701464.0998988,1609701464.369401,0.2695021629333496,1609701464.2077227,1609701464.2147658,0.007043123245239258
64bf017bc3bd48d19731ae9910c41416,k-means,warm,exec,queue,0.015508174896240234,4.76837158203125e-07,2.384185791015625e-07,1609701464.10171,1609701464.513387,0.41167688369750977,1609701464.1676779,1609701464.1754243,0.007746458053588867
d8c80f06df1b4915871e2b96ac8639a8,k-means,warm,exec,queue,0.019971847534179688,4.76837158203125e-07,2.384185791015625e-07,1609701464.1035123,1609701464.3676255,0.264113187789917,1609701464.1735256,1609701464.1819274,0.008401870727539062
3fdf0a1df16647f3918f331e6ab055df,k-means,warm,exec,queue,0.026152610778808594,4.76837158203125e-07,2.384185791015625e-07,1609701464.1051283,1609701464.2690294,0.16390109062194824,1609701464.1856644,1609701464.1925452,0.006880760192871094
a279b005ce2b48ea9c2d4cd84eb062f1,k-means,warm,exec,queue,0.059592247009277344,2.384185791015625e-07,2.384185791015625e-07,1609701464.106729,1609701464.3266532,0.2199242115020752,1609701464.2218828,1609701464.2284122,0.006529331207275391
2020355b2ebc43058374acc3d0c54ad3,k-means,warm,exec,queue,0.03224062919616699,7.152557373046875e-07,2.384185791015625e-07,1609701464.1083574,1609701464.5104802,0.40212273597717285,1609701464.1882033,1609701464.1954503,0.007246971130371094
32dca0c1ccb041449a3c07230f52f39f,k-means,warm,exec,queue,0.03667807579040527,4.76837158203125e-07,2.384185791015625e-07,1609701464.1099524,1609701464.267268,0.15731549263000488,1609701464.19075,1609701464.1956697,0.004919767379760742
44e86a0c89d0454c8c6ab0c14b24f022,k-means,warm,exec,queue,0.04200029373168945,2.384185791015625e-07,0.0,1609701464.1118848,1609701464.513977,0.40209221839904785,1609701464.1984828,1609701464.2048862,0.006403446197509766
9045095ee4854072aa0a47075cac187f,k-means,warm,exec,queue,0.04700660705566406,4.76837158203125e-07,2.384185791015625e-07,1609701464.1134844,1609701464.4264686,0.3129842281341553,1609701464.2026842,1609701464.2076192,0.004935026168823242
688045bc8a3f4212ac4d064fac9e3e43,k-means,warm,exec,queue,0.010320901870727539,2.384185791015625e-07,0.0,1609701464.1150656,1609701464.2346575,0.11959195137023926,1609701464.1626997,1609701464.1710494,0.00834965705871582
e1a2cf8894bc4a248d55575ec3056536,k-means,warm,exec,queue,0.06481266021728516,2.384185791015625e-07,0.0,1609701464.1166472,1609701464.3711107,0.25446343421936035,1609701464.2253873,1609701464.2298353,0.00444793701171875
aa135f1e943a4e29a78706ec6f347542,k-means,warm,exec,queue,0.006815671920776367,4.76837158203125e-07,2.384185791015625e-07,1609701465.0969357,1609701465.424914,0.32797813415527344,1609701465.1505582,1609701465.1592176,0.00865936279296875
ce0b92f972c848359d80116aab29b363,k-means,warm,exec,queue,0.04263925552368164,4.76837158203125e-07,2.384185791015625e-07,1609701465.1014311,1609701467.5094817,2.408050537109375,1609701465.19696,1609701465.203763,0.006803035736083984
82be0a630f32413393702266e8228e9a,k-means,warm,exec,queue,0.05102825164794922,2.384185791015625e-07,2.384185791015625e-07,1609701465.1040568,1609701467.507152,2.403095245361328,1609701465.1988437,1609701465.2060483,0.007204532623291016
90259f0a53c840aaa9dff0606dc99841,k-means,warm,exec,queue,0.05604147911071777,2.384185791015625e-07,2.384185791015625e-07,1609701465.1067011,1609701467.1926653,2.0859642028808594,1609701465.2025125,1609701465.2073238,0.004811286926269531
49291d9d4a974039966acb9463f7d8a6,k-means,warm,exec,queue,0.014500141143798828,4.76837158203125e-07,2.384185791015625e-07,1609701465.1092906,1609701465.4230015,0.31371092796325684,1609701465.1549377,1609701465.1627235,0.007785797119140625
11d4893a296649a2a2c2f0cf56afbb2e,k-means,warm,exec,queue,0.018987655639648438,4.76837158203125e-07,0.0,1609701465.11089,1609701465.555858,0.44496798515319824,1609701465.1606154,1609701465.1686778,0.008062362670898438
f5c0551018b5490bb8e7cfe4f20f20ae,k-means,warm,exec,queue,0.02342534065246582,2.384185791015625e-07,2.384185791015625e-07,1609701465.1125185,1609701465.9355257,0.8230071067810059,1609701465.171548,1609701465.1789188,0.007370948791503906
a477eea75e57428aac042dbc7c975c25,k-means,warm,exec,queue,0.030570268630981445,2.384185791015625e-07,4.76837158203125e-07,1609701465.114121,1609701467.1914756,2.077354669570923,1609701465.1770065,1609701465.1838996,0.006893157958984375
f2007e0b10824447afd5cd18ccfd4594,k-means,warm,exec,queue,0.03522825241088867,2.384185791015625e-07,0.0,1609701465.1157277,1609701465.9350386,0.8193109035491943,1609701465.1781726,1609701465.1845946,0.0064220428466796875
f6117bf2aaae463db47c542e01019418,k-means,warm,exec,queue,0.039780616760253906,7.152557373046875e-07,0.0,1609701465.1174872,1609701465.932299,0.8148117065429688,1609701465.1867957,1609701465.1938946,0.0070989131927490234
6db091563bbc474ab693052679fe04a0,k-means,warm,exec,queue,0.00965261459350586,2.384185791015625e-07,2.384185791015625e-07,1609701465.1191096,1609701465.2129107,0.09380102157592773,1609701465.1496675,1609701465.1566024,0.0069348812103271484
db08754f930f4edc9ac826cd119cd786,video,warm,exec,queue,0.024067401885986328,2.384185791015625e-07,0.0,1609701465.1207025,1609701467.1920643,2.071361780166626,1609701465.1681242,1609701465.1850595,0.016935348510742188
8d22fbf8a609419abd33089ef7a61e0d,matmul,warm,exec,queue,0.01999211311340332,2.384185791015625e-07,4.76837158203125e-07,1609701465.122301,1609701465.5570724,0.4347712993621826,1609701465.173125,1609701465.183963,0.010838031768798828
375ae6d14d8e4a5ca409e27e500af7f1,map_reduce,warm,exec,queue,0.02263927459716797,2.384185791015625e-07,0.0,1609701465.12401,1609701466.5282543,1.4042441844940186,1609701465.175918,1609701465.2614644,0.08554625511169434
b8d6a633d443403ab446d6012e8f2dc8,disk,cold,exec,create,0.02717137336730957,5.417692184448242,2.384185791015625e-07,1609701465.125656,1609701470.667015,5.541359186172485,1609701470.592952,1609701470.614459,0.02150702476501465
9540d981a02d41baaef05bb4c5addda3,k-means,warm,exec,queue,0.0001289844512939453,4.76837158203125e-07,2.384185791015625e-07,1609701466.0827963,1609701468.415525,2.332728624343872,1609701466.1124074,1609701466.1208224,0.008414983749389648
2eddc5d93b584e3ebacd676aa00c3d9c,k-means,warm,exec,queue,0.008272171020507812,2.384185791015625e-07,0.0,1609701466.0868475,1609701467.1876523,1.1008048057556152,1609701466.1163673,1609701466.1243196,0.007952213287353516
7bc2a656265c47e3bf8576775f3ccc2a,k-means,warm,exec,queue,0.012721061706542969,7.152557373046875e-07,2.384185791015625e-07,1609701466.089503,1609701468.2721093,2.1826062202453613,1609701466.1239247,1609701466.132037,0.008112192153930664
6d7fb4470bea48d9b48c909b70ea0329,k-means,warm,exec,queue,0.017485857009887695,4.76837158203125e-07,2.384185791015625e-07,1609701466.0921102,1609701468.2139869,2.1218767166137695,1609701466.1328177,1609701466.1410313,0.008213520050048828
ac740b438ee34314bbfd1c7c43a9218c,k-means,warm,exec,queue,0.003005504608154297,7.152557373046875e-07,2.384185791015625e-07,1609701466.0947437,1609701466.561055,0.4663112163543701,1609701466.112944,1609701466.1217518,0.008807897567749023
c820e6c4dae643cc8af42569a8afa543,k-means,warm,exec,queue,0.012505054473876953,7.152557373046875e-07,0.0,1609701467.1004105,1609701468.2715294,1.171118974685669,1609701467.1586757,1609701467.1663399,0.007664203643798828
d7c910de6fc94a7ab6bd3f744762eb21,k-means,warm,exec,queue,0.03253793716430664,2.384185791015625e-07,0.0,1609701467.1046991,1609701467.5110307,0.40633153915405273,1609701467.1818216,1609701467.1895928,0.00777125358581543
000755ccf4b84880b3535d7fafe4b0d5,k-means,warm,exec,queue,0.03761863708496094,4.76837158203125e-07,2.384185791015625e-07,1609701467.1072407,1609701467.8479598,0.7407190799713135,1609701467.1922472,1609701467.1985095,0.006262302398681641
f11d33a91b3c4c3c8eab3723dae320e5,k-means,warm,exec,queue,0.04241347312927246,2.384185791015625e-07,2.384185791015625e-07,1609701467.1101255,1609701469.0782113,1.968085765838623,1609701467.1930883,1609701467.198878,0.005789756774902344
303853c06e01435d86b5c84d82d5d889,k-means,warm,exec,queue,0.04777932167053223,2.384185791015625e-07,2.384185791015625e-07,1609701467.1125424,1609701468.776506,1.6639635562896729,1609701467.198257,1609701467.2042632,0.0060062408447265625
1741637f55594f1baf4314e52dc4dd2a,k-means,warm,exec,queue,0.05222892761230469,2.384185791015625e-07,2.384185791015625e-07,1609701467.1139953,1609701468.2134206,1.0994253158569336,1609701467.2065473,1609701467.2144752,0.007927894592285156
bfc9b8db61124330a1c12fc8da1632ab,k-means,warm,exec,queue,0.056992530822753906,2.384185791015625e-07,0.0,1609701467.1154337,1609701469.0769851,1.9615514278411865,1609701467.2102604,1609701467.2169049,0.006644487380981445
abce37b8d2ae47ba9732ce3d91ba20ef,k-means,warm,exec,queue,0.06229281425476074,2.384185791015625e-07,2.384185791015625e-07,1609701467.1169753,1609701468.3582954,1.2413201332092285,1609701467.2147498,1609701467.220882,0.0061321258544921875
f8425bd8940e446fb6beff25269a74ae,k-means,warm,exec,queue,0.06783056259155273,2.384185791015625e-07,2.384185791015625e-07,1609701467.1184108,1609701468.9503858,1.831974983215332,1609701467.222489,1609701467.22879,0.006300926208496094
410b950226634524a62c1a20ce0f9cf5,k-means,warm,exec,queue,0.027213335037231445,2.384185791015625e-07,0.0,1609701467.1198556,1609701467.5099013,0.3900456428527832,1609701467.1768103,1609701467.1829324,0.006122112274169922
d6c9b28eb74243389deba63c4da62b86,k-means,warm,exec,queue,0.016240358352661133,4.76837158203125e-07,2.384185791015625e-07,1609701467.1213906,1609701467.866004,0.7446134090423584,1609701467.1636252,1609701467.1713476,0.007722377777099609
093f0074e8564facad57dd87ca2b60f6,k-means,warm,exec,queue,0.021528959274291992,4.76837158203125e-07,2.384185791015625e-07,1609701467.1228342,1609701469.0710204,1.9481861591339111,1609701467.1700404,1609701467.1780183,0.007977962493896484
6949465c8eb143b2bfc7f064d396fa34,k-means,warm,exec,queue,0.07280969619750977,2.384185791015625e-07,2.384185791015625e-07,1609701467.124287,1609701468.7759106,1.6516237258911133,1609701467.2270837,1609701467.2323923,0.005308628082275391
53e3dc4a6dd544f09d670b55de0f9d08,k-means,warm,exec,queue,0.07721829414367676,4.76837158203125e-07,2.384185791015625e-07,1609701467.125803,1609701468.7732615,1.647458553314209,1609701467.2338536,1609701467.2403204,0.006466865539550781
9b0e7af7a6a444d497da4eb036455779,k-means,warm,exec,queue,0.08182454109191895,2.384185791015625e-07,2.384185791015625e-07,1609701467.1272411,1609701468.9560235,1.828782320022583,1609701467.2388072,1609701467.245201,0.006393909454345703
16882997705f4d22b80f15d89dadfd73,k-means,warm,exec,queue,0.08707427978515625,4.76837158203125e-07,2.384185791015625e-07,1609701467.1287,1609701469.0788083,1.950108289718628,1609701467.243307,1609701467.2495968,0.00628972053527832
b3a96d775c204ffb943e48db9ab6d6c7,k-means,warm,exec,queue,0.09205007553100586,4.76837158203125e-07,0.0,1609701467.1302512,1609701468.3569543,1.22670316696167,1609701467.2496989,1609701467.2546163,0.0049173831939697266
248a2b4441704024bd77fd4186f48d19,video,warm,exec,queue,0.015553712844848633,4.76837158203125e-07,2.384185791015625e-07,1609701467.1317575,1609701469.0785117,1.9467542171478271,1609701467.176381,1609701467.1921628,0.015781641006469727
f992792290e74e1681f9e6a85ed9ae73,k-means,warm,exec,queue,7.2479248046875e-05,2.384185791015625e-07,2.384185791015625e-07,1609701468.0940428,1609701468.9552114,0.861168622970581,1609701468.1352766,1609701468.1431303,0.00785374641418457
4f9efb8ff99f4ed6ace737102ea8c1af,k-means,warm,exec,queue,0.00786733627319336,4.76837158203125e-07,2.384185791015625e-07,1609701468.0966406,1609701469.0773075,0.9806668758392334,1609701468.1353893,1609701468.142855,0.0074656009674072266
ceca7f4c68cf4004aecd4763b72e75f8,k-means,warm,exec,queue,0.013027429580688477,2.384185791015625e-07,0.0,1609701468.0981572,1609701468.7157493,0.6175920963287354,1609701468.139885,1609701468.1470814,0.0071964263916015625
4856af2d8d324129a926b42391069646,k-means,warm,exec,queue,0.01821756362915039,2.384185791015625e-07,2.384185791015625e-07,1609701468.1000428,1609701468.3593621,0.2593193054199219,1609701468.1464894,1609701468.1547427,0.008253335952758789
103ef795de7e4dbc9a91071e51f43218,k-means,warm,exec,queue,0.02316880226135254,2.384185791015625e-07,2.384185791015625e-07,1609701468.1022387,1609701468.8986475,0.7964088916778564,1609701468.1530416,1609701468.1580958,0.0050542354583740234
870660e7d39141259ee9e9c25e976981,k-means,warm,exec,queue,0.027615070343017578,4.76837158203125e-07,9.5367431640625e-07,1609701468.1040156,1609701469.0766578,0.972642183303833,1609701468.1564252,1609701468.1614025,0.004977226257324219
c4c1e57f182e4969aa8ec63cb389ef0a,k-means,warm,exec,queue,0.03219747543334961,2.384185791015625e-07,0.0,1609701468.1058295,1609701468.7178495,0.6120200157165527,1609701468.163342,1609701468.1684523,0.005110263824462891
511ecf0cbdab498696b8d06c9a494f0a,k-means,warm,exec,queue,0.037251949310302734,4.76837158203125e-07,0.0,1609701468.1076033,1609701469.0776083,0.9700050354003906,1609701468.1672604,1609701468.1717088,0.004448413848876953
4fa022f5b33d4e5ab0921acdaed9a674,k-means,warm,exec,queue,0.041654109954833984,2.384185791015625e-07,2.384185791015625e-07,1609701468.1091247,1609701469.0779066,0.9687819480895996,1609701468.1734722,1609701468.1791162,0.005644083023071289
ef4d597248d24da093efc79f37ceb8e1,k-means,warm,exec,queue,0.04593801498413086,7.152557373046875e-07,2.384185791015625e-07,1609701468.1104817,1609701468.9004364,0.789954662322998,1609701468.1776233,1609701468.1818721,0.004248857498168945
9bd463494c614c01a368bbb81659857c,k-means,warm,exec,queue,0.05071568489074707,4.76837158203125e-07,2.384185791015625e-07,1609701468.111747,1609701468.950757,0.8390100002288818,1609701468.1844401,1609701468.1910064,0.006566286087036133
3f17edf3c3f54c0392462ca9072f8904,k-means,warm,exec,queue,0.05570244789123535,2.384185791015625e-07,2.384185791015625e-07,1609701468.1130404,1609701468.9557073,0.8426668643951416,1609701468.188339,1609701468.1935298,0.005190849304199219
0d0c13fad61e42be878b30d5424252ce,k-means,warm,exec,queue,0.0052471160888671875,4.76837158203125e-07,2.384185791015625e-07,1609701469.0965598,1609701469.3194509,0.22289109230041504,1609701469.146016,1609701469.1525927,0.0065767765045166016
9220c5c10f5a48439d6355120040a7b5,k-means,warm,exec,queue,0.04864025115966797,4.76837158203125e-07,2.384185791015625e-07,1609701469.0996664,1609701469.363822,0.26415562629699707,1609701469.1927674,1609701469.2001464,0.007379055023193359
fb0bc421865b4bf581318a5f23953d80,k-means,warm,exec,queue,0.05393791198730469,2.384185791015625e-07,2.384185791015625e-07,1609701469.1016088,1609701469.3622408,0.2606320381164551,1609701469.1951833,1609701469.2017539,0.006570577621459961
918e668c2dbb423a891e75695559d3b3,k-means,warm,exec,queue,0.058496713638305664,2.384185791015625e-07,0.0,1609701469.1035125,1609701469.670656,0.567143440246582,1609701469.200835,1609701469.2077367,0.006901741027832031
b120f083b90b49628a76205e47a08eeb,k-means,warm,exec,queue,0.015439748764038086,2.384185791015625e-07,2.384185791015625e-07,1609701469.105918,1609701469.3867726,0.2808547019958496,1609701469.151982,1609701469.158418,0.006435871124267578
5ebc868dfd2f45cdbd98cd37ad56d8f5,k-means,warm,exec,queue,0.019934654235839844,2.384185791015625e-07,2.384185791015625e-07,1609701469.1078167,1609701469.4706762,0.36285948753356934,1609701469.1627145,1609701469.1701143,0.007399797439575195
b133dd512fa64264a3a4f02f95b96057,k-means,warm,exec,queue,0.026259422302246094,2.384185791015625e-07,2.384185791015625e-07,1609701469.1095104,1609701469.4380324,0.3285219669342041,1609701469.1646001,1609701469.171291,0.00669097900390625
ab7339047b6d4d91b5df75e62ffaac04,k-means,warm,exec,queue,0.030867815017700195,7.152557373046875e-07,2.384185791015625e-07,1609701469.1110532,1609701469.4731355,0.36208224296569824,1609701469.1693985,1609701469.1756868,0.006288290023803711
664e4e660a694d78bc297b75b2f400c4,k-means,warm,exec,queue,0.03586435317993164,7.152557373046875e-07,2.384185791015625e-07,1609701469.1126058,1609701469.475006,0.3624002933502197,1609701469.1780229,1609701469.1847394,0.006716489791870117
7d8448ff67db4dd6929f0a2666ad6820,k-means,warm,exec,queue,0.04077649116516113,2.384185791015625e-07,2.384185791015625e-07,1609701469.114243,1609701469.360442,0.2461988925933838,1609701469.1788476,1609701469.1852455,0.00639796257019043
f9d75ce5ef45449aa1f6e14af10c585b,k-means,warm,exec,queue,0.04534006118774414,7.152557373046875e-07,2.384185791015625e-07,1609701469.1156862,1609701469.473623,0.3579368591308594,1609701469.1865387,1609701469.1922565,0.005717754364013672
74b1a5ed61e44607bc76b0139eb14b8e,k-means,warm,exec,queue,0.010211706161499023,2.384185791015625e-07,2.384185791015625e-07,1609701469.1171312,1609701469.2434142,0.1262829303741455,1609701469.1455123,1609701469.1520343,0.006521940231323242
3d04537c2f3941a89bf029e4b201bc3b,k-means,warm,exec,queue,0.06297683715820312,7.152557373046875e-07,2.384185791015625e-07,1609701469.1185503,1609701469.385269,0.26671862602233887,1609701469.212423,1609701469.2197177,0.007294654846191406
c42c7c23d383470b9c4bd359c81abaf4,k-means,warm,exec,queue,0.06906390190124512,4.76837158203125e-07,2.384185791015625e-07,1609701469.1200883,1609701469.6311944,0.511106014251709,1609701469.2145236,1609701469.2202702,0.005746603012084961
31b2779e26ad41d8a0a2a5c6d3e8da6e,video,warm,exec,queue,0.016016721725463867,2.384185791015625e-07,2.384185791015625e-07,1609701469.121522,1609701469.2794778,0.15795588493347168,1609701469.1642225,1609701469.1797442,0.015521764755249023
a1ce5012b71546c5a62e4c60a2092c9a,k-means,warm,exec,queue,0.002080678939819336,2.384185791015625e-07,2.384185791015625e-07,1609701470.0913494,1609701470.2165284,0.12517905235290527,1609701470.1269872,1609701470.134299,0.007311820983886719
283ba8bd1ea8426bbfeb1316ea261110,matmul,warm,exec,queue,0.01806473731994629,4.76837158203125e-07,2.384185791015625e-07,1609701470.0946174,1609701470.294478,0.1998605728149414,1609701470.1462095,1609701470.1567903,0.010580778121948242
008df3bef30b4508894e4be055aa364a,k-means,warm,exec,queue,0.03352546691894531,2.384185791015625e-07,2.384185791015625e-07,1609701470.096525,1609701470.3271048,0.23057985305786133,1609701470.1566288,1609701470.1634693,0.00684046745300293
d5fd51e8c8f64aefaf79d4cd2c6c110d,k-means,warm,exec,queue,0.02814316749572754,2.384185791015625e-07,2.384185791015625e-07,1609701470.0983982,1609701470.2926686,0.19427037239074707,1609701470.1512225,1609701470.157272,0.006049633026123047
16dc82bcf7cd4731aa9e16f0fc18003e,k-means,warm,exec,queue,0.02289271354675293,2.384185791015625e-07,2.384185791015625e-07,1609701470.100268,1609701470.2470376,0.14676976203918457,1609701470.146601,1609701470.1538715,0.0072705745697021484
81980cdd411e4a728eee97e6b42d53c2,k-means,warm,exec,queue,0.014756441116333008,0.0,2.384185791015625e-07,1609701470.1023872,1609701470.2487576,0.14637041091918945,1609701470.1369371,1609701470.1466072,0.009670019149780273
82850eb30cf947b99283c6f0908dfcc3,k-means,warm,exec,queue,0.008015871047973633,4.76837158203125e-07,2.384185791015625e-07,1609701470.1042647,1609701470.2136548,0.1093900203704834,1609701470.1269703,1609701470.1342928,0.007322549819946289
6c9385631da040699f382d738110d436,k-means,warm,exec,queue,0.012538671493530273,2.384185791015625e-07,2.384185791015625e-07,1609701470.1058106,1609701470.2171052,0.11129450798034668,1609701470.1314118,1609701470.1389313,0.00751948356628418
75eaef26f91e422993dda9f07e4ba8c2,k-means,warm,exec,queue,0.037015676498413086,4.76837158203125e-07,0.0,1609701470.1073,1609701470.3249793,0.21767926216125488,1609701470.163391,1609701470.1696131,0.0062220096588134766
0fe36061036d4ace81ac81cbacf211a9,k-means,warm,exec,queue,7.224082946777344e-05,7.152557373046875e-07,2.384185791015625e-07,1609701471.0993593,1609701471.25286,0.15350079536437988,1609701471.1692836,1609701471.1769488,0.007665157318115234
445ee97da40e4c03bd59a2db7f343982,k-means,warm,exec,queue,0.003667593002319336,4.76837158203125e-07,2.384185791015625e-07,1609701471.1046371,1609701471.3897347,0.285097599029541,1609701471.1705093,1609701471.1780386,0.007529258728027344
71d6dbdc8db74d598c4cea04e4bb37cb,k-means,warm,exec,queue,0.010615110397338867,2.384185791015625e-07,2.384185791015625e-07,1609701471.1078212,1609701471.2849572,0.17713594436645508,1609701471.1700296,1609701471.1772451,0.0072154998779296875
c07baf1984204c0cadd822b872ecba0f,k-means,warm,exec,queue,0.01531529426574707,7.152557373046875e-07,2.384185791015625e-07,1609701471.1110177,1609701471.4152718,0.30425405502319336,1609701471.1759675,1609701471.1836987,0.007731199264526367
51042df2f84d4457a95278351d641e47,k-means,warm,exec,queue,0.019913434982299805,4.76837158203125e-07,0.0,1609701471.1143045,1609701471.2868783,0.17257380485534668,1609701471.1817393,1609701471.1892815,0.007542133331298828
675cd487ebf0471cadf7afef868e80e1,k-means,warm,exec,queue,0.024915218353271484,2.384185791015625e-07,2.384185791015625e-07,1609701471.1171112,1609701471.4115012,0.2943899631500244,1609701471.1909072,1609701471.1986356,0.0077283382415771484
116ae335a9394402a3c0b38b19de3428,k-means,warm,exec,queue,0.029732227325439453,4.76837158203125e-07,0.0,1609701471.1199012,1609701471.3823586,0.26245737075805664,1609701471.1919851,1609701471.198447,0.0064618587493896484
f113b86da6514e458ce9bf352212ff54,k-means,warm,exec,queue,0.05064725875854492,2.384185791015625e-07,0.0,1609701471.1227221,1609701471.4146492,0.2919270992279053,1609701471.2245405,1609701471.2314918,0.006951332092285156
3568b45510cf4c7ca965a1b7dc7d3e65,k-means,warm,exec,queue,0.046035051345825195,2.384185791015625e-07,2.384185791015625e-07,1609701471.1255393,1609701471.5037224,0.37818312644958496,1609701471.214022,1609701471.2213173,0.007295370101928711
8d77a8d6138f4a7d9989e2dcceb0da21,k-means,warm,exec,queue,0.04143333435058594,2.384185791015625e-07,0.0,1609701471.1284933,1609701471.381659,0.25316572189331055,1609701471.2098343,1609701471.2156959,0.005861520767211914
dcacd9aecd81446889e72dc95d62f9ab,k-means,warm,exec,queue,0.03715085983276367,7.152557373046875e-07,2.384185791015625e-07,1609701471.13138,1609701471.3355713,0.2041912078857422,1609701471.2084322,1609701471.2154434,0.0070111751556396484
612437df83054391b846b3e78387e48a,k-means,warm,exec,queue,0.03181171417236328,2.384185791015625e-07,0.0,1609701471.1342793,1609701471.3880947,0.2538154125213623,1609701471.1974704,1609701471.2036312,0.006160736083984375
11f1574e168e4a559babda6b78c020b9,k-means,warm,exec,queue,0.05547189712524414,2.384185791015625e-07,2.384185791015625e-07,1609701471.1371899,1609701471.3887079,0.25151801109313965,1609701471.2252078,1609701471.2322686,0.0070607662200927734
44fdd12402dd4af8b0654d2ce58e51bc,video,warm,exec,queue,0.014753103256225586,2.384185791015625e-07,2.384185791015625e-07,1609701471.140231,1609701471.3892295,0.24899864196777344,1609701471.1911209,1609701471.2076898,0.016568899154663086
a71151495ae841b38c8ea0b0625e6859,k-means,warm,exec,queue,7.2479248046875e-05,4.76837158203125e-07,2.384185791015625e-07,1609701472.0943618,1609701472.9125938,0.8182320594787598,1609701472.131452,1609701472.1394458,0.007993698120117188
d4f071f8057c4af8b237bc96703b5a22,k-means,warm,exec,queue,0.004808187484741211,4.76837158203125e-07,2.384185791015625e-07,1609701472.0978212,1609701472.914522,0.8167006969451904,1609701472.1313734,1609701472.1393967,0.008023262023925781
42454e3d60924142bcf74617271dea36,k-means,warm,exec,queue,0.009824991226196289,4.76837158203125e-07,4.76837158203125e-07,1609701472.0998316,1609701472.9726872,0.8728556632995605,1609701472.1363003,1609701472.1428657,0.0065653324127197266
3956e87108054dbe862543540c18abfc,k-means,warm,exec,queue,0.014689207077026367,4.76837158203125e-07,2.384185791015625e-07,1609701472.1018372,1609701473.0599997,0.9581625461578369,1609701472.141702,1609701472.1480443,0.006342411041259766
806df9e876b44b498bd432c69d60510a,k-means,warm,exec,queue,0.020200729370117188,7.152557373046875e-07,2.384185791015625e-07,1609701472.1038136,1609701472.9119089,0.8080952167510986,1609701472.1538293,1609701472.159907,0.006077766418457031
39d9ab6afc5f467e83793af9c171e6bb,k-means,warm,exec,queue,0.026221752166748047,4.76837158203125e-07,2.384185791015625e-07,1609701472.1060562,1609701472.9303992,0.8243429660797119,1609701472.1569576,1609701472.1634521,0.0064945220947265625
78351e7972b447339a172209a8b4831b,k-means,warm,exec,queue,0.03166341781616211,2.384185791015625e-07,2.384185791015625e-07,1609701472.1080449,1609701472.9075527,0.7995078563690186,1609701472.1598992,1609701472.1663182,0.006418943405151367
a1923d6a73dd4077ab98807d42e6a7d5,k-means,warm,exec,queue,0.03641676902770996,7.152557373046875e-07,0.0,1609701472.1096926,1609701473.0586035,0.9489109516143799,1609701472.1673822,1609701472.175015,0.007632732391357422
68ccd60ebfb044d8ba08f641462a2f11,k-means,warm,exec,queue,0.04660916328430176,2.384185791015625e-07,2.384185791015625e-07,1609701472.1112244,1609701473.1419964,1.0307719707489014,1609701472.176339,1609701472.1823096,0.00597071647644043
3f7fa15975954178a15054262313da56,k-means,warm,exec,queue,0.04180598258972168,2.384185791015625e-07,0.0,1609701472.1128957,1609701473.143571,1.0306751728057861,1609701472.1721113,1609701472.1779835,0.005872249603271484
ad68fe35782142b8aaea4e361c93c647,video,warm,exec,queue,5.173683166503906e-05,2.384185791015625e-07,4.76837158203125e-07,1609701473.0939374,1609701473.3779023,0.2839648723602295,1609701473.1289134,1609701473.1447537,0.01584029197692871
659e063b99c141daa73e0824de6d4993,k-means,warm,exec,queue,0.035094261169433594,2.384185791015625e-07,2.384185791015625e-07,1609701473.0969584,1609701473.242865,0.14590668678283691,1609701473.1631575,1609701473.1689472,0.005789756774902344
dd661bb2c21549dc97753dd29acf0cbb,k-means,warm,exec,queue,0.0033872127532958984,2.384185791015625e-07,2.384185791015625e-07,1609701473.0989447,1609701473.192258,0.09331321716308594,1609701473.1284046,1609701473.134722,0.0063173770904541016
7b3acd00440849d1a6b366e2fca393c6,k-means,warm,exec,queue,0.008166074752807617,4.76837158203125e-07,2.384185791015625e-07,1609701473.100944,1609701473.2762535,0.175309419631958,1609701473.1315827,1609701473.139105,0.0075223445892333984
cd1404d25e3647bc81edeac17842de21,k-means,warm,exec,queue,0.012796640396118164,2.384185791015625e-07,0.0,1609701473.1031816,1609701473.278098,0.17491650581359863,1609701473.1369312,1609701473.1438484,0.006917238235473633
a798bfb8e3fe4566980a1774b9f56abd,k-means,warm,exec,queue,0.01809978485107422,4.76837158203125e-07,4.76837158203125e-07,1609701473.1047025,1609701473.376715,0.27201247215270996,1609701473.1444867,1609701473.151464,0.0069773197174072266
3eec8a83a6a140f6b0fa64e91a1f48af,k-means,warm,exec,queue,0.022821426391601562,4.76837158203125e-07,2.384185791015625e-07,1609701473.1062067,1609701473.3929057,0.2866990566253662,1609701473.1470394,1609701473.1528687,0.005829334259033203
63a1eb056a0340b5b987027e85414e13,k-means,warm,exec,queue,0.027402877807617188,2.384185791015625e-07,0.0,1609701473.1077225,1609701473.3789854,0.27126288414001465,1609701473.1520216,1609701473.1586254,0.006603717803955078
91529b57161545e8b2714997ffdc16ce,k-means,warm,exec,queue,0.03224921226501465,4.76837158203125e-07,2.384185791015625e-07,1609701473.1092317,1609701473.301504,0.19227218627929688,1609701473.1597056,1609701473.1666863,0.0069806575775146484
00b8e7790df749eb895cfde2f45a2683,k-means,warm,exec,queue,0.003831148147583008,4.76837158203125e-07,2.384185791015625e-07,1609701474.1072254,1609701474.44829,0.3410646915435791,1609701474.1669455,1609701474.1749938,0.008048295974731445
cdd014935d764fcba036b3f95c465b29,k-means,warm,exec,queue,0.06770944595336914,4.76837158203125e-07,2.384185791015625e-07,1609701474.111448,1609701474.6374915,0.5260434150695801,1609701474.2309577,1609701474.2379687,0.007010936737060547
46c80e16a0ad4e7a9e2b090c7239ff3d,k-means,warm,exec,queue,0.013221263885498047,2.384185791015625e-07,4.76837158203125e-07,1609701474.113999,1609701474.3757417,0.26174283027648926,1609701474.1665246,1609701474.173507,0.006982326507568359
b8d68f8b26fb4f7bafe844ef232e0866,k-means,warm,exec,queue,0.05684494972229004,4.76837158203125e-07,2.384185791015625e-07,1609701474.116492,1609701474.372376,0.25588393211364746,1609701474.2189493,1609701474.2237785,0.0048291683197021484
7122a770d8a14b79860c4c2c1270eb65,k-means,warm,exec,queue,0.05138874053955078,2.384185791015625e-07,0.0,1609701474.1192458,1609701474.4622211,0.342975378036499,1609701474.2104814,1609701474.216824,0.006342649459838867
a863cead4a3c415cb1ee7492d8cae4b1,k-means,warm,exec,queue,0.0468294620513916,4.76837158203125e-07,0.0,1609701474.1212175,1609701474.5168836,0.39566612243652344,1609701474.2077672,1609701474.213926,0.0061588287353515625
dfe4e6aea057477ab8d0f77cf9071a99,k-means,warm,exec,queue,0.0414884090423584,2.384185791015625e-07,4.76837158203125e-07,1609701474.1226387,1609701474.8097427,0.6871039867401123,1609701474.2035995,1609701474.2094254,0.005825996398925781
39f025397a2d40f3a56ecbffca118d2b,k-means,warm,exec,queue,0.03649592399597168,4.76837158203125e-07,2.384185791015625e-07,1609701474.12406,1609701474.4472766,0.32321667671203613,1609701474.194984,1609701474.2021813,0.007197380065917969
7a83a02dc0224e299d57be95023d32b5,k-means,warm,exec,queue,0.03187680244445801,4.76837158203125e-07,2.384185791015625e-07,1609701474.1256285,1609701474.4494512,0.3238227367401123,1609701474.1896958,1609701474.1961026,0.0064067840576171875
a437cb6154214028aa8d4e768d100ef1,k-means,warm,exec,queue,0.017802715301513672,2.384185791015625e-07,2.384185791015625e-07,1609701474.127053,1609701474.3779192,0.250866174697876,1609701474.1741655,1609701474.1821773,0.008011817932128906
c40ecfb573f241108cb47c620e3178d0,k-means,warm,exec,queue,0.022475004196166992,7.152557373046875e-07,2.384185791015625e-07,1609701474.1284862,1609701474.3741448,0.24565863609313965,1609701474.184233,1609701474.1918519,0.007618904113769531
9573c257308142ca903a100a5b478e34,k-means,warm,exec,queue,0.0625917911529541,2.384185791015625e-07,2.384185791015625e-07,1609701474.1299224,1609701474.6369631,0.5070407390594482,1609701474.222591,1609701474.2284327,0.005841732025146484
8c34c62b0da34404964f476e65aba0ff,k-means,warm,exec,queue,0.02842116355895996,7.152557373046875e-07,2.384185791015625e-07,1609701474.1314394,1609701474.8116243,0.6801848411560059,1609701474.1849499,1609701474.1912475,0.006297588348388672
264868f577c84548825a0fe068594e96,k-means,warm,exec,queue,0.07265090942382812,0.0,2.384185791015625e-07,1609701474.1328766,1609701474.4127991,0.2799224853515625,1609701474.2343054,1609701474.240192,0.005886554718017578
b7e755f02036430eae22adca3417baae,k-means,warm,exec,queue,0.07793855667114258,4.76837158203125e-07,2.384185791015625e-07,1609701474.1342976,1609701474.7453887,0.611091136932373,1609701474.2414284,1609701474.2465456,0.005117177963256836
2b8a2348ed1644888956bb835aad7444,k-means,warm,exec,queue,0.08347034454345703,2.384185791015625e-07,2.384185791015625e-07,1609701474.1357176,1609701474.5189881,0.3832705020904541,1609701474.2463403,1609701474.2526774,0.006337165832519531
063fe8cc88ee4e70a826c84fe390acff,k-means,warm,exec,queue,0.08943557739257812,2.384185791015625e-07,2.384185791015625e-07,1609701474.1372516,1609701474.7422538,0.6050021648406982,1609701474.2542462,1609701474.2588377,0.004591464996337891
0a218967557846fba6fa97114ce03c13,k-means,warm,exec,queue,0.09423136711120605,2.384185791015625e-07,0.0,1609701474.1386752,1609701474.4461913,0.30751609802246094,1609701474.2593322,1609701474.2650208,0.005688667297363281
f28e132bd21a4ac6b2ea2251c5b217c5,k-means,warm,exec,queue,0.10016226768493652,2.384185791015625e-07,2.384185791015625e-07,1609701474.140094,1609701474.7439141,0.6038200855255127,1609701474.2654889,1609701474.269606,0.004117250442504883
b3b933d9274d4190ac5f94a118a99a62,k-means,warm,exec,queue,0.002947092056274414,2.384185791015625e-07,2.384185791015625e-07,1609701475.094986,1609701475.33954,0.2445540428161621,1609701475.1393728,1609701475.146844,0.0074710845947265625
1f224312fcf6461db96ec975134ddd48,video,warm,exec,queue,0.014359712600708008,2.384185791015625e-07,4.76837158203125e-07,1609701475.0988362,1609701475.5356905,0.43685436248779297,1609701475.1551886,1609701475.1713974,0.016208887100219727
5da12435d033476897b8454058deb148,k-means,warm,exec,queue,0.008965253829956055,2.384185791015625e-07,0.0,1609701475.1010256,1609701475.2841506,0.18312501907348633,1609701475.13873,1609701475.1453657,0.0066356658935546875
5232ca5e1e4c49ed81060973211b0d9c,k-means,warm,exec,queue,0.04793572425842285,2.384185791015625e-07,2.384185791015625e-07,1609701475.103166,1609701475.433259,0.3300929069519043,1609701475.1847978,1609701475.1918528,0.007055044174194336
2e1ba47b4c5a4fe1ac736887f3f8b9eb,k-means,warm,exec,queue,0.04250526428222656,2.384185791015625e-07,0.0,1609701475.1055834,1609701475.43735,0.33176660537719727,1609701475.178213,1609701475.183817,0.0056040287017822266
1f06fca8d17a40db84df14e8f90397b3,k-means,warm,exec,queue,0.037270307540893555,0.0,0.0,1609701475.107737,1609701475.2802427,0.17250561714172363,1609701475.1737819,1609701475.179624,0.0058422088623046875
d566ee68c3554d7a8b7ae2db1e715e2d,k-means,warm,exec,queue,0.0315096378326416,2.384185791015625e-07,0.0,1609701475.1094103,1609701475.4369178,0.32750749588012695,1609701475.165329,1609701475.17146,0.00613093376159668
97899b7d96bc4958be1685a7c36a7288,k-means,warm,exec,queue,0.026531219482421875,2.384185791015625e-07,0.0,1609701475.110822,1609701475.2817044,0.1708824634552002,1609701475.1600387,1609701475.1662576,0.006218910217285156
98e656059cc94d3cb4f64267aa8bb3c7,k-means,warm,exec,queue,0.02199411392211914,2.384185791015625e-07,0.0,1609701475.1122599,1609701475.4364457,0.324185848236084,1609701475.1587868,1609701475.164831,0.006044149398803711
aaf73aacad0640f3b6f5a03b16baa541,k-means,warm,exec,queue,0.013373136520385742,2.384185791015625e-07,2.384185791015625e-07,1609701475.1137846,1609701475.2836976,0.16991305351257324,1609701475.143046,1609701475.150382,0.007336139678955078
d56a19a3acb34e64bdfc8268abd26f48,k-means,warm,exec,queue,0.018746137619018555,0.0,0.0,1609701475.115199,1609701475.3384006,0.22320151329040527,1609701475.1491547,1609701475.1565545,0.007399797439575195
e26d16b8e629400f87326a66430f22ed,matmul,warm,exec,queue,0.017129898071289062,0.0,0.0,1609701475.116639,1609701475.5380352,0.42139625549316406,1609701475.1581125,1609701475.1662157,0.008103132247924805
74ae9321f49649d186305ab2f954044c,map_reduce,warm,exec,queue,0.02740168571472168,2.384185791015625e-07,2.384185791015625e-07,1609701475.1181083,1609701475.538469,0.420360803604126,1609701475.1601193,1609701475.2458696,0.08575034141540527
afc74ef33e0944cba035bdbb49f1f788,k-means,warm,exec,queue,0.003942728042602539,4.76837158203125e-07,4.76837158203125e-07,1609701476.0993192,1609701477.1769438,1.0776245594024658,1609701476.1423416,1609701476.1499577,0.0076160430908203125
e9f44c68d9134827852b7e4b229ab64c,k-means,warm,exec,queue,0.050472259521484375,7.152557373046875e-07,2.384185791015625e-07,1609701476.1034877,1609701477.2436342,1.1401464939117432,1609701476.1906805,1609701476.1974766,0.006796121597290039
820bcea0a48b438abcde0967fe267e5b,k-means,warm,exec,queue,0.045806169509887695,2.384185791015625e-07,2.384185791015625e-07,1609701476.106069,1609701477.2932303,1.1871612071990967,1609701476.1854126,1609701476.191535,0.0061223506927490234
9e71591d8f1244988e4c9956bcf57833,k-means,warm,exec,queue,0.04116320610046387,2.384185791015625e-07,0.0,1609701476.108631,1609701477.2868886,1.178257703781128,1609701476.1815507,1609701476.1881268,0.006576061248779297
0239f4b9fe08439ea878f06a4cbf0948,k-means,warm,exec,queue,0.03580355644226074,2.384185791015625e-07,0.0,1609701476.1115005,1609701477.1746619,1.0631613731384277,1609701476.174025,1609701476.1785808,0.004555702209472656
bbea750aa1754d04a1376807b6b0bc44,k-means,warm,exec,queue,0.030616044998168945,2.384185791015625e-07,0.0,1609701476.1132915,1609701477.244971,1.1316795349121094,1609701476.1696079,1609701476.176307,0.006699085235595703
a2275c7aa3164883abf5a6957ae1402c,k-means,warm,exec,queue,0.026194095611572266,2.384185791015625e-07,2.384185791015625e-07,1609701476.1147838,1609701477.1774352,1.0626513957977295,1609701476.1631916,1609701476.1683135,0.005121946334838867
b8e977491d0c4153ac083af521bab28e,k-means,warm,exec,queue,0.009095907211303711,4.76837158203125e-07,0.0,1609701476.1162813,1609701477.2003396,1.0840582847595215,1609701476.1424947,1609701476.150808,0.008313417434692383
17d02978940a4b9598517d821afe8001,k-means,warm,exec,queue,0.014330863952636719,2.384185791015625e-07,0.0,1609701476.1177757,1609701477.2929065,1.175130844116211,1609701476.1477392,1609701476.1560347,0.008295536041259766
32079290f575456a850ab659611de767,k-means,warm,exec,queue,0.018773317337036133,7.152557373046875e-07,2.384185791015625e-07,1609701476.119376,1609701477.3997877,1.280411720275879,1609701476.1531298,1609701476.1609292,0.007799386978149414
f9a793547ded4c80805c0bfcd39f91fe,k-means,warm,exec,queue,0.023820161819458008,2.384185791015625e-07,2.384185791015625e-07,1609701476.1208806,1609701477.292576,1.1716954708099365,1609701476.1577945,1609701476.164268,0.006473541259765625
acb6fc7bb7e943d5aa948a02848e4fd7,k-means,warm,exec,queue,0.007661342620849609,4.76837158203125e-07,2.384185791015625e-07,1609701477.1114492,1609701477.2919786,0.18052935600280762,1609701477.1704245,1609701477.1783767,0.007952213287353516
8ba9269918214e91aca087fb0f10614b,k-means,warm,exec,queue,0.05464005470275879,2.384185791015625e-07,2.384185791015625e-07,1609701477.1159394,1609701477.7380376,0.6220982074737549,1609701477.2210066,1609701477.2274518,0.006445169448852539
eca259ea71c54ac18039cb47ccefd71f,k-means,warm,exec,queue,0.060327768325805664,2.384185791015625e-07,0.0,1609701477.117838,1609701477.700391,0.5825531482696533,1609701477.2260008,1609701477.2321324,0.006131649017333984
3da35ad36b3340b6971a836fac4c6a11,k-means,warm,exec,queue,0.016718387603759766,2.384185791015625e-07,0.0,1609701477.1195092,1609701477.736738,0.6172287464141846,1609701477.177418,1609701477.1849272,0.0075092315673828125
bb78154aedde48ecb306a1452ec9a9f6,k-means,warm,exec,queue,0.02140522003173828,2.384185791015625e-07,0.0,1609701477.1214027,1609701477.3260918,0.20468902587890625,1609701477.1808207,1609701477.187768,0.00694727897644043
d9ccf16b0dbe4886be00125ae1413c16,k-means,warm,exec,queue,0.027095556259155273,2.384185791015625e-07,0.0,1609701477.1230364,1609701477.4332616,0.310225248336792,1609701477.187489,1609701477.193347,0.005857944488525391
2b38cab4783b444a96497625248b9553,k-means,warm,exec,queue,0.03200578689575195,2.384185791015625e-07,2.384185791015625e-07,1609701477.1246884,1609701477.3271573,0.2024688720703125,1609701477.1945794,1609701477.2013311,0.0067517757415771484
ea0c6eb64ca44f3a8e9d396fdadce2d1,k-means,warm,exec,queue,0.03683781623840332,4.76837158203125e-07,2.384185791015625e-07,1609701477.1264408,1609701477.7341864,0.6077456474304199,1609701477.2027926,1609701477.2102058,0.007413148880004883
1267810d5e0d4f83a7c28171f9721af5,k-means,warm,exec,queue,0.041760921478271484,4.76837158203125e-07,4.76837158203125e-07,1609701477.128095,1609701477.7329726,0.6048777103424072,1609701477.2033162,1609701477.209246,0.005929708480834961
4f65919f460046198c29e38b5be21771,k-means,warm,exec,queue,0.04650521278381348,2.384185791015625e-07,2.384185791015625e-07,1609701477.1296766,1609701477.7370849,0.6074082851409912,1609701477.209799,1609701477.2161088,0.0063097476959228516
2c03218765ca43e688861333d600e98e,k-means,warm,exec,queue,0.051694631576538086,4.76837158203125e-07,2.384185791015625e-07,1609701477.1311789,1609701477.5736253,0.4424464702606201,1609701477.2170293,1609701477.2240999,0.0070705413818359375
b8429e59bbfa4ba4b49d3d594fa3ad10,k-means,warm,exec,queue,0.011993408203125,2.384185791015625e-07,4.76837158203125e-07,1609701477.1328201,1609701477.3281324,0.1953122615814209,1609701477.170332,1609701477.1781976,0.007865667343139648
4f848fb37560494da733e0a9d7cbd4f2,k-means,warm,exec,queue,0.06535530090332031,2.384185791015625e-07,2.384185791015625e-07,1609701477.1343331,1609701477.4318233,0.29749011993408203,1609701477.2326746,1609701477.239126,0.00645136833190918
d305b55ae87845d19b733eeffe04c17c,k-means,warm,exec,queue,0.07064938545227051,2.384185791015625e-07,0.0,1609701477.135847,1609701477.9334834,0.7976362705230713,1609701477.237946,1609701477.2442396,0.006293535232543945
b74a827a7d3341728a91549ffd588531,k-means,warm,exec,queue,0.0761260986328125,4.76837158203125e-07,2.384185791015625e-07,1609701477.1373637,1609701477.6656604,0.528296709060669,1609701477.2457712,1609701477.2522757,0.006504535675048828
355937ace77c436fbcbb1975668ee2f2,k-means,warm,exec,queue,0.08073234558105469,2.384185791015625e-07,2.384185791015625e-07,1609701477.1389766,1609701477.4003735,0.2613968849182129,1609701477.249144,1609701477.2551725,0.006028413772583008
6e0332aa598d405b9e8541b95297e4d0,k-means,warm,exec,queue,0.08635330200195312,2.384185791015625e-07,2.384185791015625e-07,1609701477.1404908,1609701477.5747638,0.43427300453186035,1609701477.2541301,1609701477.2608042,0.006674051284790039
ba55ec35eeac4d859d6acc7ff88b8e0d,k-means,warm,exec,queue,0.09122943878173828,2.384185791015625e-07,2.384185791015625e-07,1609701477.1419907,1609701477.934581,0.7925903797149658,1609701477.2607243,1609701477.2668297,0.0061054229736328125
f283ee567d614233b88ea03a2282caf6,video,warm,exec,queue,0.015881776809692383,0.0,2.384185791015625e-07,1609701477.143568,1609701477.7351575,0.5915894508361816,1609701477.1881585,1609701477.2035694,0.015410900115966797
e7b2287d095a4c9394078ce13626ad90,k-means,warm,exec,queue,0.003724336624145508,4.76837158203125e-07,2.384185791015625e-07,1609701478.1039329,1609701478.2183847,0.11445188522338867,1609701478.1452465,1609701478.1538491,0.008602619171142578
e4bb33a7bd4d43be9fb9985cebf8a43e,k-means,warm,exec,queue,0.05285000801086426,2.384185791015625e-07,0.0,1609701478.1071086,1609701478.3120832,0.20497465133666992,1609701478.1956992,1609701478.201933,0.006233692169189453
23be407d17e848c583f9f2143c59f59b,k-means,warm,exec,queue,0.04755115509033203,2.384185791015625e-07,2.384185791015625e-07,1609701478.1086628,1609701478.3701563,0.261493444442749,1609701478.191316,1609701478.1987398,0.007423877716064453
41d6ec6b8d9f47fbb5df53b987c10bd5,k-means,warm,exec,queue,0.04275178909301758,2.384185791015625e-07,0.0,1609701478.1102257,1609701478.34821,0.23798441886901855,1609701478.1843016,1609701478.1891644,0.004862785339355469
b2f9073bb4ac4887aa6b8d149be630a5,k-means,warm,exec,queue,0.03769564628601074,2.384185791015625e-07,0.0,1609701478.1119688,1609701478.310269,0.19830036163330078,1609701478.1793087,1609701478.1855264,0.0062177181243896484
10a393abbcdd4a14adb3226040e08da2,k-means,warm,exec,queue,0.03256797790527344,4.76837158203125e-07,2.384185791015625e-07,1609701478.1135418,1609701478.368645,0.25510311126708984,1609701478.1724908,1609701478.1780353,0.005544424057006836
10b152cde6be4134b06a8ec86c3fe193,k-means,warm,exec,queue,0.02750110626220703,4.76837158203125e-07,2.384185791015625e-07,1609701478.1150813,1609701478.4025104,0.2874290943145752,1609701478.1671686,1609701478.172142,0.004973411560058594
d8ede0686e4742fa9ae8cf6aa02f78b3,k-means,warm,exec,queue,0.010537385940551758,4.76837158203125e-07,2.384185791015625e-07,1609701478.116678,1609701478.2598352,0.1431572437286377,1609701478.1453776,1609701478.1540976,0.008719921112060547
b089a753fc82458d805ab1f7536862e5,k-means,warm,exec,queue,0.015572786331176758,4.76837158203125e-07,0.0,1609701478.118186,1609701478.4283435,0.31015753746032715,1609701478.1504636,1609701478.159065,0.00860142707824707
ce3f71f6fce745b5a62cf676a727ad03,k-means,warm,exec,queue,0.020969152450561523,7.152557373046875e-07,2.384185791015625e-07,1609701478.1198533,1609701478.2616398,0.1417865753173828,1609701478.1575718,1609701478.1646945,0.00712275505065918
e3d59f93cf0b4d5c875377c86cecc2dd,k-means,warm,exec,queue,0.025929927825927734,4.76837158203125e-07,2.384185791015625e-07,1609701478.1213832,1609701478.3460174,0.22463417053222656,1609701478.1660447,1609701478.172335,0.0062901973724365234
8f617245405c44a08b3a0818b7c138f3,k-means,warm,exec,queue,0.002202749252319336,4.76837158203125e-07,2.384185791015625e-07,1609701479.1046,1609701479.2363617,0.13176178932189941,1609701479.1616178,1609701479.171215,0.009597301483154297
6d047f4033d34895b3f7633f674f46a2,k-means,warm,exec,queue,0.04907560348510742,2.384185791015625e-07,0.0,1609701479.1089694,1609701479.3471818,0.23821234703063965,1609701479.2085452,1609701479.2135725,0.005027294158935547
e4be73714b5246dca1de93efa336996e,k-means,warm,exec,queue,0.054360151290893555,4.76837158203125e-07,4.76837158203125e-07,1609701479.1116114,1609701479.5397205,0.42810916900634766,1609701479.2150948,1609701479.2220635,0.00696873664855957
b28421cee7a441c1877aad21405730d5,k-means,warm,exec,queue,0.016329288482666016,4.76837158203125e-07,0.0,1609701479.11427,1609701479.3451495,0.230879545211792,1609701479.1685958,1609701479.1774492,0.008853435516357422
86fb46f15258477a9ce76e87334ee259,k-means,warm,exec,queue,0.02166295051574707,2.384185791015625e-07,2.384185791015625e-07,1609701479.1172185,1609701479.2390265,0.12180805206298828,1609701479.1742377,1609701479.1824417,0.008203983306884766
debc6bad2c1345b9a1241d8328be687f,k-means,warm,exec,queue,0.027372360229492188,4.76837158203125e-07,2.384185791015625e-07,1609701479.1198072,1609701479.3440008,0.22419357299804688,1609701479.1846995,1609701479.193343,0.008643388748168945
6fd9f3baeb0d4fa6bf227ac10db9fca6,k-means,warm,exec,queue,0.032052040100097656,2.384185791015625e-07,0.0,1609701479.1216326,1609701479.3952835,0.2736508846282959,1609701479.1848962,1609701479.1899524,0.005056142807006836
b04c4935895846a587d644afc4748984,k-means,warm,exec,queue,0.03725790977478027,2.384185791015625e-07,0.0,1609701479.1232004,1609701479.4893339,0.366133451461792,1609701479.1903982,1609701479.196608,0.006209850311279297
19adb3295a374357840e11d5c8e3c5d8,k-means,warm,exec,queue,0.04207301139831543,2.384185791015625e-07,0.0,1609701479.1248233,1609701479.3434024,0.21857905387878418,1609701479.1959653,1609701479.2014942,0.005528926849365234
df58ea4b56ee496fb18cd4a4cc4471e6,k-means,warm,exec,queue,0.04682207107543945,4.76837158203125e-07,2.384185791015625e-07,1609701479.1265275,1609701479.5418684,0.4153409004211426,1609701479.20322,1609701479.2101586,0.0069386959075927734
209d6a72cf92445581da067e4076ad53,k-means,warm,exec,queue,0.011313915252685547,2.384185791015625e-07,2.384185791015625e-07,1609701479.1281242,1609701479.237737,0.10961270332336426,1609701479.1627965,1609701479.1712146,0.008418083190917969
f54187f574c643e7a810c2f937b076bc,k-means,warm,exec,queue,0.008181095123291016,4.76837158203125e-07,2.384185791015625e-07,1609701479.1297014,1609701479.3977852,0.2680838108062744,1609701479.1623886,1609701479.1707053,0.008316755294799805
3dede5c2f3d34ff1a782210d694c6944,k-means,warm,exec,queue,0.05981588363647461,2.384185791015625e-07,2.384185791015625e-07,1609701479.1313114,1609701479.344582,0.2132706642150879,1609701479.2195904,1609701479.2243028,0.004712343215942383
c80805ab3d2a49cc8d06a5dfdd629637,k-means,warm,exec,queue,0.0654306411743164,4.76837158203125e-07,2.384185791015625e-07,1609701479.1330204,1609701479.4719687,0.33894824981689453,1609701479.2268891,1609701479.2333276,0.006438493728637695
7f9f90f043f74ddfbe60ea65eb715fbe,video,warm,exec,queue,0.01645636558532715,2.384185791015625e-07,0.0,1609701479.134575,1609701479.3966215,0.26204657554626465,1609701479.184764,1609701479.202235,0.0174710750579834
20eea5066936429799ef663420f9d6ef,k-means,warm,exec,queue,0.00790715217590332,7.152557373046875e-07,2.384185791015625e-07,1609701480.1044426,1609701480.2249172,0.12047457695007324,1609701480.1477516,1609701480.1564176,0.008666038513183594
62d90536946a4462ba124c6eb6fbc3df,k-means,warm,exec,queue,0.032711029052734375,2.384185791015625e-07,0.0,1609701480.1089034,1609701480.374738,0.2658345699310303,1609701480.1779635,1609701480.1843162,0.006352663040161133
bfd55e4525fc4128b736be04d271cea5,k-means,warm,exec,queue,0.038222551345825195,2.384185791015625e-07,2.384185791015625e-07,1609701480.1115358,1609701480.3732142,0.26167845726013184,1609701480.1844838,1609701480.191509,0.007025241851806641
b3543629a87f43adae310959d48ae579,k-means,warm,exec,queue,0.0429842472076416,7.152557373046875e-07,2.384185791015625e-07,1609701480.1141472,1609701480.5179293,0.4037821292877197,1609701480.1875906,1609701480.1928945,0.005303859710693359
a28abb41a2f14b80a9f09d0e21ace6f1,k-means,warm,exec,queue,0.04764151573181152,2.384185791015625e-07,0.0,1609701480.1169467,1609701480.4401467,0.323199987411499,1609701480.1926167,1609701480.198173,0.005556344985961914
332d067529ec406388a1853844ad4108,k-means,warm,exec,queue,0.05245685577392578,2.384185791015625e-07,2.384185791015625e-07,1609701480.1185186,1609701480.4071066,0.2885880470275879,1609701480.199032,1609701480.2040482,0.0050160884857177734
5e92b460bc514a0dba34741ef11a0f6d,k-means,warm,exec,queue,0.05709719657897949,2.384185791015625e-07,2.384185791015625e-07,1609701480.1201108,1609701480.289412,0.16930127143859863,1609701480.2045295,1609701480.2103462,0.00581669807434082
d166b8b922b5437e995d6e401415a666,k-means,warm,exec,queue,0.028221607208251953,4.76837158203125e-07,2.384185791015625e-07,1609701480.1217108,1609701480.331742,0.21003127098083496,1609701480.1728084,1609701480.179768,0.006959676742553711
3aa8c565b7c64037a5d0c333d0acb0ec,k-means,warm,exec,queue,0.022881031036376953,2.384185791015625e-07,2.384185791015625e-07,1609701480.1232953,1609701480.2474952,0.12419986724853516,1609701480.1657948,1609701480.1711984,0.0054035186767578125
54c8586cfe5c4c5198869ecae75fbd00,k-means,warm,exec,queue,0.015586614608764648,4.76837158203125e-07,2.384185791015625e-07,1609701480.125018,1609701480.291213,0.16619515419006348,1609701480.1582224,1609701480.1666002,0.008377790451049805
2766d19af7fb43e4b8bf06436cd5f661,k-means,warm,exec,queue,0.011581897735595703,7.152557373046875e-07,2.384185791015625e-07,1609701480.1265953,1609701480.2230737,0.09647846221923828,1609701480.1531117,1609701480.1617243,0.008612632751464844
89650a34d4e54bcd8a2a9a11e3d3c5a0,matmul,warm,exec,queue,0.022205114364624023,2.384185791015625e-07,0.0,1609701480.1281772,1609701480.5159822,0.3878049850463867,1609701480.166144,1609701480.1779015,0.011757612228393555
6a8326e77d494a2bab8e1e88bc3e508f,k-means,warm,exec,queue,0.005697011947631836,4.76837158203125e-07,2.384185791015625e-07,1609701481.108892,1609701481.26712,0.15822792053222656,1609701481.159343,1609701481.1682649,0.00892186164855957
274d4a3a85be48eb88945918aa746bbb,k-means,warm,exec,queue,0.04556846618652344,2.384185791015625e-07,0.0,1609701481.1132083,1609701481.612892,0.4996836185455322,1609701481.2005775,1609701481.2084198,0.007842302322387695
2590080a574544dba1784f0e2965d3ff,k-means,warm,exec,queue,0.05084681510925293,2.384185791015625e-07,0.0,1609701481.115623,1609701481.8109612,0.695338249206543,1609701481.210664,1609701481.2172954,0.006631374359130859
44072f5cca3f47feb5bd56b91b946512,k-means,warm,exec,queue,0.05606412887573242,2.384185791015625e-07,2.384185791015625e-07,1609701481.1180632,1609701481.408199,0.29013586044311523,1609701481.2119143,1609701481.2185416,0.006627321243286133
4c2ee754bda34eafb355f030f6abe5c6,k-means,warm,exec,queue,0.01870560646057129,2.384185791015625e-07,0.0,1609701481.1207542,1609701481.6969917,0.5762374401092529,1609701481.169677,1609701481.1781566,0.008479595184326172
cabdb0418ba54f8cbb38864010f2cd86,k-means,warm,exec,queue,0.061212778091430664,2.384185791015625e-07,4.76837158203125e-07,1609701481.1231754,1609701481.4105005,0.2873251438140869,1609701481.2169995,1609701481.2231188,0.006119251251220703
656ca978558f476d879e2e8bf2f1ade0,k-means,warm,exec,queue,0.02323627471923828,2.384185791015625e-07,2.384185791015625e-07,1609701481.1253285,1609701481.5178432,0.392514705657959,1609701481.1888254,1609701481.1988163,0.009990930557250977
84a4ab9777f94f9a9270f54aa2984403,k-means,warm,exec,queue,0.028829097747802734,7.152557373046875e-07,4.76837158203125e-07,1609701481.1269104,1609701481.4034035,0.2764930725097656,1609701481.1909125,1609701481.1997776,0.008865118026733398
2a0821ba4fc44345abb6ca049cd1dc35,k-means,warm,exec,queue,0.03644418716430664,2.384185791015625e-07,2.384185791015625e-07,1609701481.1284978,1609701481.4075806,0.2790827751159668,1609701481.1921375,1609701481.201293,0.009155511856079102
9208a07fbc4a4f839d0aeb3aa2fe3be7,k-means,warm,exec,queue,0.04158520698547363,2.384185791015625e-07,2.384185791015625e-07,1609701481.1302023,1609701481.408793,0.27859067916870117,1609701481.1941106,1609701481.200841,0.006730318069458008
39b7f60dacd04df990b55dec61b22a25,k-means,warm,exec,queue,0.014188528060913086,7.152557373046875e-07,2.384185791015625e-07,1609701481.1317735,1609701481.2688274,0.1370539665222168,1609701481.1646874,1609701481.1728737,0.00818634033203125
d4ad3d1102f24a7d800d3649d80db2d9,k-means,warm,exec,queue,0.008678197860717773,2.384185791015625e-07,2.384185791015625e-07,1609701481.133353,1609701481.2253659,0.09201288223266602,1609701481.1594386,1609701481.1679952,0.008556604385375977
7c56fa4c76c44e3bb350bb4cbcf0db7e,k-means,warm,exec,queue,0.06602835655212402,2.384185791015625e-07,0.0,1609701481.1349413,1609701481.610841,0.47589969635009766,1609701481.2264118,1609701481.2332826,0.006870746612548828
8e2c3506a1d64cbba5ea51ca55a328e1,video,warm,exec,queue,0.019695520401000977,2.384185791015625e-07,0.0,1609701481.136624,1609701481.6943698,0.5577456951141357,1609701481.1911235,1609701481.208743,0.017619609832763672
2ea62bc5d8ed451aaf836d0e72097bdc,k-means,warm,exec,queue,8.296966552734375e-05,7.152557373046875e-07,0.0,1609701482.1059217,1609701482.3048797,0.1989579200744629,1609701482.1473453,1609701482.1561162,0.008770942687988281
76bf1b6ca0d0493bb3f469177e55987d,k-means,warm,exec,queue,0.00553441047668457,2.384185791015625e-07,2.384185791015625e-07,1609701482.1102676,1609701482.2200365,0.10976886749267578,1609701482.147565,1609701482.1560647,0.008499860763549805
a472556e522c4eaaa4cd395eba560755,k-means,warm,exec,queue,0.010504007339477539,2.384185791015625e-07,2.384185791015625e-07,1609701482.11293,1609701482.499634,0.3867039680480957,1609701482.1530256,1609701482.1617243,0.008698701858520508
424a982da3aa40909f6bdcce01cc2fce,k-means,warm,exec,queue,0.015105009078979492,4.76837158203125e-07,0.0,1609701482.1155422,1609701482.5002704,0.38472819328308105,1609701482.1581924,1609701482.166832,0.00863957405090332
a7dda9388d514414ae9719a1bc514d1f,k-means,warm,exec,queue,0.019414901733398438,4.76837158203125e-07,2.384185791015625e-07,1609701482.1181827,1609701482.28037,0.1621873378753662,1609701482.1651707,1609701482.1734562,0.0082855224609375
9ba5c6f13fd4491399444e8c09bcf6d3,k-means,warm,exec,queue,0.02409529685974121,2.384185791015625e-07,0.0,1609701482.1209354,1609701482.395486,0.2745506763458252,1609701482.1687295,1609701482.1750772,0.00634765625
c14737fc966e4a0e8056e31e00ed75c7,k-means,warm,exec,queue,0.029636621475219727,2.384185791015625e-07,0.0,1609701482.122539,1609701482.5017781,0.3792390823364258,1609701482.173678,1609701482.1804757,0.00679779052734375
1c49928a1d2d4e619457c9e39d090cd7,k-means,warm,exec,queue,0.034209489822387695,4.76837158203125e-07,2.384185791015625e-07,1609701482.1241443,1609701482.2787282,0.15458393096923828,1609701482.18183,1609701482.1899343,0.008104324340820312
2bb33f7204b74ec99dc39f89ff707644,k-means,warm,exec,queue,0.03953385353088379,7.152557373046875e-07,4.76837158203125e-07,1609701482.1257691,1609701482.496882,0.3711128234863281,1609701482.1866217,1609701482.1930125,0.006390810012817383
2dc3594d629b4a1d9a30b9605dbb4a12,k-means,warm,exec,queue,0.04476785659790039,2.384185791015625e-07,0.0,1609701482.1274855,1609701482.3030906,0.17560505867004395,1609701482.1899033,1609701482.1968694,0.006966114044189453
cbba7cf78b154dcda5fa748d44158b88,k-means,warm,exec,queue,0.005689382553100586,4.76837158203125e-07,2.384185791015625e-07,1609701483.1032,1609701483.216713,0.11351299285888672,1609701483.137515,1609701483.1461143,0.008599281311035156
e4f983e303c542159bb3000ab28a603d,video,warm,exec,queue,0.018746137619018555,2.384185791015625e-07,2.384185791015625e-07,1609701483.1075275,1609701483.364252,0.25672459602355957,1609701483.158152,1609701483.176053,0.017900943756103516
cdd1f6a5ea3f44769245e715a5dce2b9,k-means,warm,exec,queue,0.03286409378051758,4.76837158203125e-07,2.384185791015625e-07,1609701483.1102498,1609701483.322881,0.2126312255859375,1609701483.167561,1609701483.1745293,0.006968259811401367
b76668901cc749128bc283c07601c189,k-means,warm,exec,queue,0.027990102767944336,4.76837158203125e-07,2.384185791015625e-07,1609701483.1129224,1609701483.4398546,0.3269321918487549,1609701483.1643434,1609701483.1724048,0.008061408996582031
8c457ca5712647899a7edfadf3c409c0,k-means,warm,exec,queue,0.02341771125793457,7.152557373046875e-07,2.384185791015625e-07,1609701483.1155293,1609701483.266065,0.15053558349609375,1609701483.158678,1609701483.166398,0.007719993591308594
bf3c9b7dfb3c4d159987f458eb858363,k-means,warm,exec,queue,0.009753227233886719,2.384185791015625e-07,4.76837158203125e-07,1609701483.1176612,1609701483.2144773,0.0968160629272461,1609701483.1427317,1609701483.1517632,0.009031534194946289
5e9ebeef385b40888cae7e886767820b,k-means,warm,exec,queue,0.014201641082763672,2.384185791015625e-07,0.0,1609701483.1192677,1609701483.2643216,0.14505386352539062,1609701483.147285,1609701483.1559608,0.008675813674926758
e472b9135b134766a2cbc6110ed4521e,k-means,warm,exec,queue,0.01891183853149414,4.76837158203125e-07,2.384185791015625e-07,1609701483.1209202,1609701483.2889254,0.16800522804260254,1609701483.1570265,1609701483.1671479,0.010121345520019531
574fa8db6e8a4bbeb9ecc1e307c716dd,k-means,warm,exec,queue,8.320808410644531e-05,4.76837158203125e-07,7.152557373046875e-07,1609701484.1103432,1609701484.2433357,0.13299250602722168,1609701484.1564736,1609701484.165096,0.008622407913208008
a018728e62ee4c349142f9b23a2bf113,k-means,warm,exec,queue,0.007391214370727539,4.76837158203125e-07,2.384185791015625e-07,1609701484.1147916,1609701484.2402768,0.12548518180847168,1609701484.1570058,1609701484.165891,0.00888514518737793
bb0f1a5b965840789bf2815cab5a0380,k-means,warm,exec,queue,0.012512445449829102,4.76837158203125e-07,2.384185791015625e-07,1609701484.1174965,1609701484.2427914,0.12529492378234863,1609701484.16223,1609701484.17041,0.008179903030395508
b6b7f2adfb8a42498d48f65448ac3aad,k-means,warm,exec,queue,0.01697087287902832,4.76837158203125e-07,4.76837158203125e-07,1609701484.1201308,1609701484.3238328,0.20370197296142578,1609701484.1678221,1609701484.1759052,0.008083105087280273
3c398712d28b4f9196e31e595167486e,k-means,warm,exec,queue,0.02247309684753418,2.384185791015625e-07,2.384185791015625e-07,1609701484.122105,1609701484.3922231,0.27011823654174805,1609701484.18271,1609701484.188263,0.005553007125854492
a69089e21acc4ea5b68a90798f5c20e0,k-means,warm,exec,queue,0.0269775390625,4.76837158203125e-07,2.384185791015625e-07,1609701484.123719,1609701484.5492792,0.42556023597717285,1609701484.1851108,1609701484.1927848,0.007673978805541992
c157f7f379fd4bb49a106e908ab20ca7,k-means,warm,exec,queue,0.03144216537475586,2.384185791015625e-07,2.384185791015625e-07,1609701484.125351,1609701484.3580127,0.23266172409057617,1609701484.1856294,1609701484.1913984,0.005769014358520508
c5339e3b52c04ad9a9cb13c862b77512,k-means,warm,exec,queue,0.03623342514038086,4.76837158203125e-07,7.152557373046875e-07,1609701484.1269598,1609701484.3268576,0.19989776611328125,1609701484.1885223,1609701484.1953857,0.00686335563659668
ea370b5c12ac47b68bc4fdef4ab21267,k-means,warm,exec,queue,0.04068899154663086,2.384185791015625e-07,2.384185791015625e-07,1609701484.1286035,1609701484.5166342,0.3880307674407959,1609701484.1965082,1609701484.2044427,0.0079345703125
20bf7aa8da9f45e89e1fcf01c0f6c6ff,k-means,warm,exec,queue,0.045754432678222656,2.384185791015625e-07,2.384185791015625e-07,1609701484.130351,1609701484.3253279,0.194976806640625,1609701484.2007723,1609701484.2073634,0.006591081619262695
fc8a0eccd59c47b28c39a7fca8241968,k-means,warm,exec,queue,0.05044245719909668,2.384185791015625e-07,2.384185791015625e-07,1609701484.1319704,1609701484.3284311,0.19646072387695312,1609701484.2044458,1609701484.2108438,0.00639796257019043
9bbe8f6a96374754b6a9e1fb4b34028c,k-means,warm,exec,queue,0.05499458312988281,2.384185791015625e-07,0.0,1609701484.1336172,1609701484.3905516,0.25693440437316895,1609701484.2129734,1609701484.2199318,0.006958484649658203
59970bc6632044c08840e83dcbcd2826,k-means,warm,exec,queue,0.0024056434631347656,4.76837158203125e-07,4.76837158203125e-07,1609701485.1151383,1609701485.2718792,0.15674090385437012,1609701485.1751451,1609701485.1837885,0.008643388748168945
9372a22c9296403fbfb8269e699d5d5d,k-means,warm,exec,queue,0.05518388748168945,2.384185791015625e-07,2.384185791015625e-07,1609701485.120595,1609701485.4809554,0.36036038398742676,1609701485.2284088,1609701485.2349806,0.006571769714355469
179eaf8becd045549c45e05629c3867f,k-means,warm,exec,queue,0.04558110237121582,2.384185791015625e-07,0.0,1609701485.1234741,1609701485.3870106,0.2635364532470703,1609701485.2180386,1609701485.2238076,0.005769014358520508
d42e112fa04d45b895abd5b260d09c57,k-means,warm,exec,queue,0.05032014846801758,4.76837158203125e-07,2.384185791015625e-07,1609701485.12552,1609701485.3541212,0.22860121726989746,1609701485.2265813,1609701485.2338035,0.007222175598144531
8fc6205dbbd24d478d7ab8145505cb7b,k-means,warm,exec,queue,0.012292623519897461,2.384185791015625e-07,2.384185791015625e-07,1609701485.1273818,1609701485.2735765,0.1461946964263916,1609701485.1760914,1609701485.1850739,0.008982419967651367
446c0989583f4543bfbcff3e59884abc,k-means,warm,exec,queue,0.021845340728759766,4.76837158203125e-07,2.384185791015625e-07,1609701485.1290379,1609701485.4120047,0.28296685218811035,1609701485.1865072,1609701485.1951811,0.008673906326293945
29b655191f1e48fca44d9b09de9af7f2,k-means,warm,exec,queue,0.028295516967773438,4.76837158203125e-07,2.384185791015625e-07,1609701485.1306667,1609701485.3004425,0.16977572441101074,1609701485.2016604,1609701485.2094033,0.007742881774902344
4410dde7eb6b46908fc0021ed15c994a,k-means,warm,exec,queue,0.03425335884094238,2.384185791015625e-07,2.384185791015625e-07,1609701485.1323204,1609701485.387594,0.25527358055114746,1609701485.204948,1609701485.2132404,0.008292436599731445
23a4e43bcbf54c5f94b3f5740dd92ed8,k-means,warm,exec,queue,0.03954458236694336,2.384185791015625e-07,2.384185791015625e-07,1609701485.1339688,1609701485.3547027,0.2207338809967041,1609701485.2054405,1609701485.211441,0.006000518798828125
84117b37d8cb41d6bcb26a790c191e89,k-means,warm,exec,queue,0.04425692558288574,4.76837158203125e-07,2.384185791015625e-07,1609701485.1357453,1609701485.4102385,0.2744932174682617,1609701485.2112308,1609701485.2190194,0.007788658142089844
f1cc348fdb6a4265997b760b16dbf3c7,k-means,warm,exec,queue,0.01734328269958496,2.384185791015625e-07,0.0,1609701485.137374,1609701485.271291,0.13391709327697754,1609701485.181172,1609701485.1899164,0.008744478225708008
95693dc407944d74a7c614cf1a21ef57,k-means,warm,exec,queue,0.007742881774902344,4.76837158203125e-07,2.384185791015625e-07,1609701485.1389835,1609701485.2684247,0.1294412612915039,1609701485.1758726,1609701485.1840682,0.008195638656616211
62361d2485804866bc366a453e5a1f37,k-means,warm,exec,queue,0.06008720397949219,2.384185791015625e-07,2.384185791015625e-07,1609701485.1405978,1609701485.351239,0.21064114570617676,1609701485.232142,1609701485.238602,0.006459951400756836
5813075897aa4902acd2913795381d33,video,warm,exec,queue,0.017455577850341797,4.76837158203125e-07,4.76837158203125e-07,1609701485.1423147,1609701485.4137595,0.27144479751586914,1609701485.2016568,1609701485.2192497,0.017592906951904297
0203f94f8c0c4a8ca80265dab8ed9035,matmul,warm,exec,queue,0.022229909896850586,2.384185791015625e-07,2.384185791015625e-07,1609701485.143942,1609701485.389465,0.24552297592163086,1609701485.205155,1609701485.2171314,0.011976480484008789
19084ae77bea40c188ba04bb2d09d4ef,map_reduce,warm,exec,queue,0.02314901351928711,4.76837158203125e-07,0.0,1609701485.1455884,1609701485.5896845,0.44409608840942383,1609701485.2046304,1609701485.28974,0.08510971069335938
8bcedd5c1a174aa19ba7c0c29802cd79,k-means,warm,exec,queue,0.004960298538208008,4.76837158203125e-07,4.76837158203125e-07,1609701486.1134183,1609701486.2662039,0.1527855396270752,1609701486.162764,1609701486.170347,0.007582902908325195
b56ad342b4214937899c05d1a650f11e,k-means,warm,exec,queue,0.014247655868530273,2.384185791015625e-07,2.384185791015625e-07,1609701486.117569,1609701486.3571165,0.2395474910736084,1609701486.167861,1609701486.175852,0.00799107551574707
0c06429b141540e89c64fecdf06df50e,k-means,warm,exec,queue,0.019538164138793945,2.384185791015625e-07,2.384185791015625e-07,1609701486.1198463,1609701486.3253834,0.2055370807647705,1609701486.1737967,1609701486.181859,0.008062362670898438
882a9f1b1e4a44ff9521dfcd24d81283,k-means,warm,exec,queue,0.024490833282470703,4.76837158203125e-07,2.384185791015625e-07,1609701486.122148,1609701486.5904644,0.46831631660461426,1609701486.178531,1609701486.183578,0.0050470829010009766
e0e7c5c753824c20840998d8a57534de,k-means,warm,exec,queue,0.029000520706176758,2.384185791015625e-07,2.384185791015625e-07,1609701486.1247234,1609701486.3225954,0.19787192344665527,1609701486.183586,1609701486.1898246,0.006238698959350586
c14dc610d95b4bd8bcbf23e9880ba1be,k-means,warm,exec,queue,0.03432893753051758,2.384185791015625e-07,0.0,1609701486.126977,1609701486.3992925,0.27231550216674805,1609701486.1894372,1609701486.1953886,0.005951404571533203
dcd809d815f94d0e817c6ab722d518b9,k-means,warm,exec,queue,0.05829787254333496,4.76837158203125e-07,2.384185791015625e-07,1609701486.1290689,1609701486.4334016,0.3043327331542969,1609701486.2200303,1609701486.2270868,0.007056474685668945
c34648adf01a4781b9b1b7e646a2160a,k-means,warm,exec,queue,0.009035110473632812,2.384185791015625e-07,4.76837158203125e-07,1609701486.1306114,1609701486.2646587,0.134047269821167,1609701486.1626298,1609701486.1708176,0.00818777084350586
655990c7c2694b1a850bd1630282c1c1,k-means,warm,exec,queue,0.05348348617553711,2.384185791015625e-07,2.384185791015625e-07,1609701486.132162,1609701486.5183408,0.38617873191833496,1609701486.21254,1609701486.2180285,0.00548863410949707
ee366efdf9804ea6bc3b2e2f3e2b459f,k-means,warm,exec,queue,0.048685550689697266,4.76837158203125e-07,2.384185791015625e-07,1609701486.1340263,1609701486.3975873,0.2635610103607178,1609701486.2084408,1609701486.214134,0.005693197250366211
9f5a81ce80814c1da7cfd53d0c052568,k-means,warm,exec,queue,0.043001651763916016,2.384185791015625e-07,2.384185791015625e-07,1609701486.1355665,1609701486.5924008,0.4568343162536621,1609701486.200951,1609701486.206435,0.005483865737915039
081adb738bb14a8fadd03fe97c572865,k-means,warm,exec,queue,0.03787684440612793,2.384185791015625e-07,0.0,1609701486.1371324,1609701486.5189476,0.38181519508361816,1609701486.1952355,1609701486.2009182,0.005682706832885742
1d4e20109d5c4cd896d0ac1228af6759,k-means,warm,exec,queue,0.06361246109008789,2.384185791015625e-07,0.0,1609701486.1386802,1609701486.520962,0.3822817802429199,1609701486.223247,1609701486.227214,0.0039670467376708984
4182bfbe7c734ac2a7aae968d9aa89e1,k-means,warm,exec,queue,0.06903481483459473,2.384185791015625e-07,2.384185791015625e-07,1609701486.140364,1609701486.3259943,0.18563032150268555,1609701486.2298505,1609701486.2364645,0.006613969802856445
f43021b09656443f842d83e09bc44b44,k-means,warm,exec,queue,0.006972074508666992,2.384185791015625e-07,2.384185791015625e-07,1609701487.1167948,1609701487.2608068,0.1440119743347168,1609701487.1689246,1609701487.1765897,0.007665157318115234
65859e2893b04b93bc95d83434aeadb4,k-means,warm,exec,queue,0.04572796821594238,2.384185791015625e-07,2.384185791015625e-07,1609701487.1211426,1609701487.3896332,0.2684905529022217,1609701487.2118611,1609701487.2175982,0.0057370662689208984
090798b5a96b4a7781b99a128895884e,k-means,warm,exec,queue,0.051236629486083984,2.384185791015625e-07,2.384185791015625e-07,1609701487.123738,1609701487.4747648,0.3510267734527588,1609701487.2186515,1609701487.2234092,0.00475764274597168
31983022068f4d4292a4504e8ffdb993,k-means,warm,exec,queue,0.05592703819274902,4.76837158203125e-07,2.384185791015625e-07,1609701487.1263504,1609701487.584101,0.4577505588531494,1609701487.223743,1609701487.2302475,0.006504535675048828
18a0f0cf14f84cb19b11b924f1217a35,k-means,warm,exec,queue,0.014509439468383789,2.384185791015625e-07,0.0,1609701487.1292493,1609701487.2613876,0.13213825225830078,1609701487.1753879,1609701487.18374,0.008352041244506836
c57dbb8b285b4a3187fb96550603a49d,k-means,warm,exec,queue,0.018915176391601562,2.384185791015625e-07,2.384185791015625e-07,1609701487.1318378,1609701487.4297678,0.2979300022125244,1609701487.1807327,1609701487.1901772,0.009444475173950195
405d3ae17b8f4ac2b2d92a58e653bfb9,k-means,warm,exec,queue,0.023932218551635742,7.152557373046875e-07,2.384185791015625e-07,1609701487.1335924,1609701487.3885305,0.25493812561035156,1609701487.187239,1609701487.1954908,0.00825190544128418
b8606d8a5eac4e1983d02274ec845fa8,k-means,warm,exec,queue,0.028496265411376953,2.384185791015625e-07,2.384185791015625e-07,1609701487.1351664,1609701487.5128312,0.37766480445861816,1609701487.1904051,1609701487.196666,0.006260871887207031
2de5d9904178433ea3b6a336b2994ace,k-means,warm,exec,queue,0.03292727470397949,2.384185791015625e-07,0.0,1609701487.136757,1609701487.3263414,0.18958449363708496,1609701487.1970391,1609701487.203912,0.006872892379760742
f788d7d094bf49b49e8a3c8fbc781280,k-means,warm,exec,queue,0.03731131553649902,4.76837158203125e-07,2.384185791015625e-07,1609701487.138463,1609701487.3845603,0.24609732627868652,1609701487.2031474,1609701487.2109103,0.007762908935546875
b0bc54ef20b249f49808869b22bb455a,k-means,warm,exec,queue,0.04221081733703613,2.384185791015625e-07,0.0,1609701487.1400375,1609701487.4273965,0.28735899925231934,1609701487.2059348,1609701487.2110438,0.005109071731567383
89a9de9739464104acb3d9b93969df1d,k-means,warm,exec,queue,0.009972810745239258,4.76837158203125e-07,2.384185791015625e-07,1609701487.1416197,1609701487.2580006,0.11638092994689941,1609701487.1703346,1609701487.1786401,0.008305549621582031
743ca927f242400bb28c1d0a6010f6c7,k-means,warm,exec,queue,0.060597896575927734,2.384185791015625e-07,0.0,1609701487.1431942,1609701487.3246248,0.18143057823181152,1609701487.2291074,1609701487.2355356,0.006428241729736328
26bb6fb61192424f8777018087c2ca72,k-means,warm,exec,queue,0.06617951393127441,2.384185791015625e-07,0.0,1609701487.1449122,1609701487.42798,0.2830677032470703,1609701487.2346532,1609701487.2395623,0.004909038543701172
3c8da584458245da9812846049d6cb4d,video,warm,exec,queue,0.014833688735961914,2.384185791015625e-07,0.0,1609701487.1464627,1609701487.3890903,0.24262762069702148,1609701487.1876254,1609701487.204737,0.017111539840698242
784b62be18a440acb35ae14614d5457d,k-means,warm,exec,queue,8.463859558105469e-05,4.76837158203125e-07,4.76837158203125e-07,1609701488.10581,1609701488.2130322,0.10722231864929199,1609701488.142779,1609701488.1513155,0.008536338806152344
937f9c2c525a4ea1b17b10c2d8678adb,k-means,warm,exec,queue,0.0043637752532958984,4.76837158203125e-07,2.384185791015625e-07,1609701488.1100209,1609701488.211225,0.10120415687561035,1609701488.143769,1609701488.1525128,0.008743762969970703
41dc64d52bf34155a3e2036e828eb32e,k-means,warm,exec,queue,0.00928950309753418,4.76837158203125e-07,2.384185791015625e-07,1609701488.1126668,1609701488.2777107,0.16504383087158203,1609701488.1497257,1609701488.1584,0.008674383163452148
f68cb67fb502418293a43262f27353d9,k-means,warm,exec,queue,0.014008283615112305,4.76837158203125e-07,2.384185791015625e-07,1609701488.1152833,1609701488.2353835,0.12010025978088379,1609701488.1533327,1609701488.1621313,0.008798599243164062
c55067581a1e4227a49b9909a8689982,k-means,warm,exec,queue,0.018400907516479492,2.384185791015625e-07,2.384185791015625e-07,1609701488.1179326,1609701488.3631303,0.24519777297973633,1609701488.1602478,1609701488.168525,0.008277177810668945
897a8970510f4dd09810ccd730d2130b,k-means,warm,exec,queue,0.0236053466796875,2.384185791015625e-07,2.384185791015625e-07,1609701488.1206756,1609701488.3647578,0.24408221244812012,1609701488.1654582,1609701488.172325,0.0068666934967041016
538cfaaa65e0469f8777ff239939b9a3,k-means,warm,exec,queue,0.028901338577270508,2.384185791015625e-07,2.384185791015625e-07,1609701488.1222823,1609701488.319233,0.19695067405700684,1609701488.1692328,1609701488.1743324,0.00509953498840332
827cd9cff43e4716ba7c3599caf68c1a,k-means,warm,exec,queue,0.03394722938537598,4.76837158203125e-07,4.76837158203125e-07,1609701488.1238775,1609701488.361344,0.23746657371520996,1609701488.1748874,1609701488.1816583,0.0067708492279052734
485b929a51bf4d4781c1051cf463148a,k-means,warm,exec,queue,0.0009722709655761719,4.76837158203125e-07,2.384185791015625e-07,1609701489.1136963,1609701489.2397697,0.12607336044311523,1609701489.15955,1609701489.168273,0.008723020553588867
a73e9e25c2f94189b8ccb6f192f845aa,k-means,warm,exec,queue,0.010621786117553711,4.76837158203125e-07,2.384185791015625e-07,1609701489.1180341,1609701489.23754,0.1195058822631836,1609701489.1594708,1609701489.16779,0.00831913948059082
41360ecede394a6ea06d78c3a3d4cd89,k-means,warm,exec,queue,0.012556076049804688,2.384185791015625e-07,4.76837158203125e-07,1609701489.120724,1609701489.2402546,0.11953067779541016,1609701489.1648033,1609701489.1734807,0.008677482604980469
1e1ddadc86404370ae7b74815075f5a7,k-means,warm,exec,queue,0.0169525146484375,4.76837158203125e-07,2.384185791015625e-07,1609701489.1233447,1609701489.3084207,0.18507599830627441,1609701489.1704218,1609701489.1790807,0.008658885955810547
48fcdf33e8414b95b3595563a1ecaca8,k-means,warm,exec,queue,0.024416685104370117,2.384185791015625e-07,4.76837158203125e-07,1609701489.1254778,1609701489.3066056,0.18112778663635254,1609701489.1852672,1609701489.1942854,0.009018182754516602
916c8f3c33304bb9b6d0e3d7ec88dbbd,k-means,warm,exec,queue,0.02886366844177246,4.76837158203125e-07,7.152557373046875e-07,1609701489.1270444,1609701489.3964026,0.26935815811157227,1609701489.1879187,1609701489.1942458,0.006327152252197266
8c76b90c25cd48398a422c229a245cee,k-means,warm,exec,queue,0.03459668159484863,4.76837158203125e-07,2.384185791015625e-07,1609701489.1286345,1609701489.499162,0.3705275058746338,1609701489.189256,1609701489.196019,0.006762981414794922
f3ff8a1173984dd0997c81310557f7b9,k-means,warm,exec,queue,0.03932833671569824,2.384185791015625e-07,0.0,1609701489.130214,1609701489.2618566,0.13164258003234863,1609701489.1947312,1609701489.202177,0.007445812225341797
9cba9317b0304f29a2db2a0ba735a757,k-means,warm,exec,queue,0.04375481605529785,2.384185791015625e-07,0.0,1609701489.1317923,1609701489.3722763,0.24048399925231934,1609701489.2050319,1609701489.211794,0.006762027740478516
6f0761cb37144af9bbe541703e950716,k-means,warm,exec,queue,0.04904961585998535,2.384185791015625e-07,2.384185791015625e-07,1609701489.1335104,1609701489.4974542,0.36394381523132324,1609701489.208064,1609701489.2148483,0.006784200668334961
e4b828cdc02f4837b10c8edbcef5b2fc,k-means,warm,exec,queue,0.053333282470703125,2.384185791015625e-07,2.384185791015625e-07,1609701489.1350808,1609701489.4466753,0.31159448623657227,1609701489.2108016,1609701489.2161052,0.005303621292114258
e6e97432a81043d08d0e2c468670f3db,video,warm,exec,queue,0.024273157119750977,2.384185791015625e-07,2.384185791015625e-07,1609701489.1366699,1609701489.3060691,0.16939926147460938,1609701489.1855843,1609701489.20319,0.01760578155517578
9887668fb8974478965a50c24034e592,k-means,warm,exec,queue,0.0016508102416992188,4.76837158203125e-07,2.384185791015625e-07,1609701490.116206,1609701490.352215,0.2360091209411621,1609701490.1645863,1609701490.173396,0.008809804916381836
35158a29a9194fd698f90c5c77446677,k-means,warm,exec,queue,0.0276334285736084,2.384185791015625e-07,2.384185791015625e-07,1609701490.1204357,1609701490.2982585,0.17782282829284668,1609701490.1909037,1609701490.1969671,0.0060634613037109375
89bb945e2308429192e80a8d4c3f7860,k-means,warm,exec,queue,0.03199577331542969,2.384185791015625e-07,2.384185791015625e-07,1609701490.123032,1609701490.2583268,0.13529467582702637,1609701490.191493,1609701490.1976197,0.0061266422271728516
9394cf05ec2f429bb5625a2c03533f6b,k-means,warm,exec,queue,0.036397695541381836,2.384185791015625e-07,2.384185791015625e-07,1609701490.1256394,1609701490.3000014,0.1743619441986084,1609701490.1944356,1609701490.2005658,0.006130218505859375
12cd7e2bc416410197460f5689c41402,k-means,warm,exec,queue,0.022792577743530273,2.384185791015625e-07,2.384185791015625e-07,1609701490.128571,1609701490.3775184,0.2489473819732666,1609701490.189327,1609701490.1978595,0.008532524108886719
95cf17686d184d8d8c4d4bb73c22205d,k-means,warm,exec,queue,0.04983925819396973,2.384185791015625e-07,2.384185791015625e-07,1609701490.1302197,1609701490.557673,0.42745327949523926,1609701490.211343,1609701490.2172573,0.005914211273193359
0bb365157f7544239277f1a75f8cc772,k-means,warm,exec,queue,0.018342971801757812,4.76837158203125e-07,2.384185791015625e-07,1609701490.1318085,1609701490.3739452,0.24213671684265137,1609701490.1750991,1609701490.1839828,0.00888371467590332
fb1ff6ddf9294f9fb7b1adc69d321b9b,k-means,warm,exec,queue,0.013754129409790039,4.76837158203125e-07,2.384185791015625e-07,1609701490.1334066,1609701490.2565937,0.12318706512451172,1609701490.16979,1609701490.1784887,0.008698701858520508
4884d402197a49c984263c3f3af23267,k-means,warm,exec,queue,0.010869026184082031,4.76837158203125e-07,2.384185791015625e-07,1609701490.135001,1609701490.2320487,0.09704780578613281,1609701490.1642504,1609701490.1731994,0.008949041366577148
666ea482765a4dffad1eaa97b1700c1c,k-means,warm,exec,queue,0.04520130157470703,2.384185791015625e-07,4.76837158203125e-07,1609701490.1367478,1609701490.376897,0.24014925956726074,1609701490.2083979,1609701490.2150466,0.0066487789154052734
93adba99d56e4c0ba833a26406fd41cd,k-means,warm,exec,queue,0.04059004783630371,4.76837158203125e-07,0.0,1609701490.138336,1609701490.3792088,0.24087285995483398,1609701490.2054114,1609701490.2128546,0.00744318962097168
a9e02e6ac7a24f1ab3bf97a901cc1021,matmul,warm,exec,queue,0.02269721031188965,2.384185791015625e-07,2.384185791015625e-07,1609701490.1399498,1609701490.3501468,0.21019697189331055,1609701490.191742,1609701490.202284,0.010542154312133789
f7521fdd4fa74a5790939d72ab253b0f,k-means,warm,exec,queue,0.00011181831359863281,7.152557373046875e-07,2.384185791015625e-07,1609701491.1169925,1609701491.3211274,0.20413494110107422,1609701491.196364,1609701491.2051408,0.00877690315246582
9e969b9387054db88343369c82a06cdb,k-means,warm,exec,queue,0.009706974029541016,2.384185791015625e-07,2.384185791015625e-07,1609701491.1211748,1609701491.318318,0.1971430778503418,1609701491.1979544,1609701491.2065427,0.008588314056396484
58dfc6f46f4f4ade94d3a0ad153dfcc9,k-means,warm,exec,queue,0.03483319282531738,2.384185791015625e-07,2.384185791015625e-07,1609701491.123771,1609701491.3216896,0.19791865348815918,1609701491.198286,1609701491.206744,0.00845789909362793
45af066d1a534d4ab49d6751da109b64,k-means,warm,exec,queue,0.03925371170043945,2.384185791015625e-07,0.0,1609701491.1263685,1609701491.4950979,0.3687293529510498,1609701491.2014217,1609701491.2095206,0.008098840713500977
685b50c52b714a13871a69bddbfe9c19,k-means,warm,exec,queue,0.04363870620727539,2.384185791015625e-07,0.0,1609701491.1292565,1609701491.5095603,0.38030385971069336,1609701491.206646,1609701491.2161155,0.00946950912475586
596265c743924f31bf4d1982325247aa,k-means,warm,exec,queue,0.05075645446777344,2.384185791015625e-07,0.0,1609701491.1318321,1609701491.6518998,0.5200676918029785,1609701491.2182834,1609701491.225111,0.006827592849731445
537ae68503a94b4ea4806a16f44e7c77,k-means,warm,exec,queue,0.05499577522277832,2.384185791015625e-07,2.384185791015625e-07,1609701491.133607,1609701491.5109851,0.3773782253265381,1609701491.219721,1609701491.2263138,0.006592750549316406
448a0e9c60864776b637d33809455c7e,k-means,warm,exec,queue,0.059517621994018555,4.76837158203125e-07,2.384185791015625e-07,1609701491.1351922,1609701491.5883534,0.45316123962402344,1609701491.2245646,1609701491.231584,0.007019519805908203
7bfee9ec928a44c29bf004801d753219,k-means,warm,exec,queue,0.0639960765838623,2.384185791015625e-07,2.384185791015625e-07,1609701491.1367972,1609701491.462681,0.3258838653564453,1609701491.2320745,1609701491.2393494,0.0072748661041259766
279a2ac067fb4f4a95dd08ab29962fcb,k-means,warm,exec,queue,0.06801724433898926,4.76837158203125e-07,2.384185791015625e-07,1609701491.138522,1609701491.3589885,0.22046661376953125,1609701491.2365723,1609701491.2434664,0.006894111633300781
2a26181c30414847b274afda3f67644b,k-means,warm,exec,queue,0.07256960868835449,4.76837158203125e-07,2.384185791015625e-07,1609701491.1401057,1609701491.463292,0.32318615913391113,1609701491.2423663,1609701491.249727,0.007360696792602539
09759d357cd3474d9f65438c5664ee4c,k-means,warm,exec,queue,0.07726860046386719,2.384185791015625e-07,2.384185791015625e-07,1609701491.1417065,1609701491.653713,0.5120065212249756,1609701491.2454178,1609701491.2502656,0.00484776496887207
5cde0817e0a048078b3829c5d54d2103,k-means,warm,exec,queue,0.08201074600219727,4.76837158203125e-07,4.76837158203125e-07,1609701491.1433077,1609701491.4596777,0.31637001037597656,1609701491.2505972,1609701491.2558205,0.005223274230957031
eadfb56e7d474995b405087656a7939a,video,warm,exec,queue,0.04208254814147949,2.384185791015625e-07,0.0,1609701491.1450222,1609701491.5889533,0.44393110275268555,1609701491.2186565,1609701491.2358408,0.01718425750732422
d875882cc8aa47eabbced8d398cafde4,k-means,warm,exec,queue,0.0006246566772460938,4.76837158203125e-07,2.384185791015625e-07,1609701492.1178145,1609701492.2393336,0.12151908874511719,1609701492.170417,1609701492.1788776,0.008460521697998047
44b3c2d2a7944e0791f3d84c00a49776,k-means,warm,exec,queue,0.03845095634460449,2.384185791015625e-07,2.384185791015625e-07,1609701492.1221058,1609701492.47893,0.3568241596221924,1609701492.2040803,1609701492.2088783,0.004797935485839844
9a93f489307a4178b58ad591d71e1a69,k-means,warm,exec,queue,0.04294013977050781,2.384185791015625e-07,2.384185791015625e-07,1609701492.1246986,1609701492.3784866,0.2537879943847656,1609701492.2107055,1609701492.2162066,0.0055010318756103516
73a31604258147b9ae7a34f37a006a95,k-means,warm,exec,queue,0.04719400405883789,2.384185791015625e-07,0.0,1609701492.1272435,1609701492.459547,0.332303524017334,1609701492.2144656,1609701492.2190099,0.004544258117675781
b2c10fa270e04d5e81dfd3f941f69e7c,k-means,warm,exec,queue,0.05273795127868652,4.76837158203125e-07,2.384185791015625e-07,1609701492.130108,1609701492.4589627,0.3288545608520508,1609701492.2221577,1609701492.2287238,0.006566047668457031
f91e1cc75f1a49a8a08e8314110b334d,k-means,warm,exec,queue,0.05768871307373047,2.384185791015625e-07,2.384185791015625e-07,1609701492.1327257,1609701492.5040514,0.3713257312774658,1609701492.2260642,1609701492.2321174,0.00605320930480957
ab646a3d1ba046cea84f721b311bf28c,k-means,warm,exec,queue,0.00545811653137207,4.76837158203125e-07,2.384185791015625e-07,1609701492.13425,1609701492.286771,0.15252113342285156,1609701492.1703985,1609701492.1788647,0.008466243743896484
55c9d971cfdd4115aa47926fe8639b88,k-means,warm,exec,queue,0.010690450668334961,2.384185791015625e-07,2.384185791015625e-07,1609701492.1357815,1609701492.237532,0.10175037384033203,1609701492.1710732,1609701492.1797407,0.008667469024658203
ece745b43e7e409d86962f90539323bc,k-means,warm,exec,queue,0.015953540802001953,2.384185791015625e-07,2.384185791015625e-07,1609701492.1373143,1609701492.4548888,0.31757450103759766,1609701492.176048,1609701492.1846657,0.008617639541625977
cccd4b178c4744d0a65837e3f6a2e023,k-means,warm,exec,queue,0.020331382751464844,4.76837158203125e-07,2.384185791015625e-07,1609701492.1389563,1609701492.4600987,0.32114243507385254,1609701492.1813078,1609701492.1895382,0.008230447769165039
22ec2aa2940b4810b2912ff333d198e7,k-means,warm,exec,queue,0.026868104934692383,2.384185791015625e-07,0.0,1609701492.1404843,1609701492.3113625,0.17087817192077637,1609701492.189695,1609701492.1962557,0.006560802459716797
8ac91148cd224ddba8b9075f2a26c790,k-means,warm,exec,queue,0.03182411193847656,4.76837158203125e-07,4.76837158203125e-07,1609701492.142003,1609701492.4204679,0.27846479415893555,1609701492.1932173,1609701492.1979687,0.004751443862915039
b60258e36872464c950c1f27ee90c9b7,k-means,warm,exec,queue,0.03642416000366211,2.384185791015625e-07,0.0,1609701492.1435194,1609701492.4808452,0.3373258113861084,1609701492.198463,1609701492.2044992,0.006036281585693359
9dbe2ce1214f4260b4121f5c2e4560b4,k-means,warm,exec,queue,0.0070192813873291016,2.384185791015625e-07,0.0,1609701493.1156182,1609701493.2416644,0.12604618072509766,1609701493.1558578,1609701493.1646686,0.008810758590698242
c5c17aa88e3e47bba9080bcbbb83ff4c,video,warm,exec,queue,0.018406152725219727,0.0,4.76837158203125e-07,1609701493.1198123,1609701493.2884097,0.16859745979309082,1609701493.1754181,1609701493.1930945,0.017676353454589844
dfb1b13bf1144330889f3142b2ddb1ac,k-means,warm,exec,queue,0.049247026443481445,2.384185791015625e-07,2.384185791015625e-07,1609701493.1224601,1609701493.5317361,0.40927600860595703,1609701493.2044268,1609701493.2100618,0.00563502311706543
d2c42750e26e443a9314edbc79d4dc1f,k-means,warm,exec,queue,0.04449295997619629,2.384185791015625e-07,2.384185791015625e-07,1609701493.1250596,1609701493.483782,0.358722448348999,1609701493.1991367,1609701493.2054617,0.0063250064849853516
ccfbe70f86b64154838c2c6f833bc6f9,k-means,warm,exec,queue,0.03978300094604492,2.384185791015625e-07,2.384185791015625e-07,1609701493.1279423,1609701493.484455,0.35651278495788574,1609701493.1929061,1609701493.1989176,0.006011486053466797
e9ec644e50de4b5ea3dfe923ec2bdcb1,k-means,warm,exec,queue,0.03443598747253418,2.384185791015625e-07,0.0,1609701493.1297092,1609701493.37491,0.24520087242126465,1609701493.1886907,1609701493.1955948,0.006904125213623047
5e5b6c2df4884023a81c1a88f0e179aa,k-means,warm,exec,queue,0.029479026794433594,4.76837158203125e-07,4.76837158203125e-07,1609701493.1312754,1609701493.4258158,0.2945404052734375,1609701493.1829095,1609701493.1893106,0.00640106201171875
32e65b9996704706b075b191c65e100a,k-means,warm,exec,queue,0.02430248260498047,2.384185791015625e-07,2.384185791015625e-07,1609701493.1328723,1609701493.4252076,0.29233527183532715,1609701493.1774478,1609701493.184948,0.007500171661376953
f868983fa0d44a13a8fe6c5833323844,k-means,warm,exec,queue,0.019901275634765625,2.384185791015625e-07,2.384185791015625e-07,1609701493.1344476,1609701493.2632282,0.12878060340881348,1609701493.174498,1609701493.1829262,0.008428096771240234
6d633709b5524f4aa07ab819ce099ff7,k-means,warm,exec,queue,0.010762691497802734,2.384185791015625e-07,2.384185791015625e-07,1609701493.1361504,1609701493.2387779,0.10262751579284668,1609701493.1612842,1609701493.1696186,0.00833439826965332
f3efa46b3e354541b1dde40dbeea2469,k-means,warm,exec,queue,0.015651941299438477,4.76837158203125e-07,2.384185791015625e-07,1609701493.1377409,1609701493.24223,0.10448908805847168,1609701493.1666265,1609701493.1756816,0.009055137634277344
883914f8374a4ba690269bcfaf218e3f,k-means,warm,exec,queue,8.678436279296875e-05,4.76837158203125e-07,2.384185791015625e-07,1609701494.116914,1609701494.233035,0.11612105369567871,1609701494.1604383,1609701494.169079,0.008640766143798828
9c173c8f120a494abbd32ad8fc084c55,k-means,warm,exec,queue,0.006269693374633789,2.384185791015625e-07,2.384185791015625e-07,1609701494.1212773,1609701494.2348804,0.11360311508178711,1609701494.1601055,1609701494.1686795,0.00857400894165039
abc394f2fa9645b68293ceaa95452411,k-means,warm,exec,queue,0.011516332626342773,2.384185791015625e-07,2.384185791015625e-07,1609701494.1238909,1609701494.3136232,0.18973231315612793,1609701494.165463,1609701494.174259,0.008795976638793945
8bf9ad4a96b340b69cde714a08f53142,k-means,warm,exec,queue,0.01594257354736328,4.76837158203125e-07,2.384185791015625e-07,1609701494.126526,1609701494.314211,0.1876847743988037,1609701494.1708791,1609701494.179182,0.008302927017211914
9d113eeab15a44a0b93bba9789b1408d,k-means,warm,exec,queue,0.020287036895751953,4.76837158203125e-07,2.384185791015625e-07,1609701494.129187,1609701494.3411708,0.21198368072509766,1609701494.1786525,1609701494.187594,0.008941411972045898
b26be9400f5f4a17955f836ad2586acf,k-means,warm,exec,queue,0.025746583938598633,4.76837158203125e-07,2.384185791015625e-07,1609701494.1307707,1609701494.30942,0.1786494255065918,1609701494.181008,1609701494.1880069,0.006998777389526367
cf9e58709fa34625a4a9580b19d146c8,k-means,warm,exec,queue,0.031063079833984375,2.384185791015625e-07,0.0,1609701494.132364,1609701494.2746184,0.14225435256958008,1609701494.1871047,1609701494.1925206,0.005415916442871094
477ddd922a384e6ca340901ea7380e70,k-means,warm,exec,queue,0.03586387634277344,4.76837158203125e-07,0.0,1609701494.133947,1609701494.3147817,0.18083477020263672,1609701494.19518,1609701494.2034752,0.008295297622680664
2f3c8b30842a426c9aa1db1f0460b913,k-means,warm,exec,queue,0.04064822196960449,0.0,2.384185791015625e-07,1609701494.135541,1609701494.342638,0.20709705352783203,1609701494.1988406,1609701494.2060428,0.0072021484375
0c11fc62db704bf1b48cd844b108b3f6,k-means,warm,exec,queue,0.04554867744445801,4.76837158203125e-07,2.384185791015625e-07,1609701494.1372786,1609701494.4272075,0.2899289131164551,1609701494.2032282,1609701494.2083457,0.0051174163818359375
9511df65a2404001a8b41292e0e7968d,k-means,warm,exec,queue,0.05043649673461914,2.384185791015625e-07,2.384185791015625e-07,1609701494.1388538,1609701494.3832996,0.24444580078125,1609701494.2098954,1609701494.2175195,0.007624149322509766
f0595523da5642afb5c557d9fb2f5207,k-means,warm,exec,queue,7.414817810058594e-05,4.76837158203125e-07,2.384185791015625e-07,1609701495.129152,1609701495.288648,0.15949583053588867,1609701495.1936626,1609701495.2023313,0.008668661117553711
9e748f2d4e6e46e7baca499c82d07d9a,k-means,warm,exec,queue,0.010879039764404297,2.384185791015625e-07,2.384185791015625e-07,1609701495.1335506,1609701495.2892187,0.15566802024841309,1609701495.194727,1609701495.203679,0.008952140808105469
12aa4d35d3dc4c1eb1555d8a62e3cd4b,k-means,warm,exec,queue,0.01528477668762207,2.384185791015625e-07,0.0,1609701495.1361368,1609701495.2858472,0.14971041679382324,1609701495.197584,1609701495.2065322,0.008948326110839844
579f4ead9f604e92bad98f09e9d722ab,k-means,warm,exec,queue,0.019641399383544922,4.76837158203125e-07,2.384185791015625e-07,1609701495.1387315,1609701496.4494426,1.310711145401001,1609701495.2036393,1609701495.2120237,0.008384466171264648
a45cd2f4edb84c9c996e905c09406d7b,k-means,warm,exec,queue,0.024312257766723633,2.384185791015625e-07,2.384185791015625e-07,1609701495.1416285,1609701496.4021432,1.260514736175537,1609701495.217673,1609701495.226011,0.008337974548339844
1bfb3ce3adf944d18ca422b2d7310fb7,k-means,warm,exec,queue,0.03436708450317383,2.384185791015625e-07,2.384185791015625e-07,1609701495.1442337,1609701497.4305718,2.2863380908966064,1609701495.2228913,1609701495.2305615,0.007670164108276367
2130fdf3e4144c1e8fbcef7ae9bfd9cf,k-means,warm,exec,queue,0.03905296325683594,4.76837158203125e-07,2.384185791015625e-07,1609701495.145938,1609701497.1624591,2.0165212154388428,1609701495.2244954,1609701495.2321007,0.007605314254760742
b3e80b91e2524f16a7404001ec302e21,k-means,warm,exec,queue,0.04345107078552246,2.384185791015625e-07,0.0,1609701495.1474898,1609701497.4282746,2.280784845352173,1609701495.2289674,1609701495.2367308,0.007763385772705078
992ec0d3715745ca9513a0c6d008f8a0,k-means,warm,exec,queue,0.0481410026550293,2.384185791015625e-07,2.384185791015625e-07,1609701495.1491768,1609701496.0731597,0.9239828586578369,1609701495.2358193,1609701495.2426894,0.0068700313568115234
530c1950ee894270b32972e7c271e538,k-means,warm,exec,queue,0.05347275733947754,2.384185791015625e-07,2.384185791015625e-07,1609701495.1507263,1609701496.5603805,1.409654140472412,1609701495.2440486,1609701495.2507443,0.006695747375488281
0c90677025bc45238d99aeddcaef1d2c,k-means,warm,exec,queue,0.05775570869445801,2.384185791015625e-07,0.0,1609701495.1522918,1609701496.5587904,1.406498670578003,1609701495.2455492,1609701495.253004,0.007454872131347656
a1b6606765d3439283a72e2b82e68ea5,k-means,warm,exec,queue,0.06300044059753418,2.384185791015625e-07,2.384185791015625e-07,1609701495.1538303,1609701497.4289744,2.275144100189209,1609701495.250912,1609701495.257198,0.006286144256591797
b90735edede347a1919b7fa5a8a4f421,k-means,warm,exec,queue,0.0682373046875,4.76837158203125e-07,2.384185791015625e-07,1609701495.155479,1609701496.3967223,1.2412433624267578,1609701495.2581325,1609701495.263545,0.005412578582763672
80f676f2b3684263a72288ef8bab81c4,k-means,warm,exec,queue,0.0722506046295166,4.76837158203125e-07,2.384185791015625e-07,1609701495.1570508,1609701496.400959,1.243908166885376,1609701495.2632482,1609701495.2685893,0.005341053009033203
a649e7fe24544a33b27f5ac3e4bd0d8d,video,warm,exec,queue,0.019260406494140625,2.384185791015625e-07,2.384185791015625e-07,1609701495.158617,1609701496.502112,1.3434948921203613,1609701495.221112,1609701495.237514,0.016402006149291992
cbadccacfff844b6a5073521006f7111,matmul,warm,exec,queue,0.02242898941040039,2.384185791015625e-07,0.0,1609701495.1601562,1609701496.0751972,0.9150409698486328,1609701495.2235787,1609701495.23538,0.01180124282836914
43f29a19980a4519be7d70f6055a8d37,map_reduce,warm,exec,queue,0.021491050720214844,2.384185791015625e-07,2.384185791015625e-07,1609701495.1618066,1609701496.561911,1.4001045227050781,1609701495.223653,1609701495.3092728,0.08561968803405762
2e8b9b9f7ffe45f1931ae2616e58254e,disk,warm,exec,queue,0.026659488677978516,0.0,2.384185791015625e-07,1609701495.1633482,1609701496.401583,1.2382347583770752,1609701495.2245774,1609701495.2333913,0.008813858032226562
d7b46d7baed94a01b7e5aabb1ff1b5f2,image,cold,exec,create,0.03752541542053223,4.427651405334473,0.0,1609701495.1649022,1609701499.738719,4.573816776275635,1609701499.6601114,1609701499.6790433,0.018931865692138672
690c70c3661a486e8276552388ea88ef,k-means,warm,exec,queue,7.987022399902344e-05,4.76837158203125e-07,2.384185791015625e-07,1609701496.1134624,1609701497.4254162,1.3119537830352783,1609701496.145011,1609701496.1536436,0.008632659912109375
d791c3c7e2394c399d3e035a45b4638e,k-means,warm,exec,queue,0.0041539669036865234,4.76837158203125e-07,2.384185791015625e-07,1609701496.1176386,1609701496.4967759,0.3791372776031494,1609701496.1454594,1609701496.1539602,0.008500814437866211
e0e37d7054624c978928523b5d7fd63c,k-means,warm,exec,queue,0.008712530136108398,4.76837158203125e-07,2.384185791015625e-07,1609701496.120461,1609701497.392771,1.2723100185394287,1609701496.1502848,1609701496.1586475,0.008362770080566406
ebc560144dfb47829948d45fb1ad5502,k-means,warm,exec,queue,0.013925313949584961,2.384185791015625e-07,2.384185791015625e-07,1609701496.1225338,1609701496.5011718,0.37863802909851074,1609701496.1553433,1609701496.1632528,0.007909536361694336
59854fa8b1d946c283571558ccd2847b,k-means,warm,exec,queue,0.018285036087036133,2.384185791015625e-07,2.384185791015625e-07,1609701496.1241956,1609701497.3580174,1.2338218688964844,1609701496.1624906,1609701496.1707869,0.00829625129699707
403eeab2320f49e8b3d1c3fdbe2276d4,k-means,warm,exec,queue,0.02362203598022461,2.384185791015625e-07,2.384185791015625e-07,1609701496.1258457,1609701497.3564174,1.2305717468261719,1609701496.1660898,1609701496.171401,0.005311250686645508
47af808e47ab454d818e8d7f57e1b472,k-means,warm,exec,queue,0.028716325759887695,2.384185791015625e-07,2.384185791015625e-07,1609701496.1275048,1609701496.4958851,0.3683803081512451,1609701496.170952,1609701496.1772661,0.00631403923034668
810b644fc26846e79f21ed88b2374bce,k-means,warm,exec,queue,0.0009586811065673828,4.76837158203125e-07,2.384185791015625e-07,1609701497.1239395,1609701497.394117,0.27017760276794434,1609701497.182802,1609701497.1910849,0.008282899856567383
24b41823720b4505adf680c1dc4e245d,k-means,warm,exec,queue,0.03669166564941406,2.384185791015625e-07,2.384185791015625e-07,1609701497.128551,1609701497.7320786,0.6035275459289551,1609701497.2181304,1609701497.2258976,0.007767200469970703
4b6cb0ae572141119de033e57ef47e23,k-means,warm,exec,queue,0.041296958923339844,2.384185791015625e-07,2.384185791015625e-07,1609701497.1312606,1609701497.479002,0.34774136543273926,1609701497.2222276,1609701497.2283766,0.0061490535736083984
fd4222dc5fb24c4bb0e2c570f9b839cd,k-means,warm,exec,queue,0.047091007232666016,2.384185791015625e-07,2.384185791015625e-07,1609701497.134048,1609701498.0307033,0.8966553211212158,1609701497.2284539,1609701497.2347481,0.00629425048828125
7735317f54654a13acfd792b9e132f61,k-means,warm,exec,queue,0.05185389518737793,2.384185791015625e-07,2.384185791015625e-07,1609701497.1371408,1609701497.3962727,0.25913190841674805,1609701497.2358038,1609701497.2423697,0.00656580924987793
58fcd6d47ea143208ff86c4a42d1236f,k-means,warm,exec,queue,0.05698680877685547,2.384185791015625e-07,2.384185791015625e-07,1609701497.1388278,1609701497.4811852,0.3423573970794678,1609701497.239063,1609701497.2455132,0.006450176239013672
db4b4fea9a4c4b698b0fc56f11c54f05,k-means,warm,exec,queue,0.0625457763671875,2.384185791015625e-07,2.384185791015625e-07,1609701497.1404746,1609701497.9453914,0.8049168586730957,1609701497.2442245,1609701497.2502198,0.005995273590087891
71055da20c384b81a4bc86988f7ec632,k-means,warm,exec,queue,0.005418539047241211,2.384185791015625e-07,2.384185791015625e-07,1609701497.1421115,1609701498.0300488,0.8879373073577881,1609701497.1835127,1609701497.1916406,0.008127927780151367
368131e5c7e246fd8dbbba6e95c5b50b,k-means,warm,exec,queue,0.010421037673950195,2.384185791015625e-07,0.0,1609701497.1448474,1609701497.5547602,0.4099128246307373,1609701497.1838331,1609701497.1918817,0.008048534393310547
511e76a9c9cf4e87ab17f2e47fcec166,k-means,warm,exec,queue,0.015476465225219727,2.384185791015625e-07,2.384185791015625e-07,1609701497.1464715,1609701497.4236975,0.27722597122192383,1609701497.1888554,1609701497.1971369,0.008281469345092773
cb61653039d14668be39e29e32cb2024,k-means,warm,exec,queue,0.020862579345703125,2.384185791015625e-07,0.0,1609701497.148095,1609701497.4753335,0.3272385597229004,1609701497.195128,1609701497.2034266,0.008298635482788086
d2dd34b8ed8f449892f6d23784abc13e,k-means,warm,exec,queue,0.026257753372192383,2.384185791015625e-07,2.384185791015625e-07,1609701497.1497657,1609701497.3967595,0.2469937801361084,1609701497.205192,1609701497.2127438,0.007551670074462891
e61fcbe49f3443a8a57d05095ded2177,k-means,warm,exec,queue,0.03128981590270996,2.384185791015625e-07,2.384185791015625e-07,1609701497.1514642,1609701497.9475455,0.7960813045501709,1609701497.2060122,1609701497.2111256,0.005113363265991211
58ffd2e37e8e417fb78cf36adb3647e6,k-means,warm,exec,queue,0.03613781929016113,2.384185791015625e-07,0.0,1609701497.1530972,1609701497.479895,0.3267979621887207,1609701497.210882,1609701497.2166855,0.005803585052490234
79ae61b9cdf14d24935f72be2a69b7ce,video,warm,exec,queue,0.022183656692504883,2.384185791015625e-07,0.0,1609701497.1546943,1609701497.47946,0.324765682220459,1609701497.2050526,1609701497.2205257,0.015473127365112305
b2128663aaea4aa98b58cce00fcb09c5,k-means,warm,exec,queue,0.005584001541137695,2.384185791015625e-07,2.384185791015625e-07,1609701498.1237063,1609701498.2293818,0.10567545890808105,1609701498.1658263,1609701498.1753762,0.009549856185913086
ffbee6758e244402910029a9b45ed121,k-means,warm,exec,queue,0.03656578063964844,2.384185791015625e-07,0.0,1609701498.1290164,1609701498.2714894,0.1424729824066162,1609701498.198491,1609701498.2042463,0.005755186080932617
d2f843303c534b068a313f8c2de34dea,k-means,warm,exec,queue,0.041820526123046875,2.384185791015625e-07,2.384185791015625e-07,1609701498.1313531,1609701498.415825,0.2844717502593994,1609701498.2039053,1609701498.2089608,0.005055427551269531
6692709900fe4116aed6ec96f2c164c9,k-means,warm,exec,queue,0.04742264747619629,2.384185791015625e-07,0.0,1609701498.1338112,1609701498.416815,0.2830038070678711,1609701498.2098038,1609701498.2161183,0.006314516067504883
982b9bad26c34d968dcd399c8ecab4c1,k-means,warm,exec,queue,0.053028106689453125,4.76837158203125e-07,2.384185791015625e-07,1609701498.1364279,1609701498.356305,0.21987700462341309,1609701498.2159588,1609701498.2214274,0.005468606948852539
56c0fca24d5746e9aaf4cb757469280f,k-means,warm,exec,queue,0.058638572692871094,2.384185791015625e-07,2.384185791015625e-07,1609701498.1382442,1609701498.455069,0.31682491302490234,1609701498.2217493,1609701498.2281387,0.0063893795013427734
81e2051656674ecc92a6ee5e9da50458,k-means,warm,exec,queue,0.06355905532836914,2.384185791015625e-07,2.384185791015625e-07,1609701498.1396976,1609701498.3568463,0.2171487808227539,1609701498.2271912,1609701498.232037,0.004845857620239258
03bab5ae9a344816a80f5237a76170de,k-means,warm,exec,queue,0.014695167541503906,2.384185791015625e-07,2.384185791015625e-07,1609701498.1411574,1609701498.4182007,0.27704334259033203,1609701498.1757643,1609701498.1836345,0.007870197296142578
d251ab3cfcf949d6bc21d8189f9c3d72,k-means,warm,exec,queue,0.020049333572387695,2.384185791015625e-07,2.384185791015625e-07,1609701498.1426246,1609701498.269967,0.12734246253967285,1609701498.1837487,1609701498.1912289,0.007480144500732422
d303f397cc5f48b9bf7ada7bc398fe07,k-means,warm,exec,queue,0.025482177734375,2.384185791015625e-07,0.0,1609701498.1440794,1609701498.2529268,0.10884737968444824,1609701498.1863368,1609701498.1913924,0.005055665969848633
5f31d0fcaaf14cf0b3f092b28cd31af4,k-means,warm,exec,queue,0.03101038932800293,2.384185791015625e-07,2.384185791015625e-07,1609701498.145659,1609701498.4126341,0.26697516441345215,1609701498.1923072,1609701498.1978943,0.005587100982666016
15dd7758937b48f38400075b9f915ee9,k-means,warm,exec,queue,0.009801626205444336,4.76837158203125e-07,2.384185791015625e-07,1609701498.147104,1609701498.416352,0.26924800872802734,1609701498.170644,1609701498.1777964,0.0071523189544677734
c1a87c2350a24f4d942339038cec9b1f,k-means,warm,exec,queue,0.06821799278259277,2.384185791015625e-07,2.384185791015625e-07,1609701498.14857,1609701498.4538422,0.30527210235595703,1609701498.2344048,1609701498.2414582,0.007053375244140625
a929658b1ee140d09e89231aea466c96,k-means,warm,exec,queue,7.43865966796875e-05,4.76837158203125e-07,2.384185791015625e-07,1609701499.1263986,1609701499.2810416,0.15464305877685547,1609701499.1749854,1609701499.184004,0.009018659591674805
c6decf7db3194f90be4c263f2845071a,k-means,warm,exec,queue,0.008873701095581055,4.76837158203125e-07,2.384185791015625e-07,1609701499.1307864,1609701499.279949,0.14916253089904785,1609701499.175395,1609701499.184003,0.008608102798461914
0c28d79a75d94106aad5d53b095f073e,k-means,warm,exec,queue,0.014085531234741211,2.384185791015625e-07,2.384185791015625e-07,1609701499.133339,1609701499.3948517,0.26151275634765625,1609701499.1796033,1609701499.187572,0.007968664169311523
2be1295bc8314ad797543d197d60cbae,k-means,warm,exec,queue,0.019284486770629883,4.76837158203125e-07,2.384185791015625e-07,1609701499.135818,1609701499.360723,0.22490501403808594,1609701499.1858115,1609701499.1936674,0.007855892181396484
dc8e1b743e24403b839fb105888b6e56,k-means,warm,exec,queue,0.02681422233581543,2.384185791015625e-07,2.384185791015625e-07,1609701499.1376445,1609701499.311182,0.1735374927520752,1609701499.1966586,1609701499.2042007,0.007542133331298828
ec099adf83a245c79376a9063d1546f9,k-means,warm,exec,queue,0.03124094009399414,2.384185791015625e-07,2.384185791015625e-07,1609701499.1390672,1609701499.4007,0.26163291931152344,1609701499.2001534,1609701499.20847,0.008316755294799805
350a5ec47ab642469fcddc5effa4aee2,k-means,warm,exec,queue,0.03592252731323242,2.384185791015625e-07,0.0,1609701499.1405041,1609701499.3099844,0.1694803237915039,1609701499.203048,1609701499.2092469,0.006198883056640625
c1270084614649b185a07c217ee7c8df,k-means,warm,exec,queue,0.04102683067321777,4.76837158203125e-07,2.384185791015625e-07,1609701499.1419275,1609701499.4413254,0.29939794540405273,1609701499.2101085,1609701499.2161555,0.00604701042175293
fc9b727713f84ca689404339fc94048a,k-means,warm,exec,queue,0.04624223709106445,2.384185791015625e-07,4.76837158203125e-07,1609701499.1433794,1609701499.4418752,0.2984957695007324,1609701499.2170806,1609701499.2232962,0.006215572357177734
b6cf94e207b04b16af65c1bc1412889e,k-means,warm,exec,queue,0.0510404109954834,2.384185791015625e-07,0.0,1609701499.144945,1609701499.5124269,0.36748194694519043,1609701499.2214596,1609701499.2272727,0.005813121795654297
e029b86474dc40498c70275f645f6912,k-means,warm,exec,queue,0.055477142333984375,2.384185791015625e-07,2.384185791015625e-07,1609701499.1463692,1609701499.3970976,0.2507283687591553,1609701499.2255995,1609701499.2316535,0.006053924560546875
e9e8530f7fae40688fdd26e5a2d70532,k-means,warm,exec,queue,0.060604095458984375,2.384185791015625e-07,2.384185791015625e-07,1609701499.1477928,1609701499.4002607,0.2524678707122803,1609701499.2323747,1609701499.237379,0.005004405975341797
119e80de28044159af14efceb5895bff,k-means,warm,exec,queue,0.06514143943786621,2.384185791015625e-07,2.384185791015625e-07,1609701499.149237,1609701499.3977525,0.24851560592651367,1609701499.2375681,1609701499.2434604,0.005892276763916016
d60968d66a394613a16b504da9f4dfbd,video,warm,exec,queue,0.018184900283813477,2.384185791015625e-07,0.0,1609701499.1507766,1609701499.4382572,0.28748059272766113,1609701499.1969552,1609701499.2121534,0.015198230743408203
137f4634b05746b18b44a1193d3ddbeb,k-means,warm,exec,queue,0.00520014762878418,2.384185791015625e-07,0.0,1609701500.1261265,1609701500.2479744,0.12184786796569824,1609701500.1781466,1609701500.1861274,0.007980823516845703
ef2e831b4d124e0ba950e4be92286250,k-means,warm,exec,queue,0.03660154342651367,2.384185791015625e-07,2.384185791015625e-07,1609701500.1297424,1609701500.4209275,0.2911851406097412,1609701500.2125878,1609701500.2186093,0.0060214996337890625
e1944a6de0cd474da8a829f6d12e152c,k-means,warm,exec,queue,0.04167485237121582,2.384185791015625e-07,0.0,1609701500.1317854,1609701500.3894432,0.2576577663421631,1609701500.217283,1609701500.2221856,0.00490260124206543
8ee7d5decbd04f4881d11131529c36db,k-means,warm,exec,queue,0.047203779220581055,2.384185791015625e-07,2.384185791015625e-07,1609701500.1338544,1609701500.3156507,0.18179631233215332,1609701500.2232153,1609701500.2293239,0.006108522415161133
15544e352b4e46f9b6b4754e9b172944,k-means,warm,exec,queue,0.0519864559173584,2.384185791015625e-07,0.0,1609701500.136117,1609701500.4144893,0.27837228775024414,1609701500.2281353,1609701500.2345955,0.0064601898193359375
33db242c77da429f994b61be4e8544fd,k-means,warm,exec,queue,0.057530879974365234,4.76837158203125e-07,0.0,1609701500.138166,1609701500.3639677,0.22580170631408691,1609701500.2346826,1609701500.2415326,0.006850004196166992
7981ff029c4a4c6dbbe7099c55fc838e,k-means,warm,exec,queue,0.024026870727539062,2.384185791015625e-07,0.0,1609701500.1402214,1609701500.4187577,0.278536319732666,1609701500.1967528,1609701500.2025766,0.005823850631713867
e66964f5b1f4449db44d317ad8797a4a,k-means,warm,exec,queue,0.029047489166259766,2.384185791015625e-07,2.384185791015625e-07,1609701500.142268,1609701500.3140485,0.17178058624267578,1609701500.2001243,1609701500.2060816,0.005957365036010742
6d9d4196c92a4289b71c2014b0e087a5,k-means,warm,exec,queue,0.03365278244018555,2.384185791015625e-07,0.0,1609701500.1443224,1609701500.3412585,0.19693613052368164,1609701500.205274,1609701500.2112718,0.005997657775878906
9352131a71414c54928a2c2a5d4a673a,k-means,warm,exec,queue,0.018402814865112305,2.384185791015625e-07,2.384185791015625e-07,1609701500.1464994,1609701500.2723105,0.12581110000610352,1609701500.1890538,1609701500.1967444,0.0076906681060791016
4f203867b751430a826ea0524e2b3644,k-means,warm,exec,queue,0.013121604919433594,2.384185791015625e-07,2.384185791015625e-07,1609701500.1485417,1609701500.419334,0.27079224586486816,1609701500.1831944,1609701500.1910477,0.007853269577026367
50a433dd83734295930a01f3d24f7e10,k-means,warm,exec,queue,0.008556127548217773,4.76837158203125e-07,2.384185791015625e-07,1609701500.1505895,1609701500.4161499,0.2655603885650635,1609701500.1782615,1609701500.1861138,0.007852315902709961
341efaec735d4a9ea452cb2d5cba0186,k-means,warm,exec,queue,0.0631113052368164,4.76837158203125e-07,2.384185791015625e-07,1609701500.152636,1609701500.3912113,0.23857522010803223,1609701500.2403219,1609701500.24621,0.005888223648071289
ff1918c701354444bca9f4fbe04ab297,matmul,warm,exec,queue,0.01595449447631836,2.384185791015625e-07,0.0,1609701500.155106,1609701500.341853,0.18674683570861816,1609701500.1972995,1609701500.207518,0.010218620300292969
deb852767d8e4ef1b89c42c639f34aa5,k-means,warm,exec,queue,0.005569934844970703,4.76837158203125e-07,0.0,1609701501.1210773,1609701501.2761493,0.15507197380065918,1609701501.1575742,1609701501.1655276,0.007953405380249023
8efbab6f4a2d4802836e435f04269eef,video,warm,exec,queue,0.01787114143371582,4.76837158203125e-07,2.384185791015625e-07,1609701501.1253433,1609701501.280744,0.15540075302124023,1609701501.1755698,1609701501.1911004,0.015530586242675781
444bd872882b478f92d97360153ed59d,k-means,warm,exec,queue,0.025618553161621094,2.384185791015625e-07,2.384185791015625e-07,1609701501.1279628,1609701501.351117,0.22315406799316406,1609701501.1816132,1609701501.188351,0.006737709045410156
ec032fabe019468ca2d543963ae6a469,k-means,warm,exec,queue,0.031255483627319336,2.384185791015625e-07,0.0,1609701501.1306262,1609701501.425977,0.2953507900238037,1609701501.1860993,1609701501.1919713,0.005872011184692383
c49f8916b06c49fea1fbd2f369639762,k-means,warm,exec,queue,0.03600311279296875,4.76837158203125e-07,2.384185791015625e-07,1609701501.1330366,1609701501.427128,0.29409146308898926,1609701501.1910765,1609701501.1953483,0.004271745681762695
c0b14c2ddfe6461c8fe74910d9e69816,k-means,warm,exec,queue,0.042775869369506836,2.384185791015625e-07,2.384185791015625e-07,1609701501.1348226,1609701501.3537843,0.2189617156982422,1609701501.2029412,1609701501.2083366,0.005395412445068359
01ddb080ac4640b5b100abeb4272f703,k-means,warm,exec,queue,0.047502756118774414,2.384185791015625e-07,2.384185791015625e-07,1609701501.1364515,1609701501.3177593,0.18130779266357422,1609701501.2034874,1609701501.2073212,0.003833770751953125
a124c43ba9ae47098dd87afe67e5fef0,k-means,warm,exec,queue,0.020502090454101562,2.384185791015625e-07,2.384185791015625e-07,1609701501.138013,1609701501.354334,0.21632122993469238,1609701501.176752,1609701501.183912,0.0071599483489990234
8c17d99b662d45e593cdb96db2abc283,k-means,warm,exec,queue,0.009046316146850586,2.384185791015625e-07,0.0,1609701501.1395655,1609701501.2777693,0.13820385932922363,1609701501.1622066,1609701501.1697166,0.007509946823120117
b7b6fe6a54934b7a87740d1e0910b4fc,k-means,warm,exec,queue,0.014283895492553711,4.76837158203125e-07,0.0,1609701501.1413355,1609701501.2802129,0.13887739181518555,1609701501.169236,1609701501.1755009,0.006264925003051758
54cc9492737f4a08b7c1351d9f939ed5,k-means,warm,exec,queue,0.008652448654174805,7.152557373046875e-07,2.384185791015625e-07,1609701502.1286604,1609701502.2636652,0.13500475883483887,1609701502.1762218,1609701502.1836967,0.0074748992919921875
894804cf5ab741d1bfb9b026dc00311d,k-means,warm,exec,queue,0.042792558670043945,4.76837158203125e-07,0.0,1609701502.1331582,1609701502.423794,0.2906358242034912,1609701502.2142754,1609701502.2188165,0.004541158676147461
195c7e12f1c246cd8618d65d7ba5cc56,k-means,warm,exec,queue,0.04756784439086914,2.384185791015625e-07,4.76837158203125e-07,1609701502.1357424,1609701502.4209485,0.2852060794830322,1609701502.2194724,1609701502.2239554,0.00448298454284668
55a1b5930dae40f09271a7248b10ed23,k-means,warm,exec,queue,0.05307888984680176,4.76837158203125e-07,2.384185791015625e-07,1609701502.1383321,1609701502.3278482,0.1895160675048828,1609701502.2261457,1609701502.230582,0.0044362545013427734
f3d18f0e8deb4cdf974cdf4ee9deb2d1,k-means,warm,exec,queue,0.057935476303100586,7.152557373046875e-07,4.76837158203125e-07,1609701502.140866,1609701502.364491,0.22362494468688965,1609701502.2309995,1609701502.2354352,0.00443577766418457
4401a21d612d40c2a0f2075ced42cf9f,k-means,warm,exec,queue,0.06315279006958008,2.384185791015625e-07,0.0,1609701502.1424036,1609701502.4273155,0.2849118709564209,1609701502.237423,1609701502.2418923,0.004469394683837891
aa4a301743af4263b36f32069f8ae942,k-means,warm,exec,queue,0.0375523567199707,2.384185791015625e-07,0.0,1609701502.1439464,1609701502.3650565,0.22111010551452637,1609701502.2082486,1609701502.2129471,0.004698514938354492
5d00ef844f3c4b269a7f7c4bd4b6bcaf,k-means,warm,exec,queue,0.03220653533935547,2.384185791015625e-07,2.384185791015625e-07,1609701502.1455107,1609701502.2857761,0.14026546478271484,1609701502.203791,1609701502.2086742,0.004883289337158203
9e39dddc9b44422586970ff5f54283cf,k-means,warm,exec,queue,0.027858495712280273,2.384185791015625e-07,0.0,1609701502.1470568,1609701502.2877986,0.14074182510375977,1609701502.1976352,1609701502.2025163,0.004881143569946289
3b19f40bb1b24df5ae49f7e5aca3b042,k-means,warm,exec,queue,0.02260422706604004,2.384185791015625e-07,2.384185791015625e-07,1609701502.1487367,1609701502.4269714,0.27823472023010254,1609701502.19126,1609701502.1976447,0.006384611129760742
d09be048f9f343fa8ad2c9bf960dd6dc,k-means,warm,exec,queue,0.012708425521850586,2.384185791015625e-07,2.384185791015625e-07,1609701502.1502779,1609701502.2618752,0.11159729957580566,1609701502.1811514,1609701502.1892908,0.008139371871948242
8f6249cf857841ed8ed5a7147248191c,k-means,warm,exec,queue,0.017967700958251953,2.384185791015625e-07,0.0,1609701502.1518283,1609701502.4276273,0.275799036026001,1609701502.1871178,1609701502.1954968,0.008378982543945312
26ea82a2c8944baca79a5bc6127807fe,k-means,warm,exec,queue,0.06823515892028809,7.152557373046875e-07,2.384185791015625e-07,1609701502.1534238,1609701502.424421,0.2709972858428955,1609701502.2420592,1609701502.2462428,0.004183530807495117
34af5cc45b954b2d99619445564b6032,k-means,warm,exec,queue,0.07326364517211914,4.76837158203125e-07,0.0,1609701502.1551201,1609701502.3863542,0.23123407363891602,1609701502.2480772,1609701502.2521148,0.004037618637084961
006854f45b5f4785b34a278a192e3273,k-means,warm,exec,queue,0.0019423961639404297,2.384185791015625e-07,2.384185791015625e-07,1609701503.131144,1609701503.2563052,0.12516117095947266,1609701503.1807127,1609701503.1889362,0.008223533630371094
4738c593ac3f4e8289638f41c1fb1155,k-means,warm,exec,queue,0.04040217399597168,4.76837158203125e-07,0.0,1609701503.1358898,1609701503.500568,0.36467814445495605,1609701503.220225,1609701503.227847,0.0076220035552978516
cabf10cb005046838c29dcd40dec9c00,k-means,warm,exec,queue,0.044963836669921875,2.384185791015625e-07,2.384185791015625e-07,1609701503.1386385,1609701503.3744001,0.2357616424560547,1609701503.2233217,1609701503.2284873,0.005165576934814453
ea3b6eb9b5024937a303000b16cf8324,k-means,warm,exec,queue,0.049333810806274414,2.384185791015625e-07,2.384185791015625e-07,1609701503.1410868,1609701503.4645934,0.32350659370422363,1609701503.2273026,1609701503.2329404,0.0056378841400146484
5872f06dc0c7498e9e20b034b48513f5,k-means,warm,exec,queue,0.0543210506439209,2.384185791015625e-07,4.76837158203125e-07,1609701503.1427279,1609701503.616346,0.4736180305480957,1609701503.2356515,1609701503.2432995,0.007647991180419922
b4d294f3e70146f3b9a32ad0d96871ea,k-means,warm,exec,queue,0.019083023071289062,7.152557373046875e-07,2.384185791015625e-07,1609701503.144177,1609701503.2902699,0.14609289169311523,1609701503.1935658,1609701503.2014089,0.007843017578125
644f759368bb4102bcfe0f8d13945bd9,k-means,warm,exec,queue,0.027680158615112305,0.0,2.384185791015625e-07,1609701503.1457446,1609701503.3308601,0.18511557579040527,1609701503.2053516,1609701503.2117872,0.0064356327056884766
f2dda2b79d5a4709894e11a02caaf68a,k-means,warm,exec,queue,0.032323598861694336,2.384185791015625e-07,2.384185791015625e-07,1609701503.1472034,1609701503.5025332,0.3553297519683838,1609701503.207562,1609701503.2145162,0.006954193115234375
d389130e01cf49aea2206fbdaa7c8b06,k-means,warm,exec,queue,0.037520408630371094,2.384185791015625e-07,2.384185791015625e-07,1609701503.1487834,1609701503.3732522,0.22446870803833008,1609701503.2113004,1609701503.217388,0.006087541580200195
07dcc8fe44f240f3b93b6edb04ad5cce,k-means,warm,exec,queue,0.014606714248657227,2.384185791015625e-07,2.384185791015625e-07,1609701503.1503503,1609701503.2585657,0.10821533203125,1609701503.1862028,1609701503.1943524,0.00814962387084961
9f6528b22e454b2e8bdfa23a6a97221d,k-means,warm,exec,queue,0.009325981140136719,2.384185791015625e-07,0.0,1609701503.151801,1609701503.397458,0.24565696716308594,1609701503.1819413,1609701503.1901915,0.008250236511230469
fdc9d341ffa54095828f05e7dba411dc,k-means,warm,exec,queue,0.006125688552856445,4.76837158203125e-07,2.384185791015625e-07,1609701503.153411,1609701503.2886631,0.1352522373199463,1609701503.1815178,1609701503.1899376,0.00841975212097168
ad47c20f7d03494ba37f37749634ad08,k-means,warm,exec,queue,0.059011220932006836,0.0,0.0,1609701503.1548584,1609701503.3335948,0.17873644828796387,1609701503.238966,1609701503.2447984,0.0058324337005615234
6d730497c1c94c93b5b3d9a72fe81b9c,video,warm,exec,queue,0.016706466674804688,4.76837158203125e-07,2.384185791015625e-07,1609701503.1565447,1609701503.3341684,0.17762374877929688,1609701503.2056947,1609701503.221421,0.015726327896118164
7016f6b06c6a49fe95ca07d6565cf0b4,k-means,warm,exec,queue,0.002635478973388672,7.152557373046875e-07,2.384185791015625e-07,1609701504.134857,1609701504.2790022,0.14414525032043457,1609701504.210769,1609701504.2193255,0.008556604385375977
98911b83bf25481d8133a0059ec52e5f,k-means,warm,exec,queue,0.02375936508178711,2.384185791015625e-07,0.0,1609701504.139385,1609701504.35143,0.21204495429992676,1609701504.2277741,1609701504.2329848,0.0052106380462646484
8097269d2bee4fe7baad8dbb8e11530d,k-means,warm,exec,queue,0.028060436248779297,2.384185791015625e-07,2.384185791015625e-07,1609701504.1413813,1609701504.317506,0.17612481117248535,1609701504.2313302,1609701504.2361333,0.004803180694580078
0df1c199fac845fa9e2ab5b807b313f0,k-means,warm,exec,queue,0.03240680694580078,2.384185791015625e-07,0.0,1609701504.1430008,1609701504.4737177,0.3307168483734131,1609701504.2378178,1609701504.2429147,0.005096912384033203
0d7c3852910145479b97fd7aa9c995f9,k-means,warm,exec,queue,0.03764843940734863,4.76837158203125e-07,0.0,1609701504.1448722,1609701504.3542223,0.2093501091003418,1609701504.2418966,1609701504.2463083,0.0044116973876953125
f2710c193ff54ce6a9a8b87e9ced3911,k-means,warm,exec,queue,0.04287075996398926,2.384185791015625e-07,2.384185791015625e-07,1609701504.1464775,1609701504.6057358,0.4592583179473877,1609701504.2488234,1609701504.2548597,0.006036281585693359
899ad142383f4327b8cda24df4602c59,k-means,warm,exec,queue,0.04806876182556152,2.384185791015625e-07,0.0,1609701504.1480992,1609701504.6024847,0.45438551902770996,1609701504.253096,1609701504.259021,0.00592494010925293
54a7afe3265347faae375e5486fd4c2b,k-means,warm,exec,queue,0.0527493953704834,2.384185791015625e-07,4.76837158203125e-07,1609701504.1497364,1609701504.6075938,0.4578573703765869,1609701504.2604787,1609701504.267871,0.007392168045043945
f036142278e84413a650fc83ccf8f566,k-means,warm,exec,queue,0.05760359764099121,2.384185791015625e-07,0.0,1609701504.151365,1609701504.5448384,0.39347338676452637,1609701504.2647388,1609701504.270566,0.005827188491821289
ad6d2c37d88b4228a049df4b28714529,k-means,warm,exec,queue,0.01840496063232422,2.384185791015625e-07,2.384185791015625e-07,1609701504.1762555,1609701504.3194203,0.14316487312316895,1609701504.221249,1609701504.2296119,0.008362770080566406
bac7fddc6b2047b8a1228e202cf3cd19,k-means,warm,exec,queue,0.011039495468139648,4.76837158203125e-07,0.0,1609701504.1777625,1609701504.276544,0.09878158569335938,1609701504.2105448,1609701504.219027,0.008482217788696289
90a9e8dbddaf4a638c592c94e6953114,k-means,warm,exec,queue,0.016139745712280273,2.384185791015625e-07,2.384185791015625e-07,1609701504.1792653,1609701504.353747,0.17448163032531738,1609701504.2161496,1609701504.224376,0.008226394653320312
bd4c835fe4b44fa0870e7391f9ba4aeb,k-means,warm,exec,queue,0.06217646598815918,2.384185791015625e-07,2.384185791015625e-07,1609701504.1808712,1609701504.4004674,0.21959614753723145,1609701504.2688162,1609701504.273422,0.004605770111083984
37ad7475613b4d85ae12db199ca4d549,k-means,warm,exec,queue,0.06777715682983398,2.384185791015625e-07,2.384185791015625e-07,1609701504.18239,1609701504.471216,0.28882598876953125,1609701504.2803638,1609701504.2858732,0.005509376525878906
886d0ecb221244f98ba3309371666a5d,k-means,warm,exec,queue,0.0733027458190918,2.384185791015625e-07,0.0,1609701504.18388,1609701504.4716952,0.2878150939941406,1609701504.2817984,1609701504.2876513,0.005852937698364258
f4b7ef23983b45f6b63088b072ab8a7f,k-means,warm,exec,queue,0.07850456237792969,2.384185791015625e-07,4.76837158203125e-07,1609701504.185464,1609701504.6051662,0.41970229148864746,1609701504.2869425,1609701504.2923574,0.0054149627685546875
bc7417c38b9b40e5b12f037815447470,k-means,warm,exec,queue,0.007264614105224609,4.76837158203125e-07,2.384185791015625e-07,1609701505.1319013,1609701505.2536335,0.12173223495483398,1609701505.18327,1609701505.192028,0.008758068084716797
052296ae4cd747dca43fa9500eeb45fb,k-means,warm,exec,queue,0.04627418518066406,2.384185791015625e-07,2.384185791015625e-07,1609701505.1363058,1609701505.4448543,0.3085484504699707,1609701505.2279892,1609701505.2339802,0.0059909820556640625
c09dc5ea303e4aa5a03ffa165d483efd,k-means,warm,exec,queue,0.05108213424682617,2.384185791015625e-07,2.384185791015625e-07,1609701505.1389353,1609701505.308801,0.16986560821533203,1609701505.2319944,1609701505.2369719,0.00497746467590332
1229df5d0a4045a2bbd122bc5e378c2a,k-means,warm,exec,queue,0.05596590042114258,2.384185791015625e-07,2.384185791015625e-07,1609701505.1415439,1609701505.4035838,0.2620398998260498,1609701505.2364948,1609701505.24254,0.006045103073120117
e56bda02dbd7460fb349dae7c952c9b1,k-means,warm,exec,queue,0.014919519424438477,2.384185791015625e-07,2.384185791015625e-07,1609701505.144458,1609701505.3045528,0.1600947380065918,1609701505.1888893,1609701505.1975803,0.008691072463989258
baa1ebb7c9ef4af19d2105a0ea913a39,k-means,warm,exec,queue,0.019379138946533203,2.384185791015625e-07,0.0,1609701505.1460867,1609701505.2778456,0.1317589282989502,1609701505.1940968,1609701505.2029386,0.008841753005981445
4d22ecdcd0db4eebadc19bfc8f55f8b5,k-means,warm,exec,queue,0.026658296585083008,2.384185791015625e-07,2.384185791015625e-07,1609701505.1476681,1609701505.4820104,0.33434224128723145,1609701505.207856,1609701505.214102,0.006246089935302734
477c99b842f64ba3902b191dfc4443fe,k-means,warm,exec,queue,0.03398585319519043,2.384185791015625e-07,0.0,1609701505.149278,1609701505.4837563,0.33447837829589844,1609701505.2110744,1609701505.2187753,0.007700920104980469
6a0dbd9927e845cea85620d381ebf0f2,k-means,warm,exec,queue,0.038709163665771484,2.384185791015625e-07,2.384185791015625e-07,1609701505.1508543,1609701505.380935,0.23008060455322266,1609701505.2143588,1609701505.2218287,0.007469892501831055
8abf28a9129c4f559859b5fb3d32d24f,k-means,warm,exec,queue,0.04305768013000488,2.384185791015625e-07,2.384185791015625e-07,1609701505.1525745,1609701505.309654,0.15707945823669434,1609701505.2214465,1609701505.2289524,0.007505893707275391
5d7e65b3b86d49e2ad467d6388eaefbe,k-means,warm,exec,queue,0.00997304916381836,4.76837158203125e-07,2.384185791015625e-07,1609701505.154152,1609701505.2558897,0.10173773765563965,1609701505.1836708,1609701505.1921413,0.008470535278320312
97529c81dca94fb3a83b29f653f71b74,video,warm,exec,queue,0.02742934226989746,2.384185791015625e-07,2.384185791015625e-07,1609701505.155724,1609701505.3446953,0.18897128105163574,1609701505.208986,1609701505.2260435,0.017057418823242188
6e16be07c9684376a97ca28a81b1bac7,matmul,warm,exec,queue,0.02263784408569336,2.384185791015625e-07,2.384185791015625e-07,1609701505.1573417,1609701505.3092375,0.15189576148986816,1609701505.21105,1609701505.2228785,0.011828422546386719
c7c8430355c8461da08df61fc5694e51,map_reduce,warm,exec,queue,0.025503873825073242,0.0,2.384185791015625e-07,1609701505.1590173,1609701505.379377,0.22035956382751465,1609701505.2123864,1609701505.2979958,0.08560943603515625
80f4cc5ccde643e9850703b37795c92c,k-means,warm,exec,queue,0.005989551544189453,4.76837158203125e-07,2.384185791015625e-07,1609701506.1345644,1609701506.2711804,0.13661599159240723,1609701506.1800282,1609701506.1882823,0.008254051208496094
65b3799d38f14c9cafe5831b1c5f65cf,k-means,warm,exec,queue,0.05180549621582031,2.384185791015625e-07,2.384185791015625e-07,1609701506.13884,1609701506.3310754,0.19223546981811523,1609701506.2286997,1609701506.2348495,0.006149768829345703
b0a43e0e89a1471e8fcd5edaa7b3f395,k-means,warm,exec,queue,0.04675889015197754,4.76837158203125e-07,2.384185791015625e-07,1609701506.1414008,1609701506.3603742,0.21897339820861816,1609701506.223784,1609701506.2303813,0.006597280502319336
4e246cdc7dc04d56a407c200c7d42d18,k-means,warm,exec,queue,0.04170823097229004,4.76837158203125e-07,2.384185791015625e-07,1609701506.1438806,1609701506.4286733,0.2847926616668701,1609701506.2189615,1609701506.2235436,0.00458216667175293
0d05f8ee90264f5c8c6a3d49db25fa5e,k-means,warm,exec,queue,0.009878873825073242,4.76837158203125e-07,2.384185791015625e-07,1609701506.146679,1609701506.2693276,0.12264871597290039,1609701506.1792986,1609701506.1875565,0.008257865905761719
c2344018a19042ffa1f4c15eeeabdfa9,k-means,warm,exec,queue,0.014246940612792969,7.152557373046875e-07,2.384185791015625e-07,1609701506.1487966,1609701506.330053,0.18125653266906738,1609701506.1844897,1609701506.1927702,0.008280515670776367
a3b1b861fe8344ad8c4e41bc67423a99,k-means,warm,exec,queue,0.019002914428710938,4.76837158203125e-07,2.384185791015625e-07,1609701506.150235,1609701506.3276632,0.1774282455444336,1609701506.1898317,1609701506.1982973,0.00846552848815918
4b5f5b1d521443e3bf48f6e172da0982,k-means,warm,exec,queue,0.02498650550842285,2.384185791015625e-07,0.0,1609701506.1516628,1609701506.302609,0.15094614028930664,1609701506.1953743,1609701506.203081,0.007706642150878906
f7c2aaf49ed54398ade5f4b482a2b8d1,k-means,warm,exec,queue,0.030330896377563477,4.76837158203125e-07,2.384185791015625e-07,1609701506.1531026,1609701506.3290153,0.17591261863708496,1609701506.204034,1609701506.2095778,0.005543708801269531
3cbe88ffae494a98926d201031354946,k-means,warm,exec,queue,0.034711599349975586,2.384185791015625e-07,0.0,1609701506.1546712,1609701506.301556,0.14688491821289062,1609701506.206335,1609701506.2124631,0.006128072738647461
b9ec9295410d4d998df8878562f1f91d,k-means,warm,exec,queue,0.03943324089050293,2.384185791015625e-07,2.384185791015625e-07,1609701506.1561005,1609701506.3265746,0.17047405242919922,1609701506.2108374,1609701506.2181022,0.007264852523803711
d8edb6ca82064d63812c27c325e9ffa7,k-means,warm,exec,queue,0.0029745101928710938,7.152557373046875e-07,2.384185791015625e-07,1609701507.1447577,1609701507.505604,0.36084628105163574,1609701507.1884677,1609701507.1966078,0.008140087127685547
364d208a90a24ba886c69cf0f0e82b72,k-means,warm,exec,queue,0.04712796211242676,2.384185791015625e-07,2.384185791015625e-07,1609701507.1486533,1609701507.5044608,0.3558075428009033,1609701507.2364001,1609701507.2414649,0.005064725875854492
4f190886944d4cd7a940baeb6de7bccd,video,warm,exec,queue,0.017687082290649414,7.152557373046875e-07,2.384185791015625e-07,1609701507.1516852,1609701507.3832045,0.23151922225952148,1609701507.2084537,1609701507.2251658,0.016712188720703125
3184bb81a420453493890a241b222e34,k-means,warm,exec,queue,0.042316436767578125,2.384185791015625e-07,2.384185791015625e-07,1609701507.1543689,1609701507.663556,0.5091872215270996,1609701507.2341197,1609701507.2400222,0.005902528762817383
bef76cd129aa458da988583baa0c8ca2,k-means,warm,exec,queue,0.03782081604003906,2.384185791015625e-07,2.384185791015625e-07,1609701507.1570218,1609701507.4468133,0.2897915840148926,1609701507.2233107,1609701507.2306976,0.007386922836303711
68698b149f05491bbd9a0d473ec0a8af,k-means,warm,exec,queue,0.03342866897583008,7.152557373046875e-07,2.384185791015625e-07,1609701507.1586215,1609701507.6647608,0.5061392784118652,1609701507.217691,1609701507.2225535,0.004862546920776367
9774c337b69147d297f6bbcc1aa16a4d,k-means,warm,exec,queue,0.028377532958984375,4.76837158203125e-07,2.384185791015625e-07,1609701507.1602273,1609701507.3826923,0.22246503829956055,1609701507.2126749,1609701507.217538,0.004863262176513672
bbee27d686d64432831badddf1878111,k-means,warm,exec,queue,0.023223400115966797,2.384185791015625e-07,0.0,1609701507.1618197,1609701507.5066597,0.34484004974365234,1609701507.2078717,1609701507.2157135,0.007841825485229492
8a8372a8b56f437782276c20344ad97d,k-means,warm,exec,queue,0.008791685104370117,2.384185791015625e-07,2.384185791015625e-07,1609701507.1634097,1609701507.3958423,0.23243260383605957,1609701507.189191,1609701507.1978269,0.008635759353637695
d54dc4456da34cb98683971be7c7141c,k-means,warm,exec,queue,0.014137506484985352,7.152557373046875e-07,2.384185791015625e-07,1609701507.1653357,1609701507.3802176,0.21488189697265625,1609701507.1959932,1609701507.204393,0.008399724960327148
f92bf0a660924f8aab20f6e622bf7b07,k-means,warm,exec,queue,0.01891016960144043,4.76837158203125e-07,2.384185791015625e-07,1609701507.1669245,1609701507.6138911,0.44696664810180664,1609701507.201394,1609701507.209808,0.008414030075073242
da747fad2d3e4df69debad6f0e030872,k-means,warm,exec,queue,0.002379179000854492,7.152557373046875e-07,2.384185791015625e-07,1609701508.136373,1609701508.2742293,0.13785624504089355,1609701508.1907582,1609701508.1984258,0.00766754150390625
86b6ac81c0b746da9dbeb2ad10d5bdfa,k-means,warm,exec,queue,0.04423379898071289,7.152557373046875e-07,0.0,1609701508.140776,1609701508.5790951,0.43831920623779297,1609701508.2325094,1609701508.2392478,0.006738424301147461
3ec470326f384a96855fb9925afffdb7,k-means,warm,exec,queue,0.04851937294006348,4.76837158203125e-07,2.384185791015625e-07,1609701508.143379,1609701508.5253966,0.3820176124572754,1609701508.2365825,1609701508.2411463,0.004563808441162109
d9777aa4bfe8423bb7aeefdbebc4f83b,k-means,warm,exec,queue,0.054013729095458984,4.76837158203125e-07,2.384185791015625e-07,1609701508.1460187,1609701508.549866,0.40384721755981445,1609701508.2434428,1609701508.250429,0.006986141204833984
d12b3c7aacd64f1faedff58d014088be,k-means,warm,exec,queue,0.009298086166381836,2.384185791015625e-07,0.0,1609701508.1487806,1609701508.3359668,0.18718624114990234,1609701508.1912403,1609701508.199156,0.007915735244750977
82b4245eaf8c4c9e9b3a952728f4c6d3,k-means,warm,exec,queue,0.014440774917602539,7.152557373046875e-07,4.76837158203125e-07,1609701508.1503654,1609701508.2777524,0.12738704681396484,1609701508.1984699,1609701508.2073207,0.008850812911987305
a7dea103ddcb4f10a4ce39e9087e3b98,k-means,warm,exec,queue,0.019196748733520508,2.384185791015625e-07,2.384185791015625e-07,1609701508.1519494,1609701508.2985375,0.14658808708190918,1609701508.2088737,1609701508.216858,0.007984161376953125
69d73660b11e4d8eb8edf002dd779e33,k-means,warm,exec,queue,0.026017189025878906,2.384185791015625e-07,0.0,1609701508.1535537,1609701508.5753517,0.4217979907989502,1609701508.209234,1609701508.2155602,0.006326198577880859
45d1828274a24d7aa9105a69018024a5,k-means,warm,exec,queue,0.031183242797851562,4.76837158203125e-07,2.384185791015625e-07,1609701508.1551538,1609701508.3667822,0.21162843704223633,1609701508.2161572,1609701508.222678,0.006520748138427734
ad478a5ad81b4a8ab62717b14af621fc,k-means,warm,exec,queue,0.03606867790222168,7.152557373046875e-07,4.76837158203125e-07,1609701508.156908,1609701508.407169,0.2502610683441162,1609701508.2233257,1609701508.2297745,0.0064487457275390625
79efc1cfae594586839d793009764989,k-means,warm,exec,queue,0.04156804084777832,4.76837158203125e-07,2.384185791015625e-07,1609701508.1585913,1609701508.5771475,0.41855621337890625,1609701508.2272005,1609701508.2347305,0.0075299739837646484
c87c3fb34589455898d95dfa0f65773e,k-means,warm,exec,queue,0.007135152816772461,2.384185791015625e-07,2.384185791015625e-07,1609701508.16016,1609701508.2771473,0.11698722839355469,1609701508.1916478,1609701508.2001977,0.008549928665161133
313d64c612894dcf8cc788871cb55217,k-means,warm,exec,queue,0.05894136428833008,2.384185791015625e-07,2.384185791015625e-07,1609701508.16175,1609701508.3342538,0.17250370979309082,1609701508.2487698,1609701508.2547395,0.0059697628021240234
d07f8547f1b647b3bda7b6519fed012e,k-means,warm,exec,queue,0.06369638442993164,2.384185791015625e-07,0.0,1609701508.1634424,1609701508.4671826,0.3037402629852295,1609701508.2553375,1609701508.2615736,0.006236076354980469
0c23e147e227424fa1cd90a0c889277d,k-means,warm,exec,queue,0.0687246322631836,2.384185791015625e-07,2.384185791015625e-07,1609701508.1650531,1609701508.3324726,0.16741943359375,1609701508.2591765,1609701508.265199,0.006022453308105469
3ea873bc591d45308554cef872131e08,k-means,warm,exec,queue,0.006993532180786133,4.76837158203125e-07,2.384185791015625e-07,1609701509.1330106,1609701509.2455666,0.11255598068237305,1609701509.177424,1609701509.1850321,0.007608175277709961
61fe48a0185e414db9838ab6b212e6cf,k-means,warm,exec,queue,0.04429888725280762,4.76837158203125e-07,2.384185791015625e-07,1609701509.1372855,1609701509.3239026,0.18661713600158691,1609701509.2238505,1609701509.2298698,0.0060193538665771484
12febce5197544d4a9150d827f191f23,k-means,warm,exec,queue,0.04921412467956543,4.76837158203125e-07,2.384185791015625e-07,1609701509.1398792,1609701509.3233943,0.18351507186889648,1609701509.226276,1609701509.2331433,0.006867408752441406
2b82d0b6db474437abb13328ea777fc2,k-means,warm,exec,queue,0.05475568771362305,4.76837158203125e-07,2.384185791015625e-07,1609701509.1425002,1609701509.3205338,0.17803359031677246,1609701509.23901,1609701509.2470515,0.0080413818359375
5f6e3378cd704d6a879d680adb299ff5,k-means,warm,exec,queue,0.04136490821838379,2.384185791015625e-07,2.384185791015625e-07,1609701509.145421,1609701509.2937908,0.14836978912353516,1609701509.2215304,1609701509.2287707,0.00724029541015625
249447197d6d4bfe967c30d9dc362c70,k-means,warm,exec,queue,0.036074161529541016,2.384185791015625e-07,2.384185791015625e-07,1609701509.1480348,1609701509.2972877,0.14925289154052734,1609701509.2100444,1609701509.2175083,0.007463932037353516
3005f9314d0c4a55a2fffaf16d943032,k-means,warm,exec,queue,0.03119182586669922,2.384185791015625e-07,2.384185791015625e-07,1609701509.1497812,1609701509.26836,0.11857867240905762,1609701509.2047427,1609701509.2102277,0.005485057830810547
4e33e020bf7a4804a462a9431387aa64,k-means,warm,exec,queue,0.02645254135131836,7.152557373046875e-07,2.384185791015625e-07,1609701509.1514041,1609701509.2977552,0.14635109901428223,1609701509.1992645,1609701509.2056365,0.006371974945068359
03f61261f82540b19cd3828c04715316,k-means,warm,exec,queue,0.022292137145996094,4.76837158203125e-07,2.384185791015625e-07,1609701509.1530209,1609701509.2700393,0.11701846122741699,1609701509.1934397,1609701509.2010763,0.007636547088623047
1e1e08ad64f44086a069c842929c02fc,k-means,warm,exec,queue,0.015301227569580078,4.76837158203125e-07,2.384185791015625e-07,1609701509.1547434,1609701509.295223,0.14047956466674805,1609701509.1875694,1609701509.1960547,0.00848531723022461
3c5305a75a0b4332bcc1871104ad0222,k-means,warm,exec,queue,0.01030874252319336,4.76837158203125e-07,2.384185791015625e-07,1609701509.1563435,1609701509.2437,0.0873565673828125,1609701509.182403,1609701509.1906877,0.008284568786621094
7d8f0bea65024465bdf958bc7eb456c8,video,warm,exec,queue,0.016518592834472656,2.384185791015625e-07,2.384185791015625e-07,1609701509.1579323,1609701509.4030216,0.24508929252624512,1609701509.1942225,1609701509.2109196,0.016697168350219727
92c2c60592344e40867b312c89fe36c6,matmul,warm,exec,queue,0.0032007694244384766,4.76837158203125e-07,2.384185791015625e-07,1609701510.1150758,1609701510.2062182,0.09114241600036621,1609701510.1296062,1609701510.1407886,0.011182308197021484
2dcacdb9a52a44cba07261055d0036e9,k-means,warm,exec,queue,0.001302480697631836,2.384185791015625e-07,2.384185791015625e-07,1609701511.14527,1609701511.4490128,0.3037426471710205,1609701511.2117403,1609701511.2195277,0.007787466049194336
f71f47b838764bb59e538c8d31b8a083,k-means,warm,exec,queue,0.06010890007019043,2.384185791015625e-07,0.0,1609701511.1497242,1609701511.5348148,0.38509058952331543,1609701511.2673447,1609701511.2716763,0.0043315887451171875
b7ae7b11be334149ba3aebfb4ab17f24,k-means,warm,exec,queue,0.06517291069030762,2.384185791015625e-07,0.0,1609701511.15234,1609701511.6844382,0.5320982933044434,1609701511.2752042,1609701511.2814882,0.006283998489379883
14580423bf4d493390799ae1e24521f1,k-means,warm,exec,queue,0.06995677947998047,2.384185791015625e-07,2.384185791015625e-07,1609701511.154894,1609701511.5335708,0.3786766529083252,1609701511.2781246,1609701511.2836168,0.005492210388183594
92d3ef44fcb141aeaee95f1deaa42ff4,k-means,warm,exec,queue,0.07546806335449219,2.384185791015625e-07,2.384185791015625e-07,1609701511.1577697,1609701511.452679,0.2949092388153076,1609701511.2844117,1609701511.2900798,0.005668163299560547
9c96ecd8dc20431daa3aae1d03e684de,k-means,warm,exec,queue,0.08020210266113281,2.384185791015625e-07,0.0,1609701511.1603289,1609701511.3911076,0.23077869415283203,1609701511.289311,1609701511.293528,0.0042171478271484375
706661ffaa5d4f208e9c0804ffc31ef8,k-means,warm,exec,queue,0.08546757698059082,2.384185791015625e-07,0.0,1609701511.161876,1609701511.6869862,0.5251102447509766,1609701511.2965264,1609701511.3026495,0.006123065948486328
2d03ea156f7547f7892365a4acebcd07,k-means,warm,exec,queue,0.008303403854370117,4.76837158203125e-07,2.384185791015625e-07,1609701511.1633992,1609701511.3274393,0.16404008865356445,1609701511.2105787,1609701511.2180862,0.0075075626373291016
eebbfa055a8049db8a56bd8fe9b335ea,k-means,warm,exec,queue,0.012951135635375977,2.384185791015625e-07,0.0,1609701511.1650763,1609701511.3279865,0.16291022300720215,1609701511.2128239,1609701511.220799,0.007975101470947266
a63bd874135d4c51a17ac68593624e37,k-means,warm,exec,queue,0.017630577087402344,4.76837158203125e-07,7.152557373046875e-07,1609701511.1666083,1609701511.609666,0.4430577754974365,1609701511.218362,1609701511.2259903,0.007628202438354492
ef36265217854ff89ef0895e6d8be73e,k-means,warm,exec,queue,0.022685766220092773,4.76837158203125e-07,2.384185791015625e-07,1609701511.168144,1609701511.3241293,0.15598535537719727,1609701511.2300243,1609701511.2376614,0.00763702392578125
076cd0fce99d4ce09fa3cf8e7a75549a,k-means,warm,exec,queue,0.027924060821533203,2.384185791015625e-07,0.0,1609701511.1696565,1609701511.6113446,0.44168806076049805,1609701511.230236,1609701511.2369168,0.006680727005004883
67f0c72fba5f43ed80f4cccf85eb4978,k-means,warm,exec,queue,0.03342318534851074,7.152557373046875e-07,2.384185791015625e-07,1609701511.171269,1609701511.6100252,0.43875622749328613,1609701511.2352421,1609701511.240017,0.004774808883666992
b5d5cfb67eee4cd29b80beee7f5a49ae,k-means,warm,exec,queue,0.03794550895690918,2.384185791015625e-07,2.384185791015625e-07,1609701511.172798,1609701511.3930502,0.22025227546691895,1609701511.2399404,1609701511.2467244,0.006783962249755859
f3cd073eb9db49abb12489438a47e766,k-means,warm,exec,queue,0.0430145263671875,2.384185791015625e-07,2.384185791015625e-07,1609701511.1743104,1609701511.4436598,0.2693493366241455,1609701511.245431,1609701511.2501748,0.004743814468383789
415a64072dab485782a3fd2191c51e09,k-means,warm,exec,queue,0.04828357696533203,2.384185791015625e-07,2.384185791015625e-07,1609701511.1758163,1609701511.4443152,0.26849889755249023,1609701511.2534754,1609701511.2588103,0.0053348541259765625
1fd5ea24fe7441f78cfd27a49ed7f354,k-means,warm,exec,queue,0.05295085906982422,2.384185791015625e-07,0.0,1609701511.1778142,1609701511.4501379,0.2723236083984375,1609701511.2555509,1609701511.2596908,0.004139900207519531
b46c92add8894c7c8f90df8a972ea511,k-means,warm,exec,queue,0.05787920951843262,4.76837158203125e-07,0.0,1609701511.1793113,1609701511.450666,0.27135467529296875,1609701511.2622206,1609701511.2685385,0.006317853927612305
0a622059151d438f95b6efcbb2f14c35,video,warm,exec,queue,0.02098536491394043,4.76837158203125e-07,2.384185791015625e-07,1609701511.1808288,1609701511.4495966,0.2687678337097168,1609701511.230304,1609701511.2461429,0.0158388614654541
4fe18f9df9624b538700baac05fdae01,k-means,warm,exec,queue,0.0018908977508544922,4.76837158203125e-07,2.384185791015625e-07,1609701512.1389637,1609701512.260284,0.12132024765014648,1609701512.1883333,1609701512.1964493,0.008116006851196289
f651ac16b93a46feb1e9eb23bb8dc989,k-means,warm,exec,queue,0.03631997108459473,2.384185791015625e-07,2.384185791015625e-07,1609701512.1432238,1609701512.3101735,0.16694974899291992,1609701512.2270977,1609701512.2341259,0.007028102874755859
fff6721c217e4145a87ac6aa7c93c2e6,k-means,warm,exec,queue,0.041398048400878906,4.76837158203125e-07,7.152557373046875e-07,1609701512.1458561,1609701512.335629,0.1897728443145752,1609701512.2290087,1609701512.235214,0.006205320358276367
84d47822f3724c90bf430d903ba02e49,k-means,warm,exec,queue,0.04641151428222656,4.76837158203125e-07,2.384185791015625e-07,1609701512.1483986,1609701512.3384333,0.1900346279144287,1609701512.2314909,1609701512.2377908,0.0062999725341796875
eee530e4f47641d89fb684099db60806,k-means,warm,exec,queue,0.05188894271850586,7.152557373046875e-07,2.384185791015625e-07,1609701512.1501594,1609701512.4450893,0.29492998123168945,1609701512.2444527,1609701512.2500472,0.005594491958618164
e62dfcfef8b04bbbbae0a247f458c348,k-means,warm,exec,queue,0.01893782615661621,2.384185791015625e-07,2.384185791015625e-07,1609701512.151721,1609701512.403179,0.25145792961120605,1609701512.2015083,1609701512.2094743,0.007966041564941406
128132208adc46c7905e2e0984bcf7f5,k-means,warm,exec,queue,0.02369093894958496,4.76837158203125e-07,7.152557373046875e-07,1609701512.1533043,1609701512.2848725,0.13156819343566895,1609701512.2107012,1609701512.2173665,0.006665229797363281
90e03d39860b4a96be21c3c4e7b99c5f,k-means,warm,exec,queue,0.028269052505493164,2.384185791015625e-07,2.384185791015625e-07,1609701512.1548722,1609701512.3390517,0.18417954444885254,1609701512.2106707,1609701512.2162862,0.0056154727935791016
617bf3e0e9294306adda5405eeaf2178,k-means,warm,exec,queue,0.0330805778503418,2.384185791015625e-07,2.384185791015625e-07,1609701512.1564512,1609701512.2864957,0.13004446029663086,1609701512.2154355,1609701512.2225587,0.007123231887817383
575d5ac77b0c4600a0c28aa5cbfe3fdd,k-means,warm,exec,queue,0.013510942459106445,2.384185791015625e-07,4.76837158203125e-07,1609701512.1581454,1609701512.3788545,0.22070908546447754,1609701512.193421,1609701512.200619,0.0071980953216552734
5334d6249c1948538a2dc7a36b33adf8,k-means,warm,exec,queue,0.008129119873046875,4.76837158203125e-07,0.0,1609701512.1597154,1609701512.2616837,0.10196828842163086,1609701512.1893787,1609701512.1972592,0.007880449295043945
606d0300c2e94760a2cd96d7613cd513,k-means,warm,exec,queue,0.005905866622924805,2.384185791015625e-07,0.0,1609701512.1613066,1609701512.3436134,0.18230676651000977,1609701512.1892066,1609701512.1968286,0.0076220035552978516
173e3dd73a0440c5aae9e066a622fbf0,k-means,warm,exec,queue,0.05720186233520508,2.384185791015625e-07,2.384185791015625e-07,1609701512.1628537,1609701512.3429925,0.18013882637023926,1609701512.24482,1609701512.2511747,0.006354570388793945
7691ef2b11f94aa7bfb9c8037a8f880c,k-means,warm,exec,queue,0.0620269775390625,2.384185791015625e-07,2.384185791015625e-07,1609701512.1645122,1609701512.4783535,0.3138413429260254,1609701512.248554,1609701512.2549183,0.006364345550537109
733e517edbf34590801af3b42e1b0cc7,k-means,warm,exec,queue,0.006685972213745117,4.76837158203125e-07,2.384185791015625e-07,1609701513.1410224,1609701513.2877567,0.14673423767089844,1609701513.1956527,1609701513.202794,0.0071413516998291016
17988310fdf64bd9bad7348423b05574,k-means,warm,exec,queue,0.04972982406616211,2.384185791015625e-07,2.384185791015625e-07,1609701513.145364,1609701513.3827863,0.23742222785949707,1609701513.2421627,1609701513.2497125,0.007549762725830078
c9ad7b01c486452a8a99ba0a219dfb9b,k-means,warm,exec,queue,0.0541839599609375,4.76837158203125e-07,2.384185791015625e-07,1609701513.1479542,1609701513.6650245,0.5170702934265137,1609701513.246567,1609701513.2529144,0.0063474178314208984
ff9a1134d088413e9ae33f48baec040d,k-means,warm,exec,queue,0.05888724327087402,4.76837158203125e-07,2.384185791015625e-07,1609701513.150534,1609701513.414472,0.26393818855285645,1609701513.2514775,1609701513.2574663,0.0059888362884521484
2350f70a0792477bb3667d17534b9f0a,k-means,warm,exec,queue,0.016534090042114258,4.76837158203125e-07,2.384185791015625e-07,1609701513.1534264,1609701513.3226106,0.16918420791625977,1609701513.2028997,1609701513.2111387,0.008239030838012695
11d1e2a454b643d3a84da1cc52dad0a0,k-means,warm,exec,queue,0.02106761932373047,2.384185791015625e-07,2.384185791015625e-07,1609701513.1560278,1609701513.412882,0.2568542957305908,1609701513.2139058,1609701513.2218528,0.007946968078613281
a9c68fdf617c490ea0ac10540978930c,k-means,warm,exec,queue,0.026968002319335938,2.384185791015625e-07,0.0,1609701513.1577113,1609701513.3242397,0.16652846336364746,1609701513.2136762,1609701513.2210503,0.0073740482330322266
74e7ba17152a4a76bc99c056dfb40a2d,k-means,warm,exec,queue,0.03246307373046875,4.76837158203125e-07,2.384185791015625e-07,1609701513.1592839,1609701513.3209538,0.16166996955871582,1609701513.2196586,1609701513.2246737,0.005015134811401367
65cd65b699e341138bd7173f604b036e,k-means,warm,exec,queue,0.0370328426361084,2.384185791015625e-07,2.384185791015625e-07,1609701513.160866,1609701513.3833601,0.22249412536621094,1609701513.2283802,1609701513.2355716,0.00719141960144043
58e442afbc0348f8ac31f6a5424f5aba,k-means,warm,exec,queue,0.04184103012084961,2.384185791015625e-07,0.0,1609701513.1625617,1609701513.4474502,0.28488850593566895,1609701513.229983,1609701513.2360897,0.00610661506652832
8436cff5cc3f4728b44c158c04bea25f,k-means,warm,exec,queue,0.04720735549926758,2.384185791015625e-07,2.384185791015625e-07,1609701513.1641257,1609701513.5257308,0.361605167388916,1609701513.236712,1609701513.2442951,0.007583141326904297
7339740ad3124f1a840c9dd31040aeae,k-means,warm,exec,queue,0.011497259140014648,4.76837158203125e-07,2.384185791015625e-07,1609701513.1656907,1609701513.2894943,0.12380361557006836,1609701513.19653,1609701513.2043653,0.007835149765014648
df8e4750c83140e0be456ec128c0d538,k-means,warm,exec,queue,0.06324124336242676,2.384185791015625e-07,2.384185791015625e-07,1609701513.1672611,1609701513.3799412,0.21268010139465332,1609701513.2558908,1609701513.2622664,0.006375551223754883
70155da3641740ffb6c32780a1005856,k-means,warm,exec,queue,0.0683596134185791,2.384185791015625e-07,2.384185791015625e-07,1609701513.168966,1609701513.5386622,0.36969614028930664,1609701513.2637243,1609701513.2694461,0.0057218074798583984
8aedd5e18c0146989914feacc7409280,video,warm,exec,queue,0.015951156616210938,2.384185791015625e-07,2.384185791015625e-07,1609701513.1705098,1609701513.5252068,0.35469698905944824,1609701513.2145028,1609701513.2311018,0.016598939895629883
0e75e727034b492eadbfa86a6898c4c8,k-means,warm,exec,queue,0.006269693374633789,4.76837158203125e-07,2.384185791015625e-07,1609701514.135316,1609701514.2695367,0.13422083854675293,1609701514.172034,1609701514.1799834,0.007949352264404297
2f45377171b446d396f3a124745782f3,k-means,warm,exec,queue,0.043688058853149414,2.384185791015625e-07,0.0,1609701514.1395025,1609701514.2992518,0.15974926948547363,1609701514.2118695,1609701514.2189019,0.0070323944091796875
e65b1e7fd68a493ca4d190b5358afb93,k-means,warm,exec,queue,0.03831052780151367,2.384185791015625e-07,0.0,1609701514.1421657,1609701514.533948,0.391782283782959,1609701514.2060947,1609701514.212438,0.006343364715576172
2597bf5f87c948c8923e8611d59d1655,k-means,warm,exec,queue,0.03254890441894531,4.76837158203125e-07,2.384185791015625e-07,1609701514.1448014,1609701514.4086475,0.26384615898132324,1609701514.205825,1609701514.2138917,0.008066654205322266
76ea204af8434bb39a4050827b7bb0a1,k-means,warm,exec,queue,0.027489185333251953,2.384185791015625e-07,2.384185791015625e-07,1609701514.147398,1609701514.475095,0.3276970386505127,1609701514.1936724,1609701514.19847,0.004797697067260742
2cfdaaab42104e269eb73395cb6c2635,k-means,warm,exec,queue,0.02245163917541504,2.384185791015625e-07,2.384185791015625e-07,1609701514.1495478,1609701514.340823,0.19127511978149414,1609701514.1899042,1609701514.1959262,0.006021976470947266
95a1d3aa8730436b94ffa78cda5b67cd,k-means,warm,exec,queue,0.01578974723815918,4.76837158203125e-07,2.384185791015625e-07,1609701514.1511471,1609701514.4105916,0.2594444751739502,1609701514.183958,1609701514.193923,0.009964942932128906
1cdd9e00297a4dd5849e2dcaa40f1281,k-means,warm,exec,queue,0.010532140731811523,2.384185791015625e-07,0.0,1609701514.152749,1609701514.267481,0.11473202705383301,1609701514.1751254,1609701514.1823554,0.007230043411254883
113b37e51eda4142974f0b1e96a40087,k-means,warm,exec,queue,0.048166513442993164,9.5367431640625e-07,2.384185791015625e-07,1609701514.1543598,1609701514.376371,0.22201108932495117,1609701514.2233121,1609701514.2306879,0.0073757171630859375
3ac535df94b848ff92bc0973604c08c3,k-means,warm,exec,queue,0.0009000301361083984,2.384185791015625e-07,4.76837158203125e-07,1609701515.1452634,1609701515.2696407,0.12437725067138672,1609701515.2036395,1609701515.2116292,0.007989645004272461
9941c10302f540a39effefc0167742c3,k-means,warm,exec,queue,0.03784608840942383,2.384185791015625e-07,4.76837158203125e-07,1609701515.1496303,1609701515.3908584,0.2412281036376953,1609701515.237347,1609701515.2449312,0.007584333419799805
414ec0a408854692b3464f2a658b04e1,k-means,warm,exec,queue,0.043288469314575195,2.384185791015625e-07,2.384185791015625e-07,1609701515.1523392,1609701515.3304615,0.17812228202819824,1609701515.2486663,1609701515.2562492,0.007582902908325195
6c25c3606aa54f52a047c1c16c55f0b8,k-means,warm,exec,queue,0.04884028434753418,2.384185791015625e-07,0.0,1609701515.1550303,1609701515.5162222,0.361191987991333,1609701515.2512543,1609701515.2579913,0.0067369937896728516
6739460297c34776bd51af7447f98b3d,k-means,warm,exec,queue,0.05435061454772949,2.384185791015625e-07,0.0,1609701515.158101,1609701515.3294706,0.1713695526123047,1609701515.2550554,1609701515.2614522,0.006396770477294922
9e47ba1e5dd248ec9f0cf5a0094e06d3,k-means,warm,exec,queue,0.05978059768676758,2.384185791015625e-07,2.384185791015625e-07,1609701515.1606956,1609701515.576673,0.41597747802734375,1609701515.2636,1609701515.2711587,0.007558584213256836
5d5276ac612a482c88be431455869a84,k-means,warm,exec,queue,0.06443572044372559,2.384185791015625e-07,2.384185791015625e-07,1609701515.1622581,1609701515.3887208,0.22646260261535645,1609701515.267335,1609701515.2735236,0.006188631057739258
c686e2c56b9646feaf63d9e75e94181c,k-means,warm,exec,queue,0.005150794982910156,4.76837158203125e-07,0.0,1609701515.1638265,1609701515.3284216,0.1645951271057129,1609701515.2041543,1609701515.212294,0.008139848709106445
46469cf046c649fc8d1bdfc405bdfd74,k-means,warm,exec,queue,0.01016092300415039,2.384185791015625e-07,2.384185791015625e-07,1609701515.1654131,1609701515.3019326,0.1365194320678711,1609701515.2041435,1609701515.2122984,0.008154869079589844
53c6e0a856dc44319c4826d63faca4f9,k-means,warm,exec,queue,0.01554107666015625,2.384185791015625e-07,2.384185791015625e-07,1609701515.1671119,1609701515.3520868,0.18497490882873535,1609701515.2084043,1609701515.2146707,0.006266355514526367
d3bcc77c8e424f1fbe8fb225b67f096a,k-means,warm,exec,queue,0.02091670036315918,4.76837158203125e-07,2.384185791015625e-07,1609701515.1686916,1609701515.46249,0.29379844665527344,1609701515.2309396,1609701515.2388072,0.007867574691772461
49f60d5ebb1d4ef69eae06afed848ec3,k-means,warm,exec,queue,0.027978897094726562,4.76837158203125e-07,4.76837158203125e-07,1609701515.1702538,1609701515.3271654,0.15691161155700684,1609701515.2318573,1609701515.2381046,0.006247282028198242
ed1ade39597f48649719ea8a7fda4d68,k-means,warm,exec,queue,0.03677964210510254,2.384185791015625e-07,0.0,1609701515.1718216,1609701515.57612,0.4042983055114746,1609701515.2332342,1609701515.2405384,0.007304191589355469
680e9c85a3944823bbcf85e75d4cc842,video,warm,exec,queue,0.023667573928833008,7.152557373046875e-07,2.384185791015625e-07,1609701515.1735106,1609701515.577992,0.4044814109802246,1609701515.2324252,1609701515.2492683,0.016843080520629883
11ac90edb2824fd5b45e0779d8710993,matmul,warm,exec,queue,0.03218841552734375,2.384185791015625e-07,2.384185791015625e-07,1609701515.1750946,1609701515.3892462,0.21415162086486816,1609701515.233533,1609701515.244372,0.010838985443115234
ebf5b1b0cb0a4bfe81089725409fb7b4,map_reduce,warm,exec,queue,0.03281044960021973,2.384185791015625e-07,2.384185791015625e-07,1609701515.1766622,1609701515.640943,0.4642808437347412,1609701515.2337646,1609701515.3192415,0.08547687530517578
1b02b684925846fcb0d70db8af571cdf,k-means,warm,exec,queue,0.006487131118774414,2.384185791015625e-07,0.0,1609701516.1414897,1609701516.2704625,0.12897276878356934,1609701516.1880403,1609701516.196337,0.008296728134155273
45965d09834b4664b49495c89e6ed92e,k-means,warm,exec,queue,0.047631025314331055,2.384185791015625e-07,2.384185791015625e-07,1609701516.1458125,1609701516.341806,0.19599342346191406,1609701516.233651,1609701516.239083,0.00543212890625
332faa7da763426a9ae5351683347aff,k-means,warm,exec,queue,0.052594661712646484,2.384185791015625e-07,0.0,1609701516.1484444,1609701516.369238,0.2207934856414795,1609701516.2391353,1609701516.2447693,0.0056340694427490234
a2f619177f924886b694e6d847e00dc5,k-means,warm,exec,queue,0.057622671127319336,2.384185791015625e-07,2.384185791015625e-07,1609701516.151027,1609701516.3376484,0.18662142753601074,1609701516.244696,1609701516.2501798,0.005483865737915039
5e8dcdb9371646799909b8b06356ace4,k-means,warm,exec,queue,0.028909921646118164,2.384185791015625e-07,2.384185791015625e-07,1609701516.1539285,1609701516.34138,0.18745136260986328,1609701516.2112896,1609701516.2170215,0.005731821060180664
00093e83d3c94870bdf9a0b12bc178b9,k-means,warm,exec,queue,0.03382134437561035,2.384185791015625e-07,2.384185791015625e-07,1609701516.1565642,1609701516.3709323,0.21436810493469238,1609701516.2182055,1609701516.2225568,0.004351377487182617
826db165583442caa32a2502eebdb4b1,k-means,warm,exec,queue,0.03893852233886719,2.384185791015625e-07,2.384185791015625e-07,1609701516.1582258,1609701516.3736496,0.2154238224029541,1609701516.222573,1609701516.228189,0.005615949630737305
da4dfaeea4d74fe3a0b1ef77a4ad7c84,k-means,warm,exec,queue,0.04399704933166504,2.384185791015625e-07,2.384185791015625e-07,1609701516.159821,1609701516.374242,0.21442103385925293,1609701516.227977,1609701516.2336574,0.0056803226470947266
f826268e8739469b9177f77b65a74e0c,k-means,warm,exec,queue,0.024385690689086914,2.384185791015625e-07,0.0,1609701516.1614308,1609701516.4293122,0.2678813934326172,1609701516.2063124,1609701516.2110486,0.004736185073852539
0c29c731e54f4833846ce2dd4be19e48,k-means,warm,exec,queue,0.01946568489074707,7.152557373046875e-07,4.76837158203125e-07,1609701516.1631465,1609701516.4042046,0.2410581111907959,1609701516.2031004,1609701516.211201,0.008100509643554688
f097542c38a64f9ba8d23373e21e12f8,k-means,warm,exec,queue,0.015031576156616211,4.76837158203125e-07,2.384185791015625e-07,1609701516.1647444,1609701516.302231,0.13748669624328613,1609701516.1965806,1609701516.2046654,0.008084774017333984
8daea742a20445d583ba4fc171ef2409,k-means,warm,exec,queue,0.010271310806274414,2.384185791015625e-07,2.384185791015625e-07,1609701516.1663256,1609701516.2690582,0.10273265838623047,1609701516.191493,1609701516.1993783,0.007885217666625977
1771a3d6f9f04802ab64f929d5dab8d7,k-means,warm,exec,queue,0.06294536590576172,2.384185791015625e-07,0.0,1609701516.167909,1609701516.342194,0.1742851734161377,1609701516.2505164,1609701516.2560208,0.0055043697357177734
28afae442cab439fbd1c87ae23bd52d0,k-means,warm,exec,queue,0.005469322204589844,7.152557373046875e-07,2.384185791015625e-07,1609701517.137136,1609701517.2492933,0.11215734481811523,1609701517.174144,1609701517.1824787,0.008334636688232422
5f83d6e46b084534bb829e726cae019e,video,warm,exec,queue,0.016514301300048828,2.384185791015625e-07,2.384185791015625e-07,1609701517.1411123,1609701517.3182194,0.1771070957183838,1609701517.1953635,1609701517.2113624,0.01599884033203125
3b18c192230644cfbe03330686e4f164,k-means,warm,exec,queue,0.04086112976074219,0.0,0.0,1609701517.1436112,1609701517.3187969,0.1751856803894043,1609701517.213495,1609701517.2193472,0.005852222442626953
f544424718394eeab38e6deb5500a88d,k-means,warm,exec,queue,0.010135650634765625,2.384185791015625e-07,2.384185791015625e-07,1609701517.1460972,1609701517.2498832,0.10378599166870117,1609701517.1770055,1609701517.1851683,0.008162736892700195
ac9735664f624048b20652b666ae1bbc,k-means,warm,exec,queue,0.015382051467895508,2.384185791015625e-07,0.0,1609701517.1485353,1609701517.2465858,0.09805059432983398,1609701517.1829233,1609701517.1909156,0.007992267608642578
7b9847d4df5d42aa8b8b908086f45801,k-means,warm,exec,queue,0.019902706146240234,9.5367431640625e-07,2.384185791015625e-07,1609701517.1501284,1609701517.3142593,0.16413092613220215,1609701517.1948254,1609701517.2029717,0.008146286010742188
c8f485ec54ba40d3a96e28997eff7df9,k-means,warm,exec,queue,0.024622440338134766,4.76837158203125e-07,0.0,1609701517.1515417,1609701517.3193297,0.16778802871704102,1609701517.1950922,1609701517.201105,0.006012916564941406
6774233a76154867a4e3a3030b85e51a,k-means,warm,exec,queue,0.02962803840637207,4.76837158203125e-07,2.384185791015625e-07,1609701517.1529734,1609701517.2793443,0.12637090682983398,1609701517.1985471,1609701517.204496,0.005948781967163086
9b34a292e59a41ce8aa72b377b5daa3f,k-means,warm,exec,queue,0.034294843673706055,4.76837158203125e-07,2.384185791015625e-07,1609701517.1543868,1609701517.374016,0.21962928771972656,1609701517.203793,1609701517.2108417,0.007048606872558594
3d7f72bede9b4f08b231c187b75550c3,k-means,warm,exec,queue,0.0386197566986084,2.384185791015625e-07,2.384185791015625e-07,1609701517.1559126,1609701517.4471352,0.29122257232666016,1609701517.2109265,1609701517.2176764,0.006749868392944336
233b7fe302db44398d36b4433db40b7f,k-means,warm,exec,queue,8.058547973632812e-05,7.152557373046875e-07,2.384185791015625e-07,1609701518.1425433,1609701518.276408,0.1338646411895752,1609701518.1873326,1609701518.1959033,0.008570671081542969
d4a211b4e8c64b04be5834004eed23ab,k-means,warm,exec,queue,0.0065424442291259766,2.384185791015625e-07,0.0,1609701518.146819,1609701518.2735162,0.12669706344604492,1609701518.1870744,1609701518.1957693,0.008694887161254883
821af023569b45bc9b618e448f80d2a8,k-means,warm,exec,queue,0.01626753807067871,4.76837158203125e-07,2.384185791015625e-07,1609701518.1494305,1609701518.2769456,0.12751507759094238,1609701518.1978016,1609701518.20675,0.008948326110839844
65a48fde1f414bdbb579ec801e9b95f3,k-means,warm,exec,queue,0.020669221878051758,7.152557373046875e-07,2.384185791015625e-07,1609701518.1520212,1609701518.3647687,0.21274757385253906,1609701518.2051327,1609701518.213771,0.008638381958007812
6cd2433ac7754ada85cf2379a1a05fe5,k-means,warm,exec,queue,0.02509140968322754,2.384185791015625e-07,4.76837158203125e-07,1609701518.1549406,1609701518.2979186,0.14297795295715332,1609701518.2081301,1609701518.213789,0.005658864974975586
ff849d788f6e41f1abe7222441af3dd2,k-means,warm,exec,queue,0.029855012893676758,2.384185791015625e-07,2.384185791015625e-07,1609701518.1572704,1609701518.4182029,0.26093244552612305,1609701518.2133746,1609701518.2202816,0.006906986236572266
45a3d2424be34f28b1f846171aadf79d,k-means,warm,exec,queue,0.0344240665435791,2.384185791015625e-07,0.0,1609701518.1588578,1609701518.3664942,0.20763635635375977,1609701518.219909,1609701518.2269268,0.007017850875854492
c8a06112fedc4ecf9b899d5702fdde0b,k-means,warm,exec,queue,0.03920435905456543,2.384185791015625e-07,2.384185791015625e-07,1609701518.160462,1609701518.3692775,0.2088155746459961,1609701518.222936,1609701518.2297735,0.006837606430053711
da68f272065240028864c934a8e768b7,k-means,warm,exec,queue,0.04463934898376465,2.384185791015625e-07,0.0,1609701518.1620483,1609701518.441914,0.27986574172973633,1609701518.2289178,1609701518.2355726,0.0066547393798828125
94ad35e9f2d7445ca33d656f3692000b,k-means,warm,exec,queue,0.04957461357116699,2.384185791015625e-07,2.384185791015625e-07,1609701518.1638162,1609701518.4401355,0.2763192653656006,1609701518.2353654,1609701518.2421546,0.006789207458496094
c42d16bb35044c7c984900c92c40f9d0,k-means,warm,exec,queue,0.011864900588989258,2.384185791015625e-07,2.384185791015625e-07,1609701518.1654856,1609701518.3698914,0.2044057846069336,1609701518.1923735,1609701518.2009618,0.008588314056396484
6555988b1c894614972431b0c754987a,video,warm,exec,queue,0.009452581405639648,4.76837158203125e-07,2.384185791015625e-07,1609701519.1263928,1609701519.2412803,0.11488747596740723,1609701519.1489718,1609701519.1660383,0.017066478729248047
e3cc5ef5e73142e6b047bde3a40bfbf1,k-means,warm,exec,queue,0.00318145751953125,4.76837158203125e-07,2.384185791015625e-07,1609701519.1304905,1609701519.2165668,0.08607625961303711,1609701519.1442983,1609701519.1531985,0.008900165557861328
b8d6037a1f4e48eeb54822b13700ad58,k-means,warm,exec,queue,0.002851247787475586,2.384185791015625e-07,2.384185791015625e-07,1609701520.158673,1609701520.3759623,0.21728920936584473,1609701520.2291641,1609701520.237589,0.008424758911132812
f3608e1574414353927b1af51146f62f,k-means,warm,exec,queue,0.03028392791748047,4.76837158203125e-07,2.384185791015625e-07,1609701520.163057,1609701520.4703443,0.30728721618652344,1609701520.2582035,1609701520.2656617,0.007458209991455078
699aed6c6027451c9251ef15af0604da,k-means,warm,exec,queue,0.03771638870239258,2.384185791015625e-07,2.384185791015625e-07,1609701520.1656432,1609701520.76332,0.5976767539978027,1609701520.2589478,1609701520.265676,0.006728172302246094
a673c4118ece43aba6dc633bfad0aa26,k-means,warm,exec,queue,0.042920589447021484,2.384185791015625e-07,2.384185791015625e-07,1609701520.1685522,1609701520.7196076,0.5510554313659668,1609701520.2627828,1609701520.269926,0.007143259048461914
2954bc5905b4435eb13df79464674753,k-means,warm,exec,queue,0.04767751693725586,4.76837158203125e-07,2.384185791015625e-07,1609701520.1711082,1609701520.7674403,0.5963320732116699,1609701520.2753341,1609701520.2828386,0.007504463195800781
f0a5e178932b4b48977292abb4150803,k-means,warm,exec,queue,0.05363059043884277,4.76837158203125e-07,2.384185791015625e-07,1609701520.173141,1609701520.7148523,0.5417113304138184,1609701520.278628,1609701520.2847502,0.006122112274169922
3f6f64024c5d4067a61e462114084411,k-means,warm,exec,queue,0.05831766128540039,2.384185791015625e-07,2.384185791015625e-07,1609701520.1746845,1609701520.3777232,0.20303869247436523,1609701520.280466,1609701520.287394,0.006927967071533203
544629749f10410ab894aad9a2a9747b,k-means,warm,exec,queue,0.06305122375488281,2.384185791015625e-07,4.76837158203125e-07,1609701520.176234,1609701520.647893,0.47165894508361816,1609701520.2860909,1609701520.2940505,0.007959604263305664
022ba63bd1834e5282f70430b5ab2d16,k-means,warm,exec,queue,0.06764721870422363,2.384185791015625e-07,2.384185791015625e-07,1609701520.17788,1609701520.6862206,0.50834059715271,1609701520.2937346,1609701520.3003194,0.006584882736206055
6d87d1e13dcf452c8ac9a8452bcfbcb4,k-means,warm,exec,queue,0.021716833114624023,2.384185791015625e-07,0.0,1609701520.1794043,1609701520.470858,0.29145383834838867,1609701520.240267,1609701520.2490497,0.008782625198364258
967b9920b15c4fa0bb819449f342a6cc,k-means,warm,exec,queue,0.013719797134399414,2.384185791015625e-07,2.384185791015625e-07,1609701520.1809452,1609701520.308831,0.1278858184814453,1609701520.2293875,1609701520.2374864,0.008098840713500977
3ef963b16b644f9691894960551c4dfb,k-means,warm,exec,queue,0.018717050552368164,2.384185791015625e-07,2.384185791015625e-07,1609701520.182468,1609701520.392156,0.2096879482269287,1609701520.2344706,1609701520.2426271,0.008156538009643555
e2d4bc6ce6dc446f8638a9f86b6e390e,k-means,warm,exec,queue,0.07165408134460449,2.384185791015625e-07,2.384185791015625e-07,1609701520.1841068,1609701520.7680624,0.5839555263519287,1609701520.2944558,1609701520.3008738,0.006417989730834961
76924aea5be04b9497e6133488b84571,k-means,warm,exec,queue,0.07764434814453125,2.384185791015625e-07,2.384185791015625e-07,1609701520.1856687,1609701520.5634212,0.37775254249572754,1609701520.3017352,1609701520.3076372,0.00590205192565918
53774e39f5fa4ae597304bac275bd013,k-means,warm,exec,queue,0.0829167366027832,7.152557373046875e-07,2.384185791015625e-07,1609701520.1871793,1609701520.4678068,0.2806274890899658,1609701520.3076496,1609701520.3133934,0.005743741989135742
075d35e7fc594de291a8e5a623066f3d,k-means,warm,exec,queue,0.08763694763183594,0.0,2.384185791015625e-07,1609701520.1886995,1609701520.7191563,0.5304567813873291,1609701520.3127646,1609701520.3190603,0.006295680999755859
71c8aa9c9cc54e2f9fcf59ebe0b53075,k-means,warm,exec,queue,0.0932168960571289,2.384185791015625e-07,2.384185791015625e-07,1609701520.1903071,1609701520.5024588,0.3121516704559326,1609701520.3201365,1609701520.3261163,0.005979776382446289
0cafbed65e52462991a427662174fdcb,k-means,warm,exec,queue,0.09821557998657227,7.152557373046875e-07,7.152557373046875e-07,1609701520.1918213,1609701520.5606678,0.36884641647338867,1609701520.3247721,1609701520.3309672,0.006195068359375
e938a8afaf074f7c90e252cfb4b41ffb,k-means,warm,exec,queue,0.10325789451599121,2.384185791015625e-07,0.0,1609701520.193345,1609701520.7154853,0.5221402645111084,1609701520.3288214,1609701520.3350577,0.00623631477355957
8258bf676f7844609f507b5c3f8e6a23,k-means,warm,exec,queue,0.10881257057189941,4.76837158203125e-07,2.384185791015625e-07,1609701520.194954,1609701520.6473515,0.45239758491516113,1609701520.3371983,1609701520.3439157,0.0067174434661865234
7a3490eb02c04d66b78a8f1dec971a62,k-means,warm,exec,queue,0.11350846290588379,4.76837158203125e-07,2.384185791015625e-07,1609701520.196484,1609701520.7685285,0.5720443725585938,1609701520.341039,1609701520.346455,0.005416154861450195
d06ddb4f966b48a9abd814a7c2ba0047,video,warm,exec,queue,0.017920970916748047,4.76837158203125e-07,2.384185791015625e-07,1609701520.1979837,1609701520.6445944,0.446610689163208,1609701520.2588723,1609701520.275495,0.01662278175354004
1ec5f29141634f76b5246928ee0f1751,matmul,warm,exec,queue,0.026950597763061523,7.152557373046875e-07,2.384185791015625e-07,1609701520.19948,1609701520.563938,0.3644578456878662,1609701520.2595055,1609701520.2706532,0.011147737503051758
718b239bfed94e6c8760e7a0e081d637,k-means,warm,exec,queue,7.200241088867188e-05,4.76837158203125e-07,2.384185791015625e-07,1609701521.1437197,1609701521.3377209,0.1940011978149414,1609701521.1886585,1609701521.1972344,0.008575916290283203
339c0ee3ad3d47b59142e04213193b1b,k-means,warm,exec,queue,0.006893157958984375,7.152557373046875e-07,2.384185791015625e-07,1609701521.147905,1609701521.2543383,0.10643315315246582,1609701521.1891036,1609701521.1978478,0.008744239807128906
c0ed4c9ee1b04ef0974e7100601ee82d,k-means,warm,exec,queue,0.01212453842163086,2.384185791015625e-07,2.384185791015625e-07,1609701521.1505516,1609701521.4141212,0.26356959342956543,1609701521.1932173,1609701521.2018402,0.008622884750366211
0ed8baaa2a83495890ebb697daba0eb9,k-means,warm,exec,queue,0.016570568084716797,2.384185791015625e-07,2.384185791015625e-07,1609701521.1531794,1609701521.5008276,0.34764814376831055,1609701521.1984057,1609701521.2069683,0.008562564849853516
e83813b7fb7444a584617010bc7fa7dd,k-means,warm,exec,queue,0.021062374114990234,4.76837158203125e-07,2.384185791015625e-07,1609701521.156117,1609701521.3125782,0.15646123886108398,1609701521.2106457,1609701521.2186608,0.008015155792236328
7feb3ac0462f4eda84992860285aba2f,k-means,warm,exec,queue,0.025856494903564453,2.384185791015625e-07,0.0,1609701521.1578588,1609701521.3179107,0.16005182266235352,1609701521.2105868,1609701521.219136,0.008549213409423828
946247e6356c4210ae2d3afb60f340bc,k-means,warm,exec,queue,0.03117537498474121,2.384185791015625e-07,2.384185791015625e-07,1609701521.1594665,1609701521.4379535,0.278486967086792,1609701521.2149315,1609701521.223438,0.008506536483764648
e710f3175994463fab9cd09267a7e998,k-means,warm,exec,queue,0.036123037338256836,2.384185791015625e-07,0.0,1609701521.1611013,1609701521.4986968,0.33759546279907227,1609701521.2200835,1609701521.2278903,0.0078067779541015625
1c080386dabe4a7890862322e2f4b44b,k-means,warm,exec,queue,0.04090428352355957,2.384185791015625e-07,2.384185791015625e-07,1609701521.1627345,1609701521.3543422,0.19160771369934082,1609701521.2260132,1609701521.2312531,0.005239963531494141
b1d4c159a6504adfa59d8e1196b0bcda,k-means,warm,exec,queue,0.04604220390319824,4.76837158203125e-07,2.384185791015625e-07,1609701521.1644955,1609701521.3155065,0.15101099014282227,1609701521.2308364,1609701521.2356267,0.004790306091308594
4e292e4abd1b42fb8eb1387de39458dc,k-means,warm,exec,queue,0.050662994384765625,2.384185791015625e-07,2.384185791015625e-07,1609701521.1661048,1609701521.3161411,0.15003633499145508,1609701521.2372606,1609701521.2436156,0.0063550472259521484
7570274a31bb4bf9b9be634ce30edac4,k-means,warm,exec,queue,0.006673574447631836,4.76837158203125e-07,2.384185791015625e-07,1609701522.1479414,1609701522.281342,0.13340067863464355,1609701522.1959033,1609701522.204258,0.008354663848876953
5fe98bd9bc2c4f09b305fe1e401200ce,k-means,warm,exec,queue,0.059185028076171875,7.152557373046875e-07,2.384185791015625e-07,1609701522.1525059,1609701522.411818,0.25931215286254883,1609701522.258403,1609701522.2659323,0.007529258728027344
1e84fcaf008947409c7a7753a2d7761c,k-means,warm,exec,queue,0.048912763595581055,2.384185791015625e-07,4.76837158203125e-07,1609701522.1551623,1609701522.4096057,0.2544434070587158,1609701522.2423658,1609701522.2490408,0.006675004959106445
0e2de2f8228f46758598cd5ce7fb454c,k-means,warm,exec,queue,0.053929805755615234,2.384185791015625e-07,0.0,1609701522.1578076,1609701522.3230588,0.1652512550354004,1609701522.2463348,1609701522.2535605,0.007225751876831055
7471765dc3b84e21b646a2212aecbd45,k-means,warm,exec,queue,0.024905681610107422,2.384185791015625e-07,2.384185791015625e-07,1609701522.16071,1609701522.325967,0.16525697708129883,1609701522.2117875,1609701522.2194514,0.0076639652252197266
0f77f54ec7e24223bf37d6d98f16ef8d,k-means,warm,exec,queue,0.030286073684692383,4.76837158203125e-07,2.384185791015625e-07,1609701522.1623044,1609701522.3647463,0.20244193077087402,1609701522.223375,1609701522.230697,0.007321834564208984
190ee08c7f524a4c82d230df189cc4e5,k-means,warm,exec,queue,0.03559613227844238,4.76837158203125e-07,4.76837158203125e-07,1609701522.163899,1609701522.4493153,0.2854163646697998,1609701522.225235,1609701522.2315862,0.0063512325286865234
99fd8716ddca498db9bd049a4a0dce10,k-means,warm,exec,queue,0.040381669998168945,2.384185791015625e-07,2.384185791015625e-07,1609701522.165482,1609701522.5073798,0.34189772605895996,1609701522.2281303,1609701522.2352705,0.007140159606933594
a31b835d490b4239b428732b6b07bf32,k-means,warm,exec,queue,0.0456690788269043,2.384185791015625e-07,2.384185791015625e-07,1609701522.1670647,1609701522.5093994,0.3423347473144531,1609701522.2424605,1609701522.2492692,0.006808757781982422
c9abac1e14a848879ad31c9e8bc6dc8e,k-means,warm,exec,queue,0.020200014114379883,9.5367431640625e-07,2.384185791015625e-07,1609701522.1687765,1609701522.3265657,0.1577892303466797,1609701522.2069104,1609701522.2146533,0.007742881774902344
64b1b2597d7047a68be1ed1ce64f12e0,k-means,warm,exec,queue,0.015555381774902344,4.76837158203125e-07,2.384185791015625e-07,1609701522.170347,1609701522.3664563,0.19610929489135742,1609701522.2026396,1609701522.2112336,0.008594036102294922
355381335f0c4b02a158bc6d1402015f,k-means,warm,exec,queue,0.010228872299194336,2.384185791015625e-07,4.76837158203125e-07,1609701522.1719143,1609701522.2828617,0.1109473705291748,1609701522.1954453,1609701522.2034993,0.008054018020629883
2a9673de594d4b3dbf420ada82d0d379,k-means,warm,exec,queue,0.005637407302856445,4.76837158203125e-07,2.384185791015625e-07,1609701523.150427,1609701523.2835047,0.13307762145996094,1609701523.1973772,1609701523.2048805,0.0075032711029052734
9c6eccebd7a34548bbdc532df61968ce,k-means,warm,exec,queue,0.04332613945007324,7.152557373046875e-07,2.384185791015625e-07,1609701523.1547222,1609701523.520287,0.36556482315063477,1609701523.2408113,1609701523.2472725,0.006461143493652344
9199e022e766407da4297f74004fc9da,k-means,warm,exec,queue,0.04878878593444824,2.384185791015625e-07,0.0,1609701523.1574001,1609701523.353679,0.19627881050109863,1609701523.243326,1609701523.2506251,0.007299184799194336
f83d2d318b9f4868914f4223ca593f4d,k-means,warm,exec,queue,0.05409860610961914,2.384185791015625e-07,2.384185791015625e-07,1609701523.1600366,1609701523.5183291,0.3582925796508789,1609701523.250432,1609701523.2565184,0.0060863494873046875
79bdda0204f94526ba588dc9abeb83b3,k-means,warm,exec,queue,0.05904722213745117,4.76837158203125e-07,2.384185791015625e-07,1609701523.1619565,1609701523.3543031,0.19234657287597656,1609701523.2566965,1609701523.2628713,0.006174802780151367
aa84c70056cf49e69d56a72e72a0546b,k-means,warm,exec,queue,0.018610000610351562,4.76837158203125e-07,2.384185791015625e-07,1609701523.1635373,1609701523.350726,0.18718862533569336,1609701523.2163372,1609701523.2247527,0.008415460586547852
c893aeacb43f4cf8a2a864b8573e389d,k-means,warm,exec,queue,0.023453235626220703,2.384185791015625e-07,2.384185791015625e-07,1609701523.1651254,1609701523.3183439,0.15321850776672363,1609701523.2167602,1609701523.224914,0.008153915405273438
184b4a1496f044e7ba407f5ee8b4c635,k-means,warm,exec,queue,0.0280148983001709,4.76837158203125e-07,0.0,1609701523.166708,1609701523.3166249,0.1499168872833252,1609701523.2195582,1609701523.2259548,0.00639653205871582
35136aa9086343189797768978c06cff,k-means,warm,exec,queue,0.0334773063659668,2.384185791015625e-07,2.384185791015625e-07,1609701523.1683264,1609701523.3942497,0.2259232997894287,1609701523.2254257,1609701523.233117,0.007691383361816406
ea34581983c04afcb7d045c5d695cd8b,k-means,warm,exec,queue,0.039588212966918945,2.384185791015625e-07,4.76837158203125e-07,1609701523.1700485,1609701523.5869892,0.41694068908691406,1609701523.2376723,1609701523.2428553,0.005182981491088867
dbb579503cd84ed88e4bd1e6902a362b,k-means,warm,exec,queue,0.01386880874633789,4.76837158203125e-07,2.384185791015625e-07,1609701523.171647,1609701523.286172,0.11452484130859375,1609701523.2056513,1609701523.2132769,0.007625579833984375
d99ff4ef86eb488895c5cceb1ff91779,k-means,warm,exec,queue,0.009076595306396484,2.384185791015625e-07,2.384185791015625e-07,1609701523.1732643,1609701523.2867231,0.11345887184143066,1609701523.1986308,1609701523.206553,0.007922172546386719
8d1de330a2844be1ba5107867ed8db3e,k-means,warm,exec,queue,0.06406760215759277,2.384185791015625e-07,0.0,1609701523.1748435,1609701523.5851443,0.41030073165893555,1609701523.2610686,1609701523.2675717,0.006503105163574219
1a6887bdcdea4051a8012c93fd3d3c6b,video,warm,exec,queue,0.015571117401123047,4.76837158203125e-07,2.384185791015625e-07,1609701523.176548,1609701523.3923287,0.21578073501586914,1609701523.217089,1609701523.234005,0.01691603660583496
2338c77ef355421d9b8149d3ebc9b1c6,k-means,warm,exec,queue,0.00012636184692382812,4.76837158203125e-07,2.384185791015625e-07,1609701524.1501813,1609701524.2898853,0.13970398902893066,1609701524.2014506,1609701524.2096164,0.008165836334228516
fa677fe0c46f44cc95f58d4080b5bec3,k-means,warm,exec,queue,0.008785486221313477,2.384185791015625e-07,2.384185791015625e-07,1609701524.154617,1609701524.2893798,0.13476276397705078,1609701524.201854,1609701524.2104318,0.008577823638916016
a2999bcf1f7440e1beb4bfdcec0ba742,k-means,warm,exec,queue,0.014082908630371094,4.76837158203125e-07,2.384185791015625e-07,1609701524.1573136,1609701524.2868073,0.12949371337890625,1609701524.2080758,1609701524.215974,0.007898330688476562
83ab7a247b564788a666c511f382849e,k-means,warm,exec,queue,0.018787145614624023,7.152557373046875e-07,2.384185791015625e-07,1609701524.159977,1609701524.31126,0.15128302574157715,1609701524.2134738,1609701524.2215614,0.008087635040283203
7d6a33d57a7c407f93faf9e4d2418dd1,k-means,warm,exec,queue,0.025279760360717773,0.0,2.384185791015625e-07,1609701524.1629395,1609701524.3489907,0.1860511302947998,1609701524.2204814,1609701524.22848,0.00799870491027832
26ca4e578a9c44e49cf676041e5ab7f3,k-means,warm,exec,queue,0.030014514923095703,4.76837158203125e-07,2.384185791015625e-07,1609701524.1652963,1609701524.3454957,0.18019938468933105,1609701524.2252555,1609701524.2319524,0.006696939468383789
42a3c951a949402ea286f421095536a8,k-means,warm,exec,queue,0.03525900840759277,7.152557373046875e-07,4.76837158203125e-07,1609701524.16693,1609701524.371884,0.2049541473388672,1609701524.230535,1609701524.2368886,0.006353616714477539
568167f00c9a457e9f9e5580d6f6316f,k-means,warm,exec,queue,0.03957843780517578,2.384185791015625e-07,0.0,1609701524.1685905,1609701524.428958,0.26036739349365234,1609701524.2354662,1609701524.2434914,0.008025169372558594
ebced31d65114bb7a7e4e7ac496c72e3,k-means,warm,exec,queue,0.04432868957519531,4.76837158203125e-07,2.384185791015625e-07,1609701524.1702325,1609701524.430915,0.2606825828552246,1609701524.2434225,1609701524.2503362,0.006913661956787109
75b3ba5fc68b4fb291b8afb0dafb2d2d,k-means,warm,exec,queue,0.04960012435913086,2.384185791015625e-07,2.384185791015625e-07,1609701524.172005,1609701524.3484063,0.17640137672424316,1609701524.2489567,1609701524.2552547,0.006298065185546875
5c32a1aee649447f8dcf2e7cb51db3e0,k-means,warm,exec,queue,0.05431532859802246,2.384185791015625e-07,2.384185791015625e-07,1609701524.1736538,1609701524.555871,0.3822171688079834,1609701524.2517905,1609701524.2590132,0.007222652435302734
b553cf34b2e94270a2ed1e3754d18c78,k-means,warm,exec,queue,0.05960392951965332,4.76837158203125e-07,2.384185791015625e-07,1609701524.1752968,1609701524.3506198,0.1753230094909668,1609701524.260542,1609701524.2667487,0.0062067508697509766
7c2136666ae94033a37e260fd8051d0f,matmul,warm,exec,queue,0.01722240447998047,4.76837158203125e-07,2.384185791015625e-07,1609701524.1769242,1609701524.488623,0.31169867515563965,1609701524.220979,1609701524.2323732,0.011394262313842773
6b8919237b22402298a4ba4385241670,k-means,warm,exec,queue,0.0047588348388671875,4.76837158203125e-07,2.384185791015625e-07,1609701525.1505022,1609701525.374006,0.22350382804870605,1609701525.2008028,1609701525.2086742,0.007871389389038086
30b6eab89d274df9b0daa0d5df7acdcf,video,warm,exec,queue,0.02740168571472168,2.384185791015625e-07,2.384185791015625e-07,1609701525.154933,1609701525.4139647,0.2590317726135254,1609701525.2248635,1609701525.241188,0.016324520111083984
fd315fa9f654424581b2b54750d3908c,k-means,warm,exec,queue,0.048361778259277344,2.384185791015625e-07,2.384185791015625e-07,1609701525.1576524,1609701525.378434,0.22078156471252441,1609701525.2482305,1609701525.2544308,0.006200313568115234
7f8a6dcfce8041ee87e43a34c95e943e,k-means,warm,exec,queue,0.04385828971862793,2.384185791015625e-07,2.384185791015625e-07,1609701525.1603172,1609701525.3777862,0.2174689769744873,1609701525.245483,1609701525.2530026,0.007519721984863281
59991570f18e4c1db3d5dd421894a4db,k-means,warm,exec,queue,0.03946352005004883,4.76837158203125e-07,2.384185791015625e-07,1609701525.163259,1609701525.4732635,0.31000447273254395,1609701525.2380357,1609701525.2463953,0.008359670639038086
03560feb4fb547dfbb61032a5f21b587,k-means,warm,exec,queue,0.034685611724853516,4.76837158203125e-07,2.384185791015625e-07,1609701525.1653194,1609701525.3406262,0.1753067970275879,1609701525.2318377,1609701525.2378373,0.005999565124511719
b05cbb1ffd584d8ab33cbefb345c2dce,k-means,warm,exec,queue,0.029984474182128906,2.384185791015625e-07,2.384185791015625e-07,1609701525.166929,1609701525.4560528,0.2891237735748291,1609701525.2305062,1609701525.237501,0.006994724273681641
d222ccfc98c94b1bb8cd50054ef434cb,k-means,warm,exec,queue,0.02306509017944336,2.384185791015625e-07,2.384185791015625e-07,1609701525.1685522,1609701525.6288433,0.46029114723205566,1609701525.22443,1609701525.2308996,0.0064694881439208984
ea10780c93334f969c33322dbbfd0c6e,k-means,warm,exec,queue,0.009817838668823242,4.76837158203125e-07,2.384185791015625e-07,1609701525.170165,1609701525.2974076,0.1272425651550293,1609701525.2003577,1609701525.2085373,0.008179664611816406
a3f0e67e83764588b8d2d3c08b3e1a08,k-means,warm,exec,queue,0.014943122863769531,4.76837158203125e-07,4.76837158203125e-07,1609701525.1718986,1609701525.5603034,0.38840484619140625,1609701525.2072992,1609701525.215546,0.008246660232543945
2d51811dbc42426e9f7e2e45cae4ed6c,k-means,warm,exec,queue,0.019662141799926758,4.76837158203125e-07,4.76837158203125e-07,1609701525.1735284,1609701525.2992864,0.12575793266296387,1609701525.2127473,1609701525.221049,0.008301734924316406
d221c8d75c304d5f81a5697196d29eac,map_reduce,warm,exec,queue,0.02117466926574707,0.0,2.384185791015625e-07,1609701525.1751294,1609701525.626607,0.4514775276184082,1609701525.2263098,1609701525.311901,0.08559131622314453
bab46591adf84eb8937b19c6a4844a00,disk,warm,exec,queue,0.031162261962890625,7.152557373046875e-07,2.384185791015625e-07,1609701525.176763,1609701525.3387868,0.16202378273010254,1609701525.2286437,1609701525.2362127,0.007569074630737305
1bf16aec161945c4a5a2c966dcae2e29,k-means,warm,exec,queue,0.0064198970794677734,2.384185791015625e-07,2.384185791015625e-07,1609701526.1593997,1609701526.3594418,0.2000420093536377,1609701526.2188559,1609701526.2266116,0.007755756378173828
25e0b12cf637428c9698eddfd2414368,k-means,warm,exec,queue,0.05432581901550293,4.76837158203125e-07,0.0,1609701526.163782,1609701526.4256015,0.26181960105895996,1609701526.2690742,1609701526.2735229,0.004448652267456055
3dd3fc6246644cd8a46065495561f5dc,k-means,warm,exec,queue,0.02123260498046875,4.76837158203125e-07,2.384185791015625e-07,1609701526.1663892,1609701526.4726799,0.3062906265258789,1609701526.2339275,1609701526.2406619,0.006734371185302734
c40b356dd8414116bde6231ec64865dd,k-means,warm,exec,queue,0.026772737503051758,2.384185791015625e-07,2.384185791015625e-07,1609701526.1689548,1609701526.3627005,0.19374561309814453,1609701526.2345939,1609701526.2404633,0.005869388580322266
8e3310fbe8d04f88a2084a9ee093c0b7,k-means,warm,exec,queue,0.03148221969604492,2.384185791015625e-07,2.384185791015625e-07,1609701526.1718066,1609701526.4737897,0.301983118057251,1609701526.239499,1609701526.2454138,0.0059146881103515625
79731b3ffd5e402d85aa85fb8c8555f2,k-means,warm,exec,queue,0.03643298149108887,2.384185791015625e-07,0.0,1609701526.1736977,1609701526.357816,0.18411827087402344,1609701526.2469883,1609701526.2537704,0.006782054901123047
350dbbcea91043618f31d05c4024bb29,k-means,warm,exec,queue,0.04102635383605957,2.384185791015625e-07,4.76837158203125e-07,1609701526.1752334,1609701526.5627267,0.387493371963501,1609701526.2530084,1609701526.2580266,0.0050182342529296875
77267b6d9f9e44b396df0f2e10400c70,k-means,warm,exec,queue,0.04629802703857422,2.384185791015625e-07,2.384185791015625e-07,1609701526.1767886,1609701526.5633376,0.3865489959716797,1609701526.2561562,1609701526.2620625,0.005906343460083008
457f9fbaa23249898404c7d4e26abdd2,k-means,warm,exec,queue,0.051035404205322266,2.384185791015625e-07,0.0,1609701526.1783311,1609701526.4722672,0.29393601417541504,1609701526.261197,1609701526.2675192,0.006322145462036133
f5c6a016bf7140198390c94cb31d1c1a,k-means,warm,exec,queue,0.016620397567749023,2.384185791015625e-07,4.76837158203125e-07,1609701526.1801558,1609701526.362123,0.18196725845336914,1609701526.2250576,1609701526.2330327,0.007975101470947266
4aca817876e9493ea0b431471cdcddd2,k-means,warm,exec,queue,0.011413812637329102,2.384185791015625e-07,0.0,1609701526.1816914,1609701526.3237586,0.14206719398498535,1609701526.2179172,1609701526.2254431,0.007525920867919922
afc54ba5a3af452985d89be2441815be,k-means,warm,exec,queue,0.059065818786621094,7.152557373046875e-07,2.384185791015625e-07,1609701526.1832268,1609701526.4675815,0.28435468673706055,1609701526.2734163,1609701526.279627,0.006210803985595703
5a79a59ce0aa4dde829e70b2624ee8cd,k-means,warm,exec,queue,0.06374025344848633,2.384185791015625e-07,2.384185791015625e-07,1609701526.1847765,1609701526.5596561,0.3748795986175537,1609701526.277917,1609701526.2842689,0.006351947784423828
20ebf59c45f1439a9f1bd8c136cbdb86,k-means,warm,exec,queue,0.06887197494506836,2.384185791015625e-07,2.384185791015625e-07,1609701526.1864274,1609701526.4695172,0.28308987617492676,1609701526.285996,1609701526.2916136,0.005617618560791016
74afe5cf5d3745b18fdb285e8f69dd6a,k-means,warm,exec,queue,0.07384419441223145,4.76837158203125e-07,2.384185791015625e-07,1609701526.1879435,1609701526.6971676,0.5092241764068604,1609701526.2902625,1609701526.2967248,0.0064623355865478516
f25f9d1149f54145bbd0083fff8c986a,k-means,warm,exec,queue,0.07871270179748535,2.384185791015625e-07,0.0,1609701526.1894667,1609701526.6989613,0.5094945430755615,1609701526.2938783,1609701526.3005068,0.006628513336181641
289dfd3814fc4d03b8e69afdd282cef0,k-means,warm,exec,queue,0.08349370956420898,4.76837158203125e-07,2.384185791015625e-07,1609701526.1910744,1609701526.558488,0.3674135208129883,1609701526.3016195,1609701526.3059108,0.0042912960052490234
5546c9ee5a1c4358a22701e1842a6604,k-means,warm,exec,queue,0.08836674690246582,2.384185791015625e-07,2.384185791015625e-07,1609701526.1926055,1609701526.5590813,0.36647582054138184,1609701526.3057683,1609701526.311408,0.005639791488647461
d3001f54fde546de8afa287dc58523f6,k-means,warm,exec,queue,0.0040912628173828125,2.384185791015625e-07,2.384185791015625e-07,1609701527.1429114,1609701527.2580662,0.11515474319458008,1609701527.1697876,1609701527.1784427,0.008655071258544922
bc767a89fa6745b09ac8a33984696971,video,warm,exec,queue,0.020503759384155273,4.76837158203125e-07,2.384185791015625e-07,1609701527.1470084,1609701527.356143,0.20913457870483398,1609701527.1956172,1609701527.2134626,0.01784539222717285
b2ccde561d8b41179cbca435f50c25ea,k-means,warm,exec,queue,0.008324861526489258,7.152557373046875e-07,2.384185791015625e-07,1609701527.1496904,1609701527.2562356,0.10654520988464355,1609701527.1757345,1609701527.184447,0.008712530136108398
d6d335a532f546fa8359b7fc8f926465,k-means,warm,exec,queue,0.013541698455810547,2.384185791015625e-07,2.384185791015625e-07,1609701527.1523137,1609701527.2908227,0.13850903511047363,1609701527.1808097,1609701527.1903598,0.009550094604492188
614d65c6cf2f42cb8c5023bba035cc0c,k-means,warm,exec,queue,0.022225141525268555,4.76837158203125e-07,2.384185791015625e-07,1609701527.1539474,1609701527.4064884,0.25254106521606445,1609701527.19616,1609701527.2047856,0.008625507354736328
af6f655df4d8439894b67b3e54e3c6d2,k-means,warm,exec,queue,0.027075767517089844,4.76837158203125e-07,4.76837158203125e-07,1609701527.1557631,1609701527.2890782,0.1333150863647461,1609701527.1972241,1609701527.2040856,0.006861448287963867
cffe39c421fd4c58a3aa66d29adc3576,k-means,warm,exec,queue,0.010602474212646484,4.76837158203125e-07,0.0,1609701528.157541,1609701528.4527452,0.29520416259765625,1609701528.2112575,1609701528.2195837,0.008326292037963867
8ef8ef1feb884c1abac34621af3f23aa,k-means,warm,exec,queue,0.02962970733642578,2.384185791015625e-07,0.0,1609701528.1618514,1609701528.8424013,0.6805498600006104,1609701528.2322736,1609701528.2369723,0.004698753356933594
86e0cc36dd0043d1be87e4f1d54d66a2,k-means,warm,exec,queue,0.03496956825256348,2.384185791015625e-07,2.384185791015625e-07,1609701528.1644392,1609701528.624804,0.46036481857299805,1609701528.2381556,1609701528.2443295,0.006173849105834961
eb0ee6beddd24589bca9e85d6fea16b8,k-means,warm,exec,queue,0.03998255729675293,2.384185791015625e-07,0.0,1609701528.1670084,1609701528.8443868,0.6773784160614014,1609701528.2441344,1609701528.2491393,0.0050048828125
f06f9360a82d48029fca08964ef9e069,k-means,warm,exec,queue,0.04541897773742676,2.384185791015625e-07,2.384185791015625e-07,1609701528.1699147,1609701528.7754273,0.6055126190185547,1609701528.2500286,1609701528.255907,0.005878448486328125
2051d9d24db94655b61f16d0b24825c4,k-means,warm,exec,queue,0.0505681037902832,2.384185791015625e-07,2.384185791015625e-07,1609701528.1724715,1609701528.4905689,0.3180973529815674,1609701528.2558014,1609701528.260035,0.004233598709106445
9f67708a01814a42901b47d7664a9d8c,k-means,warm,exec,queue,0.05543971061706543,2.384185791015625e-07,0.0,1609701528.1740453,1609701528.5504127,0.37636733055114746,1609701528.2611694,1609701528.266926,0.0057566165924072266
ef064b3f979b493fb8ee2605e0bc6289,k-means,warm,exec,queue,0.060228824615478516,2.384185791015625e-07,0.0,1609701528.1755352,1609701528.5523694,0.3768341541290283,1609701528.2669268,1609701528.2712085,0.004281759262084961
81b3e93fe54e49e28ceac6c9e83e4b7c,k-means,warm,exec,queue,0.06543374061584473,2.384185791015625e-07,2.384185791015625e-07,1609701528.1770308,1609701528.626654,0.44962310791015625,1609701528.2727063,1609701528.278465,0.005758762359619141
9bf7a7b4f9a445deb342dfa595c507b6,k-means,warm,exec,queue,0.024586915969848633,2.384185791015625e-07,0.0,1609701528.1786494,1609701528.4501486,0.2714991569519043,1609701528.2265213,1609701528.232659,0.006137847900390625
db93b99644e742c4b589d3495f07ea7a,k-means,warm,exec,queue,0.014422178268432617,7.152557373046875e-07,2.384185791015625e-07,1609701528.1801314,1609701528.5908935,0.41076207160949707,1609701528.2159362,1609701528.2238762,0.007940053939819336
a32f9367e14f46a0b382cb8d078f6713,k-means,warm,exec,queue,0.019639968872070312,2.384185791015625e-07,2.384185791015625e-07,1609701528.1816201,1609701528.4533172,0.2716970443725586,1609701528.2221065,1609701528.2305894,0.008482933044433594
2ef0af1ef9824622a8060dcd3c0ff2d1,k-means,warm,exec,queue,0.06995654106140137,7.152557373046875e-07,0.0,1609701528.1831927,1609701528.7016668,0.5184741020202637,1609701528.2779717,1609701528.2821405,0.00416874885559082
337e307ca9c44f7c9051a36ba8f11f79,k-means,warm,exec,queue,0.07468342781066895,4.76837158203125e-07,2.384185791015625e-07,1609701528.1846874,1609701528.699842,0.5151546001434326,1609701528.2852626,1609701528.2928858,0.007623195648193359
877fe324e46a47bda6fecc9c79945e02,k-means,warm,exec,queue,0.08002209663391113,2.384185791015625e-07,2.384185791015625e-07,1609701528.186172,1609701528.4922283,0.30605626106262207,1609701528.2887518,1609701528.2931757,0.004423856735229492
d73dc451544145acb85e81cd3fafc974,k-means,warm,exec,queue,0.0855247974395752,4.76837158203125e-07,0.0,1609701528.1876464,1609701528.5925612,0.40491485595703125,1609701528.2949817,1609701528.3017063,0.00672459602355957
ceae953022714e5f9843d073384d164a,k-means,warm,exec,queue,0.008852720260620117,4.76837158203125e-07,2.384185791015625e-07,1609701529.1522202,1609701529.2684078,0.11618757247924805,1609701529.1957312,1609701529.2044115,0.008680343627929688
452521cc9f7d4065a38bf51ed838154e,k-means,warm,exec,queue,0.01765608787536621,2.384185791015625e-07,2.384185791015625e-07,1609701529.1562276,1609701529.2845888,0.12836122512817383,1609701529.207136,1609701529.2156074,0.008471488952636719
19bf5ca2bf044fa7bfee03a60c1e152d,k-means,warm,exec,queue,0.024634122848510742,4.76837158203125e-07,2.384185791015625e-07,1609701529.158798,1609701529.4459162,0.28711819648742676,1609701529.2158222,1609701529.2235348,0.007712602615356445
3047e0eaec2043a584b121e8e9ec0f8d,k-means,warm,exec,queue,0.029952049255371094,2.384185791015625e-07,0.0,1609701529.161387,1609701529.4947965,0.33340954780578613,1609701529.219257,1609701529.2246337,0.005376577377319336
db39eca1821b4a1c98eda9b120b3c13a,k-means,warm,exec,queue,0.034395694732666016,2.384185791015625e-07,0.0,1609701529.1642728,1609701529.4967394,0.33246660232543945,1609701529.2243462,1609701529.22941,0.005063772201538086
c6aa17092b8040198ba642103d24541b,k-means,warm,exec,queue,0.03910684585571289,2.384185791015625e-07,2.384185791015625e-07,1609701529.1658268,1609701529.3198721,0.15404534339904785,1609701529.2309742,1609701529.2374144,0.006440162658691406
40c8389df60a43a2a3297da5060cae0d,k-means,warm,exec,queue,0.044072628021240234,2.384185791015625e-07,0.0,1609701529.1673694,1609701529.4442108,0.276841402053833,1609701529.2354612,1609701529.2403226,0.004861354827880859
f6cb66b2e07c456c8b787b55ea333f2c,k-means,warm,exec,queue,0.048479318618774414,2.384185791015625e-07,2.384185791015625e-07,1609701529.1689363,1609701529.3182285,0.1492922306060791,1609701529.2409606,1609701529.2471697,0.006209135055541992
d5aec91cb5184a9f92b7c1b645138c92,k-means,warm,exec,queue,0.05332326889038086,2.384185791015625e-07,2.384185791015625e-07,1609701529.1704895,1609701529.5532517,0.38276219367980957,1609701529.2458315,1609701529.2503989,0.004567384719848633
4d2f8fa5208940f48f0710f5cb082292,k-means,warm,exec,queue,0.058338165283203125,2.384185791015625e-07,0.0,1609701529.1721852,1609701529.4284613,0.25627613067626953,1609701529.2531214,1609701529.258165,0.005043506622314453
07b2ecb0315545aab1874a20f16dbd43,k-means,warm,exec,queue,0.013038396835327148,2.384185791015625e-07,0.0,1609701529.173741,1609701529.3770766,0.20333552360534668,1609701529.2007844,1609701529.209628,0.008843660354614258
129500880cc145dfb98bc817382185a1,video,warm,exec,queue,0.02381134033203125,4.76837158203125e-07,2.384185791015625e-07,1609701529.175297,1609701529.3611085,0.18581151962280273,1609701529.215957,1609701529.2320673,0.01611042022705078
25ad23f04bf04d5d98274c9d82156cad,k-means,warm,exec,queue,0.005606889724731445,4.76837158203125e-07,4.76837158203125e-07,1609701530.1596127,1609701530.3081422,0.1485295295715332,1609701530.2139683,1609701530.2225282,0.008559942245483398
798c8c0752fd4ba0aa599f31e5183b2d,k-means,warm,exec,queue,0.04565882682800293,4.76837158203125e-07,2.384185791015625e-07,1609701530.164107,1609701530.5129778,0.34887075424194336,1609701530.2603316,1609701530.2679553,0.0076236724853515625
992089f3f12b45b5a2b6534de38794c1,k-means,warm,exec,queue,0.05169081687927246,2.384185791015625e-07,0.0,1609701530.1667356,1609701530.5095181,0.34278249740600586,1609701530.2626662,1609701530.2694144,0.006748199462890625
6f78f2101ce340a7a7f76b09bc3a0429,k-means,warm,exec,queue,0.0566105842590332,2.384185791015625e-07,0.0,1609701530.169337,1609701530.4492712,0.2799341678619385,1609701530.265929,1609701530.272472,0.00654292106628418
98616cae4d8246a4a4d2c7c49af53947,k-means,warm,exec,queue,0.062142372131347656,2.384185791015625e-07,0.0,1609701530.1722734,1609701530.512582,0.34030866622924805,1609701530.274231,1609701530.2817912,0.007560253143310547
dc4578a7eab14a278f059644afc0e86c,k-means,warm,exec,queue,0.019572019577026367,4.76837158203125e-07,0.0,1609701530.1738472,1609701530.3086689,0.13482165336608887,1609701530.224345,1609701530.2315722,0.007227182388305664
b56e5cdcc2a44d53a9e2523a70fb3169,k-means,warm,exec,queue,0.03358650207519531,7.152557373046875e-07,4.76837158203125e-07,1609701530.1754246,1609701530.3553894,0.17996478080749512,1609701530.2419338,1609701530.2495902,0.0076563358306884766
bf39cf2f29b24a1dae1e7701fa8567f0,k-means,warm,exec,queue,0.03811955451965332,4.76837158203125e-07,2.384185791015625e-07,1609701530.1770148,1609701530.3964472,0.21943235397338867,1609701530.2450082,1609701530.2524576,0.00744938850402832
f791f0c89e53471497d93f32a1a53858,k-means,warm,exec,queue,0.04301261901855469,2.384185791015625e-07,2.384185791015625e-07,1609701530.1786017,1609701530.392621,0.2140192985534668,1609701530.2491522,1609701530.2562356,0.007083415985107422
0e2df7bbe60e4bb9a623549ff2e3d1da,k-means,warm,exec,queue,0.02747368812561035,4.76837158203125e-07,4.76837158203125e-07,1609701530.1803331,1609701530.3574123,0.1770792007446289,1609701530.2412024,1609701530.2492933,0.008090972900390625
c7763a3d4538412d82094af6b4c0b6d2,k-means,warm,exec,queue,0.015105724334716797,2.384185791015625e-07,2.384185791015625e-07,1609701530.1819084,1609701530.305053,0.12314462661743164,1609701530.2191663,1609701530.2279494,0.008783102035522461
fb51385c714c43d49b1bb331401d1fc3,k-means,warm,exec,queue,0.009971141815185547,2.384185791015625e-07,0.0,1609701530.1834831,1609701530.3101072,0.12662410736083984,1609701530.2141888,1609701530.222824,0.008635282516479492
aeb35e18fc204488a766129268522527,k-means,warm,exec,queue,0.06698489189147949,2.384185791015625e-07,2.384185791015625e-07,1609701530.1850572,1609701530.3960512,0.21099400520324707,1609701530.2780986,1609701530.2842233,0.006124734878540039
08c3ded827cd43a99017cb4713b3f2c4,k-means,warm,exec,queue,0.07257938385009766,2.384185791015625e-07,2.384185791015625e-07,1609701530.18672,1609701530.4131207,0.22640085220336914,1609701530.283089,1609701530.2891939,0.006104946136474609
96db90bfbd564627a2aff452669a49ce,video,warm,exec,queue,0.01749110221862793,2.384185791015625e-07,2.384185791015625e-07,1609701530.188288,1609701530.3956578,0.20736980438232422,1609701530.2413967,1609701530.2580302,0.01663351058959961
449b9e05cb2d44138080a87058254c13,matmul,warm,exec,queue,0.023494482040405273,2.384185791015625e-07,2.384185791015625e-07,1609701530.1898553,1609701530.4514947,0.2616393566131592,1609701530.2420979,1609701530.2533238,0.01122593879699707
0fb2a81ee4c5426aa13d5f4ba7e650ae,k-means,warm,exec,queue,0.011038780212402344,4.76837158203125e-07,2.384185791015625e-07,1609701531.1583257,1609701531.2847388,0.12641310691833496,1609701531.2121015,1609701531.2197177,0.007616281509399414
0eb0752d8dc441e08f30af4be9080d18,k-means,warm,exec,queue,0.040883541107177734,2.384185791015625e-07,2.384185791015625e-07,1609701531.1626618,1609701531.8187535,0.6560916900634766,1609701531.2448394,1609701531.2524235,0.007584095001220703
7829329db8b54393bfbc65da05f38b20,k-means,warm,exec,queue,0.046396493911743164,2.384185791015625e-07,2.384185791015625e-07,1609701531.165284,1609701531.4600973,0.2948133945465088,1609701531.253546,1609701531.2603657,0.006819725036621094
34d85c0df4e74d57b9d50d2c55fef4b9,k-means,warm,exec,queue,0.05072522163391113,2.384185791015625e-07,0.0,1609701531.167914,1609701531.820617,0.652703046798706,1609701531.2551177,1609701531.2602756,0.005157947540283203
9ac3d111a4054c2e9c2009829b90c969,k-means,warm,exec,queue,0.0560305118560791,7.152557373046875e-07,2.384185791015625e-07,1609701531.1708772,1609701531.5006554,0.32977819442749023,1609701531.2611303,1609701531.2671854,0.006055116653442383
b6453fac8531475cbee9acbf57680799,k-means,warm,exec,queue,0.0606989860534668,2.384185791015625e-07,2.384185791015625e-07,1609701531.1730103,1609701531.4110043,0.23799395561218262,1609701531.2677162,1609701531.2723906,0.004674434661865234
18d73c0b529941c5b5a1f63fce660e7a,k-means,warm,exec,queue,0.06530380249023438,2.384185791015625e-07,2.384185791015625e-07,1609701531.1745324,1609701531.5446072,0.3700747489929199,1609701531.2730682,1609701531.2793713,0.006303071975708008
ea4c581b179b425cb68873637ea7b029,k-means,warm,exec,queue,0.0355989933013916,4.76837158203125e-07,2.384185791015625e-07,1609701531.1760437,1609701531.4581976,0.282153844833374,1609701531.2388165,1609701531.24495,0.006133556365966797
e6a89870b61949798d83e0b639520954,k-means,warm,exec,queue,0.031157255172729492,2.384185791015625e-07,2.384185791015625e-07,1609701531.177563,1609701531.3494797,0.17191672325134277,1609701531.2379265,1609701531.2436533,0.005726814270019531
8491be5e3f404e7ebca9f8297342b259,k-means,warm,exec,queue,0.025761127471923828,4.76837158203125e-07,2.384185791015625e-07,1609701531.1793866,1609701531.4089587,0.22957205772399902,1609701531.2347207,1609701531.2420738,0.007353067398071289
a822c569a51643ddb16c3da455195741,k-means,warm,exec,queue,0.015110254287719727,2.384185791015625e-07,0.0,1609701531.1810794,1609701531.2828915,0.10181212425231934,1609701531.2156968,1609701531.224572,0.008875131607055664
665de5f654e84572823bf5d022e46190,k-means,warm,exec,queue,0.020454883575439453,2.384185791015625e-07,0.0,1609701531.1827161,1609701531.5426679,0.3599517345428467,1609701531.2218883,1609701531.2307625,0.008874177932739258
00c81f7ee20e49108e762cef8c16f183,k-means,warm,exec,queue,0.06966161727905273,2.384185791015625e-07,2.384185791015625e-07,1609701531.184265,1609701531.546252,0.3619871139526367,1609701531.2783883,1609701531.2849996,0.006611347198486328
e41790a543bd4dcc9ded8d04dc1c6696,k-means,warm,exec,queue,0.07425856590270996,2.384185791015625e-07,2.384185791015625e-07,1609701531.1859133,1609701531.6932795,0.5073661804199219,1609701531.2847998,1609701531.291102,0.0063021183013916016
cdcb8167f7124f0289d02d4b8ea40ac1,k-means,warm,exec,queue,0.0790104866027832,2.384185791015625e-07,2.384185791015625e-07,1609701531.1874118,1609701531.727521,0.5401091575622559,1609701531.2879868,1609701531.2943943,0.006407499313354492
cfa337876ac6477c98ec00816221e6df,k-means,warm,exec,queue,7.653236389160156e-05,4.76837158203125e-07,2.384185791015625e-07,1609701532.1543357,1609701532.4158409,0.261505126953125,1609701532.1959465,1609701532.203921,0.007974624633789062
0aaab4f512fe4fe9bd24f9131411ff0e,k-means,warm,exec,queue,0.005446195602416992,2.384185791015625e-07,0.0,1609701532.1585152,1609701532.418618,0.2601027488708496,1609701532.1957214,1609701532.202675,0.006953716278076172
c40feb081a5f4d5cb8a984783c99b8cb,k-means,warm,exec,queue,0.010663270950317383,2.384185791015625e-07,0.0,1609701532.161095,1609701532.4120924,0.25099754333496094,1609701532.2011774,1609701532.2089849,0.007807493209838867
c7540724f6044f21a121088567016306,k-means,warm,exec,queue,0.015946626663208008,7.152557373046875e-07,2.384185791015625e-07,1609701532.1636336,1609701532.4893026,0.3256690502166748,1609701532.2084994,1609701532.2160637,0.0075643062591552734
8fe32082197d4b838bd0ab8dd1e0bba0,k-means,warm,exec,queue,0.020650625228881836,2.384185791015625e-07,0.0,1609701532.1665006,1609701532.4192247,0.25272417068481445,1609701532.2115135,1609701532.2175221,0.006008625030517578
7887b278b9d74c4c9813c28b3700a4df,k-means,warm,exec,queue,0.025760889053344727,2.384185791015625e-07,0.0,1609701532.168946,1609701532.6486342,0.4796881675720215,1609701532.2175725,1609701532.223323,0.0057506561279296875
553f87f1c3404e4682222fe1f13b6369,k-means,warm,exec,queue,0.030869722366333008,2.384185791015625e-07,2.384185791015625e-07,1609701532.1704502,1609701532.491015,0.32056474685668945,1609701532.2243345,1609701532.229467,0.005132436752319336
ac01a5209a3843948a1d71c9f73f5566,k-means,warm,exec,queue,0.03551340103149414,4.76837158203125e-07,2.384185791015625e-07,1609701532.1719358,1609701532.415244,0.24330830574035645,1609701532.229824,1609701532.236326,0.006501913070678711
e32f50daf2204db29ca30ce0e29ed4bf,k-means,warm,exec,queue,0.040604591369628906,7.152557373046875e-07,4.76837158203125e-07,1609701532.173432,1609701532.8237145,0.6502823829650879,1609701532.235235,1609701532.2416873,0.006452322006225586
3fae1401174c4d699fc5786838d0d9db,k-means,warm,exec,queue,0.04556012153625488,2.384185791015625e-07,0.0,1609701532.1750298,1609701532.749543,0.5745131969451904,1609701532.2390258,1609701532.2447803,0.0057544708251953125
6c3178d6c2aa426d809b51f336a4a47a,k-means,warm,exec,queue,0.05059480667114258,4.76837158203125e-07,2.384185791015625e-07,1609701532.1765275,1609701532.4875004,0.3109729290008545,1609701532.2442877,1609701532.249759,0.005471229553222656
4ff9347684d1464cb0237527483e804e,k-means,warm,exec,queue,0.004034996032714844,4.76837158203125e-07,2.384185791015625e-07,1609701533.1504238,1609701533.2763138,0.12589001655578613,1609701533.1828487,1609701533.1913195,0.008470773696899414
fc7f30214b3847a38752c32164b17b6d,video,warm,exec,queue,0.016295433044433594,2.384185791015625e-07,2.384185791015625e-07,1609701533.1544142,1609701533.4667776,0.3123633861541748,1609701533.20372,1609701533.220662,0.01694202423095703
3ea2145474084670b22b46caafec3a95,k-means,warm,exec,queue,0.023389101028442383,4.76837158203125e-07,2.384185791015625e-07,1609701533.1570957,1609701533.3579357,0.20083999633789062,1609701533.2046275,1609701533.2107844,0.00615692138671875
631621898e5b412b9d39dbc9b381b26b,k-means,warm,exec,queue,0.02796792984008789,2.384185791015625e-07,0.0,1609701533.1596959,1609701533.43258,0.2728841304779053,1609701533.208089,1609701533.2144022,0.0063130855560302734
04e12aaf67e1414399aa63bc5d3aee64,k-means,warm,exec,queue,0.03265810012817383,2.384185791015625e-07,4.76837158203125e-07,1609701533.1623135,1609701533.4686832,0.3063697814941406,1609701533.214182,1609701533.2218266,0.0076446533203125
1543034782e84b41afa31b84ecbf24ec,k-means,warm,exec,queue,0.01757979393005371,2.384185791015625e-07,2.384185791015625e-07,1609701533.1649654,1609701533.315991,0.15102553367614746,1609701533.202833,1609701533.2109394,0.008106470108032227
aafed936a90e49c6bb395c2fcd3e9a49,k-means,warm,exec,queue,0.012742042541503906,4.76837158203125e-07,0.0,1609701533.1665416,1609701533.4009557,0.23441410064697266,1609701533.1924424,1609701533.200071,0.007628679275512695
db5f96aea65b4213997ee0d0477ccf39,k-means,warm,exec,queue,0.008142948150634766,2.384185791015625e-07,2.384185791015625e-07,1609701533.1681292,1609701533.2747452,0.10661602020263672,1609701533.1870348,1609701533.1952724,0.008237600326538086
a04081c90c49407b8d323bc280abc313,k-means,warm,exec,queue,0.006356954574584961,2.384185791015625e-07,0.0,1609701534.1569185,1609701534.2764807,0.11956214904785156,1609701534.1964757,1609701534.2051477,0.008671998977661133
c72b861f850a4f8f88ea23c39c82469d,k-means,warm,exec,queue,0.055006980895996094,2.384185791015625e-07,2.384185791015625e-07,1609701534.1612577,1609701534.4126835,0.25142574310302734,1609701534.2492585,1609701534.2557395,0.0064809322357177734
f6e07ea346794821870f6d494fd0213c,k-means,warm,exec,queue,0.011465072631835938,4.76837158203125e-07,2.384185791015625e-07,1609701534.1638658,1609701534.3672302,0.20336437225341797,1609701534.2020001,1609701534.2106192,0.008619070053100586
c2c7c15af0d146f48a63b19bb6fbf31a,k-means,warm,exec,queue,0.045355796813964844,2.384185791015625e-07,0.0,1609701534.1664824,1609701534.4100487,0.24356627464294434,1609701534.2396982,1609701534.246717,0.0070188045501708984
feceb060d70e49c2a800548d91401c4f,k-means,warm,exec,queue,0.0406343936920166,2.384185791015625e-07,2.384185791015625e-07,1609701534.1690843,1609701534.413223,0.2441387176513672,1609701534.2335155,1609701534.239953,0.006437540054321289
80293dc10824426aa12f493530d37e17,k-means,warm,exec,queue,0.03562784194946289,4.76837158203125e-07,0.0,1609701534.1706638,1609701534.319269,0.1486051082611084,1609701534.228056,1609701534.234801,0.006745100021362305
630203b8a62a45cb955c82ec5770027d,k-means,warm,exec,queue,0.030771493911743164,2.384185791015625e-07,2.384185791015625e-07,1609701534.1722498,1609701534.442841,0.27059125900268555,1609701534.2239983,1609701534.2307322,0.006733894348144531
cbbf58d9b4594148a5d84462fb5e6087,k-means,warm,exec,queue,0.015869617462158203,2.384185791015625e-07,2.384185791015625e-07,1609701534.1738307,1609701534.3210135,0.14718270301818848,1609701534.2070408,1609701534.215656,0.008615255355834961
a25a9b162e8d43799017ac0ba28b0aa3,k-means,warm,exec,queue,0.021692276000976562,4.76837158203125e-07,2.384185791015625e-07,1609701534.1754146,1609701534.5533288,0.3779141902923584,1609701534.2122302,1609701534.2190287,0.006798505783081055
35eaf1aada104edc9c0fe8bafa07aa9f,k-means,warm,exec,queue,0.026297569274902344,4.76837158203125e-07,2.384185791015625e-07,1609701534.1771533,1609701534.3175054,0.1403520107269287,1609701534.2185383,1609701534.225436,0.006897687911987305
3e44f536e7314fa6b241bfd321ad4706,k-means,warm,exec,queue,0.049953460693359375,4.76837158203125e-07,2.384185791015625e-07,1609701534.1787343,1609701534.3687963,0.1900620460510254,1609701534.2453878,1609701534.252106,0.006718158721923828
28a27de6b6e743dbaa207a1d7c9ba3df,k-means,warm,exec,queue,0.00038743019104003906,4.76837158203125e-07,2.384185791015625e-07,1609701535.1639547,1609701535.3116267,0.14767193794250488,1609701535.2222857,1609701535.230731,0.008445262908935547
512f35f608794680bbea095bb3013f14,k-means,warm,exec,queue,0.006234884262084961,2.384185791015625e-07,0.0,1609701535.168448,1609701535.3151977,0.14674973487854004,1609701535.2230487,1609701535.231472,0.008423328399658203
a0abbe0351ab4312b03446af43f92555,k-means,warm,exec,queue,0.010843992233276367,0.0,2.384185791015625e-07,1609701535.1710298,1609701535.3155603,0.1445305347442627,1609701535.2236838,1609701535.2313607,0.007676839828491211
5346c031002146ada475016010a85c1d,k-means,warm,exec,queue,0.015364885330200195,2.384185791015625e-07,2.384185791015625e-07,1609701535.17365,1609701535.4221368,0.24848675727844238,1609701535.2309043,1609701535.238668,0.00776362419128418
bb1f40766e364cbd814d0a60b411572e,k-means,warm,exec,queue,0.020251750946044922,2.384185791015625e-07,2.384185791015625e-07,1609701535.1765344,1609701535.4274342,0.2508997917175293,1609701535.2468202,1609701535.255404,0.008583784103393555
19606c017d3f4b6b85dc1a0297e9dbea,k-means,warm,exec,queue,0.02982926368713379,2.384185791015625e-07,2.384185791015625e-07,1609701535.1781478,1609701535.3695793,0.19143152236938477,1609701535.247498,1609701535.2552168,0.007718801498413086
2c5139f387314a75af8282c8258a6f4d,k-means,warm,exec,queue,0.03414773941040039,2.384185791015625e-07,0.0,1609701535.1797047,1609701535.5232258,0.3435211181640625,1609701535.2493677,1609701535.2564182,0.007050514221191406
49ddd11c40a54058b4f1a351b6252b1e,k-means,warm,exec,queue,0.03946280479431152,2.384185791015625e-07,2.384185791015625e-07,1609701535.1812704,1609701535.519547,0.33827662467956543,1609701535.2565355,1609701535.2646492,0.008113622665405273
48347698f0ae482c9fefe74a0278ad3e,k-means,warm,exec,queue,0.04413747787475586,4.76837158203125e-07,2.384185791015625e-07,1609701535.1829486,1609701535.539392,0.3564434051513672,1609701535.2675822,1609701535.2761343,0.008552074432373047
2141b5ec43524e2ca8f65f82abe72613,k-means,warm,exec,queue,0.05092144012451172,4.76837158203125e-07,2.384185791015625e-07,1609701535.1845276,1609701535.4701478,0.28562021255493164,1609701535.2750602,1609701535.2831526,0.008092403411865234
857493c0116e4c31a2e0b65aa0d5dc23,k-means,warm,exec,queue,0.05717754364013672,7.152557373046875e-07,4.76837158203125e-07,1609701535.1860833,1609701535.4270914,0.24100804328918457,1609701535.2757761,1609701535.281849,0.0060727596282958984
b0f2f855bc694585a9dd4da7a3288424,k-means,warm,exec,queue,0.06253623962402344,7.152557373046875e-07,2.384185791015625e-07,1609701535.1876378,1609701535.5405312,0.3528933525085449,1609701535.2831595,1609701535.2912152,0.008055686950683594
e42fc75060c647da96d1ec9c84eb491f,k-means,warm,exec,queue,0.06598854064941406,2.384185791015625e-07,0.0,1609701535.1893218,1609701535.6588073,0.4694855213165283,1609701535.287871,1609701535.294815,0.006944179534912109
7f1c182b1e81418caadcb93645e43d81,k-means,warm,exec,queue,0.07079482078552246,2.384185791015625e-07,2.384185791015625e-07,1609701535.190887,1609701535.3717055,0.1808185577392578,1609701535.292795,1609701535.298877,0.006082057952880859
118f5945dd214018bdd77fd23ce99a4e,k-means,warm,exec,queue,0.07558608055114746,7.152557373046875e-07,2.384185791015625e-07,1609701535.1924279,1609701535.4265158,0.23408794403076172,1609701535.3003232,1609701535.3078117,0.0074884891510009766
029782e4f5d44026aae9e68ecff16e47,video,warm,exec,queue,0.018133878707885742,2.384185791015625e-07,2.384185791015625e-07,1609701535.1939702,1609701535.4279294,0.23395919799804688,1609701535.2476354,1609701535.264663,0.017027616500854492
4503c6d5d9ab4562a324101b7ae9be11,matmul,warm,exec,queue,0.018889188766479492,2.384185791015625e-07,0.0,1609701535.1956275,1609701535.3264208,0.13079333305358887,1609701535.24789,1609701535.2580335,0.010143518447875977
2bab53a7e6e84169a483f89099bf5b78,map_reduce,warm,exec,queue,0.019608259201049805,2.384185791015625e-07,2.384185791015625e-07,1609701535.1971867,1609701535.5201912,0.32300448417663574,1609701535.2475047,1609701535.3325825,0.08507776260375977
806260df868348038fe0caeb5cdd9678,k-means,warm,exec,queue,0.004475831985473633,4.76837158203125e-07,2.384185791015625e-07,1609701536.1568806,1609701536.2899458,0.13306522369384766,1609701536.1951556,1609701536.2034535,0.008297920227050781
e8d489515c524fabab987032202b8c48,k-means,warm,exec,queue,0.04683208465576172,2.384185791015625e-07,2.384185791015625e-07,1609701536.161125,1609701536.3313851,0.17026019096374512,1609701536.242826,1609701536.2482376,0.005411624908447266
3b0bc6aa61b94a358e1de42759c4b60e,k-means,warm,exec,queue,0.041776418685913086,0.0,2.384185791015625e-07,1609701536.1637375,1609701536.3707116,0.20697402954101562,1609701536.2359862,1609701536.240817,0.004830837249755859
41630dad794f4216b76dc0389bf89a9c,k-means,warm,exec,queue,0.0363309383392334,2.384185791015625e-07,0.0,1609701536.1663656,1609701536.5027752,0.3364095687866211,1609701536.2303395,1609701536.2366,0.006260395050048828
9c141c75791b491bb5995549b98f28b0,k-means,warm,exec,queue,0.031630516052246094,2.384185791015625e-07,0.0,1609701536.1688905,1609701536.370115,0.20122456550598145,1609701536.226683,1609701536.2335422,0.006859302520751953
5828f36cdc8a4e69a0ad6d8c4978550a,k-means,warm,exec,queue,0.00899958610534668,2.384185791015625e-07,0.0,1609701536.1707056,1609701536.2918053,0.12109971046447754,1609701536.1984394,1609701536.2070181,0.008578777313232422
3345a3b9b5744aa2b66f6a3447a9f806,k-means,warm,exec,queue,0.013524770736694336,4.76837158203125e-07,2.384185791015625e-07,1609701536.1723192,1609701536.334795,0.1624758243560791,1609701536.2047124,1609701536.2141986,0.009486198425292969
98dff80b7cd6405bb02f8249eeb41b38,k-means,warm,exec,queue,0.0182344913482666,2.384185791015625e-07,0.0,1609701536.173921,1609701536.3671076,0.19318652153015137,1609701536.2103086,1609701536.2186673,0.00835871696472168
4066a76c200d4fbc896907d99db0536e,k-means,warm,exec,queue,0.023629426956176758,2.384185791015625e-07,2.384185791015625e-07,1609701536.1755352,1609701536.4545712,0.2790360450744629,1609701536.2142267,1609701536.218843,0.004616260528564453
93b5f3e252de4fdcb9cc9ea80bdcb974,k-means,warm,exec,queue,0.028228759765625,2.384185791015625e-07,2.384185791015625e-07,1609701536.1772785,1609701536.334197,0.15691852569580078,1609701536.221298,1609701536.2278628,0.0065648555755615234
74c0c2a166ea4260b672dc9055cb4b39,k-means,warm,exec,queue,0.0025310516357421875,7.152557373046875e-07,2.384185791015625e-07,1609701537.1609662,1609701537.2964244,0.13545823097229004,1609701537.2088614,1609701537.2177415,0.008880138397216797
6a33a51eec534e55bc8f71ea4217ad13,k-means,warm,exec,queue,0.03141212463378906,4.76837158203125e-07,0.0,1609701537.1652622,1609701537.3689413,0.20367908477783203,1609701537.2351463,1609701537.2418513,0.006705045700073242
7e81ba50dde545ba8b1df2d99be1f350,k-means,warm,exec,queue,0.03628063201904297,4.76837158203125e-07,2.384185791015625e-07,1609701537.167856,1609701537.365606,0.19775009155273438,1609701537.2412696,1609701537.2495637,0.008294105529785156
6f7a0ba43f5e4cf59d6346bae9153ad1,k-means,warm,exec,queue,0.04089927673339844,2.384185791015625e-07,2.384185791015625e-07,1609701537.1704764,1609701537.362259,0.19178247451782227,1609701537.2513216,1609701537.2589438,0.007622241973876953
d7d5b4434f434011a64b4094e4201322,k-means,warm,exec,queue,0.04576277732849121,2.384185791015625e-07,2.384185791015625e-07,1609701537.173409,1609701537.3356147,0.16220569610595703,1609701537.2512374,1609701537.258577,0.0073397159576416016
d476207191e4412180b22752d4ca7251,k-means,warm,exec,queue,0.051192522048950195,2.384185791015625e-07,2.384185791015625e-07,1609701537.176002,1609701537.360545,0.18454289436340332,1609701537.258025,1609701537.2646036,0.006578683853149414
8d0c460e025d40fcaaf6f742b96a08a4,k-means,warm,exec,queue,0.026399612426757812,2.384185791015625e-07,2.384185791015625e-07,1609701537.1778748,1609701537.4042616,0.22638678550720215,1609701537.2341602,1609701537.2404037,0.006243467330932617
1e207745ee4b43bb839e478470ac6e97,k-means,warm,exec,queue,0.020006656646728516,2.384185791015625e-07,2.384185791015625e-07,1609701537.1794746,1609701537.3373973,0.15792274475097656,1609701537.2316883,1609701537.2404757,0.008787393569946289
bb2eda3d282b4250b37d305cbf030235,k-means,warm,exec,queue,0.015479564666748047,2.384185791015625e-07,2.384185791015625e-07,1609701537.181113,1609701537.3649933,0.18388032913208008,1609701537.2182646,1609701537.2268991,0.008634567260742188
925fc2a40f5942dc859368774e7aabd4,k-means,warm,exec,queue,0.010932445526123047,2.384185791015625e-07,2.384185791015625e-07,1609701537.1830583,1609701537.3683295,0.1852712631225586,1609701537.2131796,1609701537.2217257,0.008546113967895508
611645057c884252a37ad9922295ac10,k-means,warm,exec,queue,0.008524417877197266,2.384185791015625e-07,2.384185791015625e-07,1609701537.1846735,1609701537.2945063,0.109832763671875,1609701537.20913,1609701537.2178643,0.00873422622680664
fd6b0199d74d474887075c7e5d6f2f8e,video,warm,exec,queue,0.027634859085083008,2.384185791015625e-07,2.384185791015625e-07,1609701537.1862934,1609701537.4540062,0.2677128314971924,1609701537.234943,1609701537.252101,0.017158031463623047
dd6521d7fa0d4252b441adc6193df06b,k-means,warm,exec,queue,0.008876562118530273,7.152557373046875e-07,2.384185791015625e-07,1609701538.1614969,1609701538.2889462,0.12744927406311035,1609701538.2073295,1609701538.215355,0.008025407791137695
81146f804afd460fa20f80c66f0afc8c,k-means,warm,exec,queue,0.05763721466064453,4.76837158203125e-07,0.0,1609701538.1655424,1609701538.4377387,0.27219629287719727,1609701538.2665474,1609701538.2731266,0.006579160690307617
dc7c91394e4e4833ad9f638f49cbd789,k-means,warm,exec,queue,0.052405595779418945,9.5367431640625e-07,4.76837158203125e-07,1609701538.1680322,1609701538.4099712,0.24193906784057617,1609701538.2638414,1609701538.2714348,0.007593393325805664
002bb31289a3461f802949721257ae20,k-means,warm,exec,queue,0.04706144332885742,2.384185791015625e-07,2.384185791015625e-07,1609701538.1705503,1609701538.4105422,0.2399919033050537,1609701538.249432,1609701538.2555697,0.0061376094818115234
93538e2fbc6f4a6fb8cf4a9262392321,k-means,warm,exec,queue,0.042218923568725586,2.384185791015625e-07,2.384185791015625e-07,1609701538.1733232,1609701538.5382946,0.364971399307251,1609701538.2455719,1609701538.251849,0.0062770843505859375
e0057995fc494b30b7936b06bc5464ca,k-means,warm,exec,queue,0.03770256042480469,7.152557373046875e-07,2.384185791015625e-07,1609701538.1757936,1609701538.4404702,0.264676570892334,1609701538.2440302,1609701538.2514403,0.0074100494384765625
ab34ec39343c4e229e3715d03ebf9bea,k-means,warm,exec,queue,0.03318929672241211,2.384185791015625e-07,2.384185791015625e-07,1609701538.1775272,1609701538.4410436,0.2635164260864258,1609701538.2338707,1609701538.2403784,0.0065076351165771484
929097f1f7f8419aa90ab44d7723206f,k-means,warm,exec,queue,0.028319120407104492,4.76837158203125e-07,2.384185791015625e-07,1609701538.1789584,1609701538.3372855,0.1583271026611328,1609701538.2280884,1609701538.2339761,0.005887746810913086
133a588bf633437480b1c772a051b27d,k-means,warm,exec,queue,0.022626161575317383,4.76837158203125e-07,2.384185791015625e-07,1609701538.180396,1609701538.3389785,0.15858244895935059,1609701538.2250242,1609701538.2332325,0.008208274841308594
99bbfdb0153b4e18a9b4d9a33f99226d,k-means,warm,exec,queue,0.013287782669067383,4.76837158203125e-07,4.76837158203125e-07,1609701538.18193,1609701538.4065285,0.22459840774536133,1609701538.2124796,1609701538.220407,0.007927417755126953
59935cb91a02434f8741cbe2379db3d1,k-means,warm,exec,queue,0.01782703399658203,7.152557373046875e-07,2.384185791015625e-07,1609701538.1833594,1609701538.2871494,0.1037900447845459,1609701538.2174804,1609701538.2250407,0.007560253143310547
1884286edf55460ebf60c116ca5d628b,k-means,warm,exec,queue,0.06204795837402344,7.152557373046875e-07,2.384185791015625e-07,1609701538.1847975,1609701538.407103,0.2223055362701416,1609701538.267996,1609701538.27485,0.006853818893432617
4515a5ae1f55423c894ed89ab27ef87d,k-means,warm,exec,queue,0.06682538986206055,4.76837158203125e-07,2.384185791015625e-07,1609701538.1862276,1609701538.539985,0.353757381439209,1609701538.2728393,1609701538.2795699,0.006730556488037109
f0c07636c0c34f37a90af7b8d8b2b8ee,k-means,warm,exec,queue,0.0029494762420654297,4.76837158203125e-07,7.152557373046875e-07,1609701539.1474292,1609701539.242598,0.0951688289642334,1609701539.167527,1609701539.176144,0.008616924285888672
6d42c91dd3684d008848700bf6a6d95f,k-means,warm,exec,queue,0.006592988967895508,4.76837158203125e-07,4.76837158203125e-07,1609701539.151481,1609701539.2407856,0.08930468559265137,1609701539.1716738,1609701539.1805568,0.008882999420166016
f53de6963d6b4c3898600bf6c9ce388f,video,warm,exec,queue,0.01262807846069336,4.76837158203125e-07,2.384185791015625e-07,1609701539.154154,1609701539.2566514,0.10249733924865723,1609701539.176908,1609701539.1945064,0.017598390579223633
6ed0d84005a14a839c60988df8cc889c,matmul,warm,exec,queue,8.392333984375e-05,4.76837158203125e-07,2.384185791015625e-07,1609701540.144546,1609701540.2405775,0.09603142738342285,1609701540.1560276,1609701540.168452,0.012424468994140625
84da0ea21f87457facd824dcc68e66f5,video,warm,exec,queue,0.002189159393310547,4.76837158203125e-07,2.384185791015625e-07,1609701541.1450553,1609701541.2500808,0.1050255298614502,1609701541.157575,1609701541.1742969,0.01672196388244629
7394bda348664e2e8117004a1397d229,video,warm,exec,queue,0.004174947738647461,4.76837158203125e-07,2.384185791015625e-07,1609701543.1480525,1609701543.242706,0.09465360641479492,1609701543.1625466,1609701543.179602,0.017055273056030273
261cf2ccad3e42679afe7d773a0222ef,k-means,warm,exec,queue,0.0012340545654296875,7.152557373046875e-07,2.384185791015625e-07,1609701544.1880138,1609701544.3450224,0.15700864791870117,1609701544.2476206,1609701544.2562673,0.008646726608276367
ff65f23817e3451d94ea984bc6d66ac7,k-means,warm,exec,queue,0.00485992431640625,7.152557373046875e-07,2.384185791015625e-07,1609701544.1927066,1609701544.3432553,0.15054869651794434,1609701544.2717054,1609701544.280096,0.008390665054321289
dcddf8b1106646bc8d5b249e62cbac16,k-means,warm,exec,queue,0.04766035079956055,2.384185791015625e-07,0.0,1609701544.195301,1609701544.6027145,0.4074134826660156,1609701544.3123105,1609701544.3176682,0.0053577423095703125
c7f72ff3b0b344a2b50c5118475130d3,k-means,warm,exec,queue,0.052220821380615234,2.384185791015625e-07,2.384185791015625e-07,1609701544.1981895,1609701544.698128,0.4999384880065918,1609701544.3143013,1609701544.3212166,0.00691533088684082
6317943e1ebc47b4ab6a2c2387be3b75,k-means,warm,exec,queue,0.056890249252319336,2.384185791015625e-07,2.384185791015625e-07,1609701544.2006798,1609701544.417801,0.21712112426757812,1609701544.3192003,1609701544.3253884,0.006188154220581055
818826d055aa45eea22f2b110266a806,k-means,warm,exec,queue,0.062087059020996094,2.384185791015625e-07,0.0,1609701544.2022274,1609701544.6440957,0.44186830520629883,1609701544.3258774,1609701544.3307903,0.004912853240966797
bde26bba4ae74afda10eb20f361c3d2d,k-means,warm,exec,queue,0.01896047592163086,4.76837158203125e-07,2.384185791015625e-07,1609701544.2037811,1609701544.3453712,0.14159011840820312,1609701544.2766068,1609701544.283928,0.00732111930847168
74d774f9f6b44cf6833756134ba43935,k-means,warm,exec,queue,0.023951053619384766,2.384185791015625e-07,2.384185791015625e-07,1609701544.2053344,1609701544.4188259,0.21349143981933594,1609701544.2815485,1609701544.2896044,0.008055925369262695
ef18b38a0a6d4819a6addfe7bd55ee6c,k-means,warm,exec,queue,0.028897523880004883,2.384185791015625e-07,4.76837158203125e-07,1609701544.2070022,1609701544.6734116,0.46640944480895996,1609701544.2935584,1609701544.3019342,0.008375883102416992
d8ab65d5148c47a49cd067a1960f7b1f,k-means,warm,exec,queue,0.03452587127685547,4.76837158203125e-07,2.384185791015625e-07,1609701544.2085836,1609701544.5262983,0.3177146911621094,1609701544.297058,1609701544.3022473,0.005189180374145508
8e4d676e09144109a7f33776eb9ef330,k-means,warm,exec,queue,0.039105892181396484,4.76837158203125e-07,2.384185791015625e-07,1609701544.2101226,1609701544.698862,0.4887394905090332,1609701544.2981133,1609701544.3027918,0.004678487777709961
dcd88eba36914c0aa84910c130036d5e,k-means,warm,exec,queue,0.04248666763305664,2.384185791015625e-07,4.76837158203125e-07,1609701544.2116745,1609701544.484021,0.27234649658203125,1609701544.3035169,1609701544.3114636,0.00794672966003418
fd33a330aa584eaa88122bce51f283da,k-means,warm,exec,queue,0.013799428939819336,2.384185791015625e-07,2.384185791015625e-07,1609701544.2133453,1609701544.4167717,0.20342636108398438,1609701544.2719173,1609701544.280319,0.008401632308959961
8dfe896477454e3f863d6525993dc68a,k-means,warm,exec,queue,0.06664371490478516,2.384185791015625e-07,2.384185791015625e-07,1609701544.2149007,1609701544.6715426,0.45664191246032715,1609701544.3313034,1609701544.337713,0.006409645080566406
0fc0dd9229194d259a040706785b07f4,k-means,warm,exec,queue,0.07132077217102051,2.384185791015625e-07,2.384185791015625e-07,1609701544.2164364,1609701544.5343764,0.31793999671936035,1609701544.3365688,1609701544.3415966,0.00502777099609375
b864b10b66cc4ba7a1f3fc1664748857,k-means,warm,exec,queue,0.07622265815734863,2.384185791015625e-07,2.384185791015625e-07,1609701544.2179692,1609701544.7582955,0.5403263568878174,1609701544.340503,1609701544.3463728,0.005869865417480469
e99bf143841141ac97b1b7c3d8dd714e,k-means,warm,exec,queue,0.08199906349182129,4.76837158203125e-07,2.384185791015625e-07,1609701544.2196035,1609701544.7588801,0.5392765998840332,1609701544.349491,1609701544.3553383,0.005847454071044922
62e1163cf63944cd9985f5baf4a10f08,k-means,warm,exec,queue,0.08721446990966797,2.384185791015625e-07,2.384185791015625e-07,1609701544.2211456,1609701544.5337992,0.3126535415649414,1609701544.3530622,1609701544.3573494,0.004287242889404297
bc072282fbda4530b4d9a42b255a46a0,k-means,warm,exec,queue,0.0925297737121582,2.384185791015625e-07,2.384185791015625e-07,1609701544.22268,1609701544.7551672,0.532487154006958,1609701544.358698,1609701544.3656154,0.006917476654052734
2475c7314b5745e6989beb655dda269c,k-means,warm,exec,queue,0.09727954864501953,2.384185791015625e-07,2.384185791015625e-07,1609701544.224315,1609701544.6429765,0.41866159439086914,1609701544.363198,1609701544.3677783,0.004580259323120117
fbb3d46058fb447fa9b7714f6d300113,k-means,warm,exec,queue,0.10269999504089355,7.152557373046875e-07,2.384185791015625e-07,1609701544.2258253,1609701544.485169,0.25934362411499023,1609701544.371068,1609701544.3774574,0.0063893795013427734
b82165a0179f44c7bf0affe5c690f9b9,k-means,warm,exec,queue,0.10744309425354004,2.384185791015625e-07,2.384185791015625e-07,1609701544.2273366,1609701544.6947086,0.46737194061279297,1609701544.3745012,1609701544.3790157,0.004514455795288086
9be4549a1a6a4a77a7fef7d8a837eb40,k-means,warm,exec,queue,0.11210179328918457,2.384185791015625e-07,0.0,1609701544.2293694,1609701544.5306668,0.3012974262237549,1609701544.3799942,1609701544.3865197,0.006525516510009766
0dfffb2c59cd48c9baa22ab904e8c6de,k-means,warm,exec,queue,0.11725616455078125,4.76837158203125e-07,2.384185791015625e-07,1609701544.2344353,1609701544.5312397,0.29680442810058594,1609701544.3864765,1609701544.3912117,0.004735231399536133
fd553dea26b44eddb9da1c8fb0f98cac,k-means,warm,exec,queue,0.12192606925964355,4.76837158203125e-07,2.384185791015625e-07,1609701544.2367756,1609701544.5280719,0.29129624366760254,1609701544.3918307,1609701544.3978224,0.005991697311401367
ccb5fbb3ab2749549b33f76eddd2fddb,video,warm,exec,queue,6.532669067382812e-05,4.76837158203125e-07,2.384185791015625e-07,1609701545.1553118,1609701545.2541616,0.09884977340698242,1609701545.1744025,1609701545.1916635,0.017261028289794922
6e74c94b854b4cd0961a14a0e806c205,map_reduce,warm,exec,queue,0.00677943229675293,4.76837158203125e-07,2.384185791015625e-07,1609701545.1592703,1609701545.3539908,0.19472050666809082,1609701545.1827905,1609701545.2684228,0.08563232421875
07dfb11b6c714201a4c56de0b9ce5497,matmul,warm,exec,queue,0.0021016597747802734,4.76837158203125e-07,4.76837158203125e-07,1609701545.1619468,1609701545.255935,0.09398818016052246,1609701545.177627,1609701545.1887598,0.01113271713256836
df1735013e6540fa8f6b299af4d3ede8,k-means,warm,exec,queue,7.772445678710938e-05,4.76837158203125e-07,2.384185791015625e-07,1609701546.180296,1609701546.3551338,0.17483782768249512,1609701546.2373827,1609701546.2456217,0.008239030838012695
c96a4852ea804b13a7e33faf57d6bf33,k-means,warm,exec,queue,0.011263847351074219,2.384185791015625e-07,2.384185791015625e-07,1609701546.1846182,1609701546.3529727,0.16835451126098633,1609701546.2380831,1609701546.2465491,0.008466005325317383
58edbdb72b47433dac3d724f5560ebca,k-means,warm,exec,queue,0.01601886749267578,7.152557373046875e-07,0.0,1609701546.187127,1609701546.5140717,0.32694458961486816,1609701546.2432418,1609701546.2520127,0.008770942687988281
81ba3fa71ec1462782aab88365f736f6,k-means,warm,exec,queue,0.02044534683227539,4.76837158203125e-07,2.384185791015625e-07,1609701546.1896799,1609701546.356132,0.16645216941833496,1609701546.2491717,1609701546.2569413,0.007769584655761719
01b7eb421c0d446d952d724f98c11fb3,k-means,warm,exec,queue,0.025465726852416992,2.384185791015625e-07,0.0,1609701546.192452,1609701546.427663,0.23521113395690918,1609701546.2554991,1609701546.2620265,0.006527423858642578
0a0ce0b5a8d240e6b03f20bcadf82b7a,k-means,warm,exec,queue,0.030589580535888672,2.384185791015625e-07,2.384185791015625e-07,1609701546.193902,1609701546.4312873,0.23738527297973633,1609701546.2589688,1609701546.265464,0.006495237350463867
5070a7e6c8264ec6ba6c991c7b31bbc7,k-means,warm,exec,queue,0.035537004470825195,2.384185791015625e-07,0.0,1609701546.1953382,1609701546.354136,0.1587977409362793,1609701546.2646108,1609701546.2690136,0.004402875900268555
c936a7e7d9d34c98b831d7b09431a40a,k-means,warm,exec,queue,0.04036998748779297,7.152557373046875e-07,2.384185791015625e-07,1609701546.1968088,1609701546.511428,0.3146193027496338,1609701546.2712374,1609701546.27605,0.004812717437744141
52be5857a5a343199249acd570bb7561,k-means,warm,exec,queue,0.045372724533081055,2.384185791015625e-07,2.384185791015625e-07,1609701546.1982572,1609701546.5519106,0.3536534309387207,1609701546.2758477,1609701546.2801166,0.0042688846588134766
8d6a8620042c437dae54b931f2880e05,k-means,warm,exec,queue,0.0498354434967041,4.76837158203125e-07,2.384185791015625e-07,1609701546.1998196,1609701546.5471985,0.3473789691925049,1609701546.282667,1609701546.2897282,0.0070612430572509766
2e58cb500c284c3596563de05078c559,k-means,warm,exec,queue,0.0550694465637207,4.76837158203125e-07,2.384185791015625e-07,1609701546.201291,1609701546.5526292,0.35133814811706543,1609701546.286917,1609701546.2909622,0.004045248031616211
84c94584b8674a80ac57148d68018ecf,k-means,warm,exec,queue,0.059552669525146484,2.384185791015625e-07,2.384185791015625e-07,1609701546.2027295,1609701546.3853056,0.18257617950439453,1609701546.2925766,1609701546.2991438,0.006567239761352539
25faf1a167ae4401bedea2eec216985a,k-means,warm,exec,queue,0.06448960304260254,4.76837158203125e-07,2.384185791015625e-07,1609701546.2041886,1609701546.5467486,0.3425600528717041,1609701546.297948,1609701546.3024578,0.004509925842285156
f2373333ee8f423a89377c98089847e4,k-means,warm,exec,queue,0.06860971450805664,2.384185791015625e-07,2.384185791015625e-07,1609701546.2057288,1609701546.473647,0.26791834831237793,1609701546.3046927,1609701546.3112273,0.006534576416015625
0c508d1cadbd4c099cf34c146909a5e9,k-means,warm,exec,queue,0.07289695739746094,2.384185791015625e-07,2.384185791015625e-07,1609701546.2071702,1609701546.6311452,0.42397499084472656,1609701546.3084228,1609701546.3145905,0.00616765022277832
27d1501c1880446c99bbd930bdec6619,k-means,warm,exec,queue,0.07839465141296387,2.384185791015625e-07,2.384185791015625e-07,1609701546.2086344,1609701546.553348,0.3447136878967285,1609701546.3148844,1609701546.3217416,0.006857156753540039
c968909d32ec430b9a00ac30886df03e,k-means,warm,exec,queue,0.08398270606994629,2.384185791015625e-07,0.0,1609701546.2101736,1609701546.4306774,0.2205038070678711,1609701546.320313,1609701546.3244781,0.004165172576904297
e8cd67971e4d48c393d7a6fba247f5d9,k-means,warm,exec,queue,7.295608520507812e-05,2.384185791015625e-07,2.384185791015625e-07,1609701547.1731203,1609701547.3136318,0.14051151275634766,1609701547.2197375,1609701547.2288923,0.009154796600341797
e5e37f76adba488da528db468e1539c3,k-means,warm,exec,queue,0.007576704025268555,4.76837158203125e-07,2.384185791015625e-07,1609701547.1775348,1609701547.3154716,0.13793683052062988,1609701547.2205465,1609701547.229089,0.008542537689208984
a0119868e4d44088a9cdf15db74b200c,k-means,warm,exec,queue,0.012222051620483398,2.384185791015625e-07,2.384185791015625e-07,1609701547.180162,1609701547.3980227,0.21786069869995117,1609701547.224613,1609701547.233674,0.009061098098754883
4b970d1951674aaf864267e55d6c1145,k-means,warm,exec,queue,0.016579627990722656,2.384185791015625e-07,2.384185791015625e-07,1609701547.182823,1609701547.4904044,0.30758142471313477,1609701547.2297592,1609701547.2386603,0.008901119232177734
24ff0b7c782042488c3574cbf1b48ceb,k-means,warm,exec,queue,0.02098679542541504,7.152557373046875e-07,2.384185791015625e-07,1609701547.1853964,1609701547.3478851,0.16248869895935059,1609701547.2420166,1609701547.2496283,0.007611751556396484
5a7a0b5dba964f1b999f3e3c6d606fd0,k-means,warm,exec,queue,0.026706695556640625,4.76837158203125e-07,2.384185791015625e-07,1609701547.187003,1609701547.656546,0.4695432186126709,1609701547.2421436,1609701547.2473788,0.005235195159912109
22b32f4f16804169bc6cc428025fc13f,k-means,warm,exec,queue,0.031319379806518555,2.384185791015625e-07,0.0,1609701547.1886287,1609701547.3963633,0.2077345848083496,1609701547.2454863,1609701547.2508428,0.005356550216674805
e32e86857a7b4d13a5cecaf900ee5863,k-means,warm,exec,queue,0.035685062408447266,0.0,2.384185791015625e-07,1609701547.190236,1609701547.5807908,0.39055466651916504,1609701547.2515833,1609701547.2594037,0.007820367813110352
80ab0d0fc54649e6b83fb834303c168d,k-means,warm,exec,queue,0.040257930755615234,2.384185791015625e-07,0.0,1609701547.191838,1609701547.346261,0.15442299842834473,1609701547.2571435,1609701547.261913,0.004769563674926758
0ca90ad87bcc406d99c6e43b78564f2f,k-means,warm,exec,queue,0.04493212699890137,2.384185791015625e-07,0.0,1609701547.1935847,1609701547.5474355,0.3538508415222168,1609701547.261368,1609701547.2681074,0.006739377975463867
ee745ecea66e4c61affc0b8d0086e411,k-means,warm,exec,queue,0.049829721450805664,2.384185791015625e-07,0.0,1609701547.1951954,1609701547.4580994,0.26290392875671387,1609701547.268526,1609701547.275865,0.007339000701904297
51b6cd17747549349e46f9296b9071e5,video,warm,exec,queue,0.019349098205566406,2.384185791015625e-07,2.384185791015625e-07,1609701547.1967885,1609701547.4574862,0.260697603225708,1609701547.243046,1609701547.2603025,0.017256498336791992
223867152d5b4c96b57d5dbdb62725aa,k-means,warm,exec,queue,0.00162506103515625,4.76837158203125e-07,2.384185791015625e-07,1609701548.1674244,1609701548.2835543,0.11612987518310547,1609701548.2049348,1609701548.21394,0.009005069732666016
91eeeafa7381427aa69252eae9c00186,k-means,warm,exec,queue,0.015104055404663086,2.384185791015625e-07,2.384185791015625e-07,1609701548.1716578,1609701548.361232,0.1895742416381836,1609701548.215078,1609701548.2239797,0.008901596069335938
bcfaae35cf92426fa4d92b0e982d61aa,k-means,warm,exec,queue,0.01958632469177246,2.384185791015625e-07,2.384185791015625e-07,1609701548.174296,1609701548.357738,0.1834421157836914,1609701548.225143,1609701548.2337587,0.008615732192993164
6d135cfc56f54476b4e14de82396ac84,k-means,warm,exec,queue,0.02397942543029785,4.76837158203125e-07,2.384185791015625e-07,1609701548.1769464,1609701548.3159735,0.13902711868286133,1609701548.2266312,1609701548.2342174,0.007586240768432617
d555de70ccdb46c1aecd09362d9beaa4,k-means,warm,exec,queue,0.02881002426147461,2.384185791015625e-07,2.384185791015625e-07,1609701548.1795616,1609701548.3832188,0.2036571502685547,1609701548.2312574,1609701548.2380676,0.006810188293457031
5a25b02f138f41feacf68c6db051d224,k-means,warm,exec,queue,0.0333714485168457,2.384185791015625e-07,4.76837158203125e-07,1609701548.18172,1609701548.450018,0.2682979106903076,1609701548.2349677,1609701548.2418108,0.006843090057373047
964f5e0da918427e8626b530c45101d3,k-means,warm,exec,queue,0.010441303253173828,2.384185791015625e-07,2.384185791015625e-07,1609701548.1833098,1609701548.359497,0.17618727684020996,1609701548.2098334,1609701548.2185125,0.00867915153503418
91ee6ae7177e44d2b46aea9e17a71332,k-means,warm,exec,queue,0.007497072219848633,4.76837158203125e-07,2.384185791015625e-07,1609701548.1849225,1609701548.285487,0.10056447982788086,1609701548.2052727,1609701548.213952,0.008679389953613281
d3750707e5a64a1b9d2e2dfc095118e3,k-means,warm,exec,queue,0.0005283355712890625,4.76837158203125e-07,2.384185791015625e-07,1609701549.1809351,1609701549.3432202,0.16228508949279785,1609701549.2598608,1609701549.268469,0.008608341217041016
7e37afc5075941268c3c508d8f4017eb,k-means,warm,exec,queue,0.01034688949584961,4.76837158203125e-07,2.384185791015625e-07,1609701549.185368,1609701549.3466108,0.16124272346496582,1609701549.2595172,1609701549.2679684,0.008451223373413086
5654334ce1a940fca3bd0667cd7b2edc,k-means,warm,exec,queue,0.01500701904296875,2.384185791015625e-07,0.0,1609701549.1878474,1609701549.3460333,0.1581859588623047,1609701549.2637696,1609701549.2725208,0.008751153945922852
45bf43e049e948968e07c6ae2c9e53fd,k-means,warm,exec,queue,0.01947498321533203,4.76837158203125e-07,2.384185791015625e-07,1609701549.1902983,1609701549.4113975,0.2210991382598877,1609701549.2690692,1609701549.277541,0.00847172737121582
40d24a3284704fc79544eb28617a2b92,k-means,warm,exec,queue,0.02399134635925293,2.384185791015625e-07,0.0,1609701549.1930265,1609701549.3778458,0.18481922149658203,1609701549.2817652,1609701549.290001,0.008235692977905273
3148f6a5394f4d308b23b735daa5dadc,k-means,warm,exec,queue,0.029915332794189453,4.76837158203125e-07,2.384185791015625e-07,1609701549.1954517,1609701549.3762822,0.1808304786682129,1609701549.2818494,1609701549.2879689,0.006119489669799805
3f7f24a2565448f3a4c9e336225cca3e,k-means,warm,exec,queue,0.03478097915649414,2.384185791015625e-07,0.0,1609701549.1973784,1609701549.4883528,0.29097437858581543,1609701549.2852423,1609701549.2918274,0.006585121154785156
43c5aac6ff2344fc8626c0873f3b98b3,k-means,warm,exec,queue,0.04020261764526367,4.76837158203125e-07,4.76837158203125e-07,1609701549.1989567,1609701549.6044593,0.4055025577545166,1609701549.291816,1609701549.299456,0.007639884948730469
43aa8e24ce59406b9623a4c6ec2fa676,k-means,warm,exec,queue,0.04459571838378906,2.384185791015625e-07,2.384185791015625e-07,1609701549.2005482,1609701549.5603878,0.35983967781066895,1609701549.297511,1609701549.3025615,0.0050504207611083984
68d1ebb75a4c499ca3335c7cce84e3df,k-means,warm,exec,queue,0.049225807189941406,2.384185791015625e-07,4.76837158203125e-07,1609701549.2022514,1609701549.4904704,0.28821897506713867,1609701549.3022344,1609701549.3089244,0.006690025329589844
bd2e92f91e224e88bc36072feb65e09a,k-means,warm,exec,queue,0.054018497467041016,2.384185791015625e-07,2.384185791015625e-07,1609701549.2038205,1609701549.6442878,0.44046735763549805,1609701549.3087432,1609701549.3151727,0.006429433822631836
df7f16d0982a4aee880d38e9e0fca02d,k-means,warm,exec,queue,0.05854654312133789,2.384185791015625e-07,2.384185791015625e-07,1609701549.2054064,1609701549.4130332,0.2076268196105957,1609701549.3136418,1609701549.3198345,0.006192684173583984
9cee0e74e47c46c790fa80936f31fc65,k-means,warm,exec,queue,0.06304454803466797,7.152557373046875e-07,2.384185791015625e-07,1609701549.206986,1609701549.6050782,0.39809226989746094,1609701549.317614,1609701549.323972,0.006357908248901367
8c5d68d7ad604cd594cfffc84f4f4d01,k-means,warm,exec,queue,0.06775975227355957,4.76837158203125e-07,0.0,1609701549.2089431,1609701549.6788816,0.4699385166168213,1609701549.3226013,1609701549.327848,0.005246639251708984
49df7481c3d2479ea4e21c7b8303af63,k-means,warm,exec,queue,0.07201886177062988,4.76837158203125e-07,0.0,1609701549.2104852,1609701549.409781,0.1992957592010498,1609701549.3290122,1609701549.3352494,0.0062372684478759766
e8343fd1e7954a6bba1d70feee7c5931,video,warm,exec,queue,0.020194292068481445,2.384185791015625e-07,2.384185791015625e-07,1609701549.2120292,1609701549.6809409,0.46891164779663086,1609701549.2827868,1609701549.2999148,0.01712799072265625
e9d4de1bb8a847878048f2232234fc14,k-means,warm,exec,queue,0.002485036849975586,4.76837158203125e-07,2.384185791015625e-07,1609701550.1795278,1609701550.3048737,0.12534594535827637,1609701550.232114,1609701550.2406023,0.008488178253173828
139a370f31fb4db3b400518ea8fdd68e,k-means,warm,exec,queue,0.04778027534484863,2.384185791015625e-07,2.384185791015625e-07,1609701550.1839592,1609701550.3832543,0.1992950439453125,1609701550.2783692,1609701550.284,0.0056307315826416016
0580594aa4714afd8dab492d8eeb09d1,k-means,warm,exec,queue,0.05306386947631836,4.76837158203125e-07,2.384185791015625e-07,1609701550.186615,1609701550.3826473,0.19603228569030762,1609701550.2865074,1609701550.2939863,0.007478952407836914
70bfc32f71b2406991996918b82d0e1a,k-means,warm,exec,queue,0.03023052215576172,2.384185791015625e-07,2.384185791015625e-07,1609701550.1892667,1609701550.3390973,0.14983057975769043,1609701550.255983,1609701550.262343,0.00635981559753418
ad80273ab55b4234aa50df711df3b15c,k-means,warm,exec,queue,0.03463411331176758,2.384185791015625e-07,2.384185791015625e-07,1609701550.1921625,1609701550.4243207,0.23215818405151367,1609701550.2607534,1609701550.267317,0.006563663482666016
fc465a25b12543d6aea729ce2b3980ae,k-means,warm,exec,queue,0.04002118110656738,4.76837158203125e-07,2.384185791015625e-07,1609701550.1938002,1609701550.5349138,0.3411135673522949,1609701550.272271,1609701550.2803657,0.00809478759765625
e6dbcbf9a9844b69a0f555cac2524f60,k-means,warm,exec,queue,0.04488015174865723,2.384185791015625e-07,2.384185791015625e-07,1609701550.1953878,1609701550.496616,0.30122804641723633,1609701550.2740242,1609701550.2788677,0.004843473434448242
637ffa6745de4b7d82de455498e2ea86,k-means,warm,exec,queue,0.024922609329223633,2.384185791015625e-07,2.384185791015625e-07,1609701550.197,1609701550.3373306,0.14033055305480957,1609701550.2547016,1609701550.262117,0.007415294647216797
87afd572397b40ccafa70f0075bff027,k-means,warm,exec,queue,0.01969623565673828,2.384185791015625e-07,2.384185791015625e-07,1609701550.1986132,1609701550.3796735,0.1810603141784668,1609701550.2451012,1609701550.2537792,0.008677959442138672
5589ee2bf0ff4af894f6ceef16276ab5,k-means,warm,exec,queue,0.015173196792602539,2.384185791015625e-07,2.384185791015625e-07,1609701550.2003443,1609701550.3849382,0.18459391593933105,1609701550.2396183,1609701550.2480948,0.008476495742797852
5cb4c992c0424ecebbb2d720d439e74a,k-means,warm,exec,queue,0.010743379592895508,2.384185791015625e-07,2.384185791015625e-07,1609701550.2019272,1609701550.308384,0.10645675659179688,1609701550.2345598,1609701550.243221,0.008661270141601562
a38f865c57a343af8eaa45e03c4ccc5f,k-means,warm,exec,queue,0.008741140365600586,2.384185791015625e-07,4.76837158203125e-07,1609701550.203511,1609701550.3077395,0.10422849655151367,1609701550.2324717,1609701550.241303,0.008831262588500977
25eac25437af4e3cb3521e0deb4a99ab,k-means,warm,exec,queue,0.05774044990539551,0.0,2.384185791015625e-07,1609701550.2050998,1609701550.4558372,0.25073742866516113,1609701550.2902107,1609701550.297151,0.006940364837646484
07cbcc9baf824a07abbfee6d5243a9cb,matmul,warm,exec,queue,0.015578746795654297,2.384185791015625e-07,2.384185791015625e-07,1609701550.2067816,1609701550.422289,0.21550726890563965,1609701550.2557862,1609701550.2654066,0.009620428085327148
d57129437d5042c69fd915bdf6122aac,k-means,warm,exec,queue,0.002101898193359375,2.384185791015625e-07,2.384185791015625e-07,1609701551.175973,1609701551.4842322,0.3082592487335205,1609701551.2218378,1609701551.230335,0.008497238159179688
41ce7e3e23b141a1ae59d86ce9c2cd4b,k-means,warm,exec,queue,0.0316922664642334,4.76837158203125e-07,2.384185791015625e-07,1609701551.1803539,1609701551.3415813,0.16122746467590332,1609701551.253076,1609701551.260451,0.007375001907348633
c84db10ba00b4e349a10fe931c07644c,k-means,warm,exec,queue,0.036538124084472656,2.384185791015625e-07,2.384185791015625e-07,1609701551.1829789,1609701551.3421347,0.15915584564208984,1609701551.259069,1609701551.2662232,0.007154226303100586
0b25a1ff34894944aced24bbaab748db,k-means,warm,exec,queue,0.041291236877441406,4.76837158203125e-07,0.0,1609701551.185593,1609701551.424309,0.23871612548828125,1609701551.2625883,1609701551.2698267,0.0072383880615234375
bff127be360148458cfd195eeaa42346,k-means,warm,exec,queue,0.046042680740356445,2.384185791015625e-07,2.384185791015625e-07,1609701551.1885552,1609701551.7080967,0.5195415019989014,1609701551.267692,1609701551.2724018,0.004709720611572266
8e3e66d226154d43b28b200ad3961607,k-means,warm,exec,queue,0.008769512176513672,2.384185791015625e-07,2.384185791015625e-07,1609701551.1901445,1609701551.3828855,0.19274091720581055,1609701551.225614,1609701551.2342029,0.008588790893554688
e499d2f3e316421084da7c9287a0ffb2,k-means,warm,exec,queue,0.014132261276245117,4.76837158203125e-07,0.0,1609701551.191737,1609701551.3078547,0.11611771583557129,1609701551.2310965,1609701551.2391107,0.008014202117919922
cd4681ca756c40c08e93e89a1c5edc7f,k-means,warm,exec,queue,0.018556594848632812,2.384185791015625e-07,2.384185791015625e-07,1609701551.1933596,1609701551.3823009,0.18894124031066895,1609701551.2429981,1609701551.2505717,0.007573604583740234
07b615a19d8c4161ad6f0bb84131a106,k-means,warm,exec,queue,0.023688077926635742,2.384185791015625e-07,2.384185791015625e-07,1609701551.1949537,1609701551.484829,0.2898752689361572,1609701551.243094,1609701551.250954,0.007859945297241211
760f1d90c74e4d8490752bc4550e57ee,k-means,warm,exec,queue,0.028229236602783203,2.384185791015625e-07,0.0,1609701551.196695,1609701551.33893,0.14223480224609375,1609701551.2463346,1609701551.2536185,0.007283926010131836
90b6cc5afd42447795dc716e582f20b6,k-means,warm,exec,queue,0.004223346710205078,2.384185791015625e-07,4.76837158203125e-07,1609701551.1982927,1609701551.3061619,0.10786914825439453,1609701551.2219412,1609701551.229886,0.007944822311401367
518b51f42fc046f1861c2e20268e7906,video,warm,exec,queue,0.026874065399169922,0.0,2.384185791015625e-07,1609701551.1998887,1609701551.5236955,0.3238067626953125,1609701551.2428374,1609701551.2588816,0.016044139862060547
5421894cf838411c8ca278e459a73009,k-means,warm,exec,queue,8.20159912109375e-05,7.152557373046875e-07,2.384185791015625e-07,1609701552.1781085,1609701552.311154,0.13304543495178223,1609701552.2250884,1609701552.2340071,0.00891876220703125
f8a60d8681af404a9960daa3e02a78f1,k-means,warm,exec,queue,0.006589651107788086,2.384185791015625e-07,2.384185791015625e-07,1609701552.1824555,1609701552.3093483,0.1268928050994873,1609701552.2246618,1609701552.2347403,0.01007843017578125
fa5608ce29884ae69c8514367324e698,k-means,warm,exec,queue,0.011907339096069336,4.76837158203125e-07,2.384185791015625e-07,1609701552.1851153,1609701552.367207,0.18209171295166016,1609701552.2307851,1609701552.2399986,0.009213447570800781
722fecde9f854f05b23d3ddb31f60f81,k-means,warm,exec,queue,0.01642632484436035,2.384185791015625e-07,2.384185791015625e-07,1609701552.1877167,1609701552.4421175,0.25440073013305664,1609701552.2353761,1609701552.244406,0.009029865264892578
143d9f22dd1e48fcb1f69659fe4ff93a,k-means,warm,exec,queue,0.020841598510742188,2.384185791015625e-07,2.384185791015625e-07,1609701552.1906443,1609701552.496561,0.30591678619384766,1609701552.2434235,1609701552.252067,0.008643627166748047
14060300314948b19992d7ce962f3c4b,k-means,warm,exec,queue,0.02510356903076172,4.76837158203125e-07,2.384185791015625e-07,1609701552.1930575,1609701552.3336976,0.1406400203704834,1609701552.2458498,1609701552.2511306,0.005280733108520508
1136efaa468e4515bed92345cf683fd0,k-means,warm,exec,queue,0.030059099197387695,2.384185791015625e-07,2.384185791015625e-07,1609701552.194683,1609701552.3354974,0.14081430435180664,1609701552.2514856,1609701552.2582889,0.006803274154663086
916f14b26b66412ab1b1a4bed1056d6f,k-means,warm,exec,queue,0.0350797176361084,2.384185791015625e-07,2.384185791015625e-07,1609701552.19629,1609701552.4116254,0.21533536911010742,1609701552.2573745,1609701552.263338,0.005963563919067383
798e7fcd886b4d55ba884a1f683d3cd9,k-means,warm,exec,queue,0.03989362716674805,2.384185791015625e-07,2.384185791015625e-07,1609701552.1978948,1609701552.527171,0.32927608489990234,1609701552.2606351,1609701552.2671216,0.006486415863037109
011db1d01bd1443e8839e9e2bd6dc94c,k-means,warm,exec,queue,0.04532742500305176,7.152557373046875e-07,2.384185791015625e-07,1609701552.1996188,1609701552.4929051,0.2932863235473633,1609701552.2668655,1609701552.2736115,0.006746053695678711
73bfc1e65919470f95da0291ea01c656,k-means,warm,exec,queue,0.05012941360473633,4.76837158203125e-07,4.76837158203125e-07,1609701552.2012365,1609701552.3690605,0.16782402992248535,1609701552.2732134,1609701552.279922,0.006708621978759766
f15772190528426cb2f7f46dd1d59ca0,k-means,warm,exec,queue,0.05478072166442871,4.76837158203125e-07,4.76837158203125e-07,1609701552.2028506,1609701552.495934,0.29308342933654785,1609701552.278371,1609701552.285127,0.006755828857421875
3ca0f99706b245af8b3bec34c5ca33b6,k-means,warm,exec,queue,0.006219387054443359,2.384185791015625e-07,2.384185791015625e-07,1609701553.1785083,1609701553.2941644,0.11565613746643066,1609701553.2159605,1609701553.2243383,0.008377790451049805
dc5d28a61bbd41ebb8be164534e33b2a,disk,warm,exec,queue,0.020731687545776367,2.384185791015625e-07,2.384185791015625e-07,1609701553.182682,1609701553.3287141,0.14603209495544434,1609701553.2401214,1609701553.2485406,0.008419275283813477
510bb9d1f89f48349ae76d2a86313640,k-means,warm,exec,queue,0.04406380653381348,2.384185791015625e-07,2.384185791015625e-07,1609701553.1852775,1609701553.3606284,0.17535090446472168,1609701553.263411,1609701553.2703857,0.006974697113037109
376736e3b62644fa84b2b159df9c879f,k-means,warm,exec,queue,0.04170680046081543,2.384185791015625e-07,2.384185791015625e-07,1609701553.1878266,1609701553.5555682,0.36774158477783203,1609701553.2560241,1609701553.2621906,0.0061664581298828125
830003d8ca7a4430b2e8f0b88cb8fb96,k-means,warm,exec,queue,0.0371553897857666,2.384185791015625e-07,0.0,1609701553.189726,1609701553.38755,0.19782400131225586,1609701553.250661,1609701553.256735,0.006074190139770508
55b38db8f1ca4d3e9113d7e8fbdff972,k-means,warm,exec,queue,0.03226137161254883,0.0,2.384185791015625e-07,1609701553.1911895,1609701553.4194832,0.22829365730285645,1609701553.2440662,1609701553.2503579,0.006291627883911133
6d4af846a41c44a18132b169c6a4e899,k-means,warm,exec,queue,0.02692127227783203,2.384185791015625e-07,2.384185791015625e-07,1609701553.1926575,1609701553.5952358,0.40257835388183594,1609701553.2400024,1609701553.2454207,0.005418300628662109
e3e31c74eff04b439fc3d42cccb01b08,k-means,warm,exec,queue,0.019492149353027344,2.384185791015625e-07,2.384185791015625e-07,1609701553.1941264,1609701553.445692,0.25156569480895996,1609701553.2342548,1609701553.2423358,0.00808095932006836
9caa6a61b177494b8a8e7b38f912e8bc,k-means,warm,exec,queue,0.015009403228759766,4.76837158203125e-07,4.76837158203125e-07,1609701553.195582,1609701553.327177,0.13159513473510742,1609701553.2258604,1609701553.2342238,0.008363485336303711
6f7b97a7749f47088fe7fbd4261fa862,k-means,warm,exec,queue,0.010008811950683594,4.76837158203125e-07,2.384185791015625e-07,1609701553.1971781,1609701553.2956204,0.09844231605529785,1609701553.2205906,1609701553.229086,0.008495330810546875
731d2314410c48018c53f1ccd064d26b,video,warm,exec,queue,0.01908397674560547,2.384185791015625e-07,2.384185791015625e-07,1609701553.1986263,1609701553.388041,0.18941473960876465,1609701553.2383552,1609701553.2551374,0.016782283782958984
94c0e69b8e3d414583763a13602f7c1c,k-means,warm,exec,queue,0.007804393768310547,7.152557373046875e-07,2.384185791015625e-07,1609701554.181314,1609701554.3215442,0.1402301788330078,1609701554.224757,1609701554.2334032,0.008646249771118164
c57c5b8cdb434de2a5a0e058bff5bcbb,matmul,warm,exec,queue,0.02050948143005371,2.384185791015625e-07,2.384185791015625e-07,1609701554.18578,1609701554.3914368,0.2056567668914795,1609701554.2447577,1609701554.256444,0.011686325073242188
268fd481c2ef4b82ae1c35a8a6b5ae39,k-means,warm,exec,queue,0.02824091911315918,7.152557373046875e-07,2.384185791015625e-07,1609701554.1884727,1609701554.4216666,0.23319387435913086,1609701554.2490861,1609701554.2544355,0.005349397659301758
90f4b97d85314f8c9dc7f45afb139e9a,k-means,warm,exec,queue,0.03368663787841797,2.384185791015625e-07,2.384185791015625e-07,1609701554.1910927,1609701554.5404718,0.3493790626525879,1609701554.256132,1609701554.2627425,0.0066106319427490234
ec8f08a82ac6483aabf0c556a6e012b4,k-means,warm,exec,queue,0.03821825981140137,2.384185791015625e-07,0.0,1609701554.1934633,1609701554.388428,0.19496464729309082,1609701554.2617486,1609701554.2673209,0.005572319030761719
512afb2ebbf742a893525fd7ea0969e0,k-means,warm,exec,queue,0.043302297592163086,2.384185791015625e-07,0.0,1609701554.1950684,1609701554.538714,0.3436455726623535,1609701554.264913,1609701554.2721562,0.007243156433105469
d8d81cfd8e0d423699b05f5231c306b0,k-means,warm,exec,queue,0.04883074760437012,2.384185791015625e-07,0.0,1609701554.1966891,1609701554.3920517,0.19536256790161133,1609701554.2721171,1609701554.2773952,0.005278110504150391
826a5c19f72147dfa3bbe122a269b364,k-means,warm,exec,queue,0.053544044494628906,2.384185791015625e-07,2.384185791015625e-07,1609701554.198296,1609701554.4822748,0.2839787006378174,1609701554.276991,1609701554.2832189,0.006227970123291016
06a2dd041e594f4185a560936c36b41d,k-means,warm,exec,queue,0.023343324661254883,2.384185791015625e-07,0.0,1609701554.199903,1609701554.3476567,0.14775371551513672,1609701554.2430937,1609701554.2497861,0.006692409515380859
336d5865df424297b116a04527efc921,k-means,warm,exec,queue,0.011890888214111328,7.152557373046875e-07,2.384185791015625e-07,1609701554.20166,1609701554.323402,0.12174201011657715,1609701554.230228,1609701554.2391927,0.008964776992797852
cff618a4a81645a187418c48f784008a,k-means,warm,exec,queue,0.016774654388427734,2.384185791015625e-07,0.0,1609701554.2032816,1609701554.3459637,0.14268207550048828,1609701554.2355309,1609701554.2459722,0.010441303253173828
f40bd70ad352428dbf75ee6fe6d7bda0,disk,warm,exec,queue,0.02795243263244629,2.384185791015625e-07,4.76837158203125e-07,1609701554.2048697,1609701554.480386,0.2755162715911865,1609701554.2498422,1609701554.2588634,0.009021282196044922
a1836c404b19423b85b4efa83bece2a3,k-means,warm,exec,queue,0.0017812252044677734,4.76837158203125e-07,2.384185791015625e-07,1609701555.1946623,1609701555.359159,0.16449666023254395,1609701555.2663443,1609701555.2749724,0.008628129959106445
3783fef319de489fa52faf221e71c798,k-means,warm,exec,queue,0.08691596984863281,2.384185791015625e-07,0.0,1609701555.1994064,1609701556.5142086,1.3148021697998047,1609701555.3507962,1609701555.357313,0.006516695022583008
d33ba6e576ee49d087cceb71227ef193,k-means,warm,exec,queue,0.09188199043273926,2.384185791015625e-07,0.0,1609701555.2020745,1609701556.6483862,1.4463117122650146,1609701555.3573916,1609701555.3634608,0.006069183349609375
c4bfe92ed74740c493ea6243c209554d,k-means,warm,exec,queue,0.010985374450683594,4.76837158203125e-07,2.384185791015625e-07,1609701555.2048376,1609701555.3366208,0.13178324699401855,1609701555.2672732,1609701555.2751322,0.007858991622924805
18bb22756bc14e859261942c59afbdc4,k-means,warm,exec,queue,0.01526784896850586,4.76837158203125e-07,0.0,1609701555.206448,1609701556.2372346,1.0307865142822266,1609701555.268715,1609701555.2774806,0.008765697479248047
ad4ba59fb5cc40e885f68acb6f831f10,k-means,warm,exec,queue,0.020010948181152344,2.384185791015625e-07,2.384185791015625e-07,1609701555.2080474,1609701556.6570709,1.4490234851837158,1609701555.2738762,1609701555.282226,0.008349895477294922
6e1adbf96f2f46b2b4f4d0c11bcf3d4a,k-means,warm,exec,queue,0.02438640594482422,2.384185791015625e-07,0.0,1609701555.2096775,1609701556.652265,1.4425876140594482,1609701555.2791755,1609701555.28609,0.006914377212524414
d43a15c75b9940769b4e1b63e8671b61,k-means,warm,exec,queue,0.02970409393310547,2.384185791015625e-07,2.384185791015625e-07,1609701555.2112727,1609701556.2385812,1.027308464050293,1609701555.2976928,1609701555.3071244,0.009431600570678711
1afc83375f114804ad93c513fcd12d5c,k-means,warm,exec,queue,0.037236690521240234,4.76837158203125e-07,2.384185791015625e-07,1609701555.2130315,1609701556.6564953,1.4434638023376465,1609701555.299168,1609701555.307367,0.008198976516723633
c6600b7b6aa84b03900adb81a0e2c8ea,k-means,warm,exec,queue,0.042615413665771484,2.384185791015625e-07,2.384185791015625e-07,1609701555.214635,1609701556.6576025,1.4429676532745361,1609701555.3004458,1609701555.3090093,0.008563518524169922
147a4276aa9e433bb7186ccdedae9360,k-means,warm,exec,queue,0.04711270332336426,2.384185791015625e-07,4.76837158203125e-07,1609701555.2162519,1609701556.6527262,1.436474323272705,1609701555.3041012,1609701555.3121548,0.00805354118347168
97d97454961c46c5925d872253345fe3,k-means,warm,exec,queue,0.052439212799072266,7.152557373046875e-07,0.0,1609701555.2178361,1609701556.2398396,1.022003412246704,1609701555.3117793,1609701555.3195853,0.007806062698364258
e7a79fd5623d499fba0783231df9012a,k-means,warm,exec,queue,0.0571439266204834,2.384185791015625e-07,2.384185791015625e-07,1609701555.2195234,1609701556.7336485,1.514125108718872,1609701555.3235,1609701555.3311052,0.007605314254760742
a73a739326f54cefa573343945e6cb58,k-means,warm,exec,queue,0.06235647201538086,7.152557373046875e-07,4.76837158203125e-07,1609701555.2211177,1609701556.688887,1.4677691459655762,1609701555.3288834,1609701555.3353875,0.006504058837890625
84d39f0dfa4a4ec0b891d8f86e77d902,k-means,warm,exec,queue,0.06918191909790039,4.76837158203125e-07,2.384185791015625e-07,1609701555.222695,1609701556.7369363,1.5142412185668945,1609701555.3298657,1609701555.3362052,0.006339550018310547
d1d88d77d46d4433811cca60e8052d5d,k-means,warm,exec,queue,0.07396912574768066,2.384185791015625e-07,4.76837158203125e-07,1609701555.2242844,1609701556.651773,1.4274885654449463,1609701555.3403697,1609701555.3479097,0.007539987564086914
ce5b4d225182459198bc808d22074ead,k-means,warm,exec,queue,0.07871007919311523,2.384185791015625e-07,2.384185791015625e-07,1609701555.2259712,1609701557.5736868,2.3477156162261963,1609701555.3453205,1609701555.3516598,0.006339311599731445
149246939de34929afa5a608be938e61,k-means,warm,exec,queue,0.08441376686096191,4.76837158203125e-07,2.384185791015625e-07,1609701555.2275214,1609701556.6581259,1.4306044578552246,1609701555.346454,1609701555.353948,0.007494211196899414
6d02e7ce2167474185f0d12be65f0fbd,video,warm,exec,queue,0.019652605056762695,4.76837158203125e-07,2.384185791015625e-07,1609701555.2291021,1609701556.7339919,1.504889726638794,1609701555.2982075,1609701555.3164532,0.018245697021484375
023ab349d46d4a3bb0316700da3b1fa7,map_reduce,warm,exec,queue,0.022322416305541992,2.384185791015625e-07,0.0,1609701555.2307777,1609701557.5717204,2.340942621231079,1609701555.2991586,1609701555.3842368,0.08507823944091797
6d5274e7d74e469b8d26b7e32b3f0233,image,cold,exec,create,0.023270130157470703,5.60549259185791,2.384185791015625e-07,1609701555.23238,1609701560.973682,5.741302013397217,1609701560.8960295,1609701560.9134822,0.017452716827392578
8fb06065fd4344dabcf947781346bb6a,network,cold,exec,create,0.029875755310058594,5.8883957862854,0.0,1609701555.2339506,1609701561.2665792,6.032628536224365,1609701561.1856105,1609701561.2052972,0.01968669891357422
dd16d25c979044a1b0564e54ba95daa6,k-means,warm,exec,queue,0.0026655197143554688,4.76837158203125e-07,2.384185791015625e-07,1609701556.1842368,1609701558.1246321,1.9403953552246094,1609701556.2334783,1609701556.2420607,0.008582353591918945
dac04939b3084e5c842774b2521fcc36,k-means,warm,exec,queue,0.037618160247802734,2.384185791015625e-07,0.0,1609701556.1887088,1609701558.0433538,1.854645013809204,1609701556.2661946,1609701556.272985,0.0067903995513916016
1c184edfcfc54df08df9a87f0a0d2e7b,k-means,warm,exec,queue,0.0421905517578125,2.384185791015625e-07,2.384185791015625e-07,1609701556.1913798,1609701556.7355556,0.5441758632659912,1609701556.271347,1609701556.2776852,0.0063381195068359375
5a647bdff9be49ce963403b2ae6de407,k-means,warm,exec,queue,0.04676175117492676,7.152557373046875e-07,2.384185791015625e-07,1609701556.1940513,1609701558.120931,1.926879644393921,1609701556.275351,1609701556.2802992,0.004948139190673828
b359f4d1fb514f8fa16f986f2e039d47,k-means,warm,exec,queue,0.05203533172607422,2.384185791015625e-07,2.384185791015625e-07,1609701556.196783,1609701558.2671428,2.070359706878662,1609701556.2824304,1609701556.2890053,0.006574869155883789
66efc2c4dfcd41b399e6e8b025f8f121,k-means,warm,exec,queue,0.0563507080078125,2.384185791015625e-07,2.384185791015625e-07,1609701556.198397,1609701556.7661138,0.5677168369293213,1609701556.2868361,1609701556.2914062,0.00457000732421875
934f44522f7f4e3e8c037d16ef542fb4,k-means,warm,exec,queue,0.032849788665771484,2.384185791015625e-07,2.384185791015625e-07,1609701556.2000039,1609701557.9632254,1.7632215023040771,1609701556.2611375,1609701556.2657568,0.0046193599700927734
77702c5f926749fba9b7217f57b7bdec,k-means,warm,exec,queue,0.02818155288696289,2.384185791015625e-07,0.0,1609701556.2017202,1609701558.2632127,2.061492443084717,1609701556.2547557,1609701556.2611353,0.006379604339599609
65488f3516e647d5a55910127dacea4a,k-means,warm,exec,queue,0.02298879623413086,0.0,2.384185791015625e-07,1609701556.203346,1609701556.7359107,0.532564640045166,1609701556.2502675,1609701556.2554865,0.005218982696533203
ade0379a3eae4551b2f8f14fbda90e2d,k-means,warm,exec,queue,0.01757645606994629,4.76837158203125e-07,2.384185791015625e-07,1609701556.2049778,1609701557.9628217,1.7578439712524414,1609701556.2437265,1609701556.251244,0.007517576217651367
9fd1a84d13874e15add8d6749af91243,k-means,warm,exec,queue,0.009658336639404297,4.76837158203125e-07,2.384185791015625e-07,1609701556.2066936,1609701558.1240196,1.9173259735107422,1609701556.2336452,1609701556.242414,0.008768796920776367
181cae5f1e604368baae3ba1ac39813e,k-means,warm,exec,queue,0.01489567756652832,2.384185791015625e-07,2.384185791015625e-07,1609701556.2083247,1609701556.7317872,0.5234625339508057,1609701556.2410338,1609701556.248523,0.007489204406738281
f177201792874edab3261fc8100acc2a,k-means,warm,exec,queue,0.06170940399169922,2.384185791015625e-07,0.0,1609701556.2099156,1609701558.0419796,1.832063913345337,1609701556.2937098,1609701556.3003237,0.006613969802856445
11884a8451ea480594f6bf9d8d154c22,k-means,warm,exec,queue,0.007280826568603516,2.384185791015625e-07,2.384185791015625e-07,1609701557.1848707,1609701558.2676775,1.0828068256378174,1609701557.2280316,1609701557.236351,0.008319377899169922
896af586bc3c4893b7767f21dfc656ed,k-means,warm,exec,queue,0.046408653259277344,2.384185791015625e-07,0.0,1609701557.1889908,1609701559.0686355,1.8796446323394775,1609701557.2735279,1609701557.2789843,0.005456447601318359
533f7e01367e41319a3017452f3fba3a,k-means,warm,exec,queue,0.051657915115356445,2.384185791015625e-07,2.384185791015625e-07,1609701557.191556,1609701558.1669042,0.9753482341766357,1609701557.280343,1609701557.2848608,0.004517793655395508
251b3bacc1b648b593eecfa802b524ea,k-means,warm,exec,queue,0.010263681411743164,4.76837158203125e-07,2.384185791015625e-07,1609701557.1941473,1609701558.1279302,0.9337828159332275,1609701557.2316322,1609701557.2393057,0.007673501968383789
f8c7737356cc4f27a8737a4dd6fa11ee,k-means,warm,exec,queue,0.015207529067993164,2.384185791015625e-07,0.0,1609701557.1970432,1609701557.960511,0.7634677886962891,1609701557.23696,1609701557.2456472,0.008687257766723633
44923bb44e864a0a95bd76faeb2bd82a,k-means,warm,exec,queue,0.01970982551574707,2.384185791015625e-07,0.0,1609701557.1985774,1609701558.4040976,1.2055201530456543,1609701557.248623,1609701557.2568874,0.008264541625976562
5926b4ccab184dc18ab75d86d0b97c73,k-means,warm,exec,queue,0.024384021759033203,2.384185791015625e-07,2.384185791015625e-07,1609701557.200106,1609701558.9037735,1.7036676406860352,1609701557.2486413,1609701557.254358,0.005716800689697266
134a81f1a5b342a883a6661c765b5aa3,k-means,warm,exec,queue,0.02878856658935547,2.384185791015625e-07,2.384185791015625e-07,1609701557.2016623,1609701558.2681913,1.0665290355682373,1609701557.2527235,1609701557.259792,0.007068634033203125
bf982b3b8b6c4ea6a5b579e822825a97,k-means,warm,exec,queue,0.03352093696594238,2.384185791015625e-07,2.384185791015625e-07,1609701557.2031975,1609701559.0675988,1.8644013404846191,1609701557.256947,1609701557.26365,0.006702899932861328
df2d8c00b36048668c2ea83be787b30b,k-means,warm,exec,queue,0.038207292556762695,4.76837158203125e-07,2.384185791015625e-07,1609701557.2048528,1609701558.4023263,1.1974735260009766,1609701557.264717,1609701557.2709808,0.00626373291015625
b0549ef101c74105917f2dca00b1aa76,k-means,warm,exec,queue,0.04330635070800781,2.384185791015625e-07,2.384185791015625e-07,1609701557.2063918,1609701558.1273267,0.9209349155426025,1609701557.2696135,1609701557.2755296,0.005916118621826172
1df441f547914f11a3f8cbba3a297112,video,warm,exec,queue,0.0247805118560791,2.384185791015625e-07,0.0,1609701557.2079241,1609701558.6291306,1.4212064743041992,1609701557.2495477,1609701557.266214,0.016666173934936523
761ec8b2df1e48b9b144529d55ac370d,k-means,warm,exec,queue,0.00913238525390625,4.76837158203125e-07,2.384185791015625e-07,1609701558.18579,1609701558.906029,0.7202389240264893,1609701558.2316892,1609701558.2393916,0.007702350616455078
aff65ca375174bc4a024065a75109891,k-means,warm,exec,queue,0.027179718017578125,4.76837158203125e-07,2.384185791015625e-07,1609701558.1893048,1609701558.8743856,0.6850807666778564,1609701558.254801,1609701558.2630117,0.00821065902709961
2a28d3a304104732b0e235e8f1391ada,k-means,warm,exec,queue,0.032507896423339844,2.384185791015625e-07,2.384185791015625e-07,1609701558.1915834,1609701559.2243314,1.0327479839324951,1609701558.263206,1609701558.269581,0.00637507438659668
27dee2e2d54b4208972b5e361e4ac953,k-means,warm,exec,queue,0.03758883476257324,2.384185791015625e-07,2.384185791015625e-07,1609701558.1938715,1609701558.9065042,0.7126326560974121,1609701558.2642179,1609701558.2705595,0.006341695785522461
45696f24187b422a987ab43f442c20ad,k-means,warm,exec,queue,0.04224848747253418,2.384185791015625e-07,2.384185791015625e-07,1609701558.1971512,1609701559.0681477,0.8709964752197266,1609701558.2707827,1609701558.276431,0.005648374557495117
44dd586156d047ad82ae1dd5d32947dd,k-means,warm,exec,queue,0.048220157623291016,2.384185791015625e-07,2.384185791015625e-07,1609701558.1997805,1609701558.9973345,0.7975540161132812,1609701558.2785301,1609701558.2848332,0.006303071975708008
751fc0b81fde44eb8105fb8ea162a744,k-means,warm,exec,queue,0.05301547050476074,4.76837158203125e-07,2.384185791015625e-07,1609701558.2015088,1609701558.9995823,0.7980735301971436,1609701558.2837167,1609701558.2901251,0.0064084529876708984
5f562ae8aafe42b390627361f0cdd0fa,k-means,warm,exec,queue,0.058046579360961914,2.384185791015625e-07,2.384185791015625e-07,1609701558.203044,1609701559.0022123,0.7991683483123779,1609701558.2876086,1609701558.2942219,0.006613254547119141
62626f1b4f084f01add6cb4b219e3774,k-means,warm,exec,queue,0.0630795955657959,2.384185791015625e-07,2.384185791015625e-07,1609701558.2046604,1609701559.432544,1.2278835773468018,1609701558.2930098,1609701558.298968,0.0059583187103271484
2c8c46fa0bc44553a500f5c9ad444cf5,k-means,warm,exec,queue,0.022559165954589844,4.76837158203125e-07,2.384185791015625e-07,1609701558.2063236,1609701559.222308,1.015984296798706,1609701558.248395,1609701558.2538042,0.00540924072265625
66c045545dec45f9896f91e30bf6c11e,k-means,warm,exec,queue,0.012824773788452148,4.76837158203125e-07,2.384185791015625e-07,1609701558.2078664,1609701558.9991872,0.79132080078125,1609701558.238477,1609701558.246844,0.008367061614990234
adb4ba65927a4f65ae7999ec09625937,k-means,warm,exec,queue,0.017997026443481445,4.76837158203125e-07,2.384185791015625e-07,1609701558.209432,1609701558.7620907,0.5526587963104248,1609701558.2436268,1609701558.2506876,0.0070607662200927734
647b93d3434f455c865fd690e6dfedaa,k-means,warm,exec,queue,0.06822657585144043,4.76837158203125e-07,2.384185791015625e-07,1609701558.2109601,1609701559.2247531,1.0137929916381836,1609701558.3003495,1609701558.3062685,0.005918979644775391
c7d066d583e74dd6bdc59f0b36e92164,k-means,warm,exec,queue,0.0030241012573242188,7.152557373046875e-07,2.384185791015625e-07,1609701559.1775284,1609701559.6369224,0.4593939781188965,1609701559.218157,1609701559.226502,0.008344888687133789
530454160bcb40d5bb17716e899c4185,k-means,warm,exec,queue,0.051184654235839844,2.384185791015625e-07,0.0,1609701559.1810489,1609701559.760482,0.5794332027435303,1609701559.2701013,1609701559.275712,0.00561070442199707
fde4e00e40f0404b9d0aa2c9999ce513,k-means,warm,exec,queue,0.045839786529541016,4.76837158203125e-07,2.384185791015625e-07,1609701559.1832168,1609701559.7570987,0.5738818645477295,1609701559.2644684,1609701559.2702441,0.0057756900787353516
1c065e0cc0374e7c91a483e3f6ef9c1d,k-means,warm,exec,queue,0.040990352630615234,2.384185791015625e-07,0.0,1609701559.1851425,1609701559.5415902,0.356447696685791,1609701559.2579114,1609701559.2647998,0.006888389587402344
97ba3fa4b85a4fc18cead2ac0fabb101,k-means,warm,exec,queue,0.036154985427856445,7.152557373046875e-07,2.384185791015625e-07,1609701559.1869552,1609701559.5750985,0.38814330101013184,1609701559.2526293,1609701559.2570615,0.004432201385498047
6cc3c8e980f54d299ea3de641115c221,k-means,warm,exec,queue,0.03165483474731445,4.76837158203125e-07,2.384185791015625e-07,1609701559.1883843,1609701559.6375153,0.4491310119628906,1609701559.2482913,1609701559.2550557,0.006764411926269531
9187321e26f64514be97d5638b4d1c45,k-means,warm,exec,queue,0.02646660804748535,2.384185791015625e-07,0.0,1609701559.1898181,1609701559.7598605,0.5700423717498779,1609701559.241039,1609701559.2466438,0.005604743957519531
337dbfda5cb24c82ae763570b3365625,k-means,warm,exec,queue,0.0220339298248291,4.76837158203125e-07,2.384185791015625e-07,1609701559.191235,1609701559.4081976,0.21696257591247559,1609701559.238208,1609701559.2444873,0.0062792301177978516
a4a558757fe742218af9001310a720c8,k-means,warm,exec,queue,0.014956235885620117,4.76837158203125e-07,2.384185791015625e-07,1609701559.192669,1609701559.433979,0.24131011962890625,1609701559.229394,1609701559.2364895,0.0070955753326416016
44860b3571c1458f9fd204bebaa83909,k-means,warm,exec,queue,0.008784294128417969,2.384185791015625e-07,0.0,1609701559.194821,1609701559.4746754,0.27985453605651855,1609701559.218507,1609701559.2260528,0.0075457096099853516
4dfa4dec6a06485abf1102b295d410b5,k-means,warm,exec,queue,0.013566970825195312,2.384185791015625e-07,2.384185791015625e-07,1609701559.1962488,1609701559.6340876,0.4378387928009033,1609701559.2244198,1609701559.2312398,0.006819963455200195
1c85f63f938d4ae49d658abe7a4ff4db,video,warm,exec,queue,0.02306675910949707,7.152557373046875e-07,2.384185791015625e-07,1609701559.197676,1609701559.4100075,0.21233153343200684,1609701559.2380912,1609701559.2529833,0.014892101287841797
5c35583ea8db47a1a042ab2046eee2a0,k-means,warm,exec,queue,5.936622619628906e-05,7.152557373046875e-07,2.384185791015625e-07,1609701560.1811955,1609701560.3783236,0.1971280574798584,1609701560.2194219,1609701560.2272913,0.007869482040405273
f5bf71fd710d4256828e953f12f5b82d,k-means,warm,exec,queue,0.006265401840209961,7.152557373046875e-07,0.0,1609701560.185263,1609701560.4624248,0.2771618366241455,1609701560.2197232,1609701560.227885,0.008161783218383789
1a7e202768d0417394a9a0f3d214360a,matmul,warm,exec,queue,0.02130413055419922,2.384185791015625e-07,0.0,1609701560.1878269,1609701560.3848054,0.19697856903076172,1609701560.2408156,1609701560.2501507,0.009335041046142578
e492e693b32c4b59bbf31521a523e48a,k-means,warm,exec,queue,0.010102033615112305,2.384185791015625e-07,2.384185791015625e-07,1609701560.1903832,1609701560.381073,0.1906898021697998,1609701560.224024,1609701560.2315428,0.007518768310546875
b7c8a7d2e2114da0b1ac959ebdc110ca,k-means,warm,exec,queue,0.014620065689086914,4.76837158203125e-07,4.76837158203125e-07,1609701560.1927032,1609701560.4658377,0.2731344699859619,1609701560.231564,1609701560.2394319,0.007867813110351562
8b6102102a6349569c6c76600c846931,k-means,warm,exec,queue,0.02269601821899414,2.384185791015625e-07,2.384185791015625e-07,1609701560.1943982,1609701560.4652271,0.2708289623260498,1609701560.2413008,1609701560.2483022,0.007001399993896484
b0bf52c02189457b849e0496c0d50a84,k-means,warm,exec,queue,0.027525663375854492,2.384185791015625e-07,0.0,1609701560.1958637,1609701560.3842232,0.18835949897766113,1609701560.2429461,1609701560.2497861,0.0068399906158447266
2992c3d806154ec6b615a3150ae38642,k-means,warm,exec,queue,0.032926082611083984,2.384185791015625e-07,2.384185791015625e-07,1609701560.1973615,1609701560.3816545,0.18429303169250488,1609701560.249303,1609701560.2555325,0.006229400634765625
8ab96a4d4eca4781959331ff198a7354,k-means,warm,exec,queue,0.03744006156921387,2.384185791015625e-07,2.384185791015625e-07,1609701560.1988368,1609701560.469062,0.27022528648376465,1609701560.256805,1609701560.2632117,0.0064067840576171875
b34fefc24570410c8ff2eb733839f1df,k-means,warm,exec,queue,0.042764902114868164,2.384185791015625e-07,2.384185791015625e-07,1609701560.2004385,1609701560.4684818,0.26804327964782715,1609701560.261446,1609701560.2678409,0.006394863128662109
0efcf4235a664ccfb6cde1320a0908f4,k-means,warm,exec,queue,0.008056879043579102,7.152557373046875e-07,2.384185791015625e-07,1609701561.195506,1609701561.3371077,0.1416015625,1609701561.257385,1609701561.265332,0.007946968078613281
ce1c84ae5f7d44159d9d3e892989d281,k-means,warm,exec,queue,0.05561995506286621,2.384185791015625e-07,0.0,1609701561.1998377,1609701561.5256796,0.32584190368652344,1609701561.3085506,1609701561.3143158,0.005765199661254883
9f9a120edfa84066a4b42ae75ba191c0,k-means,warm,exec,queue,0.06119275093078613,2.384185791015625e-07,2.384185791015625e-07,1609701561.202394,1609701561.5697792,0.3673851490020752,1609701561.3135545,1609701561.3199308,0.0063762664794921875
7d43589d56c1424ea25be88ca534acc2,k-means,warm,exec,queue,0.028008222579956055,2.384185791015625e-07,2.384185791015625e-07,1609701561.204669,1609701561.6395013,0.4348323345184326,1609701561.275521,1609701561.2812612,0.005740165710449219
c55ed73b65cb4e9f9f6bd16c6983fb65,k-means,warm,exec,queue,0.03272891044616699,2.384185791015625e-07,2.384185791015625e-07,1609701561.2063127,1609701561.6400514,0.43373870849609375,1609701561.2790885,1609701561.285121,0.006032466888427734
dd52dec3ec4448cfa27707b8b2e023c3,k-means,warm,exec,queue,0.03809928894042969,2.384185791015625e-07,2.384185791015625e-07,1609701561.2077587,1609701561.374705,0.1669464111328125,1609701561.2860541,1609701561.29053,0.004475831985473633
d78412bd45ac427f9d2e66656a9ddee8,k-means,warm,exec,queue,0.04348921775817871,2.384185791015625e-07,0.0,1609701561.2092183,1609701561.6406,0.4313817024230957,1609701561.2910175,1609701561.2972791,0.006261587142944336
d5388e76457b4a4aa8a1caa99ded996e,k-means,warm,exec,queue,0.04831099510192871,2.384185791015625e-07,2.384185791015625e-07,1609701561.2106612,1609701561.6717346,0.4610733985900879,1609701561.2975907,1609701561.3031504,0.005559682846069336
43864da4eb764631811a1495a1bbe23a,k-means,warm,exec,queue,0.052741289138793945,2.384185791015625e-07,2.384185791015625e-07,1609701561.2122297,1609701561.6355138,0.42328405380249023,1609701561.3033276,1609701561.3110793,0.0077517032623291016
6155a94b66904756b9797bbd20f0867d,k-means,warm,exec,queue,0.021811485290527344,4.76837158203125e-07,0.0,1609701561.213692,1609701561.4357815,0.22208952903747559,1609701561.268812,1609701561.2764595,0.007647514343261719
eb5824b9d5f442baaaa2d0fb30b25391,k-means,warm,exec,queue,0.017533302307128906,2.384185791015625e-07,2.384185791015625e-07,1609701561.215133,1609701561.3335907,0.11845779418945312,1609701561.2623456,1609701561.2700598,0.007714271545410156
7e31153cc3e14bbb8176184a741c8f40,k-means,warm,exec,queue,0.013289213180541992,2.384185791015625e-07,2.384185791015625e-07,1609701561.2166176,1609701561.3364747,0.1198570728302002,1609701561.257644,1609701561.26566,0.008016109466552734
a11b709767af4df5852ea0fe26d1dcb4,k-means,warm,exec,queue,0.06640768051147461,2.384185791015625e-07,2.384185791015625e-07,1609701561.2182374,1609701561.5679238,0.3496863842010498,1609701561.3208392,1609701561.3280234,0.007184267044067383
29b791dc73d947d29fca90472aef75ab,k-means,warm,exec,queue,0.07123851776123047,4.76837158203125e-07,4.76837158203125e-07,1609701561.2197425,1609701561.5285208,0.3087782859802246,1609701561.3261795,1609701561.332564,0.006384611129760742
04b18ac1a7a64c70bfceb163bb5651d1,k-means,warm,exec,queue,0.07627081871032715,2.384185791015625e-07,0.0,1609701561.221261,1609701561.671116,0.44985508918762207,1609701561.3296444,1609701561.334257,0.004612445831298828
b1681ac9968541be962f73fb5af7fe96,k-means,warm,exec,queue,0.08233284950256348,2.384185791015625e-07,0.0,1609701561.2227638,1609701561.4875546,0.26479077339172363,1609701561.3384714,1609701561.3442936,0.005822181701660156
4db9457296a74681afbbfa0a25e392ee,k-means,warm,exec,queue,0.0874629020690918,2.384185791015625e-07,0.0,1609701561.224398,1609701561.488205,0.2638070583343506,1609701561.3415244,1609701561.345557,0.004032611846923828
1bdf124adb694648859277dba4f60aa2,k-means,warm,exec,queue,0.09298372268676758,2.384185791015625e-07,2.384185791015625e-07,1609701561.225911,1609701561.5290813,0.30317044258117676,1609701561.3498154,1609701561.3562531,0.006437778472900391
a827c13d71cd437ca4534c0aa19f4abc,k-means,warm,exec,queue,0.09777021408081055,2.384185791015625e-07,2.384185791015625e-07,1609701561.227409,1609701561.76177,0.5343611240386963,1609701561.3527439,1609701561.3570938,0.004349946975708008
ab4ad0e37ca84e4fbb700cf09d61dcec,video,warm,exec,queue,0.01594090461730957,0.0,2.384185791015625e-07,1609701561.2289307,1609701561.4339352,0.20500445365905762,1609701561.275815,1609701561.2915285,0.01571345329284668
4e7d5f4a981f43878b86a9abc6910355,k-means,warm,exec,queue,0.0057468414306640625,4.76837158203125e-07,2.384185791015625e-07,1609701562.1813946,1609701562.4841163,0.3027217388153076,1609701562.2181332,1609701562.225485,0.007351875305175781
2737f4b0a5ed4e388fc1f024ac0252c6,k-means,warm,exec,queue,0.0501859188079834,4.76837158203125e-07,2.384185791015625e-07,1609701562.1853995,1609701562.6802385,0.4948389530181885,1609701562.2659707,1609701562.2714138,0.005443096160888672
d1f4bc365ee9430fbb119094be7637df,k-means,warm,exec,queue,0.045130014419555664,2.384185791015625e-07,2.384185791015625e-07,1609701562.1878986,1609701562.5204325,0.3325338363647461,1609701562.2604418,1609701562.2646904,0.004248619079589844
fd39b743e0034c549fe728cbe6bba7ee,k-means,warm,exec,queue,0.04057598114013672,2.384185791015625e-07,4.76837158203125e-07,1609701562.1904254,1609701562.565183,0.3747575283050537,1609701562.2551327,1609701562.260404,0.005271434783935547
5c3016de4d06407e93932c14668527dd,k-means,warm,exec,queue,0.03509116172790527,2.384185791015625e-07,0.0,1609701562.1929002,1609701562.5624864,0.3695862293243408,1609701562.249266,1609701562.2547164,0.00545048713684082
46f5d2ab9d73433ca20182ef1701d544,k-means,warm,exec,queue,0.030200719833374023,7.152557373046875e-07,2.384185791015625e-07,1609701562.1956546,1609701562.56576,0.3701052665710449,1609701562.24399,1609701562.248652,0.004662036895751953
03b9e588fb924446a498ac95f2ce3740,k-means,warm,exec,queue,0.009948492050170898,4.76837158203125e-07,2.384185791015625e-07,1609701562.1973586,1609701562.4819655,0.28460693359375,1609701562.2226803,1609701562.2301648,0.00748443603515625
3702565ab2404898b689353b502bef8a,k-means,warm,exec,queue,0.01501154899597168,2.384185791015625e-07,2.384185791015625e-07,1609701562.1987913,1609701562.4792492,0.2804579734802246,1609701562.227992,1609701562.23561,0.007617950439453125
0d48684bd634440ca0cb58975cb630da,k-means,warm,exec,queue,0.01946401596069336,2.384185791015625e-07,0.0,1609701562.2002475,1609701562.606825,0.40657758712768555,1609701562.2324479,1609701562.2372823,0.004834413528442383
6bd809959213454cb847cb5a6c615364,k-means,warm,exec,queue,0.024872779846191406,2.384185791015625e-07,2.384185791015625e-07,1609701562.20178,1609701562.4825408,0.2807607650756836,1609701562.2381392,1609701562.2435794,0.005440235137939453
f3f313e50ef240abae869cc13ecaeadb,k-means,warm,exec,queue,0.00496673583984375,4.76837158203125e-07,2.384185791015625e-07,1609701563.1861656,1609701563.3248084,0.1386427879333496,1609701563.230933,1609701563.2384093,0.007476329803466797
e3b2896ab55c4a67b348c3f1f489c151,k-means,warm,exec,queue,0.05131173133850098,2.384185791015625e-07,2.384185791015625e-07,1609701563.1901567,1609701563.4326205,0.2424638271331787,1609701563.281187,1609701563.2867162,0.005529165267944336
a249f5455e9345248d557bfe7663c99f,k-means,warm,exec,queue,0.045998334884643555,2.384185791015625e-07,0.0,1609701563.1926758,1609701563.3914645,0.19878864288330078,1609701563.2758923,1609701563.2827308,0.006838560104370117
0fae9958365141a385ca869ceda619a9,k-means,warm,exec,queue,0.041538238525390625,2.384185791015625e-07,2.384185791015625e-07,1609701563.1951566,1609701563.346572,0.15141534805297852,1609701563.2702868,1609701563.276033,0.005746126174926758
55f2398e972745f2bd253ab8570ba8be,k-means,warm,exec,queue,0.03658580780029297,2.384185791015625e-07,0.0,1609701563.1979651,1609701563.6655207,0.46755552291870117,1609701563.2647011,1609701563.2704415,0.00574040412902832
2dbcccc1a86548578bf2a03dd36415ec,k-means,warm,exec,queue,0.031362295150756836,2.384185791015625e-07,2.384185791015625e-07,1609701563.2004325,1609701563.3920126,0.19158005714416504,1609701563.257517,1609701563.263399,0.005881786346435547
ca1dce4265954456998957ed563b1b95,k-means,warm,exec,queue,0.009838104248046875,2.384185791015625e-07,2.384185791015625e-07,1609701563.2018542,1609701563.3253825,0.12352824211120605,1609701563.2312274,1609701563.2387757,0.007548332214355469
f862e478bd7042af90984c17854ccc9b,k-means,warm,exec,queue,0.014625787734985352,4.76837158203125e-07,2.384185791015625e-07,1609701563.2032793,1609701563.3221238,0.11884450912475586,1609701563.236051,1609701563.2438393,0.007788181304931641
4840f8ad03bf4540bf456a981de45f23,k-means,warm,exec,queue,0.019846439361572266,2.384185791015625e-07,0.0,1609701563.2047138,1609701563.3936012,0.188887357711792,1609701563.2426043,1609701563.2501178,0.007513523101806641
81d4411d25664229a41a9e7edcd2991b,k-means,warm,exec,queue,0.02507758140563965,4.76837158203125e-07,0.0,1609701563.2062452,1609701563.326957,0.1207118034362793,1609701563.2516596,1609701563.2584264,0.006766796112060547
3ddf9c9b7dc742c482568c9d003d73a7,k-means,warm,exec,queue,0.029425859451293945,2.384185791015625e-07,2.384185791015625e-07,1609701563.2076669,1609701563.388873,0.18120622634887695,1609701563.252068,1609701563.2576184,0.005550384521484375
22a8ed54fa344117a0c1b4abaac8f34f,video,warm,exec,queue,0.021440744400024414,2.384185791015625e-07,0.0,1609701563.2090971,1609701563.47274,0.2636427879333496,1609701563.2497907,1609701563.2647164,0.014925718307495117
402f83f32cf142c19447002990b11d4d,k-means,warm,exec,queue,7.390975952148438e-05,4.76837158203125e-07,2.384185791015625e-07,1609701564.186488,1609701564.3247728,0.13828492164611816,1609701564.2327724,1609701564.2405555,0.007783174514770508
4fabedc5bc1c4e55a1df4f30da66e0cb,k-means,warm,exec,queue,0.006562709808349609,2.384185791015625e-07,2.384185791015625e-07,1609701564.190653,1609701564.3264792,0.13582611083984375,1609701564.232845,1609701564.2397213,0.006876230239868164
d00a78fcb0c9440c810e3d65b1f2ddf5,k-means,warm,exec,queue,0.011576175689697266,2.384185791015625e-07,0.0,1609701564.1932554,1609701564.3693347,0.17607927322387695,1609701564.2381895,1609701564.2459466,0.0077571868896484375
dbb716e6519c4dccbcac24b503a53c18,k-means,warm,exec,queue,0.016895532608032227,2.384185791015625e-07,2.384185791015625e-07,1609701564.1957877,1609701564.4085412,0.2127535343170166,1609701564.2442253,1609701564.2519834,0.007758140563964844
3c1ebfad768e47708f4716350bdc62d4,k-means,warm,exec,queue,0.02234959602355957,4.76837158203125e-07,2.384185791015625e-07,1609701564.197769,1609701564.3665733,0.16880440711975098,1609701564.249438,1609701564.255368,0.0059299468994140625
59a9ae784ad94273aabed6192119f431,k-means,warm,exec,queue,0.02678990364074707,4.76837158203125e-07,2.384185791015625e-07,1609701564.199232,1609701564.4118514,0.21261930465698242,1609701564.2547805,1609701564.2596295,0.004848957061767578
f567cace4c244a3c95bb99463d23cac3,k-means,warm,exec,queue,0.031804561614990234,2.384185791015625e-07,2.384185791015625e-07,1609701564.2007337,1609701564.5982847,0.3975510597229004,1609701564.2609186,1609701564.2670224,0.0061037540435791016
160d65010c5649aa800c366469f8e8cf,k-means,warm,exec,queue,0.03708839416503906,2.384185791015625e-07,4.76837158203125e-07,1609701564.2021852,1609701564.4141004,0.2119152545928955,1609701564.2652354,1609701564.2693615,0.004126071929931641
79f767b671f74fffa1355dcbdbca847e,k-means,warm,exec,queue,0.04260087013244629,2.384185791015625e-07,0.0,1609701564.2036433,1609701564.4941502,0.29050683975219727,1609701564.2735226,1609701564.280491,0.006968498229980469
10cb142bbd36422293d4b2fd33e618f1,k-means,warm,exec,queue,0.04729104042053223,2.384185791015625e-07,4.76837158203125e-07,1609701564.2052224,1609701564.5259073,0.32068490982055664,1609701564.276276,1609701564.280505,0.004228830337524414
cc1f7ffc26954906a34b6a7b2ac70b4f,k-means,warm,exec,queue,0.052816152572631836,4.76837158203125e-07,2.384185791015625e-07,1609701564.206676,1609701564.411299,0.20462298393249512,1609701564.2829132,1609701564.2898335,0.006920337677001953
80c440efd8fb43909cb491a4d4d57e30,k-means,warm,exec,queue,0.05758023262023926,2.384185791015625e-07,0.0,1609701564.2081356,1609701564.4137385,0.20560288429260254,1609701564.2875109,1609701564.2932596,0.005748748779296875
2301f922576b466cb653693a69e95ac1,k-means,warm,exec,queue,0.06328320503234863,2.384185791015625e-07,2.384185791015625e-07,1609701564.2096007,1609701564.596019,0.38641834259033203,1609701564.2955837,1609701564.300446,0.004862308502197266
dba29adb99a7437e83fe332a034c6c70,matmul,warm,exec,queue,0.01528310775756836,0.0,0.0,1609701564.211162,1609701564.3699172,0.15875506401062012,1609701564.2494004,1609701564.2586324,0.009232044219970703
382904b196ef4f71ae610982c544e563,k-means,warm,exec,queue,0.006109714508056641,2.384185791015625e-07,2.384185791015625e-07,1609701565.1847188,1609701565.2860222,0.1013033390045166,1609701565.2204735,1609701565.228301,0.007827520370483398
573407e61e534eefb40b79b3fa3b3169,map_reduce,warm,exec,queue,0.021715402603149414,4.76837158203125e-07,2.384185791015625e-07,1609701565.1887908,1609701565.581807,0.39301609992980957,1609701565.2424958,1609701565.3269703,0.08447456359863281
1f8f255ce5f24483b264fc8a9e054b7c,k-means,warm,exec,queue,0.041107177734375,4.76837158203125e-07,0.0,1609701565.1913276,1609701565.352308,0.1609804630279541,1609701565.2601428,1609701565.264567,0.004424095153808594
795f4950466f45feb5730b44dfd00a81,k-means,warm,exec,queue,0.03561735153198242,2.384185791015625e-07,0.0,1609701565.1938465,1609701565.3778698,0.18402338027954102,1609701565.254298,1609701565.2610185,0.006720542907714844
6f5bd7ef94c04da8a7c05e2639f6464d,k-means,warm,exec,queue,0.030755996704101562,2.384185791015625e-07,0.0,1609701565.1963713,1609701565.4447875,0.24841618537902832,1609701565.2475762,1609701565.2533157,0.005739450454711914
28f0f0a040534d3abaeb07cfd1d97750,k-means,warm,exec,queue,0.025669336318969727,4.76837158203125e-07,2.384185791015625e-07,1609701565.1980336,1609701565.446621,0.24858736991882324,1609701565.242571,1609701565.2483735,0.0058023929595947266
0c01b9819b6e4cceb85d1648d7189bd4,k-means,warm,exec,queue,0.020513534545898438,2.384185791015625e-07,0.0,1609701565.1995,1609701565.312015,0.11251497268676758,1609701565.2366333,1609701565.241943,0.005309581756591797
870e60492acb441f98ae15b91bca5cee,k-means,warm,exec,queue,0.010598182678222656,4.76837158203125e-07,2.384185791015625e-07,1609701565.2009792,1609701565.310387,0.10940766334533691,1609701565.225953,1609701565.234016,0.00806283950805664
42b74712a7464b5b9115f168d51e3cec,k-means,warm,exec,queue,0.01538991928100586,2.384185791015625e-07,0.0,1609701565.2024453,1609701565.4123065,0.20986127853393555,1609701565.2309988,1609701565.2394633,0.008464574813842773
04030aa45d9c49168a51484a6a582f27,video,warm,exec,queue,0.019307613372802734,2.384185791015625e-07,0.0,1609701565.2040339,1609701565.488561,0.284527063369751,1609701565.2381601,1609701565.2550464,0.016886234283447266
2eaf855fe9ba4a6c9126be41319d3ceb,k-means,warm,exec,queue,0.0031023025512695312,4.76837158203125e-07,2.384185791015625e-07,1609701566.1918948,1609701566.355167,0.16327214241027832,1609701566.2386658,1609701566.246241,0.007575273513793945
7b74f909f2114231a9e8e1bc711a1481,k-means,warm,exec,queue,0.027776002883911133,2.384185791015625e-07,2.384185791015625e-07,1609701566.1952393,1609701566.4484782,0.2532389163970947,1609701566.2598896,1609701566.26559,0.005700349807739258
200542ae40b54ba59be15ee8e3e9bdfb,k-means,warm,exec,queue,0.03280210494995117,2.384185791015625e-07,2.384185791015625e-07,1609701566.197199,1609701566.452566,0.25536680221557617,1609701566.2666094,1609701566.2722738,0.005664348602294922
a390910202df4421a18509952ef30393,k-means,warm,exec,queue,0.03765416145324707,2.384185791015625e-07,2.384185791015625e-07,1609701566.1991246,1609701566.4490552,0.24993062019348145,1609701566.2709212,1609701566.2765234,0.005602121353149414
984ede4441df43c0bb199ad5ee45cc9d,k-means,warm,exec,queue,0.042814016342163086,2.384185791015625e-07,4.76837158203125e-07,1609701566.2012877,1609701566.4536774,0.25238966941833496,1609701566.27857,1609701566.2853491,0.006779193878173828
783869c501424cd98eb9593740f1bf47,k-means,warm,exec,queue,0.04767799377441406,2.384185791015625e-07,0.0,1609701566.2031987,1609701566.453143,0.24994421005249023,1609701566.2822359,1609701566.2876606,0.0054247379302978516
43223101145e4fb9921f338d810dcbc4,k-means,warm,exec,queue,0.05298280715942383,2.384185791015625e-07,2.384185791015625e-07,1609701566.2049713,1609701566.5815704,0.3765990734100342,1609701566.2888417,1609701566.294876,0.006034374237060547
65a3aa6726cc4c1d80f42ee3300a29da,k-means,warm,exec,queue,0.05854463577270508,2.384185791015625e-07,0.0,1609701566.2064083,1609701566.4456344,0.2392261028289795,1609701566.2945905,1609701566.299142,0.004551410675048828
128a1490fb254b1586cdcb234c667dd6,k-means,warm,exec,queue,0.0226290225982666,2.384185791015625e-07,0.0,1609701566.2078533,1609701566.3942137,0.18636035919189453,1609701566.254907,1609701566.261636,0.0067291259765625
9b6141c51fd847c597fa47eecff7f12e,k-means,warm,exec,queue,0.010304450988769531,2.384185791015625e-07,2.384185791015625e-07,1609701566.209422,1609701566.3568997,0.1474776268005371,1609701566.2390387,1609701566.2468543,0.00781559944152832
89e5ec6603d3488394e6d12958df3f38,k-means,warm,exec,queue,0.015105009078979492,2.384185791015625e-07,2.384185791015625e-07,1609701566.210913,1609701566.3530283,0.14211535453796387,1609701566.2438269,1609701566.2515721,0.007745265960693359
9df6960d59384ea48e89d65f659ef460,k-means,warm,exec,queue,0.02038121223449707,2.384185791015625e-07,2.384185791015625e-07,1609701566.2124343,1609701566.355606,0.1431717872619629,1609701566.2495553,1609701566.2572782,0.0077228546142578125
9f510c878bf345db8daa90ef441b5eea,k-means,warm,exec,queue,0.06306242942810059,2.384185791015625e-07,0.0,1609701566.2139566,1609701566.545628,0.33167147636413574,1609701566.3009994,1609701566.3070123,0.006012916564941406
86345da412834a3989be6abbf4ed67a1,k-means,warm,exec,queue,0.06794238090515137,2.384185791015625e-07,0.0,1609701566.21558,1609701566.4781563,0.2625763416290283,1609701566.3046875,1609701566.3102553,0.005567789077758789
1100fe6d8f77420a971f74022d4f397d,k-means,warm,exec,queue,0.002936840057373047,4.76837158203125e-07,2.384185791015625e-07,1609701567.187177,1609701567.3383021,0.15112519264221191,1609701567.2254536,1609701567.233824,0.008370399475097656
b5acf22a5ab24b9488c5af7d963bc76e,video,warm,exec,queue,0.01679372787475586,2.384185791015625e-07,2.384185791015625e-07,1609701567.191296,1609701567.5803487,0.3890526294708252,1609701567.2460377,1609701567.2624328,0.016395092010498047
cde1081e9265414ca0edc5d742178be7,k-means,warm,exec,queue,0.042473554611206055,4.76837158203125e-07,0.0,1609701567.1938605,1609701567.5807598,0.3868992328643799,1609701567.2654428,1609701567.270479,0.005036115646362305
ab94ec4b0a904191b7cde7f654c94399,k-means,warm,exec,queue,0.03721737861633301,2.384185791015625e-07,2.384185791015625e-07,1609701567.1963646,1609701567.5776591,0.38129448890686035,1609701567.2592728,1609701567.2655668,0.0062940120697021484
8afca318620c49b289725ada380295fa,k-means,warm,exec,queue,0.0322110652923584,2.384185791015625e-07,0.0,1609701567.197851,1609701567.3636332,0.16578221321105957,1609701567.2537708,1609701567.2592647,0.005493879318237305
f571d18983184d6ea88e5ca5c1e18711,k-means,warm,exec,queue,0.02770709991455078,2.384185791015625e-07,0.0,1609701567.1995544,1609701567.577075,0.3775205612182617,1609701567.2491407,1609701567.256533,0.007392168045043945
5f3f21bd316c49bfad3e05b9daf85460,k-means,warm,exec,queue,0.02236795425415039,4.76837158203125e-07,2.384185791015625e-07,1609701567.2010705,1609701567.3127453,0.11167478561401367,1609701567.2451682,1609701567.2515342,0.00636601448059082
d01a8e0a50d24269a0786251539a68d1,k-means,warm,exec,queue,0.008358001708984375,2.384185791015625e-07,2.384185791015625e-07,1609701567.2025754,1609701567.2880087,0.0854332447052002,1609701567.2255902,1609701567.2338161,0.00822591781616211
15d429663f8b4093b08c6a605199ba4c,k-means,warm,exec,queue,0.013057947158813477,2.384185791015625e-07,0.0,1609701567.2040896,1609701567.5741413,0.37005162239074707,1609701567.230829,1609701567.2387028,0.007873773574829102
06ab8463d486428e88f9cf59eae850c2,k-means,warm,exec,queue,0.01755833625793457,4.76837158203125e-07,2.384185791015625e-07,1609701567.2057369,1609701567.314404,0.10866713523864746,1609701567.236902,1609701567.2458427,0.008940696716308594
28a414408f2e4c23b33e726df87f1369,k-means,warm,exec,queue,0.0032761096954345703,4.76837158203125e-07,2.384185791015625e-07,1609701568.181056,1609701568.282968,0.10191202163696289,1609701568.2055185,1609701568.2134066,0.007888078689575195
47c8dfd45fe64004b7d9ccaa3e6ef650,k-means,warm,exec,queue,0.012682914733886719,4.76837158203125e-07,2.384185791015625e-07,1609701568.1848974,1609701568.3580098,0.1731123924255371,1609701568.2159824,1609701568.2240562,0.008073806762695312
a3d8be4b950c49c2ad91e89a5b64ab24,k-means,warm,exec,queue,0.017656803131103516,2.384185791015625e-07,2.384185791015625e-07,1609701568.187469,1609701568.317444,0.1299750804901123,1609701568.2204516,1609701568.2270203,0.0065686702728271484
583803d347af46439baf43194ff6c113,k-means,warm,exec,queue,0.022351980209350586,4.76837158203125e-07,2.384185791015625e-07,1609701568.1900764,1609701568.3156793,0.12560296058654785,1609701568.225976,1609701568.230807,0.004831075668334961
f1067f62277b450988d8cb373ca6b697,k-means,warm,exec,queue,0.007449150085449219,4.76837158203125e-07,2.384185791015625e-07,1609701568.1926298,1609701568.2848792,0.09224939346313477,1609701568.2103555,1609701568.2188053,0.008449792861938477
1401ac0f29d84f7cb0b1eb722384ee0b,k-means,warm,exec,queue,0.00748443603515625,4.76837158203125e-07,2.384185791015625e-07,1609701569.2133214,1609701569.3702736,0.1569521427154541,1609701569.2779489,1609701569.2859704,0.00802159309387207
75f0deb3058b48078d3c12bd1b546bf4,k-means,warm,exec,queue,0.05230522155761719,2.384185791015625e-07,0.0,1609701569.217611,1609701569.492719,0.27510786056518555,1609701569.3249245,1609701569.3315127,0.0065882205963134766
2fdbccd7b50447338b5faa06aaee14d2,k-means,warm,exec,queue,0.05692100524902344,4.76837158203125e-07,2.384185791015625e-07,1609701569.2202086,1609701569.49307,0.2728612422943115,1609701569.3314655,1609701569.3391538,0.007688283920288086
2f72f7dc1f3e4194a9de091919881ace,k-means,warm,exec,queue,0.062155723571777344,2.384185791015625e-07,2.384185791015625e-07,1609701569.222808,1609701569.479068,0.2562601566314697,1609701569.3344226,1609701569.339453,0.005030393600463867
1bd04c8bc46548f3b4471c8beb5c0d67,k-means,warm,exec,queue,0.017966270446777344,2.384185791015625e-07,2.384185791015625e-07,1609701569.2251942,1609701569.3676322,0.14243793487548828,1609701569.2829094,1609701569.293664,0.010754585266113281
cafa21705ead4b65b4e8c7dab3ee54d8,k-means,warm,exec,queue,0.02334141731262207,7.152557373046875e-07,2.384185791015625e-07,1609701569.2267733,1609701569.4847229,0.2579495906829834,1609701569.2885835,1609701569.2951927,0.006609201431274414
41f760a7eaf2496fbd95c355146e37d3,k-means,warm,exec,queue,0.030048131942749023,4.76837158203125e-07,0.0,1609701569.2283604,1609701569.4836223,0.2552618980407715,1609701569.3013928,1609701569.3076024,0.006209611892700195
c8aa6b08c13a4516b99324a13dad2718,k-means,warm,exec,queue,0.035585641860961914,2.384185791015625e-07,2.384185791015625e-07,1609701569.229943,1609701569.4943442,0.2644011974334717,1609701569.3045268,1609701569.3089268,0.004400014877319336
c203f977490344d383023406e1a560b5,k-means,warm,exec,queue,0.04077482223510742,7.152557373046875e-07,2.384185791015625e-07,1609701569.2316546,1609701569.4176896,0.1860349178314209,1609701569.3076847,1609701569.3143685,0.006683826446533203
a77821743bb24f2cb3922c4d2917cf2e,k-means,warm,exec,queue,0.04516887664794922,4.76837158203125e-07,2.384185791015625e-07,1609701569.2332633,1609701569.5997012,0.3664379119873047,1609701569.315483,1609701569.323061,0.0075778961181640625
a877480124844d559a0aa1c964613db6,k-means,warm,exec,queue,0.05009174346923828,4.76837158203125e-07,2.384185791015625e-07,1609701569.2348495,1609701569.4937139,0.2588644027709961,1609701569.319531,1609701569.325688,0.00615692138671875
bfc1f8808f2949fc8a9642e5fc44569c,k-means,warm,exec,queue,0.013232946395874023,2.384185791015625e-07,2.384185791015625e-07,1609701569.2364242,1609701569.3708124,0.13438820838928223,1609701569.2777548,1609701569.2859142,0.008159399032592773
afa5093d92b44781ba1708cfca663030,k-means,warm,exec,queue,0.06671881675720215,2.384185791015625e-07,2.384185791015625e-07,1609701569.238088,1609701569.493388,0.25530004501342773,1609701569.3397453,1609701569.3455615,0.005816221237182617
8b430988f8b24d37b3dee604a6e3a02d,k-means,warm,exec,queue,0.07199501991271973,2.384185791015625e-07,0.0,1609701569.2396393,1609701569.484149,0.24450969696044922,1609701569.3466167,1609701569.3525453,0.005928516387939453
64c3227c9a0e494c9c4267f4ff1c3111,k-means,warm,exec,queue,0.07662224769592285,2.384185791015625e-07,2.384185791015625e-07,1609701569.2412066,1609701569.4940295,0.2528228759765625,1609701569.3517585,1609701569.3575714,0.005812883377075195
724986bdeb834f05bba58eb2c08606ce,k-means,warm,exec,queue,0.08142685890197754,2.384185791015625e-07,2.384185791015625e-07,1609701569.2427726,1609701569.553717,0.3109443187713623,1609701569.356821,1609701569.362422,0.005600929260253906
7a663a8c238c4bbd803d98d484ba47da,k-means,warm,exec,queue,0.08611464500427246,2.384185791015625e-07,0.0,1609701569.2444646,1609701569.5558856,0.31142091751098633,1609701569.361799,1609701569.3679047,0.006105661392211914
8ff094201ed1461a9192ba1278aecdb9,k-means,warm,exec,queue,0.09089398384094238,2.384185791015625e-07,0.0,1609701569.2460017,1609701569.5093799,0.2633781433105469,1609701569.3711553,1609701569.3766606,0.00550532341003418
2b0392d96b6f4d919895a1f26614175d,k-means,warm,exec,queue,0.09573054313659668,4.76837158203125e-07,2.384185791015625e-07,1609701569.2475364,1609701569.59575,0.34821367263793945,1609701569.3737981,1609701569.3791294,0.005331277847290039
e8871bd421ea48d78135f4af73b8aad3,video,warm,exec,queue,0.016638994216918945,2.384185791015625e-07,2.384185791015625e-07,1609701569.2490842,1609701569.599107,0.3500227928161621,1609701569.3022654,1609701569.3192816,0.017016172409057617
7e5dc6678b5b4210bcd473c136f9fdfe,k-means,warm,exec,queue,0.0006468296051025391,4.76837158203125e-07,4.76837158203125e-07,1609701570.1946704,1609701570.395823,0.20115256309509277,1609701570.2423282,1609701570.2504647,0.008136510848999023
8475f3418073413b9aff59a52e6144f9,k-means,warm,exec,queue,0.049887657165527344,2.384185791015625e-07,2.384185791015625e-07,1609701570.199037,1609701570.5793924,0.3803553581237793,1609701570.2908914,1609701570.2965446,0.0056531429290771484
4e5220e8fdb64c9f948265d70f1738e5,k-means,warm,exec,queue,0.004227638244628906,2.384185791015625e-07,0.0,1609701570.2016668,1609701570.4869614,0.2852945327758789,1609701570.2424839,1609701570.2504125,0.007928609848022461
36c8b9676e9e4c41b81788fed393c6fd,k-means,warm,exec,queue,0.009058237075805664,2.384185791015625e-07,2.384185791015625e-07,1609701570.2043426,1609701570.3977072,0.19336462020874023,1609701570.2458813,1609701570.253819,0.00793766975402832
6118ac53e80d4da682236f079e555f78,k-means,warm,exec,queue,0.013923168182373047,7.152557373046875e-07,2.384185791015625e-07,1609701570.2072477,1609701570.4811938,0.27394604682922363,1609701570.2509918,1609701570.2610228,0.010030984878540039
62ed1f6e44d1481481e439c8c75bc9ba,k-means,warm,exec,queue,0.054769277572631836,2.384185791015625e-07,2.384185791015625e-07,1609701570.2092495,1609701570.5813324,0.3720829486846924,1609701570.2989895,1609701570.3061638,0.007174253463745117
457ecd645352497d96b25d4aa28924b0,k-means,warm,exec,queue,0.01857924461364746,2.384185791015625e-07,2.384185791015625e-07,1609701570.2108188,1609701570.5221384,0.31131958961486816,1609701570.2629201,1609701570.2702644,0.007344245910644531
2c5e588af8da41ab98da0690a15961aa,k-means,warm,exec,queue,0.02403116226196289,2.384185791015625e-07,2.384185791015625e-07,1609701570.2123954,1609701570.436976,0.2245805263519287,1609701570.2638128,1609701570.2700634,0.006250619888305664
185904f700584c58b0e877df34758abd,k-means,warm,exec,queue,0.028927326202392578,2.384185791015625e-07,4.76837158203125e-07,1609701570.2140126,1609701570.4839685,0.2699558734893799,1609701570.2686598,1609701570.2751615,0.006501674652099609
37470a269ba1443b92958f49e43b5b41,k-means,warm,exec,queue,0.03417849540710449,2.384185791015625e-07,2.384185791015625e-07,1609701570.215698,1609701570.479437,0.26373910903930664,1609701570.272075,1609701570.2783065,0.006231546401977539
88a6c8f09aab4869b0b7ae8c2888d49b,k-means,warm,exec,queue,0.03911328315734863,4.76837158203125e-07,2.384185791015625e-07,1609701570.2172809,1609701570.621064,0.40378308296203613,1609701570.2855272,1609701570.2914007,0.005873441696166992
17dc051f23be4b26879eb18bfdad11a7,k-means,warm,exec,queue,0.04695582389831543,4.76837158203125e-07,2.384185791015625e-07,1609701570.2188861,1609701570.5204177,0.3015315532684326,1609701570.2886467,1609701570.293616,0.004969358444213867
c022a86b01a241788581be6d066f9319,matmul,warm,exec,queue,0.015915632247924805,2.384185791015625e-07,2.384185791015625e-07,1609701570.220463,1609701570.4845536,0.26409053802490234,1609701570.2634387,1609701570.2740552,0.010616540908813477
0df66d7d925046a4a0dacf3feb0b5c82,k-means,warm,exec,queue,0.0022253990173339844,4.76837158203125e-07,2.384185791015625e-07,1609701571.1971438,1609701571.341605,0.14446115493774414,1609701571.2495584,1609701571.2579195,0.008361101150512695
7b3a1fa957c149c98118017b03c69424,k-means,warm,exec,queue,0.0436098575592041,2.384185791015625e-07,2.384185791015625e-07,1609701571.2013636,1609701571.551842,0.3504784107208252,1609701571.295577,1609701571.3037593,0.008182287216186523
5e7c1ae5fd874ed68d293cff290f29cc,k-means,warm,exec,queue,0.04865694046020508,2.384185791015625e-07,2.384185791015625e-07,1609701571.2039683,1609701571.448453,0.24448466300964355,1609701571.2981355,1609701571.305475,0.0073394775390625
31ea75d33b0d4c19b661856106e3ce37,k-means,warm,exec,queue,0.054146766662597656,4.76837158203125e-07,2.384185791015625e-07,1609701571.2065868,1609701571.4925017,0.28591489791870117,1609701571.3025966,1609701571.3098655,0.0072689056396484375
7683f424b019412abc47f3617e737b40,k-means,warm,exec,queue,0.015564203262329102,2.384185791015625e-07,0.0,1609701571.2094843,1609701571.366082,0.15659761428833008,1609701571.256223,1609701571.2657857,0.00956273078918457
48d0c166143347339a5a4cf872482708,k-means,warm,exec,queue,0.01993536949157715,4.76837158203125e-07,0.0,1609701571.2120636,1609701571.451271,0.23920750617980957,1609701571.2603865,1609701571.2674315,0.00704503059387207
3e75e2399ce14834b926beff3a17b22c,k-means,warm,exec,queue,0.02704906463623047,7.152557373046875e-07,2.384185791015625e-07,1609701571.2139182,1609701571.5498457,0.33592748641967773,1609701571.2782207,1609701571.2849445,0.006723880767822266
f225d264d6574926be97abc101328974,k-means,warm,exec,queue,0.032613277435302734,2.384185791015625e-07,2.384185791015625e-07,1609701571.215502,1609701571.4930744,0.2775723934173584,1609701571.2794602,1609701571.2865252,0.0070650577545166016
b1104c915f6a4bf4ade404e36ea81c56,k-means,warm,exec,queue,0.03727984428405762,2.384185791015625e-07,0.0,1609701571.217104,1609701571.4534554,0.23635149002075195,1609701571.2796078,1609701571.2847316,0.00512385368347168
5f487c970ad04df1aa275793e1c70897,k-means,warm,exec,queue,0.0422513484954834,2.384185791015625e-07,2.384185791015625e-07,1609701571.2188156,1609701571.3644423,0.14562678337097168,1609701571.2851932,1609701571.2924733,0.007280111312866211
aedbc5ce1cda46ef90d8984ffab879f6,k-means,warm,exec,queue,0.010473251342773438,4.76837158203125e-07,0.0,1609701571.2204142,1609701571.3397977,0.11938357353210449,1609701571.2501757,1609701571.257458,0.007282257080078125
f26ab76dc737400f9660a7ed7cb665ac,k-means,warm,exec,queue,0.0076160430908203125,4.76837158203125e-07,2.384185791015625e-07,1609701571.221994,1609701571.451847,0.22985315322875977,1609701571.250344,1609701571.259751,0.00940704345703125
6355ec59a65342248a0310a06637c65e,video,warm,exec,queue,0.015816450119018555,4.76837158203125e-07,2.384185791015625e-07,1609701571.2235856,1609701571.398086,0.1745004653930664,1609701571.2785125,1609701571.2945607,0.016048192977905273
0e3d876c8f644627931af11f823046db,k-means,warm,exec,queue,0.007901906967163086,7.152557373046875e-07,2.384185791015625e-07,1609701572.2037282,1609701572.3436298,0.13990163803100586,1609701572.2612553,1609701572.2694075,0.008152246475219727
60bf55191ca84d0bbf82f755e5d72087,k-means,warm,exec,queue,0.05457735061645508,2.384185791015625e-07,2.384185791015625e-07,1609701572.208034,1609701572.6295016,0.42146754264831543,1609701572.3134038,1609701572.3201632,0.0067594051361083984
93a1082f6c34480cbcc5257226c039af,k-means,warm,exec,queue,0.059561967849731445,2.384185791015625e-07,2.384185791015625e-07,1609701572.2106538,1609701572.6895502,0.4788963794708252,1609701572.316129,1609701572.3203452,0.004216194152832031
a88c792145e34141af71fefb64754979,k-means,warm,exec,queue,0.016536712646484375,4.76837158203125e-07,2.384185791015625e-07,1609701572.213224,1609701572.4194064,0.20618247985839844,1609701572.2670054,1609701572.2758539,0.008848428726196289
3c3edff223cf4ba29f6fe924dc68541d,k-means,warm,exec,queue,0.03171801567077637,4.76837158203125e-07,2.384185791015625e-07,1609701572.2160766,1609701572.4877973,0.27172064781188965,1609701572.28299,1609701572.287943,0.004952907562255859
d525acfa0fbc48dbb63a033d0b3728e5,k-means,warm,exec,queue,0.036801815032958984,2.384185791015625e-07,2.384185791015625e-07,1609701572.2177377,1609701572.442315,0.2245774269104004,1609701572.2884524,1609701572.2943616,0.0059092044830322266
611a6f89909b4e2c904be0171fe87d93,k-means,warm,exec,queue,0.04154372215270996,2.384185791015625e-07,2.384185791015625e-07,1609701572.2192726,1609701572.652037,0.43276429176330566,1609701572.2936702,1609701572.2983494,0.004679203033447266
d7f57c18e0b94ac994c09ffc359d4b48,k-means,warm,exec,queue,0.04615283012390137,9.5367431640625e-07,4.76837158203125e-07,1609701572.2208188,1609701572.5436232,0.32280445098876953,1609701572.3007987,1609701572.3074064,0.006607770919799805
2230edf4a80247c890f9ff9f43be9ce1,k-means,warm,exec,queue,0.05147862434387207,2.384185791015625e-07,0.0,1609701572.2223709,1609701572.3853986,0.16302776336669922,1609701572.3048384,1609701572.3089733,0.0041348934173583984
51157fbc22ec4da7869af4b406858139,k-means,warm,exec,queue,0.026555776596069336,2.384185791015625e-07,0.0,1609701572.224054,1609701572.3835762,0.15952205657958984,1609701572.279231,1609701572.285447,0.006215810775756836
a210d5c236ab489ea7aa6558213642b9,k-means,warm,exec,queue,0.020959854125976562,2.384185791015625e-07,2.384185791015625e-07,1609701572.2256112,1609701572.4174793,0.19186806678771973,1609701572.2714627,1609701572.279531,0.008068323135375977
a1cde512137243d683c7f807dc11e7b8,k-means,warm,exec,queue,0.011714458465576172,2.384185791015625e-07,0.0,1609701572.2271426,1609701572.3418376,0.11469507217407227,1609701572.2611694,1609701572.2701275,0.008958101272583008
c5b252af167c4957b5e30363301d67b4,k-means,warm,exec,queue,0.06501126289367676,4.76837158203125e-07,2.384185791015625e-07,1609701572.2286856,1609701572.628817,0.4001314640045166,1609701572.3225088,1609701572.3290148,0.0065059661865234375
60327644bb2b41e4b0bdb2849ab93bd8,k-means,warm,exec,queue,0.06970953941345215,2.384185791015625e-07,2.384185791015625e-07,1609701572.2303407,1609701572.4848976,0.25455689430236816,1609701572.32815,1609701572.333163,0.005012989044189453
3688fc9a091f47329a731936caf103f1,k-means,warm,exec,queue,0.07435250282287598,2.384185791015625e-07,2.384185791015625e-07,1609701572.2318676,1609701572.6543257,0.4224581718444824,1609701572.3343074,1609701572.3404682,0.006160736083984375
b85c92c7666840f8ba6bfab4673743db,k-means,warm,exec,queue,0.07917475700378418,2.384185791015625e-07,0.0,1609701572.2333937,1609701572.6901548,0.45676112174987793,1609701572.33926,1609701572.3444328,0.0051727294921875
3d81f4f4ed864ad7bdb43680ce49fb0f,k-means,warm,exec,queue,0.08425259590148926,4.76837158203125e-07,2.384185791015625e-07,1609701572.2350135,1609701572.685902,0.45088863372802734,1609701572.345775,1609701572.3514624,0.0056874752044677734
e86cf3ae12024945a3a2af4137b50b95,k-means,warm,exec,queue,0.0021560192108154297,4.76837158203125e-07,2.384185791015625e-07,1609701573.1978874,1609701573.3654459,0.1675584316253662,1609701573.2502613,1609701573.2585843,0.008322954177856445
2f387502a5704f658e6fa92f717d4d89,k-means,warm,exec,queue,0.039490699768066406,2.384185791015625e-07,4.76837158203125e-07,1609701573.2021737,1609701573.6588867,0.4567129611968994,1609701573.2873504,1609701573.29238,0.0050296783447265625
a32440eef7a84682a8a3da8fa883f3cc,k-means,warm,exec,queue,0.0443422794342041,2.384185791015625e-07,2.384185791015625e-07,1609701573.2048252,1609701573.4373407,0.23251557350158691,1609701573.29124,1609701573.2957065,0.004466533660888672
71247da650d2465da6a14cd0272ff69d,k-means,warm,exec,queue,0.0491182804107666,4.76837158203125e-07,2.384185791015625e-07,1609701573.2074394,1609701573.5808284,0.37338900566101074,1609701573.2987795,1609701573.3052146,0.0064351558685302734
4d8cdd77689e4e5fa722e468b945a15f,k-means,warm,exec,queue,0.05420565605163574,4.76837158203125e-07,2.384185791015625e-07,1609701573.2103794,1609701573.6595163,0.44913697242736816,1609701573.3024108,1609701573.3078947,0.005483865737915039
943b8a5d0b1944c09c68884c19861835,k-means,warm,exec,queue,0.015413284301757812,7.152557373046875e-07,2.384185791015625e-07,1609701573.2128332,1609701573.3660176,0.1531844139099121,1609701573.2570686,1609701573.2665014,0.009432792663574219
bc767e2e846f43cb887c32289ecd4f2f,k-means,warm,exec,queue,0.01987743377685547,2.384185791015625e-07,2.384185791015625e-07,1609701573.2144468,1609701573.3963385,0.18189167976379395,1609701573.2617795,1609701573.269693,0.007913351058959961
e401865630774c0eaf11022fc7d7fee2,k-means,warm,exec,queue,0.026253700256347656,2.384185791015625e-07,2.384185791015625e-07,1609701573.216059,1609701573.6616015,0.445542573928833,1609701573.2731893,1609701573.2790048,0.0058155059814453125
fb92f774cb3247c2a33a08fbbaec8e55,k-means,warm,exec,queue,0.031599998474121094,4.76837158203125e-07,2.384185791015625e-07,1609701573.2176933,1609701573.4634602,0.24576687812805176,1609701573.2750893,1609701573.2797909,0.0047016143798828125
129bc9b52ee24b86a92c86295271cdea,k-means,warm,exec,queue,0.03661656379699707,2.384185791015625e-07,0.0,1609701573.2194464,1609701573.5044174,0.2849709987640381,1609701573.2791708,1609701573.2839878,0.004817008972167969
9597433eb6e843aeaaf8116262cf3e7b,k-means,warm,exec,queue,0.010227680206298828,4.76837158203125e-07,2.384185791015625e-07,1609701573.2210763,1609701573.3624184,0.1413421630859375,1609701573.251268,1609701573.260794,0.00952601432800293
0033633e71864f85aed55bb753f37ce0,k-means,warm,exec,queue,0.006895780563354492,7.152557373046875e-07,2.384185791015625e-07,1609701573.2226906,1609701573.4392037,0.21651315689086914,1609701573.250987,1609701573.2592404,0.008253335952758789
22a556c9395046dbba408b88f46c394f,video,warm,exec,queue,0.016396760940551758,2.384185791015625e-07,2.384185791015625e-07,1609701573.2243128,1609701573.3948314,0.1705186367034912,1609701573.2736156,1609701573.2901368,0.016521215438842773
8a7be5baa850449890ec59e4b77283e1,k-means,warm,exec,queue,0.008196830749511719,4.76837158203125e-07,2.384185791015625e-07,1609701574.1956148,1609701574.419497,0.22388219833374023,1609701574.2391026,1609701574.2473714,0.00826883316040039
7532a446610f41229b0987fd982a0eb4,matmul,warm,exec,queue,0.02466130256652832,2.384185791015625e-07,0.0,1609701574.1998792,1609701574.7101166,0.510237455368042,1609701574.2641242,1609701574.2744386,0.010314464569091797
7a13d0d1c7d3487a83e71a6b95fc48f9,k-means,warm,exec,queue,0.020769357681274414,4.76837158203125e-07,2.384185791015625e-07,1609701574.202567,1609701574.416681,0.21411395072937012,1609701574.260681,1609701574.2684658,0.007784843444824219
98864374ff284779b47b430b9f0f5ee1,k-means,warm,exec,queue,0.025912761688232422,7.152557373046875e-07,2.384185791015625e-07,1609701574.2052057,1609701574.6329563,0.4277505874633789,1609701574.2638013,1609701574.271401,0.007599592208862305
fce8f3ee7d704f4cb6f51d09323cc6be,k-means,warm,exec,queue,0.030745267868041992,2.384185791015625e-07,0.0,1609701574.2081435,1609701574.7087207,0.5005772113800049,1609701574.2647266,1609701574.2711272,0.006400585174560547
00e1a0bd7a3048368d0595936307ede9,k-means,warm,exec,queue,0.035422563552856445,2.384185791015625e-07,4.76837158203125e-07,1609701574.2101462,1609701574.5458782,0.33573198318481445,1609701574.2700226,1609701574.2771575,0.007134914398193359
05d8affc3a9849e9bede3d9dc3d92d9a,k-means,warm,exec,queue,0.040496110916137695,2.384185791015625e-07,0.0,1609701574.2117825,1609701574.5436149,0.3318324089050293,1609701574.2803545,1609701574.2879992,0.0076446533203125
b4a26facc58b4210bb24dbebc74bff40,k-means,warm,exec,queue,0.045517921447753906,2.384185791015625e-07,2.384185791015625e-07,1609701574.213598,1609701574.7112787,0.4976806640625,1609701574.2830188,1609701574.2900693,0.007050514221191406
4f117de429ad4a94a669ac3bf929b562,k-means,warm,exec,queue,0.050324201583862305,2.384185791015625e-07,2.384185791015625e-07,1609701574.2152228,1609701574.618626,0.40340328216552734,1609701574.2864475,1609701574.2916365,0.005188941955566406
24b04a5674d9456595d0d2ceb06078cb,k-means,warm,exec,queue,0.01223444938659668,7.152557373046875e-07,2.384185791015625e-07,1609701574.2169871,1609701574.4200876,0.20310044288635254,1609701574.2433805,1609701574.2516994,0.008318901062011719
e252bb4f34eb4366a1165b27cf6bc8b1,k-means,warm,exec,queue,0.016965389251708984,7.152557373046875e-07,2.384185791015625e-07,1609701574.2186148,1609701574.4217367,0.20312190055847168,1609701574.2494948,1609701574.2571192,0.007624387741088867
3e500cdf387b471ebfc8bf4cb73a00d5,k-means,warm,exec,queue,0.009125232696533203,2.384185791015625e-07,2.384185791015625e-07,1609701575.2019455,1609701575.3176448,0.11569929122924805,1609701575.2464411,1609701575.254669,0.008227825164794922
4d17e36a4ed0473890f4f9f27b08f635,k-means,warm,exec,queue,0.024354219436645508,2.384185791015625e-07,2.384185791015625e-07,1609701575.205656,1609701575.4149866,0.20933055877685547,1609701575.2640212,1609701575.2690976,0.005076408386230469
11da27e9ed0046fa9160487e6e0445d5,k-means,warm,exec,queue,0.030550003051757812,2.384185791015625e-07,0.0,1609701575.2077258,1609701575.4980798,0.29035401344299316,1609701575.2723029,1609701575.2785678,0.006264925003051758
998cab97b2f5448e8cec86432458520e,k-means,warm,exec,queue,0.035366058349609375,2.384185791015625e-07,2.384185791015625e-07,1609701575.2098184,1609701575.4123561,0.20253777503967285,1609701575.2756011,1609701575.2802668,0.0046656131744384766
325efc2a7b6a429196858d405ca43fd7,k-means,warm,exec,queue,0.04012131690979004,2.384185791015625e-07,2.384185791015625e-07,1609701575.2121053,1609701575.4947686,0.28266334533691406,1609701575.2816956,1609701575.2886236,0.006927967071533203
97db43390407483ca71dba1d0c90cbd9,k-means,warm,exec,queue,0.04600024223327637,4.76837158203125e-07,2.384185791015625e-07,1609701575.2137322,1609701575.6693535,0.45562124252319336,1609701575.2953045,1609701575.3015575,0.00625300407409668
9909be7937b24c909035e5a999f2e37d,k-means,warm,exec,queue,0.05072307586669922,2.384185791015625e-07,2.384185791015625e-07,1609701575.215197,1609701575.543258,0.3280608654022217,1609701575.2991965,1609701575.3079374,0.008740901947021484
427e1b2dfae64c0faaa19d71180d6857,k-means,warm,exec,queue,0.05578041076660156,7.152557373046875e-07,4.76837158203125e-07,1609701575.2166636,1609701575.6710858,0.4544222354888916,1609701575.3004577,1609701575.3085356,0.008077859878540039
89399e69b7774813894a41789f17582d,k-means,warm,exec,queue,0.0610651969909668,2.384185791015625e-07,0.0,1609701575.2181287,1609701575.541012,0.32288336753845215,1609701575.3046763,1609701575.312223,0.007546663284301758
73368991d145485d9c2aecef358f5da9,k-means,warm,exec,queue,0.012926816940307617,4.76837158203125e-07,4.76837158203125e-07,1609701575.2197125,1609701575.4136622,0.19394969940185547,1609701575.2515624,1609701575.261288,0.009725570678710938
25760e0205a647fe92e726076ba3d65d,k-means,warm,exec,queue,0.06617927551269531,9.5367431640625e-07,4.76837158203125e-07,1609701575.2211862,1609701575.4975197,0.2763335704803467,1609701575.3102305,1609701575.3162544,0.006023883819580078
afa74856dd104e03a9ad01d7be0af2d5,k-means,warm,exec,queue,0.017329692840576172,2.384185791015625e-07,2.384185791015625e-07,1609701575.2226505,1609701575.4108682,0.1882176399230957,1609701575.2575116,1609701575.2673268,0.009815216064453125
60f39f6955834f2eb808904b489dc170,video,warm,exec,queue,0.017370223999023438,0.0,2.384185791015625e-07,1609701575.2241228,1609701575.6686532,0.4445304870605469,1609701575.264608,1609701575.2814014,0.016793489456176758
f897cc503cb147aab7a103098ffc81fe,map_reduce,warm,exec,queue,0.023852825164794922,2.384185791015625e-07,0.0,1609701575.2257328,1609701575.584125,0.35839223861694336,1609701575.2722816,1609701575.3579648,0.08568310737609863
11b07f0a72734ddd914266919c9e2d5a,k-means,warm,exec,queue,0.007074594497680664,2.384185791015625e-07,2.384185791015625e-07,1609701576.2028718,1609701576.3476772,0.1448054313659668,1609701576.249435,1609701576.2573698,0.007934808731079102
689a5b7cd79d466098390ac8667484e1,k-means,warm,exec,queue,0.05288076400756836,2.384185791015625e-07,0.0,1609701576.2072687,1609701576.6952412,0.4879724979400635,1609701576.3030198,1609701576.3097212,0.006701469421386719
af544e96f8b94cde9f9f642965e91267,k-means,warm,exec,queue,0.05816149711608887,0.0,2.384185791015625e-07,1609701576.2098837,1609701576.3897107,0.17982697486877441,1609701576.3060648,1609701576.3120701,0.006005287170410156
c94d67179f4747389eb3ccb38e1ce069,k-means,warm,exec,queue,0.02496623992919922,4.76837158203125e-07,4.76837158203125e-07,1609701576.2123837,1609701576.5231164,0.3107326030731201,1609701576.279023,1609701576.287915,0.008892059326171875
7cbf233e900944e28cc9be7678bfe8fb,k-means,warm,exec,queue,0.030350685119628906,2.384185791015625e-07,2.384185791015625e-07,1609701576.2140992,1609701576.5264633,0.3123641014099121,1609701576.2800155,1609701576.2873554,0.007339954376220703
1bb9939f01834ee6943bd182f6e6415a,k-means,warm,exec,queue,0.03499007225036621,2.384185791015625e-07,2.384185791015625e-07,1609701576.2156138,1609701576.4156,0.19998621940612793,1609701576.280847,1609701576.2890708,0.008223772048950195
b65ccb3fd8794a7499629d930938c246,k-means,warm,exec,queue,0.039762020111083984,4.76837158203125e-07,2.384185791015625e-07,1609701576.2171488,1609701576.63542,0.4182713031768799,1609701576.2847943,1609701576.2931385,0.008344173431396484
63c684c850644ff88bc49aaf45032cd2,k-means,warm,exec,queue,0.044814348220825195,4.76837158203125e-07,2.384185791015625e-07,1609701576.2186828,1609701576.5270324,0.308349609375,1609701576.2911813,1609701576.2976289,0.006447553634643555
8a259479855f490a81d264b6622793db,k-means,warm,exec,queue,0.04978442192077637,4.76837158203125e-07,2.384185791015625e-07,1609701576.2202246,1609701576.5791445,0.3589198589324951,1609701576.301701,1609701576.3086498,0.006948709487915039
cc6e14d4d1014a5487020aac34f8815f,k-means,warm,exec,queue,0.02040386199951172,4.76837158203125e-07,2.384185791015625e-07,1609701576.2218688,1609701576.3911946,0.1693258285522461,1609701576.2742562,1609701576.2823544,0.008098125457763672
d86a93bf36ca4e80b0bbba0f2009cd39,k-means,warm,exec,queue,0.015979766845703125,4.76837158203125e-07,2.384185791015625e-07,1609701576.2233942,1609701576.5768704,0.35347628593444824,1609701576.2573433,1609701576.2659056,0.008562326431274414
027bcb7ac5104314b737129cf4aee0d1,k-means,warm,exec,queue,0.011409997940063477,4.76837158203125e-07,2.384185791015625e-07,1609701576.2249258,1609701576.350039,0.12511324882507324,1609701576.2529774,1609701576.2614167,0.008439302444458008
224b96037a384b268c0d3843663a8e55,k-means,warm,exec,queue,0.06362581253051758,4.76837158203125e-07,2.384185791015625e-07,1609701576.2266204,1609701576.4662104,0.23958992958068848,1609701576.3150752,1609701576.3222284,0.00715327262878418
aa94ecb7f2ca46fd862fed9529295fc8,k-means,warm,exec,queue,0.06982541084289551,2.384185791015625e-07,2.384185791015625e-07,1609701576.2282398,1609701576.5428972,0.31465744972229004,1609701576.3198607,1609701576.325804,0.00594329833984375
aa9b5326d8f84effa3fa4884a4182dfb,k-means,warm,exec,queue,0.007203817367553711,7.152557373046875e-07,2.384185791015625e-07,1609701577.2044406,1609701577.344362,0.1399214267730713,1609701577.2601223,1609701577.268319,0.008196592330932617
beecfbde6f1f4b32bba39059d0eeff60,k-means,warm,exec,queue,0.04985499382019043,4.76837158203125e-07,2.384185791015625e-07,1609701577.2088172,1609701578.549745,1.3409278392791748,1609701577.3082178,1609701577.3151965,0.006978750228881836
2a68350cf389415f88eabbd0d67ee6d4,k-means,warm,exec,queue,0.054763078689575195,2.384185791015625e-07,2.384185791015625e-07,1609701577.2114208,1609701577.5222251,0.3108043670654297,1609701577.3122737,1609701577.3189435,0.006669759750366211
39b52c2d891e4742b4d6d3f3ef15feaa,k-means,warm,exec,queue,0.059652090072631836,2.384185791015625e-07,0.0,1609701577.2140305,1609701577.4134479,0.1994173526763916,1609701577.3159246,1609701577.3232458,0.00732111930847168
a0b60ccd1d56445b89eb8cc5bbc88b46,k-means,warm,exec,queue,0.03055262565612793,4.76837158203125e-07,2.384185791015625e-07,1609701577.2166855,1609701577.4168177,0.20013213157653809,1609701577.2824008,1609701577.2904892,0.008088350296020508
54387ef0d8a64680a93231e824be1a15,k-means,warm,exec,queue,0.036237239837646484,4.76837158203125e-07,2.384185791015625e-07,1609701577.21828,1609701577.4162297,0.19794964790344238,1609701577.291625,1609701577.298258,0.00663304328918457
3926680536b64343a5c7d17040bcf8d7,k-means,warm,exec,queue,0.04063272476196289,4.76837158203125e-07,2.384185791015625e-07,1609701577.2198615,1609701577.4571908,0.23732924461364746,1609701577.2934458,1609701577.3000596,0.006613731384277344
4c1460ad7e194254adc641cc1e7efc6b,k-means,warm,exec,queue,0.04598879814147949,4.76837158203125e-07,0.0,1609701577.2214618,1609701577.460477,0.2390153408050537,1609701577.298465,1609701577.305787,0.007322072982788086
954dbb0fb0494e079d57ac5c46e9020c,k-means,warm,exec,queue,0.025849580764770508,2.384185791015625e-07,2.384185791015625e-07,1609701577.2230473,1609701577.371822,0.1487748622894287,1609701577.2757654,1609701577.282139,0.00637364387512207
31beb5240688483b859d3b166dfec709,k-means,warm,exec,queue,0.02062201499938965,2.384185791015625e-07,2.384185791015625e-07,1609701577.224987,1609701577.3747602,0.14977312088012695,1609701577.2718954,1609701577.280133,0.008237600326538086
ca58038ee4664d89a52b7053716905d8,k-means,warm,exec,queue,0.015925884246826172,7.152557373046875e-07,2.384185791015625e-07,1609701577.2265797,1609701577.3753712,0.14879155158996582,1609701577.2667127,1609701577.2753549,0.008642196655273438
d6dd992c89c2479b9cc9d48f29124dae,k-means,warm,exec,queue,0.011194944381713867,2.384185791015625e-07,2.384185791015625e-07,1609701577.2281404,1609701577.3415794,0.11343908309936523,1609701577.2596762,1609701577.2672448,0.0075685977935791016
4ba83e5ee62f46b0bc1ef9c7d71295f0,k-means,warm,exec,queue,0.06530308723449707,4.76837158203125e-07,2.384185791015625e-07,1609701577.2297163,1609701577.5240967,0.29438042640686035,1609701577.3246639,1609701577.3308535,0.006189584732055664
cb908d2e05434b78a876fad891546dcf,k-means,warm,exec,queue,0.07050561904907227,2.384185791015625e-07,7.152557373046875e-07,1609701577.2313917,1609701577.5655885,0.3341968059539795,1609701577.3292089,1609701577.3356175,0.00640869140625
497244be39a54328a6c72cf45db08211,k-means,warm,exec,queue,0.07527828216552734,2.384185791015625e-07,2.384185791015625e-07,1609701577.2329638,1609701577.4609704,0.22800660133361816,1609701577.3335972,1609701577.3409219,0.007324695587158203
5dc483f940a5467a991f8aac69275fef,k-means,warm,exec,queue,0.08005118370056152,2.384185791015625e-07,2.384185791015625e-07,1609701577.2345264,1609701577.605641,0.37111449241638184,1609701577.3433275,1609701577.3502388,0.006911277770996094
a3cb28ac08eb41c8a000b10fcba656d8,k-means,warm,exec,queue,0.003894805908203125,4.76837158203125e-07,2.384185791015625e-07,1609701578.200752,1609701578.9244452,0.7236931324005127,1609701578.2450454,1609701578.2536228,0.008577346801757812
823b8f57be8b4692a45fd9bbb4671985,k-means,warm,exec,queue,0.053113698959350586,2.384185791015625e-07,2.384185791015625e-07,1609701578.2052138,1609701578.9688437,0.7636299133300781,1609701578.29539,1609701578.3009665,0.005576610565185547
e4cd25514d4940d8920b7e41c5ede861,k-means,warm,exec,queue,0.048094749450683594,7.152557373046875e-07,2.384185791015625e-07,1609701578.2078469,1609701578.9666753,0.7588284015655518,1609701578.291262,1609701578.2981591,0.0068972110748291016
c8d6f8b7231440718fc4254a398e7741,k-means,warm,exec,queue,0.04291343688964844,4.76837158203125e-07,2.384185791015625e-07,1609701578.2104912,1609701578.8001304,0.5896391868591309,1609701578.2868946,1609701578.2934256,0.0065310001373291016
27e1c5e1f70c4e72979afc177e9c4d03,k-means,warm,exec,queue,0.036828041076660156,2.384185791015625e-07,0.0,1609701578.2133029,1609701578.967839,0.7545361518859863,1609701578.2776644,1609701578.2850602,0.007395744323730469
12a5442af6044b319e152212026f7ede,k-means,warm,exec,queue,0.03124547004699707,2.384185791015625e-07,2.384185791015625e-07,1609701578.2149153,1609701578.7989779,0.5840625762939453,1609701578.272581,1609701578.2775717,0.004990577697753906
fe7e891f70aa4b129c0b6736fa48cfa6,k-means,warm,exec,queue,0.0248258113861084,2.384185791015625e-07,2.384185791015625e-07,1609701578.2165346,1609701578.8147995,0.5982649326324463,1609701578.271384,1609701578.2787366,0.007352590560913086
5439271207414ae49421b2c6fff73d8b,k-means,warm,exec,queue,0.007977008819580078,2.384185791015625e-07,4.76837158203125e-07,1609701578.2181466,1609701578.8587406,0.6405940055847168,1609701578.2442558,1609701578.2525039,0.008248090744018555
ea12874a13a642698fd3580043379682,k-means,warm,exec,queue,0.012399911880493164,2.384185791015625e-07,2.384185791015625e-07,1609701578.219759,1609701579.0111713,0.791412353515625,1609701578.2504928,1609701578.2592645,0.008771657943725586
0994ba1c8b484c62ba15a20856bea0fe,k-means,warm,exec,queue,0.01709461212158203,7.152557373046875e-07,2.384185791015625e-07,1609701578.2215168,1609701578.80209,0.5805730819702148,1609701578.2553833,1609701578.263767,0.008383750915527344
0b903cb427cc417c9a7e56ce32cd3e9d,k-means,warm,exec,queue,0.022507190704345703,2.384185791015625e-07,2.384185791015625e-07,1609701578.2231352,1609701578.8010833,0.5779480934143066,1609701578.261959,1609701578.2700055,0.008046388626098633
b3e133234f8a49cbab0f9ffb526912f3,k-means,warm,exec,queue,0.00033164024353027344,4.76837158203125e-07,2.384185791015625e-07,1609701579.1993208,1609701579.3267221,0.12740135192871094,1609701579.2425807,1609701579.251068,0.008487462997436523
36a9e67773744411a6cfabd502c04ddc,k-means,warm,exec,queue,0.07257509231567383,2.384185791015625e-07,0.0,1609701579.203549,1609701579.4138784,0.21032953262329102,1609701579.3161597,1609701579.3208468,0.004687070846557617
db53e23d72314cc0ad3ff4991121d35d,k-means,warm,exec,queue,0.005747079849243164,4.76837158203125e-07,0.0,1609701579.2062209,1609701579.543951,0.33773016929626465,1609701579.2699127,1609701579.278074,0.008161306381225586
aec0a34afa9344498837aa2e38cec90c,k-means,warm,exec,queue,0.033974647521972656,4.76837158203125e-07,2.384185791015625e-07,1609701579.2088814,1609701579.3593485,0.1504671573638916,1609701579.271963,1609701579.2787535,0.006790637969970703
1be417bafd5647fea313d16aefeef496,k-means,warm,exec,queue,0.03921914100646973,4.76837158203125e-07,7.152557373046875e-07,1609701579.2117999,1609701579.4103296,0.19852972030639648,1609701579.2776258,1609701579.2851143,0.0074884891510009766
653132c74b564c48a125e1a926f18f93,k-means,warm,exec,queue,0.04377388954162598,4.76837158203125e-07,4.76837158203125e-07,1609701579.2137783,1609701579.453207,0.23942875862121582,1609701579.2883496,1609701579.2964244,0.008074760437011719
7b4ad9e95491413daf88d9ac2eb76a61,k-means,warm,exec,queue,0.04976654052734375,4.76837158203125e-07,2.384185791015625e-07,1609701579.215412,1609701579.4133441,0.19793224334716797,1609701579.2901497,1609701579.29651,0.006360292434692383
27d9adc73fa54573a00b9b8ea2cadd3b,k-means,warm,exec,queue,0.05450892448425293,2.384185791015625e-07,4.76837158203125e-07,1609701579.217054,1609701579.4513683,0.2343144416809082,1609701579.2936451,1609701579.2990003,0.005355119705200195
051115654a32442987246571483d67cc,k-means,warm,exec,queue,0.05899214744567871,2.384185791015625e-07,2.384185791015625e-07,1609701579.2186782,1609701579.6527324,0.4340541362762451,1609701579.2988803,1609701579.306357,0.0074765682220458984
00310ec60f29450598f065b1e77e1a8b,k-means,warm,exec,queue,0.06399965286254883,2.384185791015625e-07,2.384185791015625e-07,1609701579.2204509,1609701579.6279578,0.40750694274902344,1609701579.30501,1609701579.3112063,0.006196260452270508
22452e09846943cc8aa11eca7338889a,k-means,warm,exec,queue,0.06955909729003906,2.384185791015625e-07,0.0,1609701579.2220654,1609701579.4950237,0.27295827865600586,1609701579.3101678,1609701579.3170667,0.0068988800048828125
9ab8302a7e924f7e820ed6e06666cc5e,k-means,warm,exec,queue,7.534027099609375e-05,4.76837158203125e-07,2.384185791015625e-07,1609701580.2032914,1609701580.3464508,0.1431593894958496,1609701580.2500477,1609701580.2582316,0.008183956146240234
12af9c893c3d44cfaa9de7f648dc8a7d,video,warm,exec,queue,0.02367424964904785,2.384185791015625e-07,0.0,1609701580.207472,1609701580.4828207,0.2753486633300781,1609701580.2726727,1609701580.2895565,0.01688385009765625
a3c0e1687fbc40d28c9ec540ee1dcd76,k-means,warm,exec,queue,0.006511211395263672,4.76837158203125e-07,2.384185791015625e-07,1609701580.210133,1609701580.3482819,0.13814878463745117,1609701580.249937,1609701580.258223,0.008285999298095703
68925e13b69245998b428641e277bfb9,k-means,warm,exec,queue,0.011148452758789062,4.76837158203125e-07,0.0,1609701580.2127702,1609701580.3959246,0.18315434455871582,1609701580.254336,1609701580.2625382,0.008202075958251953
4409b2d5cca348d3a9ac779505e4cc65,k-means,warm,exec,queue,0.015526533126831055,4.76837158203125e-07,2.384185791015625e-07,1609701580.2156699,1609701580.4317968,0.2161269187927246,1609701580.259494,1609701580.2674737,0.007979631423950195
f9ecab1a0f49416e864e7bfda2c687c2,k-means,warm,exec,queue,0.022892236709594727,2.384185791015625e-07,2.384185791015625e-07,1609701580.2175078,1609701580.4299405,0.2124326229095459,1609701580.2720962,1609701580.278713,0.006616830825805664
5a46cafcbf254ff5ba4bad7c5148c301,k-means,warm,exec,queue,0.0285952091217041,2.384185791015625e-07,2.384185791015625e-07,1609701580.2191083,1609701580.399239,0.1801307201385498,1609701580.2748506,1609701580.2814434,0.006592750549316406
7e0a51a44db74d1c8d44f212dc44b72d,k-means,warm,exec,queue,0.0332486629486084,2.384185791015625e-07,2.384185791015625e-07,1609701580.2207363,1609701580.3986576,0.17792129516601562,1609701580.2778778,1609701580.2846618,0.006783962249755859
0da7f0a563d64a8b86e975629ea0fe98,k-means,warm,exec,queue,0.038642168045043945,2.384185791015625e-07,2.384185791015625e-07,1609701580.2223485,1609701580.483405,0.26105666160583496,1609701580.2881458,1609701580.2954865,0.007340669631958008
74a1481525e34a9eb1b8af26eb37b448,k-means,warm,exec,queue,0.04300069808959961,4.76837158203125e-07,2.384185791015625e-07,1609701580.2240794,1609701580.4799101,0.2558307647705078,1609701580.2917922,1609701580.3001049,0.008312702178955078
80a7aa52ecf64c3799f4f03a7ed0a484,k-means,warm,exec,queue,0.04778409004211426,2.384185791015625e-07,2.384185791015625e-07,1609701580.2256973,1609701580.4860053,0.26030802726745605,1609701580.2955718,1609701580.302344,0.006772279739379883
a6bc0a698a6446c196aa5d765a838152,matmul,warm,exec,queue,0.021742582321166992,2.384185791015625e-07,0.0,1609701580.2273011,1609701580.53167,0.3043689727783203,1609701580.2737927,1609701580.2849014,0.011108636856079102
f854a67f0c5048c3a1738279863b76a9,k-means,warm,exec,queue,0.00652623176574707,4.76837158203125e-07,2.384185791015625e-07,1609701581.2108057,1609701581.3680642,0.1572585105895996,1609701581.2671864,1609701581.2754803,0.008293867111206055
3fa7f44e6ec24060bca4031fdb733ee9,k-means,warm,exec,queue,0.05085110664367676,2.384185791015625e-07,2.384185791015625e-07,1609701581.2151194,1609701581.6576283,0.4425089359283447,1609701581.3127282,1609701581.318651,0.005922794342041016
9c38bd3be7d14620b2d2e174aeb09a0e,k-means,warm,exec,queue,0.05640912055969238,4.76837158203125e-07,4.76837158203125e-07,1609701581.2177205,1609701581.461121,0.24340057373046875,1609701581.3269525,1609701581.3345654,0.007612943649291992
95b45430d3854aac9ad932c5c2192fb5,k-means,warm,exec,queue,0.06255483627319336,2.384185791015625e-07,2.384185791015625e-07,1609701581.2202919,1609701581.565421,0.34512925148010254,1609701581.3270612,1609701581.331795,0.0047338008880615234
6c3ba350acf3434e86edd4f5f97b76b9,k-means,warm,exec,queue,0.02027606964111328,4.76837158203125e-07,4.76837158203125e-07,1609701581.22318,1609701581.5274234,0.3042433261871338,1609701581.27848,1609701581.2864313,0.00795125961303711
301bb4ce93f644e3a727d047d1b42120,k-means,warm,exec,queue,0.02544569969177246,2.384185791015625e-07,2.384185791015625e-07,1609701581.2253842,1609701581.4617083,0.23632407188415527,1609701581.2901018,1609701581.296357,0.006255149841308594
f72d38f1ddb44beca0ef4b4336a38fa8,k-means,warm,exec,queue,0.03166961669921875,4.76837158203125e-07,2.384185791015625e-07,1609701581.226952,1609701581.4903276,0.26337552070617676,1609701581.2933002,1609701581.299016,0.005715847015380859
f47f38a109e34a628782deec4aba3bf0,k-means,warm,exec,queue,0.03618144989013672,4.76837158203125e-07,7.152557373046875e-07,1609701581.2285345,1609701581.457967,0.2294325828552246,1609701581.2954311,1609701581.3012986,0.005867481231689453
aed5d517224149ab8f70d65a1ff939e7,k-means,warm,exec,queue,0.04070687294006348,4.76837158203125e-07,2.384185791015625e-07,1609701581.230102,1609701581.6593354,0.4292333126068115,1609701581.3068585,1609701581.3138652,0.007006645202636719
c86f56b552c14184b822f994efa9f364,k-means,warm,exec,queue,0.04712486267089844,2.384185791015625e-07,2.384185791015625e-07,1609701581.2318063,1609701581.6287482,0.3969419002532959,1609701581.3090787,1609701581.3143222,0.005243539810180664
542d84a630b740c1919a95e2bf909e4c,k-means,warm,exec,queue,0.01492166519165039,2.384185791015625e-07,2.384185791015625e-07,1609701581.233381,1609701581.3674917,0.134110689163208,1609701581.272378,1609701581.2804623,0.008084297180175781
dfb065dda58f41ad89229de2a60f93cb,k-means,warm,exec,queue,0.010090351104736328,4.76837158203125e-07,0.0,1609701581.2349575,1609701581.3647382,0.12978076934814453,1609701581.267339,1609701581.2754805,0.008141517639160156
017726215e324583bfdd11b111e70ba1,k-means,warm,exec,queue,0.06772780418395996,7.152557373046875e-07,2.384185791015625e-07,1609701581.236519,1609701581.5268314,0.2903122901916504,1609701581.330895,1609701581.337538,0.006643056869506836
3f69c518b986435aa5e2ad82a1408032,k-means,warm,exec,queue,0.0727689266204834,4.76837158203125e-07,2.384185791015625e-07,1609701581.2381675,1609701581.5291138,0.29094624519348145,1609701581.3429441,1609701581.3503728,0.007428646087646484
1f784e47a6cb40289dca4c3287ca5511,k-means,warm,exec,queue,0.07900047302246094,2.384185791015625e-07,2.384185791015625e-07,1609701581.2397149,1609701581.523867,0.2841520309448242,1609701581.3447862,1609701581.3490903,0.004304170608520508
136904a306e84c2d880760de14f0baf0,k-means,warm,exec,queue,0.08406472206115723,4.76837158203125e-07,0.0,1609701581.2412806,1609701581.627075,0.38579440116882324,1609701581.3490999,1609701581.3559449,0.006844997406005859
fa65f40b4cc249868a52718c53ec7b8e,k-means,warm,exec,queue,0.09033370018005371,2.384185791015625e-07,2.384185791015625e-07,1609701581.2429352,1609701581.626466,0.383530855178833,1609701581.3583093,1609701581.3633125,0.005003213882446289
e5b7507e88ad4a5aa6d3b3593290d1b8,k-means,warm,exec,queue,0.004364490509033203,4.76837158203125e-07,2.384185791015625e-07,1609701582.2009978,1609701582.3289807,0.12798285484313965,1609701582.2425315,1609701582.2508273,0.008295774459838867
d083b378a82e496ca8c468564b7bba12,k-means,warm,exec,queue,0.0469663143157959,4.76837158203125e-07,2.384185791015625e-07,1609701582.2049997,1609701582.4770787,0.2720789909362793,1609701582.287315,1609701582.2936506,0.006335735321044922
124d5bea5b8741ea9e03fc8fea31edee,k-means,warm,exec,queue,0.04254865646362305,2.384185791015625e-07,4.76837158203125e-07,1609701582.2075503,1609701582.4178467,0.2102963924407959,1609701582.2836735,1609701582.2902083,0.0065348148345947266
7c830d2bf2cb4fccb2c9348dd4d9d6d3,k-means,warm,exec,queue,0.03730344772338867,2.384185791015625e-07,2.384185791015625e-07,1609701582.2101312,1609701582.5513065,0.3411753177642822,1609701582.275359,1609701582.2808075,0.005448579788208008
1104cb35f934452e916f9061695f18e0,k-means,warm,exec,queue,0.032382965087890625,4.76837158203125e-07,2.384185791015625e-07,1609701582.212607,1609701582.5542424,0.34163546562194824,1609701582.2719164,1609701582.2783902,0.0064737796783447266
83787b1542ca4a2785dde126819aff73,k-means,warm,exec,queue,0.0087432861328125,4.76837158203125e-07,2.384185791015625e-07,1609701582.2143357,1609701582.3261325,0.11179685592651367,1609701582.2416556,1609701582.2497654,0.008109807968139648
faeb637b27164cc093755bfe1e55a11a,k-means,warm,exec,queue,0.013804197311401367,4.76837158203125e-07,2.384185791015625e-07,1609701582.2158847,1609701582.329581,0.11369633674621582,1609701582.2485602,1609701582.2567136,0.008153438568115234
f193f5988dbc462cad25dbcfad7c358a,k-means,warm,exec,queue,0.01897406578063965,4.76837158203125e-07,2.384185791015625e-07,1609701582.217439,1609701582.421422,0.20398306846618652,1609701582.2542717,1609701582.263059,0.008787155151367188
c61f6b28d33142598def6e57398b6862,k-means,warm,exec,queue,0.0236203670501709,2.384185791015625e-07,4.76837158203125e-07,1609701582.2189932,1609701582.4208245,0.20183134078979492,1609701582.2581356,1609701582.2659395,0.007803916931152344
84f2e2e2c00a4a6ea9ca7742a0d02b99,k-means,warm,exec,queue,0.029525041580200195,4.76837158203125e-07,2.384185791015625e-07,1609701582.2206824,1609701582.5548432,0.33416080474853516,1609701582.265059,1609701582.2718194,0.006760358810424805
e17792a8c6b9413b8d62bbbc579b8146,k-means,warm,exec,queue,0.0004734992980957031,4.76837158203125e-07,2.384185791015625e-07,1609701583.207125,1609701583.3643117,0.15718674659729004,1609701583.2585208,1609701583.26683,0.008309125900268555
eea73d92a6a94b71af53fc961f80c589,k-means,warm,exec,queue,0.048949241638183594,2.384185791015625e-07,2.384185791015625e-07,1609701583.2113738,1609701583.4948852,0.2835114002227783,1609701583.309,1609701583.316409,0.007409095764160156
cbbfd8c0d70d4691bf0b5676cbaec689,k-means,warm,exec,queue,0.05383777618408203,2.384185791015625e-07,2.384185791015625e-07,1609701583.214005,1609701583.496618,0.28261303901672363,1609701583.3119612,1609701583.3184867,0.006525516510009766
c5dcd52ed308412190aea8a06df80747,k-means,warm,exec,queue,0.059175729751586914,2.384185791015625e-07,2.384185791015625e-07,1609701583.216608,1609701583.671223,0.45461487770080566,1609701583.3175802,1609701583.32299,0.005409717559814453
7cca705399b44489ac496e8458a54e8f,k-means,warm,exec,queue,0.007510185241699219,2.384185791015625e-07,0.0,1609701583.2194762,1609701583.3615577,0.14208149909973145,1609701583.2585938,1609701583.2669897,0.008395910263061523
398b20c169924b4ab5afcdbb8bfa6476,k-means,warm,exec,queue,0.011785268783569336,2.384185791015625e-07,2.384185791015625e-07,1609701583.2213407,1609701583.454218,0.23287725448608398,1609701583.261676,1609701583.2698777,0.00820159912109375
58d7616ab906477e90f8e449708b7826,k-means,warm,exec,queue,0.01615762710571289,0.0,2.384185791015625e-07,1609701583.2229128,1609701583.3638127,0.1408998966217041,1609701583.2665198,1609701583.2744591,0.007939338684082031
4a9020bb8d3a4150a449008f0cfa1c17,k-means,warm,exec,queue,0.02057027816772461,2.384185791015625e-07,2.384185791015625e-07,1609701583.2245417,1609701583.4592519,0.2347102165222168,1609701583.2784874,1609701583.2861328,0.007645368576049805
b3dc082ddecd42768e9fe0170a45b811,k-means,warm,exec,queue,0.027556419372558594,4.76837158203125e-07,2.384185791015625e-07,1609701583.226176,1609701583.4587262,0.23255014419555664,1609701583.2807488,1609701583.2862575,0.0055086612701416016
0f8d006e9d5a4861b63b75a36d1b83df,k-means,warm,exec,queue,0.03257942199707031,2.384185791015625e-07,0.0,1609701583.22796,1609701583.4982984,0.2703382968902588,1609701583.2844996,1609701583.2911532,0.006653547286987305
166f518babc348fc83a0f8c88c52633c,k-means,warm,exec,queue,0.037878990173339844,2.384185791015625e-07,2.384185791015625e-07,1609701583.2296154,1609701583.410984,0.18136858940124512,1609701583.2940738,1609701583.3020966,0.008022785186767578
866fdc41537b4382a6c62abce0ab86ca,k-means,warm,exec,queue,0.042707204818725586,2.384185791015625e-07,2.384185791015625e-07,1609701583.2312384,1609701583.6729865,0.44174814224243164,1609701583.2973647,1609701583.3041606,0.0067958831787109375
6e165045a967469bbc901994e62caaed,k-means,warm,exec,queue,0.047138214111328125,2.384185791015625e-07,0.0,1609701583.2329028,1609701583.4581704,0.22526764869689941,1609701583.3025506,1609701583.3093817,0.006831169128417969
11a61190c7f94e8ba32e4d6f96732f24,video,warm,exec,queue,0.01892566680908203,4.76837158203125e-07,2.384185791015625e-07,1609701583.2345817,1609701583.4126441,0.17806243896484375,1609701583.2796457,1609701583.2965584,0.01691269874572754
a93b1ac3748c475b9d4f653a22a22f94,k-means,warm,exec,queue,0.007164955139160156,4.76837158203125e-07,2.384185791015625e-07,1609701584.202185,1609701584.314317,0.11213207244873047,1609701584.2417104,1609701584.249562,0.007851600646972656
56acae49b9cd4c86a0f0fcc825297e03,k-means,warm,exec,queue,0.03419685363769531,2.384185791015625e-07,0.0,1609701584.2062252,1609701584.541579,0.3353538513183594,1609701584.2738292,1609701584.2808266,0.006997346878051758
e5c8770a499440f386c232e43e1c4130,k-means,warm,exec,queue,0.039121389389038086,2.384185791015625e-07,2.384185791015625e-07,1609701584.208833,1609701584.4916263,0.2827932834625244,1609701584.2787292,1609701584.2852175,0.006488323211669922
b90537bd79c047239c418a98704f865f,k-means,warm,exec,queue,0.043615102767944336,2.384185791015625e-07,0.0,1609701584.211377,1609701584.3991852,0.18780827522277832,1609701584.2819364,1609701584.288456,0.0065195560455322266
3ed044ade93e4f0d93b68f0d101d67cb,k-means,warm,exec,queue,0.04897284507751465,2.384185791015625e-07,0.0,1609701584.2139735,1609701584.4025805,0.18860697746276855,1609701584.2883577,1609701584.2946205,0.006262779235839844
5eee3ea72cbc4c1f817877f55ccabb64,k-means,warm,exec,queue,0.029253482818603516,2.384185791015625e-07,2.384185791015625e-07,1609701584.216672,1609701584.4333,0.2166280746459961,1609701584.267308,1609701584.2735136,0.006205558776855469
b6316a4e17f344b582cc16c8d0072b24,k-means,warm,exec,queue,0.02462935447692871,4.76837158203125e-07,2.384185791015625e-07,1609701584.218232,1609701584.5398128,0.3215808868408203,1609701584.2622106,1609701584.2691462,0.006935596466064453
b133265b4af046658ce5f459d0ff32f9,k-means,warm,exec,queue,0.020178794860839844,2.384185791015625e-07,2.384185791015625e-07,1609701584.2197983,1609701584.397459,0.17766070365905762,1609701584.258465,1609701584.2667089,0.008243799209594727
b8df26a54c314df69d5bffcb2978ec0d,k-means,warm,exec,queue,0.011286020278930664,2.384185791015625e-07,2.384185791015625e-07,1609701584.221384,1609701584.4313636,0.20997953414916992,1609701584.2460158,1609701584.2548215,0.00880575180053711
d123cc1cfb4f42379d6ad41a249a8211,k-means,warm,exec,queue,0.01579570770263672,4.76837158203125e-07,2.384185791015625e-07,1609701584.223258,1609701584.4019687,0.1787106990814209,1609701584.2516186,1609701584.2601268,0.00850820541381836
278415f7d81a471b963506187ab585b8,k-means,warm,exec,queue,7.963180541992188e-05,4.76837158203125e-07,2.384185791015625e-07,1609701585.2127454,1609701585.335577,0.12283158302307129,1609701585.2660666,1609701585.274486,0.008419513702392578
d51fb8ab8257462c951f5deccb8dcee1,k-means,warm,exec,queue,0.009949207305908203,4.76837158203125e-07,2.384185791015625e-07,1609701585.2171268,1609701585.3339996,0.11687278747558594,1609701585.2662044,1609701585.2744062,0.008201837539672852
db9226270a924f0bac39f8e5f836cb21,k-means,warm,exec,queue,0.01466226577758789,2.384185791015625e-07,2.384185791015625e-07,1609701585.2197096,1609701586.3276083,1.1078987121582031,1609701585.2712991,1609701585.279595,0.008295774459838867
359013bbb0f84de1aa35cdff7f45a1d0,k-means,warm,exec,queue,0.019970178604125977,4.76837158203125e-07,2.384185791015625e-07,1609701585.2223585,1609701585.5438879,0.3215293884277344,1609701585.2776434,1609701585.2856355,0.007992029190063477
be52260536724b78870f4079e75b0b9d,k-means,warm,exec,queue,0.025629281997680664,2.384185791015625e-07,2.384185791015625e-07,1609701585.2250118,1609701586.3954608,1.1704490184783936,1609701585.2907987,1609701585.2979634,0.007164716720581055
d97f1b5d65a74679bc885c5a249ac401,k-means,warm,exec,queue,0.02995586395263672,7.152557373046875e-07,0.0,1609701585.2265441,1609701586.324389,1.0978448390960693,1609701585.295291,1609701585.3031592,0.007868289947509766
53365a476fbf4f819489d46a2d6b8aac,k-means,warm,exec,queue,0.03719830513000488,2.384185791015625e-07,2.384185791015625e-07,1609701585.2280812,1609701586.1893394,0.9612581729888916,1609701585.2973952,1609701585.3039024,0.006507158279418945
51ec576418874497b2baa2ac879aaefc,k-means,warm,exec,queue,0.04210925102233887,4.76837158203125e-07,4.76837158203125e-07,1609701585.2297072,1609701586.1911056,0.9613983631134033,1609701585.304316,1609701585.3129125,0.008596420288085938
339a3e4694754820828f31c604505a7a,k-means,warm,exec,queue,0.04664349555969238,2.384185791015625e-07,2.384185791015625e-07,1609701585.231256,1609701586.39605,1.1647939682006836,1609701585.3093302,1609701585.3159533,0.006623029708862305
04ce992f4d9240e5966b0c23b110d284,k-means,warm,exec,queue,0.051095008850097656,2.384185791015625e-07,4.76837158203125e-07,1609701585.2329326,1609701586.3270433,1.0941107273101807,1609701585.3170547,1609701585.3239048,0.006850004196166992
423cc8cabc774a37a46cbd11a67d9d64,k-means,warm,exec,queue,0.05629706382751465,2.384185791015625e-07,2.384185791015625e-07,1609701585.2344637,1609701586.1927907,0.958327054977417,1609701585.319342,1609701585.326556,0.007214069366455078
fc61b4d7d54146cea9a289feeda9185b,video,warm,exec,queue,0.018380403518676758,2.384185791015625e-07,2.384185791015625e-07,1609701585.2360075,1609701587.7088716,2.4728641510009766,1609701585.2909703,1609701585.3075166,0.016546249389648438
0437822c2e5c43d89ecfb87aa4db774d,matmul,warm,exec,queue,0.02278876304626465,2.384185791015625e-07,0.0,1609701585.2375798,1609701586.5522566,1.3146767616271973,1609701585.2955344,1609701585.306801,0.011266708374023438
968830b819af42e6af50f5a82cb761e0,map_reduce,warm,exec,queue,0.026527881622314453,2.384185791015625e-07,0.0,1609701585.239216,1609701586.3924205,1.1532044410705566,1609701585.297384,1609701585.3829362,0.08555221557617188
c0c5dcc5a32a4204abcabbde072c0889,disk,cold,exec,create,0.02951979637145996,5.271396160125732,4.76837158203125e-07,1609701585.2407796,1609701590.7152588,5.4744791984558105,1609701590.5659943,1609701590.5858638,0.019869565963745117
ac2c6e24c75146acab2e570c214f7162,k-means,warm,exec,queue,0.00478816032409668,4.76837158203125e-07,4.76837158203125e-07,1609701586.202301,1609701586.4793713,0.2770702838897705,1609701586.2332091,1609701586.2407556,0.007546424865722656
50198fb22e9c4f5c85c633ca891259b3,k-means,warm,exec,queue,0.03407883644104004,2.384185791015625e-07,2.384185791015625e-07,1609701586.2062402,1609701588.2756486,2.069408416748047,1609701586.2647417,1609701586.2709064,0.0061647891998291016
80d2534cac9046c3821c8ccfee39ca45,k-means,warm,exec,queue,0.029161691665649414,2.384185791015625e-07,2.384185791015625e-07,1609701586.2086895,1609701586.478767,0.2700774669647217,1609701586.2593994,1609701586.2654054,0.006006002426147461
d0a21142e17c41fb899f6495ef23860d,k-means,warm,exec,queue,0.009575366973876953,2.384185791015625e-07,2.384185791015625e-07,1609701586.2110436,1609701586.5942588,0.38321518898010254,1609701586.238633,1609701586.2466688,0.008035898208618164
caccd91a163843f89065f60221425044,k-means,warm,exec,queue,0.014381647109985352,4.76837158203125e-07,2.384185791015625e-07,1609701586.2138495,1609701587.7054834,1.4916338920593262,1609701586.2440538,1609701586.2513657,0.007311820983886719
fb1e5b50d6bf43e28836bbae0068befa,k-means,warm,exec,queue,0.01977825164794922,4.76837158203125e-07,2.384185791015625e-07,1609701586.2161975,1609701587.7072804,1.4910829067230225,1609701586.2500887,1609701586.256434,0.006345272064208984
1722a8cd635147d3991982469371a24c,k-means,warm,exec,queue,0.024281740188598633,4.76837158203125e-07,2.384185791015625e-07,1609701586.2177632,1609701588.2771454,2.059382200241089,1609701586.2562878,1609701586.26244,0.006152153015136719
c33768a0f05b47bb901f83dee360b7c4,k-means,warm,exec,queue,0.0005688667297363281,4.76837158203125e-07,2.384185791015625e-07,1609701587.2133565,1609701588.3670723,1.1537158489227295,1609701587.264941,1609701587.2726924,0.00775146484375
a49e80dbe96d4424ae893932d4e0f30d,k-means,warm,exec,queue,0.04944658279418945,2.384185791015625e-07,7.152557373046875e-07,1609701587.2175558,1609701588.9977896,1.7802338600158691,1609701587.3127236,1609701587.317981,0.005257368087768555
25bf1387332d4d34b9fe21c5ab156a4e,k-means,warm,exec,queue,0.05411076545715332,2.384185791015625e-07,4.76837158203125e-07,1609701587.2200673,1609701588.8865986,1.6665313243865967,1609701587.317989,1609701587.3239977,0.006008625030517578
2d4de756f58643198470af89e807a77a,k-means,warm,exec,queue,0.060029029846191406,4.76837158203125e-07,2.384185791015625e-07,1609701587.2226145,1609701588.8860838,1.6634693145751953,1609701587.3246455,1609701587.3295295,0.004884004592895508
8bd5ff1641c6420ab279d53de5ad6170,k-means,warm,exec,queue,0.06577658653259277,2.384185791015625e-07,2.384185791015625e-07,1609701587.2252312,1609701588.3703902,1.1451590061187744,1609701587.3304949,1609701587.335067,0.004572153091430664
0a1941fdeb3a4cc290fd9b866ab987f1,k-means,warm,exec,queue,0.07074785232543945,4.76837158203125e-07,2.384185791015625e-07,1609701587.2266817,1609701588.994817,1.7681353092193604,1609701587.337502,1609701587.3421228,0.004620790481567383
6b84e87267b144e58dde527c7f29a584,k-means,warm,exec,queue,0.005841970443725586,4.76837158203125e-07,2.384185791015625e-07,1609701587.2281244,1609701588.4636722,1.2355477809906006,1609701587.2646565,1609701587.271594,0.006937503814697266
8b4c9368f2d748ffb79f771f46a9c8d1,k-means,warm,exec,queue,0.010730504989624023,2.384185791015625e-07,2.384185791015625e-07,1609701587.2296133,1609701588.8809526,1.6513392925262451,1609701587.2681339,1609701587.2758276,0.007693767547607422
dfaa42328f3147df928535033b291f09,k-means,warm,exec,queue,0.016015052795410156,2.384185791015625e-07,0.0,1609701587.2310722,1609701588.8815236,1.650451421737671,1609701587.2740986,1609701587.281974,0.007875442504882812
05cede59493a44e681a2d5d6e735514d,k-means,warm,exec,queue,0.02144336700439453,2.384185791015625e-07,0.0,1609701587.2326822,1609701588.6235354,1.3908531665802002,1609701587.2818942,1609701587.2879262,0.006031990051269531
845fc90283f343c28d3f3cb7e69516f0,k-means,warm,exec,queue,0.02670121192932129,2.384185791015625e-07,2.384185791015625e-07,1609701587.2341413,1609701588.9924443,1.758302927017212,1609701587.285256,1609701587.2915516,0.006295680999755859
501d8a505786489aaecc43ae49f92025,k-means,warm,exec,queue,0.031117677688598633,2.384185791015625e-07,2.384185791015625e-07,1609701587.2355926,1609701588.0608292,0.8252365589141846,1609701587.2906415,1609701587.2968051,0.006163597106933594
02279d117d124374b6b504aa2b7945ca,k-means,warm,exec,queue,0.03647494316101074,2.384185791015625e-07,0.0,1609701587.2371576,1609701588.9983008,1.7611432075500488,1609701587.2980218,1609701587.304313,0.00629115104675293
ec9b0341335c4e7093a0c1dbda4125dc,k-means,warm,exec,queue,0.04136466979980469,2.384185791015625e-07,2.384185791015625e-07,1609701587.238608,1609701588.369809,1.1312010288238525,1609701587.304281,1609701587.3108895,0.006608486175537109
b58e19acc94047eab254fdbd949214fa,k-means,warm,exec,queue,0.04633617401123047,4.76837158203125e-07,2.384185791015625e-07,1609701587.2400594,1609701588.521006,1.2809467315673828,1609701587.3097434,1609701587.3160334,0.006289958953857422
b1bf76cf100d44c4a70736c4a097a755,video,warm,exec,queue,0.01629161834716797,2.384185791015625e-07,0.0,1609701587.2415345,1609701588.0585408,0.8170063495635986,1609701587.2820292,1609701587.29706,0.015030860900878906
2f7cec074a6e4ff792421ce29619afcb,k-means,warm,exec,queue,7.2479248046875e-05,4.76837158203125e-07,2.384185791015625e-07,1609701588.2062669,1609701589.2789273,1.0726604461669922,1609701588.2474694,1609701588.2542067,0.006737232208251953
6eaa814d12a84dae8dc0f6c6632a3850,k-means,warm,exec,queue,0.005123615264892578,7.152557373046875e-07,0.0,1609701588.2101336,1609701588.8820531,0.671919584274292,1609701588.2480612,1609701588.2554142,0.007353067398071289
da1efb7df4c3462a8ee96263b79491cb,k-means,warm,exec,queue,0.009948492050170898,4.76837158203125e-07,2.384185791015625e-07,1609701588.2126958,1609701588.8855004,0.672804594039917,1609701588.2532802,1609701588.2608528,0.007572650909423828
39db8a810add4311bb631dc497a5961f,k-means,warm,exec,queue,0.015169620513916016,2.384185791015625e-07,2.384185791015625e-07,1609701588.2152107,1609701589.1226833,0.9074726104736328,1609701588.2605927,1609701588.2672892,0.006696462631225586
97f552e87aa642eaa10ba9a7e97ef1e6,k-means,warm,exec,queue,0.019625186920166016,2.384185791015625e-07,2.384185791015625e-07,1609701588.2182884,1609701589.2635167,1.0452282428741455,1609701588.263826,1609701588.2697632,0.005937337875366211
ba0e329062da451684fab3a0630032d5,k-means,warm,exec,queue,0.024595975875854492,7.152557373046875e-07,0.0,1609701588.2206435,1609701589.2769003,1.0562567710876465,1609701588.2693577,1609701588.2752564,0.005898714065551758
1fbed81747334967875f7f258e27b238,k-means,warm,exec,queue,0.029668569564819336,4.76837158203125e-07,4.76837158203125e-07,1609701588.222097,1609701589.2644806,1.0423836708068848,1609701588.2834342,1609701588.290023,0.006588935852050781
9cc5391786924ac0ab986f016f098885,k-means,warm,exec,queue,0.035817861557006836,4.76837158203125e-07,4.76837158203125e-07,1609701588.2235525,1609701588.995348,0.7717955112457275,1609701588.2837481,1609701588.2898645,0.006116390228271484
d60ead5e9b8f43bf8f4081b8016da23e,k-means,warm,exec,queue,0.041341304779052734,2.384185791015625e-07,2.384185791015625e-07,1609701588.2251205,1609701588.8769567,0.6518361568450928,1609701588.2868245,1609701588.2927942,0.0059697628021240234
0b41fa4b326d4535a9a1687901328a42,k-means,warm,exec,queue,0.046707868576049805,2.384185791015625e-07,2.384185791015625e-07,1609701588.2265716,1609701589.2779803,1.0514087677001953,1609701588.2934322,1609701588.3003345,0.006902217864990234
105750917fb84264a950af878dde94d7,k-means,warm,exec,queue,0.05156660079956055,2.384185791015625e-07,2.384185791015625e-07,1609701588.228022,1609701589.1205802,0.8925580978393555,1609701588.300333,1609701588.305699,0.005366086959838867
247cb642a587436aa759606921e700f3,k-means,warm,exec,queue,0.0011775493621826172,9.5367431640625e-07,4.76837158203125e-07,1609701589.206426,1609701589.395235,0.18880915641784668,1609701589.2754464,1609701589.2825327,0.007086277008056641
88807ad4f39c460f82881e6c79e2d04d,video,warm,exec,queue,0.017470121383666992,4.76837158203125e-07,0.0,1609701589.2104003,1609701589.7684855,0.5580852031707764,1609701589.2919278,1609701589.3078494,0.015921592712402344
cc49d358dbcd4038b503a8428a611f44,k-means,warm,exec,queue,0.0032792091369628906,2.384185791015625e-07,0.0,1609701589.2129495,1609701589.5068734,0.29392385482788086,1609701589.2759259,1609701589.2833173,0.007391452789306641
39600723d1574242aa4608c784ef402d,k-means,warm,exec,queue,0.008701324462890625,2.384185791015625e-07,2.384185791015625e-07,1609701589.2154243,1609701589.7658005,0.5503761768341064,1609701589.2820985,1609701589.28957,0.007471561431884766
e3e1731b9eaa4ebc99996ac4e4c645a9,k-means,warm,exec,queue,0.01355290412902832,4.76837158203125e-07,0.0,1609701589.243622,1609701589.39715,0.15352797508239746,1609701589.2913508,1609701589.2984197,0.0070688724517822266
514f0725da184808945dd9eb3c578848,k-means,warm,exec,queue,0.018862485885620117,2.384185791015625e-07,0.0,1609701589.2454596,1609701589.5618699,0.3164103031158447,1609701589.2924206,1609701589.298601,0.006180286407470703
ccf43a3c107f4576888b5c311981ac5b,k-means,warm,exec,queue,0.02367711067199707,0.0,2.384185791015625e-07,1609701589.2468684,1609701589.7639613,0.5170929431915283,1609701589.2975638,1609701589.30421,0.006646156311035156
f7f52b13545c426e9cc069ed8ceb2bc5,k-means,warm,exec,queue,0.029351472854614258,7.152557373046875e-07,2.384185791015625e-07,1609701589.2483768,1609701589.768977,0.5206000804901123,1609701589.3066444,1609701589.3127773,0.006132841110229492
092b3a6dd1044078bf8bb79f38beac91,k-means,warm,exec,queue,0.03479766845703125,2.384185791015625e-07,0.0,1609701589.2497995,1609701589.4112046,0.16140508651733398,1609701589.310663,1609701589.3173704,0.006707429885864258
e845a5ce237f4f3a9fc685968269b5d1,k-means,warm,exec,queue,0.0394895076751709,2.384185791015625e-07,0.0,1609701589.2512662,1609701589.5284102,0.2771439552307129,1609701589.315025,1609701589.3214908,0.0064656734466552734
5173327e20ae481193b65eb24bd4a7aa,k-means,warm,exec,queue,0.04412436485290527,2.384185791015625e-07,0.0,1609701589.2528539,1609701589.5050545,0.2522006034851074,1609701589.319408,1609701589.3258867,0.006478786468505859
7cb77df6b9cd453b8b743628c786effd,k-means,warm,exec,queue,0.006765842437744141,4.76837158203125e-07,2.384185791015625e-07,1609701590.2164493,1609701590.349358,0.13290882110595703,1609701590.2635455,1609701590.2728539,0.009308338165283203
556e774ac59c416c8137f37d0f05e5d3,k-means,warm,exec,queue,0.011269569396972656,2.384185791015625e-07,0.0,1609701590.220931,1609701590.471617,0.2506859302520752,1609701590.2673776,1609701590.2770934,0.009715795516967773
3bb1c6bef60445b582298cb646e4275b,k-means,warm,exec,queue,0.01637554168701172,2.384185791015625e-07,0.0,1609701590.222498,1609701590.3504174,0.12791943550109863,1609701590.2729418,1609701590.2808356,0.007893800735473633
d419739ea7a443fbbb278c8517d16cc4,k-means,warm,exec,queue,0.021430253982543945,2.384185791015625e-07,0.0,1609701590.2240608,1609701590.3833961,0.15933537483215332,1609701590.285494,1609701590.2947295,0.009235382080078125
817a3307f6104e8d8829a33c1835b2d1,k-means,warm,exec,queue,0.028658390045166016,2.384185791015625e-07,2.384185791015625e-07,1609701590.2258158,1609701590.3849704,0.15915465354919434,1609701590.2872925,1609701590.2932012,0.0059087276458740234
b0d3a0e9527c4e2cb09460f58adf5dcc,k-means,warm,exec,queue,0.03326082229614258,2.384185791015625e-07,0.0,1609701590.2273388,1609701590.5689497,0.3416109085083008,1609701590.290455,1609701590.2968934,0.006438255310058594
6b32d5d971e74b10afc58c8424c9f75b,k-means,warm,exec,queue,0.03832530975341797,2.384185791015625e-07,2.384185791015625e-07,1609701590.2289026,1609701590.472094,0.24319148063659668,1609701590.2968762,1609701590.3032439,0.006367683410644531
00922ac8a7304b6a8881c860f41532b1,k-means,warm,exec,queue,0.043135643005371094,2.384185791015625e-07,0.0,1609701590.230428,1609701590.7117693,0.4813413619995117,1609701590.3051908,1609701590.31257,0.007379293441772461
87240211a9284c3b89b1631e21fe76f0,k-means,warm,exec,queue,0.048338890075683594,2.384185791015625e-07,0.0,1609701590.2319663,1609701590.7168267,0.4848604202270508,1609701590.3090904,1609701590.3152742,0.0061838626861572266
9a0f8ddd81f842c8b4939935590417b0,k-means,warm,exec,queue,0.05349111557006836,2.384185791015625e-07,2.384185791015625e-07,1609701590.2336645,1609701590.417899,0.1842343807220459,1609701590.3133028,1609701590.3196604,0.006357669830322266
52085af8c62b4535b3d33449fddffa8d,k-means,warm,exec,queue,0.05936384201049805,2.384185791015625e-07,0.0,1609701590.2351685,1609701590.5710466,0.3358781337738037,1609701590.3215208,1609701590.3285787,0.007057905197143555
f46388b1d27b4414a315a847e9522203,k-means,warm,exec,queue,0.06394648551940918,2.384185791015625e-07,0.0,1609701590.2367105,1609701590.714721,0.4780104160308838,1609701590.326949,1609701590.3336353,0.00668644905090332
4a118c0a386f436c8d18c4063883130c,k-means,warm,exec,queue,0.06741690635681152,2.384185791015625e-07,2.384185791015625e-07,1609701590.2382164,1609701590.469046,0.23082971572875977,1609701590.330564,1609701590.3372426,0.006678581237792969
b83d3603cac8423cb7145ecdd5451c23,k-means,warm,exec,queue,0.07199811935424805,2.384185791015625e-07,0.0,1609701590.2398412,1609701590.6029606,0.36311936378479004,1609701590.3361208,1609701590.3428497,0.0067288875579833984
97193cae75234aa99fc112747954282e,matmul,warm,exec,queue,0.016494035720825195,2.384185791015625e-07,2.384185791015625e-07,1609701590.241375,1609701590.508679,0.2673039436340332,1609701590.2860215,1609701590.2956135,0.009592056274414062
96f3fd8c584c41d1adb3eb3083a8dc02,k-means,warm,exec,queue,0.0026595592498779297,4.76837158203125e-07,2.384185791015625e-07,1609701591.2147322,1609701591.3825524,0.16782021522521973,1609701591.2628355,1609701591.271033,0.008197546005249023
167d409e668d42f897eada89badb1a29,k-means,warm,exec,queue,0.05687570571899414,4.76837158203125e-07,2.384185791015625e-07,1609701591.218666,1609701591.5037324,0.2850663661956787,1609701591.3163404,1609701591.3219826,0.0056421756744384766
cf2e6c0c9969475c9483946e8e49ae48,k-means,warm,exec,queue,0.05164957046508789,2.384185791015625e-07,0.0,1609701591.2207453,1609701591.642812,0.42206668853759766,1609701591.3093984,1609701591.3160002,0.006601810455322266
eaa1e2ba083d42e8903c4b81b3d1aabe,k-means,warm,exec,queue,0.046656131744384766,2.384185791015625e-07,2.384185791015625e-07,1609701591.2229593,1609701591.5050666,0.2821073532104492,1609701591.3050537,1609701591.3113735,0.006319761276245117
d163ab72a64440afa6500c5db8f71d03,k-means,warm,exec,queue,0.04222249984741211,2.384185791015625e-07,4.76837158203125e-07,1609701591.2250688,1609701591.6445792,0.4195103645324707,1609701591.3016145,1609701591.307691,0.0060765743255615234
37b6aec8c3f14b1bb1c49739fd8818af,k-means,warm,exec,queue,0.03756213188171387,4.76837158203125e-07,2.384185791015625e-07,1609701591.2265437,1609701591.4381118,0.21156811714172363,1609701591.294542,1609701591.3005388,0.0059967041015625
8ccf72ee5e2a4bb7a57a39a857678535,k-means,warm,exec,queue,0.03300166130065918,4.76837158203125e-07,2.384185791015625e-07,1609701591.2280505,1609701591.4399881,0.21193766593933105,1609701591.288477,1609701591.2943912,0.005914211273193359
c88b117993794b1d93a67da897798542,k-means,warm,exec,queue,0.027615785598754883,2.384185791015625e-07,4.76837158203125e-07,1609701591.2295403,1609701591.499539,0.26999855041503906,1609701591.2823358,1609701591.2885401,0.006204366683959961
0f0de5c612d44ebfa0d67acd15623a7a,k-means,warm,exec,queue,0.023107528686523438,7.152557373046875e-07,0.0,1609701591.2310364,1609701591.504424,0.2733876705169678,1609701591.2788117,1609701591.28537,0.006558418273925781
3fbb0a07d01a4de58c13263d6455f44b,k-means,warm,exec,queue,0.010997295379638672,2.384185791015625e-07,2.384185791015625e-07,1609701591.2326431,1609701591.3797295,0.14708638191223145,1609701591.263061,1609701591.2696092,0.006548166275024414
7872329a13ab4f0fb03c0fc720fa6a0c,k-means,warm,exec,queue,0.015395164489746094,2.384185791015625e-07,0.0,1609701591.2341223,1609701591.3820167,0.14789438247680664,1609701591.266772,1609701591.2740757,0.007303714752197266
b41f30679e9f4aaa845de858f305202c,k-means,warm,exec,queue,0.02057504653930664,4.76837158203125e-07,2.384185791015625e-07,1609701591.2355874,1609701591.383878,0.14829063415527344,1609701591.2726543,1609701591.2789865,0.0063321590423583984
74e875211da44a889240a5469a1446e1,k-means,warm,exec,queue,0.0601809024810791,2.384185791015625e-07,0.0,1609701591.2370934,1609701591.506939,0.26984548568725586,1609701591.3210623,1609701591.3263958,0.005333423614501953
348845f4fd804877b1cd904dbd89b9f9,video,warm,exec,queue,0.014818191528320312,2.384185791015625e-07,2.384185791015625e-07,1609701591.2386732,1609701591.4045541,0.16588091850280762,1609701591.279161,1609701591.2948277,0.015666723251342773
1e216adf47cc4e1a9d8f62f5644b5ec4,k-means,warm,exec,queue,6.031990051269531e-05,2.384185791015625e-07,2.384185791015625e-07,1609701592.2085562,1609701592.8426018,0.6340456008911133,1609701592.242364,1609701592.2515988,0.009234905242919922
a24c6133f54c4d5fac717f7dc5a0b609,k-means,warm,exec,queue,0.04063081741333008,7.152557373046875e-07,2.384185791015625e-07,1609701592.2125783,1609701592.984295,0.7717165946960449,1609701592.2832775,1609701592.2902706,0.00699305534362793
e2b11474bcb94f26a440c6c3db227739,k-means,warm,exec,queue,0.004058361053466797,2.384185791015625e-07,0.0,1609701592.2150817,1609701592.8083563,0.5932745933532715,1609701592.241864,1609701592.248887,0.0070230960845947266
9358d8830ef245568b12f2e28614da7d,k-means,warm,exec,queue,0.008805513381958008,4.76837158203125e-07,2.384185791015625e-07,1609701592.217626,1609701592.8094203,0.5917942523956299,1609701592.2484195,1609701592.257599,0.00917959213256836
73033ed0628f456ba2acb85903ab5b4c,k-means,warm,exec,queue,0.01346731185913086,4.76837158203125e-07,2.384185791015625e-07,1609701592.2201302,1609701592.8108187,0.5906884670257568,1609701592.2528472,1609701592.2606933,0.00784611701965332
5616856fd74244da8c3bfc7ab21c2bba,k-means,warm,exec,queue,0.018597126007080078,2.384185791015625e-07,2.384185791015625e-07,1609701592.2218938,1609701593.0392492,0.8173553943634033,1609701592.2589805,1609701592.2655535,0.0065729618072509766
ac821435cb8045c1bb5c0fc17e26fec1,k-means,warm,exec,queue,0.024225473403930664,2.384185791015625e-07,2.384185791015625e-07,1609701592.2233438,1609701593.0374274,0.8140835762023926,1609701592.2635581,1609701592.2696972,0.006139039993286133
a3c6e54a31fe42b48d9655c3c1cfccfe,k-means,warm,exec,queue,0.029457569122314453,2.384185791015625e-07,2.384185791015625e-07,1609701592.2248318,1609701592.8439844,0.6191525459289551,1609701592.2707255,1609701592.2769206,0.006195068359375
e72b488606904e8ab3c9fdedaf4b5d70,k-means,warm,exec,queue,0.03511452674865723,2.384185791015625e-07,2.384185791015625e-07,1609701592.2262993,1609701592.9440248,0.7177255153656006,1609701592.275296,1609701592.2813826,0.006086587905883789
9a3259eed9104a4c8dca6dd3d9172064,k-means,warm,exec,queue,0.0015065670013427734,2.384185791015625e-07,2.384185791015625e-07,1609701593.2175076,1609701593.3544297,0.13692212104797363,1609701593.2688484,1609701593.2767472,0.007898807525634766
6d1456122a0d46aeb2f050302e71e072,k-means,warm,exec,queue,0.02093338966369629,2.384185791015625e-07,0.0,1609701593.2216904,1609701593.4477992,0.22610878944396973,1609701593.2894235,1609701593.2965333,0.007109880447387695
599fca2046eb4dffb98b6ca0572ca423,k-means,warm,exec,queue,0.02581310272216797,2.384185791015625e-07,2.384185791015625e-07,1609701593.224331,1609701593.407337,0.18300604820251465,1609701593.2907398,1609701593.2977717,0.007031917572021484
e8bcfce5b3b24ce1864c743a0b04c2c2,k-means,warm,exec,queue,0.031008481979370117,2.384185791015625e-07,2.384185791015625e-07,1609701593.2268214,1609701593.4737554,0.2469339370727539,1609701593.2962759,1609701593.3022554,0.0059795379638671875
41250062c4444015bb4f8837e98df2b7,k-means,warm,exec,queue,0.035506248474121094,4.76837158203125e-07,2.384185791015625e-07,1609701593.2296846,1609701593.7927778,0.5630931854248047,1609701593.3041415,1609701593.3120146,0.007873058319091797
1d452a959afc45868bddfca8d7d8d54b,k-means,warm,exec,queue,0.040291786193847656,2.384185791015625e-07,2.384185791015625e-07,1609701593.232182,1609701593.7943552,0.5621731281280518,1609701593.3063664,1609701593.3123913,0.006024837493896484
64098da86ef74a858c467b0b2580adfb,k-means,warm,exec,queue,0.04586958885192871,2.384185791015625e-07,2.384185791015625e-07,1609701593.2337465,1609701593.789459,0.5557124614715576,1609701593.314038,1609701593.3205047,0.00646662712097168
91b9ae1c098a4f4caa782ac65cede65d,k-means,warm,exec,queue,0.050528526306152344,4.76837158203125e-07,2.384185791015625e-07,1609701593.2351863,1609701593.7396731,0.5044867992401123,1609701593.3198843,1609701593.327389,0.007504701614379883
2e98d5efd0ea45cda0344f1508862651,k-means,warm,exec,queue,0.05516505241394043,2.384185791015625e-07,2.384185791015625e-07,1609701593.236646,1609701593.4055424,0.16889643669128418,1609701593.3227246,1609701593.3300576,0.007333040237426758
081278fd703a409380283e09633dc5cb,k-means,warm,exec,queue,0.06016969680786133,2.384185791015625e-07,0.0,1609701593.2382224,1609701593.741332,0.5031096935272217,1609701593.3274288,1609701593.3332827,0.005853891372680664
55529bb66ee8407094527a24d0f4b935,k-means,warm,exec,queue,0.002141714096069336,2.384185791015625e-07,2.384185791015625e-07,1609701593.2396564,1609701593.8710365,0.6313800811767578,1609701593.2690473,1609701593.2779164,0.008869171142578125
9ca28f72332f4d769c985778d9565fb9,k-means,warm,exec,queue,0.007134914398193359,2.384185791015625e-07,2.384185791015625e-07,1609701593.2411149,1609701593.3561203,0.1150054931640625,1609701593.2688432,1609701593.276426,0.007582902908325195
ac76db7d58fa4fcebb5d5ac5f170c641,k-means,warm,exec,queue,0.012328147888183594,2.384185791015625e-07,2.384185791015625e-07,1609701593.2425938,1609701593.446676,0.20408225059509277,1609701593.2748709,1609701593.2836573,0.008786439895629883
4b0c4e66d1f743a7b66a53ea1c259a45,k-means,warm,exec,queue,0.018009662628173828,2.384185791015625e-07,2.384185791015625e-07,1609701593.2441778,1609701593.7921863,0.5480084419250488,1609701593.2810717,1609701593.2883298,0.007258176803588867
77211e6e12c04c9e84aa5d30c7b7167b,video,warm,exec,queue,0.02100062370300293,2.384185791015625e-07,0.0,1609701593.2456136,1609701593.4720652,0.22645163536071777,1609701593.2895236,1609701593.3046641,0.015140533447265625
a9e6df4bc5c54b17b7759fa6cf6a6bf4,k-means,warm,exec,queue,0.0044062137603759766,4.76837158203125e-07,2.384185791015625e-07,1609701594.2174869,1609701594.92649,0.709003210067749,1609701594.270853,1609701594.2784643,0.007611274719238281
7d6fa720ecd14fe0bd76fd93503b770a,k-means,warm,exec,queue,0.057755470275878906,2.384185791015625e-07,0.0,1609701594.2208853,1609701594.9282606,0.7073752880096436,1609701594.324207,1609701594.329749,0.00554203987121582
812e52b89d7e46ea8d18b996ee8f5e00,k-means,warm,exec,queue,0.05300712585449219,2.384185791015625e-07,4.76837158203125e-07,1609701594.223032,1609701594.9900124,0.7669804096221924,1609701594.3204117,1609701594.326955,0.006543397903442383
9e6d8be75a564debaafb8ef459c63e55,k-means,warm,exec,queue,0.04768514633178711,2.384185791015625e-07,2.384185791015625e-07,1609701594.2251906,1609701595.1991317,0.9739410877227783,1609701594.3128946,1609701594.3185194,0.0056247711181640625
243f6c0ea29241db8f6c1fe17d48268c,k-means,warm,exec,queue,0.04316878318786621,2.384185791015625e-07,0.0,1609701594.227586,1609701594.8712754,0.6436893939971924,1609701594.3089604,1609701594.314409,0.005448579788208008
110c4a6baf1d474b8c3c7dbe2c357ce4,k-means,warm,exec,queue,0.037908077239990234,0.0,2.384185791015625e-07,1609701594.2297542,1609701594.8718476,0.6420934200286865,1609701594.3017,1609701594.3072765,0.005576372146606445
9d5a960e4712424697bb734afc64fdaf,k-means,warm,exec,queue,0.03335380554199219,7.152557373046875e-07,2.384185791015625e-07,1609701594.2319152,1609701595.2656245,1.0337092876434326,1609701594.2977304,1609701594.3035426,0.005812168121337891
ae7d6663b6de4375b4d1a3529b09d343,k-means,warm,exec,queue,0.012162923812866211,4.76837158203125e-07,2.384185791015625e-07,1609701594.2334862,1609701594.9894185,0.7559323310852051,1609701594.2711308,1609701594.2802086,0.009077787399291992
babacd5a23ab4941a3d016ebe42d8c12,k-means,warm,exec,queue,0.016938447952270508,2.384185791015625e-07,2.384185791015625e-07,1609701594.2349138,1609701594.8685074,0.6335935592651367,1609701594.276638,1609701594.2855544,0.008916378021240234
bef8ce957c964265a730d56951d33d3c,k-means,warm,exec,queue,0.022176027297973633,2.384185791015625e-07,2.384185791015625e-07,1609701594.236465,1609701595.0532155,0.8167505264282227,1609701594.2819092,1609701594.2896888,0.007779598236083984
c80aeebe188042acae6fd05ec96f5922,k-means,warm,exec,queue,0.026654720306396484,4.76837158203125e-07,4.76837158203125e-07,1609701594.2378838,1609701595.1964314,0.9585475921630859,1609701594.2875502,1609701594.291939,0.0043888092041015625
7252ceb712ca4aea818130f69ed8efe9,k-means,warm,exec,queue,0.03115248680114746,2.384185791015625e-07,2.384185791015625e-07,1609701594.2393105,1609701595.2642806,1.0249700546264648,1609701594.2913718,1609701594.2960327,0.004660844802856445
b47c071299b4496d87a9c03a38323b7a,k-means,warm,exec,queue,0.06276345252990723,2.384185791015625e-07,4.76837158203125e-07,1609701594.2407596,1609701594.8734477,0.632688045501709,1609701594.3320274,1609701594.3379261,0.005898714065551758
258b5fb2778c4f3482f7b325b5b9397e,k-means,warm,exec,queue,0.06771230697631836,2.384185791015625e-07,0.0,1609701594.2422884,1609701595.1458838,0.9035954475402832,1609701594.3356597,1609701594.3414538,0.005794048309326172
2051b64d29634100969c29ddad2ca09d,k-means,warm,exec,queue,0.07310318946838379,4.76837158203125e-07,2.384185791015625e-07,1609701594.2437053,1609701595.1997163,0.9560110569000244,1609701594.3430781,1609701594.3495622,0.006484031677246094
295413d5086044e48fc27321888bb94f,k-means,warm,exec,queue,0.07821846008300781,2.384185791015625e-07,0.0,1609701594.245146,1609701594.9845715,0.7394254207611084,1609701594.347236,1609701594.3528242,0.0055882930755615234
802a831fe52f45cfa2d61cdba304a532,k-means,warm,exec,queue,7.700920104980469e-05,7.152557373046875e-07,2.384185791015625e-07,1609701595.2178857,1609701595.3655927,0.1477069854736328,1609701595.2666295,1609701595.2742465,0.007616996765136719
c909791c0d4f4e4baea7922bb250444d,k-means,warm,exec,queue,0.00798487663269043,4.76837158203125e-07,2.384185791015625e-07,1609701595.2211556,1609701595.367624,0.1464684009552002,1609701595.2663052,1609701595.2727308,0.006425619125366211
9e3066aad0ef4a60a5fce65bc5279b4d,k-means,warm,exec,queue,0.0128021240234375,2.384185791015625e-07,0.0,1609701595.2232032,1609701595.551763,0.32855987548828125,1609701595.2696176,1609701595.2762396,0.0066220760345458984
6a9cf2b993dc4dc6bf4f2bc0677ace12,k-means,warm,exec,queue,0.01815032958984375,2.384185791015625e-07,2.384185791015625e-07,1609701595.225274,1609701595.6968875,0.47161340713500977,1609701595.274973,1609701595.281694,0.006721019744873047
8c1825a441df44f7842b99c710fcf5bf,k-means,warm,exec,queue,0.02349257469177246,4.76837158203125e-07,0.0,1609701595.227672,1609701595.4649043,0.23723220825195312,1609701595.287695,1609701595.294409,0.0067141056060791016
9a5a46a06e0744f48cc3d90809108d71,k-means,warm,exec,queue,0.030597925186157227,2.384185791015625e-07,2.384185791015625e-07,1609701595.2294047,1609701595.465964,0.23655939102172852,1609701595.2902365,1609701595.2953098,0.0050733089447021484
44bee0b37c5046e2abf2c9895bd75907,k-means,warm,exec,queue,0.03592681884765625,2.384185791015625e-07,2.384185791015625e-07,1609701595.2308774,1609701595.6950924,0.4642150402069092,1609701595.2942038,1609701595.3005092,0.0063054561614990234
655a6d1af6ca42ae93860b1bc558df28,k-means,warm,exec,queue,0.04050874710083008,7.152557373046875e-07,2.384185791015625e-07,1609701595.2323587,1609701595.6494539,0.4170951843261719,1609701595.3045015,1609701595.311277,0.006775379180908203
167a042ca7e94c8284830811033d39c9,k-means,warm,exec,queue,0.04548501968383789,2.384185791015625e-07,0.0,1609701595.2338333,1609701595.648896,0.41506266593933105,1609701595.3069403,1609701595.3143706,0.007430315017700195
fed3cc17c20343aaa037de7fafd519d9,k-means,warm,exec,queue,0.05046582221984863,2.384185791015625e-07,4.76837158203125e-07,1609701595.2354105,1609701595.6445112,0.4091007709503174,1609701595.3105664,1609701595.3159235,0.005357027053833008
0a03ce74f0d74eb0b50c985fc039358a,k-means,warm,exec,queue,0.05571341514587402,2.384185791015625e-07,2.384185791015625e-07,1609701595.2368786,1609701595.4057422,0.16886353492736816,1609701595.3182304,1609701595.3251688,0.006938457489013672
ffb8e4c5d8694de7aeb689d34819bc60,video,warm,exec,queue,0.017178773880004883,4.76837158203125e-07,2.384185791015625e-07,1609701595.2383437,1609701595.6463299,0.4079861640930176,1609701595.288697,1609701595.3043892,0.01569223403930664
70c951a6b7f043589ee3c044120e7c8e,matmul,warm,exec,queue,0.021149158477783203,2.384185791015625e-07,4.76837158203125e-07,1609701595.239824,1609701595.5077899,0.26796579360961914,1609701595.289647,1609701595.2980115,0.008364439010620117
4cdb4eff51db4b21b9002fc8e04785d3,map_reduce,warm,exec,queue,0.023804903030395508,4.76837158203125e-07,2.384185791015625e-07,1609701595.241392,1609701595.553351,0.31195902824401855,1609701595.2907603,1609701595.3756225,0.08486223220825195
c9f98e97f7834746b8fb113b612e3662,k-means,warm,exec,queue,0.005029201507568359,4.76837158203125e-07,2.384185791015625e-07,1609701596.2131755,1609701596.3351798,0.12200427055358887,1609701596.2489815,1609701596.2560484,0.007066965103149414
088dddf246f14997ba2a9581a5595da3,k-means,warm,exec,queue,0.049230098724365234,2.384185791015625e-07,0.0,1609701596.2172782,1609701596.6401434,0.4228651523590088,1609701596.2985868,1609701596.3046765,0.006089687347412109
519efb1e1b6f48ee9470019f4b7a3909,k-means,warm,exec,queue,0.04364299774169922,4.76837158203125e-07,2.384185791015625e-07,1609701596.2199242,1609701596.6419272,0.42200303077697754,1609701596.292422,1609701596.2970169,0.0045948028564453125
8040ca832bfd4ee48b951dc5666dec71,k-means,warm,exec,queue,0.038010358810424805,4.76837158203125e-07,2.384185791015625e-07,1609701596.221756,1609701596.495338,0.27358198165893555,1609701596.2862704,1609701596.2907012,0.0044307708740234375
37445f03b913452d826746138b452e53,k-means,warm,exec,queue,0.009099483489990234,2.384185791015625e-07,2.384185791015625e-07,1609701596.2233548,1609701596.3608258,0.13747096061706543,1609701596.2525043,1609701596.2606812,0.008176803588867188
aa18e14a44594660ba24392732c0bbcd,k-means,warm,exec,queue,0.014348506927490234,4.76837158203125e-07,2.384185791015625e-07,1609701596.2251866,1609701596.3594258,0.13423919677734375,1609701596.2589557,1609701596.2668986,0.007942914962768555
a52a3df663874487825c372a7b7fd659,k-means,warm,exec,queue,0.019534826278686523,2.384185791015625e-07,0.0,1609701596.2267945,1609701596.437501,0.21070647239685059,1609701596.263406,1609701596.2695286,0.006122589111328125
0480924a340d4741a683d7712c81e05e,k-means,warm,exec,queue,0.024774551391601562,2.384185791015625e-07,2.384185791015625e-07,1609701596.2284093,1609701596.583971,0.3555617332458496,1609701596.2691827,1609701596.2743354,0.005152702331542969
eb581487930e408599b4b1ba6a99d9d3,k-means,warm,exec,queue,0.030129194259643555,2.384185791015625e-07,4.76837158203125e-07,1609701596.2300217,1609701596.4700766,0.24005484580993652,1609701596.275262,1609701596.2797725,0.004510402679443359
6de078a081c04105aebf65916f764ccd,k-means,warm,exec,queue,0.035210371017456055,4.76837158203125e-07,2.384185791015625e-07,1609701596.231748,1609701596.4391541,0.20740604400634766,1609701596.2811687,1609701596.2858074,0.004638671875
20230565f4494127860c7a8946bd2cf0,k-means,warm,exec,queue,0.005819082260131836,4.76837158203125e-07,2.384185791015625e-07,1609701597.2245646,1609701597.461842,0.23727750778198242,1609701597.2823784,1609701597.2903874,0.008008956909179688
04162edf2a744a0da27f7e2a11555d28,k-means,warm,exec,queue,0.0519256591796875,4.76837158203125e-07,2.384185791015625e-07,1609701597.228757,1609701597.6721942,0.4434373378753662,1609701597.331737,1609701597.3376172,0.005880117416381836
f7e59ae5c6324c97b4fb03c86cf7d838,k-means,warm,exec,queue,0.05738544464111328,2.384185791015625e-07,0.0,1609701597.2313046,1609701597.4624445,0.2311398983001709,1609701597.335747,1609701597.3427718,0.0070247650146484375
aba8b0b03ff142c19d4441fd67bac461,k-means,warm,exec,queue,0.06279683113098145,2.384185791015625e-07,2.384185791015625e-07,1609701597.2338629,1609701597.737028,0.5031650066375732,1609701597.3403056,1609701597.3460324,0.005726814270019531
1bd84044a2be48a3a4fd815888131993,k-means,warm,exec,queue,0.0329287052154541,2.384185791015625e-07,4.76837158203125e-07,1609701597.2365887,1609701597.459306,0.22271728515625,1609701597.308252,1609701597.3142369,0.005984783172607422
8145249814104f459dd2b58f37db8ea4,k-means,warm,exec,queue,0.0382845401763916,4.76837158203125e-07,2.384185791015625e-07,1609701597.238124,1609701597.5193493,0.28122544288635254,1609701597.311286,1609701597.3173952,0.0061092376708984375
6340b9e896d14f5a9d41b1e6568a5803,k-means,warm,exec,queue,0.04326152801513672,4.76837158203125e-07,4.76837158203125e-07,1609701597.2396593,1609701597.376199,0.13653969764709473,1609701597.3170142,1609701597.3223612,0.005347013473510742
c5fdceb710184577bfcd7fc4b367df6e,k-means,warm,exec,queue,0.04850172996520996,2.384185791015625e-07,2.384185791015625e-07,1609701597.2412093,1609701597.4075177,0.16630840301513672,1609701597.3238492,1609701597.330317,0.0064678192138671875
578591de64064c84a28be28c74dfdb14,k-means,warm,exec,queue,0.026563167572021484,4.76837158203125e-07,2.384185791015625e-07,1609701597.2428691,1609701597.3749864,0.13211727142333984,1609701597.305096,1609701597.3096495,0.004553556442260742
ce2842e264a440d7b7b931a2b0084e08,k-means,warm,exec,queue,0.021172523498535156,2.384185791015625e-07,2.384185791015625e-07,1609701597.2444313,1609701597.6698754,0.4254441261291504,1609701597.2938418,1609701597.3017182,0.007876396179199219
0bacf9db40cf4ac5b24ad9337bacda48,k-means,warm,exec,queue,0.015935182571411133,2.384185791015625e-07,2.384185791015625e-07,1609701597.2459648,1609701597.3522856,0.10632085800170898,1609701597.2875736,1609701597.2954485,0.00787496566772461
c82aa3f20dbd43708883bbc7efdd60e9,k-means,warm,exec,queue,0.011190176010131836,2.384185791015625e-07,0.0,1609701597.24751,1609701597.3491924,0.10168242454528809,1609701597.282291,1609701597.2899175,0.007626533508300781
3d08ec6335df41698d3eeac35b3fbdf7,k-means,warm,exec,queue,0.06750226020812988,7.152557373046875e-07,2.384185791015625e-07,1609701597.2491944,1609701597.46554,0.21634554862976074,1609701597.3455243,1609701597.3500068,0.0044825077056884766
1170feadc85d4b2386449f413461d4ad,k-means,warm,exec,queue,0.0727989673614502,2.384185791015625e-07,2.384185791015625e-07,1609701597.2507143,1609701597.4660282,0.21531391143798828,1609701597.3571851,1609701597.3640819,0.0068967342376708984
ea197f62a0a24866905333073ceab7b9,k-means,warm,exec,queue,0.07839202880859375,4.76837158203125e-07,2.384185791015625e-07,1609701597.2522554,1609701597.7392418,0.4869863986968994,1609701597.3577106,1609701597.3617277,0.0040171146392822266
b12e70c34175414a91bf2d562b6ef555,k-means,warm,exec,queue,0.08323144912719727,2.384185791015625e-07,0.0,1609701597.2537906,1609701597.7376196,0.4838290214538574,1609701597.3630998,1609701597.3700721,0.006972312927246094
45a8b91adf064653821c0a0af04ea23d,k-means,warm,exec,queue,0.08773946762084961,2.384185791015625e-07,0.0,1609701597.255416,1609701597.567714,0.312298059463501,1609701597.3686974,1609701597.3730361,0.004338741302490234
fdc7e86f2fe04fc7bb3c6a2ea599f341,video,warm,exec,queue,0.01566481590270996,2.384185791015625e-07,2.384185791015625e-07,1609701597.2569518,1609701597.710621,0.45366930961608887,1609701597.305961,1609701597.321877,0.015916109085083008
b566708e7f564bc3a5574e71dc6a0a94,k-means,warm,exec,queue,0.0033011436462402344,4.76837158203125e-07,2.384185791015625e-07,1609701598.2193816,1609701598.4538434,0.23446178436279297,1609701598.2680163,1609701598.2767308,0.008714437484741211
22a926a5675648d59549f3b0e0c7aec7,k-means,warm,exec,queue,0.02291083335876465,2.384185791015625e-07,2.384185791015625e-07,1609701598.2237878,1609701598.3966367,0.17284893989562988,1609701598.285265,1609701598.2904818,0.005216836929321289
4c2373b067234ab6b7db9de1aa78acf4,k-means,warm,exec,queue,0.027527570724487305,2.384185791015625e-07,2.384185791015625e-07,1609701598.2264087,1609701598.398614,0.17220520973205566,1609701598.2892144,1609701598.29472,0.005505561828613281
eb7b23d0c3154108ae0779e7a72d5df3,k-means,warm,exec,queue,0.03184866905212402,2.384185791015625e-07,0.0,1609701598.2290053,1609701598.5199325,0.2909271717071533,1609701598.2953703,1609701598.3019528,0.006582498550415039
47af46e9db9d477a8f9ce0f5318b6279,k-means,warm,exec,queue,0.03653383255004883,4.76837158203125e-07,4.76837158203125e-07,1609701598.2318933,1609701598.3944547,0.16256141662597656,1609701598.3009357,1609701598.3065078,0.005572080612182617
6fccde472bbc454eb278a38351132a11,k-means,warm,exec,queue,0.04099082946777344,2.384185791015625e-07,0.0,1609701598.233581,1609701598.5092099,0.27562880516052246,1609701598.304793,1609701598.3101468,0.0053539276123046875
daae57877e694f79a6bc1ce6959baa8b,k-means,warm,exec,queue,0.04576826095581055,2.384185791015625e-07,2.384185791015625e-07,1609701598.2351186,1609701598.4527018,0.21758317947387695,1609701598.3110616,1609701598.3175066,0.0064449310302734375
d25191d28e444a63bf81d0e3d52abf0e,k-means,warm,exec,queue,0.05150914192199707,2.384185791015625e-07,2.384185791015625e-07,1609701598.236681,1609701598.5074096,0.27072858810424805,1609701598.3162403,1609701598.321027,0.00478672981262207
09f51a13a4db44b5921d77f0b4a8bed0,k-means,warm,exec,queue,0.057068824768066406,4.76837158203125e-07,2.384185791015625e-07,1609701598.238234,1609701598.5806644,0.34243035316467285,1609701598.3232973,1609701598.3292053,0.005908012390136719
3ec9bedf305b4618980e83df95cb8d09,k-means,warm,exec,queue,0.009935855865478516,4.76837158203125e-07,2.384185791015625e-07,1609701598.2399018,1609701598.3547587,0.11485695838928223,1609701598.2685275,1609701598.2771943,0.008666753768920898
286fffaa730a46578bd0c6723cfcf35c,k-means,warm,exec,queue,0.015282630920410156,2.384185791015625e-07,0.0,1609701598.2414577,1609701598.3535495,0.1120917797088623,1609701598.2735827,1609701598.2821903,0.008607625961303711
97c73b60e84f4535920da3bfd6102437,k-means,warm,exec,queue,0.019692182540893555,2.384185791015625e-07,2.384185791015625e-07,1609701598.2429914,1609701598.454997,0.212005615234375,1609701598.2785568,1609701598.287203,0.008646249771118164
a1a862747ed6465d9cf36dbb5cd96953,k-means,warm,exec,queue,0.06212019920349121,2.384185791015625e-07,4.76837158203125e-07,1609701598.2445395,1609701598.5069418,0.2624022960662842,1609701598.3276796,1609701598.3322372,0.004557609558105469
a3a622b62c764209a6d9fd6f96523a52,k-means,warm,exec,queue,7.319450378417969e-05,4.76837158203125e-07,2.384185791015625e-07,1609701599.2210112,1609701599.4078197,0.18680858612060547,1609701599.2733743,1609701599.2817044,0.008330106735229492
9240ff8accb445e9ba88d77d3e5cb44b,k-means,warm,exec,queue,0.00837254524230957,2.384185791015625e-07,0.0,1609701599.2248156,1609701599.4073691,0.18255352973937988,1609701599.2740438,1609701599.2820542,0.008010387420654297
fce329b2c1d949d89aafedc99ccb2c90,k-means,warm,exec,queue,0.01313328742980957,7.152557373046875e-07,2.384185791015625e-07,1609701599.2271178,1609701599.4047604,0.1776425838470459,1609701599.2790186,1609701599.2872698,0.008251190185546875
16d172f64a8847ffb2e2afa81b97a402,k-means,warm,exec,queue,0.01747918128967285,2.384185791015625e-07,0.0,1609701599.2294405,1609701599.4052384,0.1757979393005371,1609701599.2837205,1609701599.2910414,0.007320880889892578
0395e1b566744e80844183847378288a,k-means,warm,exec,queue,0.02374744415283203,2.384185791015625e-07,2.384185791015625e-07,1609701599.2319977,1609701599.561733,0.32973527908325195,1609701599.2931733,1609701599.2983596,0.005186319351196289
c9c51e19737a4b978c2b5289a8b9cd88,k-means,warm,exec,queue,0.02905893325805664,4.76837158203125e-07,2.384185791015625e-07,1609701599.2343295,1609701599.4023619,0.16803240776062012,1609701599.2973852,1609701599.3037012,0.006315946578979492
6201e73f4829414798e5e5fa8d974974,k-means,warm,exec,queue,0.03362464904785156,2.384185791015625e-07,0.0,1609701599.2365723,1609701599.5222142,0.2856419086456299,1609701599.3013637,1609701599.307511,0.0061473846435546875
000cdb9a67d64392b6e80eded9cf38f6,k-means,warm,exec,queue,0.03851032257080078,2.384185791015625e-07,2.384185791015625e-07,1609701599.238008,1609701599.522975,0.28496694564819336,1609701599.3070374,1609701599.3127608,0.005723476409912109
b3445b2ae07145bb8cab89db6c5127ab,k-means,warm,exec,queue,0.0432438850402832,4.76837158203125e-07,2.384185791015625e-07,1609701599.2394457,1609701599.5285904,0.28914475440979004,1609701599.3130112,1609701599.3194277,0.0064165592193603516
8178564e0dcf44f0abaab8c15a1aa08a,k-means,warm,exec,queue,0.04816317558288574,4.76837158203125e-07,4.76837158203125e-07,1609701599.2410002,1609701599.5304987,0.28949856758117676,1609701599.318466,1609701599.3247664,0.006300449371337891
089e2fc0416b4b83bdee674cb2fa7eb1,k-means,warm,exec,queue,0.05291461944580078,4.76837158203125e-07,0.0,1609701599.2424293,1609701599.6735315,0.43110227584838867,1609701599.322695,1609701599.3279321,0.005237102508544922
29ad0f9ab2b54e0598f7502cdc8e09d4,k-means,warm,exec,queue,0.057530879974365234,2.384185791015625e-07,2.384185791015625e-07,1609701599.24386,1609701599.52927,0.28540992736816406,1609701599.3276794,1609701599.3343022,0.006622791290283203
748044f1686c40a0b985fa03ebe100cc,k-means,warm,exec,queue,0.06224179267883301,4.76837158203125e-07,2.384185791015625e-07,1609701599.2453082,1609701599.7950625,0.5497543811798096,1609701599.33406,1609701599.3402843,0.006224393844604492
492f444a54f14645977d562d400e87dc,k-means,warm,exec,queue,0.06667017936706543,2.384185791015625e-07,0.0,1609701599.2470593,1609701599.529889,0.28282976150512695,1609701599.3392968,1609701599.344519,0.0052220821380615234
d9892527aabf45e681b95bea8f4262cc,k-means,warm,exec,queue,0.07225608825683594,4.76837158203125e-07,2.384185791015625e-07,1609701599.2484999,1609701599.762377,0.5138771533966064,1609701599.3452234,1609701599.3510816,0.005858182907104492
de9735375078462b8f47b3131563d311,video,warm,exec,queue,0.015726566314697266,2.384185791015625e-07,0.0,1609701599.2499347,1609701599.5866659,0.3367311954498291,1609701599.2938824,1609701599.3096876,0.01580524444580078
2e35f5664c674294947b493376d44519,k-means,warm,exec,queue,0.0018067359924316406,4.76837158203125e-07,0.0,1609701600.2166657,1609701600.3640304,0.14736461639404297,1609701600.2672718,1609701600.2751474,0.007875680923461914
edd080b6fe2b470b87d8a478263f4c27,matmul,warm,exec,queue,0.016861915588378906,2.384185791015625e-07,2.384185791015625e-07,1609701600.2215328,1609701600.5362017,0.3146688938140869,1609701600.288113,1609701600.2971807,0.009067535400390625
d789c8241630446aa64c25f124cbd16d,k-means,warm,exec,queue,0.025940895080566406,2.384185791015625e-07,2.384185791015625e-07,1609701600.2245913,1609701600.4742417,0.2496504783630371,1609701600.2922232,1609701600.297726,0.0055027008056640625
8c8c5d47bf4f4ecab335b0f39ffd0a15,k-means,warm,exec,queue,0.031577348709106445,2.384185791015625e-07,0.0,1609701600.2276556,1609701600.5336964,0.30604076385498047,1609701600.3011186,1609701600.307602,0.006483316421508789
2ea1942c67a24b938e0017f9e6e87250,k-means,warm,exec,queue,0.008633852005004883,2.384185791015625e-07,2.384185791015625e-07,1609701600.23046,1609701600.4000223,0.16956233978271484,1609701600.2709665,1609701600.2792754,0.008308887481689453
44cbedbd58574be89e5b1a1965713629,k-means,warm,exec,queue,0.013329505920410156,2.384185791015625e-07,2.384185791015625e-07,1609701600.2334583,1609701600.3965693,0.16311097145080566,1609701600.2762723,1609701600.2843142,0.008041858673095703
6ca5f30367f34bd68115f55a7a5d6270,k-means,warm,exec,queue,0.017710208892822266,2.384185791015625e-07,0.0,1609701600.2361732,1609701600.3982906,0.16211748123168945,1609701600.2857344,1609701600.292961,0.007226467132568359
c1b118ae22104a6f8d406482f2ec4b24,k-means,warm,exec,queue,0.023160457611083984,2.384185791015625e-07,0.0,1609701600.2388809,1609701600.5343091,0.2954282760620117,1609701600.2881522,1609701600.2941942,0.006042003631591797
4ef2477966fe4319b3af81ae4e66e9b9,k-means,warm,exec,queue,0.006026506423950195,2.384185791015625e-07,2.384185791015625e-07,1609701600.2415893,1609701600.366051,0.12446165084838867,1609701600.2678306,1609701600.2763638,0.008533239364624023
25d62522f29d4da9b349c9044bc46b97,k-means,warm,exec,queue,0.038230180740356445,2.384185791015625e-07,0.0,1609701600.2444534,1609701600.5054727,0.261019229888916,1609701600.3054554,1609701600.310002,0.004546642303466797
35182387778f42399cd9a72da65f6f38,k-means,warm,exec,queue,7.128715515136719e-05,7.152557373046875e-07,2.384185791015625e-07,1609701601.2208645,1609701601.3426445,0.1217799186706543,1609701601.2642078,1609701601.2718694,0.007661581039428711
54c98ac118c64933a89801a54bbdfe3e,k-means,warm,exec,queue,0.0053806304931640625,2.384185791015625e-07,0.0,1609701601.2250676,1609701601.4315782,0.2065105438232422,1609701601.2650201,1609701601.2732463,0.008226156234741211
698f3c1a2d33419fb7a281520d62e22a,k-means,warm,exec,queue,0.010103940963745117,2.384185791015625e-07,0.0,1609701601.2275872,1609701601.3409283,0.11334109306335449,1609701601.2697413,1609701601.2774215,0.007680177688598633
f8e10dc8e5584553ad8e11b3370a104f,k-means,warm,exec,queue,0.015302181243896484,2.384185791015625e-07,2.384185791015625e-07,1609701601.23012,1609701601.4747007,0.24458074569702148,1609701601.2754767,1609701601.2831454,0.007668733596801758
27947e431d164dedabe920b7ca86219f,k-means,warm,exec,queue,0.01994466781616211,4.76837158203125e-07,2.384185791015625e-07,1609701601.232643,1609701601.4400764,0.20743346214294434,1609701601.2814064,1609701601.287048,0.0056416988372802734
804fe8193c2e44749afb7728ddb30d57,k-means,warm,exec,queue,0.02472376823425293,2.384185791015625e-07,2.384185791015625e-07,1609701601.2341218,1609701601.3910081,0.15688633918762207,1609701601.2851117,1609701601.290345,0.005233287811279297
79c075bceee5406dac0f4697ecc8a20c,k-means,warm,exec,queue,0.029978513717651367,4.76837158203125e-07,2.384185791015625e-07,1609701601.2355864,1609701601.6284528,0.3928663730621338,1609701601.2921996,1609701601.2979782,0.00577855110168457
319f8de9bd2345debab1bbb46f0acee5,k-means,warm,exec,queue,0.034955739974975586,2.384185791015625e-07,2.384185791015625e-07,1609701601.2370548,1609701601.4253824,0.18832755088806152,1609701601.29626,1609701601.3007815,0.004521369934082031
043fdb4441f247b1b6e251ba8e9890e3,k-means,warm,exec,queue,0.040497541427612305,2.384185791015625e-07,2.384185791015625e-07,1609701601.2385242,1609701601.4301043,0.19158005714416504,1609701601.3071632,1609701601.3135636,0.006400346755981445
932eb1d7d0904841a036ccfce75cfe74,k-means,warm,exec,queue,0.04540705680847168,2.384185791015625e-07,2.384185791015625e-07,1609701601.2400982,1609701601.6290557,0.38895750045776367,1609701601.30762,1609701601.3118157,0.004195690155029297
625031f7349b4645ab8d8ac494990808,k-means,warm,exec,queue,0.05031609535217285,2.384185791015625e-07,0.0,1609701601.2415698,1609701601.4295902,0.1880204677581787,1609701601.3127792,1609701601.3171885,0.004409313201904297
d03d451898504121abf3e64ca57e1b6b,k-means,warm,exec,queue,0.055794715881347656,2.384185791015625e-07,2.384185791015625e-07,1609701601.2430928,1609701601.4290237,0.18593096733093262,1609701601.3196561,1609701601.3240454,0.004389286041259766
82e5ac1e869c4026a775b35d7ee2fe1b,video,warm,exec,queue,0.014718055725097656,0.0,4.76837158203125e-07,1609701601.2445633,1609701601.5417302,0.2971668243408203,1609701601.2822523,1609701601.2984574,0.0162050724029541
cb3a8fa9e49d4a1db0fd7a35f92e3251,k-means,warm,exec,queue,0.003293275833129883,4.76837158203125e-07,2.384185791015625e-07,1609701602.2220657,1609701602.3551888,0.13312315940856934,1609701602.2662694,1609701602.2749212,0.0086517333984375
243b980d573b441492be5b171f5b63ae,k-means,warm,exec,queue,0.02424311637878418,2.384185791015625e-07,2.384185791015625e-07,1609701602.2264125,1609701602.6055317,0.3791191577911377,1609701602.2882488,1609701602.2959614,0.007712602615356445
367775c6c07045818529f8b0ef030f6f,k-means,warm,exec,queue,0.02905726432800293,2.384185791015625e-07,2.384185791015625e-07,1609701602.228873,1609701602.447068,0.21819496154785156,1609701602.290759,1609701602.297242,0.006482839584350586
f0c3f4f16cc4402f9eac73732e4a30e2,k-means,warm,exec,queue,0.03377032279968262,4.76837158203125e-07,2.384185791015625e-07,1609701602.231297,1609701602.4803,0.24900293350219727,1609701602.2969437,1609701602.3037455,0.0068018436431884766
3793c10a17ba4094ad5cb46cf2431750,k-means,warm,exec,queue,0.038489341735839844,2.384185791015625e-07,2.384185791015625e-07,1609701602.2340221,1609701602.4027855,0.1687633991241455,1609701602.303894,1609701602.3100765,0.006182432174682617
483e9a06fb184656bc2fd28326504e92,k-means,warm,exec,queue,0.04337716102600098,2.384185791015625e-07,2.384185791015625e-07,1609701602.236451,1609701602.546479,0.310028076171875,1609701602.3062377,1609701602.3130352,0.0067975521087646484
3b320e5bdda4431ca825c8cbdcf84f6b,k-means,warm,exec,queue,0.04793214797973633,4.76837158203125e-07,2.384185791015625e-07,1609701602.2379212,1609701602.404539,0.16661787033081055,1609701602.3113027,1609701602.3173878,0.00608515739440918
07beab9451744ff29245da1b6fba92a3,k-means,warm,exec,queue,0.053382158279418945,2.384185791015625e-07,0.0,1609701602.2393484,1609701602.6082568,0.3689084053039551,1609701602.3182378,1609701602.3230624,0.004824638366699219
465449111d784807a27c61b2c092ac6f,k-means,warm,exec,queue,0.019627809524536133,4.76837158203125e-07,0.0,1609701602.2408915,1609701602.4451616,0.2042701244354248,1609701602.2839324,1609701602.2914104,0.007477998733520508
95d9ace50ca846a0b7082650bcc219f4,k-means,warm,exec,queue,0.008383989334106445,2.384185791015625e-07,0.0,1609701602.2425947,1609701602.603736,0.3611412048339844,1609701602.2669895,1609701602.2756252,0.008635759353637695
4f924817bd8541d2a64e72f5f3d3da68,k-means,warm,exec,queue,0.01282501220703125,2.384185791015625e-07,2.384185791015625e-07,1609701602.2439625,1609701602.353392,0.10942935943603516,1609701602.270903,1609701602.279407,0.008503913879394531
3db45a19bebb4b1bbd3ee68ff0df832d,k-means,warm,exec,queue,0.017258644104003906,2.384185791015625e-07,0.0,1609701602.2454348,1609701602.6088614,0.36342668533325195,1609701602.2759125,1609701602.2840676,0.008155107498168945
f22bf0ee28a546da8878a9eb1096d3fc,k-means,warm,exec,queue,0.004365444183349609,4.76837158203125e-07,2.384185791015625e-07,1609701603.2190366,1609701603.3303745,0.11133790016174316,1609701603.2550836,1609701603.2639475,0.00886392593383789
8c14a541aaab4173a661dcd07cd084f3,video,warm,exec,queue,0.015721559524536133,2.384185791015625e-07,2.384185791015625e-07,1609701603.223304,1609701603.4502187,0.226914644241333,1609701603.2748895,1609701603.291179,0.016289472579956055
d941983e5d9a4d10a2efbeff73041490,k-means,warm,exec,queue,0.03745412826538086,7.152557373046875e-07,2.384185791015625e-07,1609701603.2259715,1609701603.3547637,0.12879228591918945,1609701603.293303,1609701603.2993426,0.006039619445800781
8463ca6f248448c5a74bb00ec2d67e37,k-means,warm,exec,queue,0.03193473815917969,4.76837158203125e-07,2.384185791015625e-07,1609701603.2285864,1609701603.3583405,0.12975406646728516,1609701603.2889705,1609701603.2956452,0.006674766540527344
1a1d3ae0cc894ea78f481b943528e870,k-means,warm,exec,queue,0.008269071578979492,4.76837158203125e-07,4.76837158203125e-07,1609701603.2311873,1609701603.3799317,0.1487443447113037,1609701603.2586687,1609701603.2674007,0.008732080459594727
ae24f866cf314cbbb47e57645a5ada73,k-means,warm,exec,queue,0.013042449951171875,4.76837158203125e-07,2.384185791015625e-07,1609701603.2334335,1609701603.3322697,0.09883618354797363,1609701603.2639995,1609701603.2727811,0.008781671524047852
6bf797fd1677423794d7a98550ccb2a7,k-means,warm,exec,queue,0.017752885818481445,2.384185791015625e-07,4.76837158203125e-07,1609701603.2350311,1609701603.4483027,0.2132716178894043,1609701603.273997,1609701603.2821496,0.008152484893798828
cae307598b7a4fbfb2cf95f66281f0a3,k-means,warm,exec,queue,0.023164987564086914,2.384185791015625e-07,2.384185791015625e-07,1609701603.236639,1609701603.5646088,0.3279697895050049,1609701603.2754202,1609701603.2819054,0.0064852237701416016
a87cde1eb09d46b392e84c127b04d19f,k-means,warm,exec,queue,0.028417110443115234,4.76837158203125e-07,4.76837158203125e-07,1609701603.2382267,1609701603.3565803,0.11835360527038574,1609701603.280782,1609701603.2877188,0.006936788558959961
799ee3a4f52a4aaeb76ff34087531d34,k-means,warm,exec,queue,0.006524324417114258,4.76837158203125e-07,2.384185791015625e-07,1609701604.2278426,1609701604.698792,0.4709494113922119,1609701604.27961,1609701604.2879355,0.008325576782226562
51255421fe0b48a6b61f7bf919ec3d06,k-means,warm,exec,queue,0.045702219009399414,2.384185791015625e-07,2.384185791015625e-07,1609701604.232382,1609701604.661372,0.42898988723754883,1609701604.3211834,1609701604.3276503,0.006466865539550781
fbd07c225a6a4e6bb1355ab7f9a170c9,k-means,warm,exec,queue,0.0510098934173584,2.384185791015625e-07,0.0,1609701604.2349823,1609701604.7868342,0.5518519878387451,1609701604.3273644,1609701604.3325763,0.005211830139160156
c7471c5e96ed4a2891147e27bae3c0d4,k-means,warm,exec,queue,0.05549430847167969,4.76837158203125e-07,0.0,1609701604.237605,1609701604.7489128,0.5113077163696289,1609701604.3320289,1609701604.3383627,0.006333827972412109
9a2cd365c8fb44309dc1a2fb08d6ad3c,k-means,warm,exec,queue,0.023843050003051758,4.76837158203125e-07,2.384185791015625e-07,1609701604.2404876,1609701604.7833598,0.5428721904754639,1609701604.2965848,1609701604.3035755,0.006990671157836914
19f345965060469e8164fb9801b1cca7,k-means,warm,exec,queue,0.02823185920715332,2.384185791015625e-07,4.76837158203125e-07,1609701604.2420611,1609701604.6578376,0.41577649116516113,1609701604.300201,1609701604.306783,0.006582021713256836
5d1eb7747c6046b3af8862a82d96d3bc,k-means,warm,exec,queue,0.032865047454833984,7.152557373046875e-07,7.152557373046875e-07,1609701604.2436512,1609701604.7856617,0.5420105457305908,1609701604.3048465,1609701604.3116298,0.006783246994018555
de424082de8241c1bbf6a391e8bed395,k-means,warm,exec,queue,0.037698984146118164,0.0,2.384185791015625e-07,1609701604.245262,1609701604.7500565,0.5047945976257324,1609701604.3098252,1609701604.3152575,0.0054323673248291016
9c2e851d84f247ff8438c1933ac471fb,k-means,warm,exec,queue,0.04294919967651367,4.76837158203125e-07,4.76837158203125e-07,1609701604.2468514,1609701604.7844222,0.5375707149505615,1609701604.3148258,1609701604.32119,0.006364345550537109
7ac61b600c97499fb016a4a72e3c28a5,k-means,warm,exec,queue,0.019314050674438477,2.384185791015625e-07,2.384185791015625e-07,1609701604.2485693,1609701604.6647325,0.41616320610046387,1609701604.2890854,1609701604.2977817,0.008696317672729492
533f8f8d990e4955826edce8044f0ad4,k-means,warm,exec,queue,0.014798641204833984,2.384185791015625e-07,0.0,1609701604.250142,1609701604.6641097,0.4139676094055176,1609701604.2838354,1609701604.292531,0.008695602416992188
9aafdb67a9fc485b98c087ea588a7639,k-means,warm,exec,queue,0.010444402694702148,4.76837158203125e-07,0.0,1609701604.2517188,1609701604.7004154,0.4486966133117676,1609701604.2799606,1609701604.2888987,0.008938074111938477
759a5ee65ab34ecdbfcdd8bfbdd5333e,k-means,warm,exec,queue,0.06088542938232422,2.384185791015625e-07,0.0,1609701604.2533305,1609701604.7878847,0.5345542430877686,1609701604.3387995,1609701604.3456554,0.006855964660644531
b76b3a8bf78b4c26b85811d3fe2ab2e6,k-means,warm,exec,queue,0.06575942039489746,2.384185791015625e-07,2.384185791015625e-07,1609701604.2549994,1609701604.660758,0.4057586193084717,1609701604.3439612,1609701604.3488038,0.004842519760131836
107b3b584caf41168430c0124e78c2ff,k-means,warm,exec,queue,0.0031833648681640625,4.76837158203125e-07,2.384185791015625e-07,1609701605.2270093,1609701605.3419447,0.11493539810180664,1609701605.2781765,1609701605.2869198,0.0087432861328125
ad9a2be94e244ec5b2b0d2f8a98f28fb,k-means,warm,exec,queue,0.016541481018066406,2.384185791015625e-07,2.384185791015625e-07,1609701605.2311993,1609701605.3794508,0.14825153350830078,1609701605.287554,1609701605.2961366,0.008582592010498047
bb09bae95e2f4902a86a373be805c0c1,k-means,warm,exec,queue,0.021579504013061523,4.76837158203125e-07,2.384185791015625e-07,1609701605.2338114,1609701605.4992385,0.2654271125793457,1609701605.3052447,1609701605.312803,0.007558345794677734
8dfd17dde8bb4444aea52a0f19a3a169,k-means,warm,exec,queue,0.026966333389282227,4.76837158203125e-07,2.384185791015625e-07,1609701605.2363865,1609701605.436052,0.19966554641723633,1609701605.3084965,1609701605.3161535,0.007657051086425781
4f5cda62db5b412c9c85a81f36055661,k-means,warm,exec,queue,0.03416013717651367,2.384185791015625e-07,2.384185791015625e-07,1609701605.239239,1609701605.503127,0.2638881206512451,1609701605.309463,1609701605.31641,0.006947040557861328
0d5017a6e36f441a983d7819dde1e7dd,k-means,warm,exec,queue,0.03872203826904297,2.384185791015625e-07,2.384185791015625e-07,1609701605.2413425,1609701605.4938886,0.2525460720062256,1609701605.3117855,1609701605.318986,0.007200479507446289
e2735a7a5e5646239950e3eaa6db28c2,k-means,warm,exec,queue,0.04355740547180176,2.384185791015625e-07,2.384185791015625e-07,1609701605.2428784,1609701605.4979959,0.25511741638183594,1609701605.3170414,1609701605.3243246,0.007283210754394531
e8a434767ee2483c8d8e2ceaf13e7e7a,k-means,warm,exec,queue,0.04843902587890625,2.384185791015625e-07,0.0,1609701605.244431,1609701605.4377952,0.19336414337158203,1609701605.3294635,1609701605.3361967,0.0067331790924072266
cf423ef9af094ba9b237b01f3dc41295,k-means,warm,exec,queue,0.05538368225097656,7.152557373046875e-07,2.384185791015625e-07,1609701605.24597,1609701605.4986017,0.25263166427612305,1609701605.33284,1609701605.338899,0.006058931350708008
068274ae41094e089424bc59189b1cfc,k-means,warm,exec,queue,0.00974130630493164,2.384185791015625e-07,2.384185791015625e-07,1609701605.2476513,1609701605.3757606,0.12810921669006348,1609701605.27849,1609701605.2870703,0.008580207824707031
983f09308c634348999255b890447786,k-means,warm,exec,queue,0.014391422271728516,4.76837158203125e-07,2.384185791015625e-07,1609701605.2492168,1609701605.3775277,0.1283109188079834,1609701605.2823682,1609701605.290693,0.008324861526489258
b11264ac7f194188a3e955b87c04445a,video,warm,exec,queue,0.02756214141845703,2.384185791015625e-07,2.384185791015625e-07,1609701605.2507665,1609701605.4343414,0.18357491493225098,1609701605.3094523,1609701605.3265808,0.017128467559814453
4fa4cb34d2e84bc19b40f8ced5e63e3a,matmul,warm,exec,queue,0.02734375,4.76837158203125e-07,4.76837158203125e-07,1609701605.2523339,1609701605.5025413,0.25020742416381836,1609701605.3092132,1609701605.320531,0.011317729949951172
349e614ad2dd4435aa636b87e79e68d7,map_reduce,warm,exec,queue,0.02830648422241211,7.152557373046875e-07,2.384185791015625e-07,1609701605.254031,1609701605.6209188,0.36688780784606934,1609701605.3095639,1609701605.3950381,0.08547425270080566
2ba39d55e6984ca68cbe92b01adbce53,k-means,warm,exec,queue,0.0024712085723876953,4.76837158203125e-07,2.384185791015625e-07,1609701606.224336,1609701606.349508,0.12517213821411133,1609701606.2685308,1609701606.27652,0.007989168167114258
0ecb49a38a2048ed991c5ba043efe474,video,warm,exec,queue,0.02020406723022461,2.384185791015625e-07,2.384185791015625e-07,1609701606.2286458,1609701606.5755572,0.3469114303588867,1609701606.2908564,1609701606.3076243,0.01676797866821289
e4a842c99ad649038ca478f707091343,k-means,warm,exec,queue,0.026913166046142578,4.76837158203125e-07,2.384185791015625e-07,1609701606.2312741,1609701606.5814824,0.3502082824707031,1609701606.290939,1609701606.29708,0.006140947341918945
aa3a026d0de54ba3893519f204134fa4,k-means,warm,exec,queue,0.031450748443603516,2.384185791015625e-07,2.384185791015625e-07,1609701606.2338793,1609701606.42441,0.19053077697753906,1609701606.2957106,1609701606.3005762,0.0048656463623046875
3cfd5f0157f241338f3d9d1d5386de6d,k-means,warm,exec,queue,0.03616023063659668,4.76837158203125e-07,0.0,1609701606.2366827,1609701606.5808692,0.34418654441833496,1609701606.3030715,1609701606.310488,0.007416486740112305
efe6ce77c1524639b32c76e358e8eace,k-means,warm,exec,queue,0.041298627853393555,2.384185791015625e-07,2.384185791015625e-07,1609701606.2382712,1609701606.3992946,0.16102337837219238,1609701606.3064137,1609701606.3108816,0.004467964172363281
2853c5d9c34b4fa891f1217bb378b587,k-means,warm,exec,queue,0.04569578170776367,2.384185791015625e-07,4.76837158203125e-07,1609701606.2398434,1609701606.5773265,0.33748316764831543,1609701606.3127983,1609701606.319519,0.006720781326293945
ecc67d552fe44a3da90d7c5ca6c209ac,k-means,warm,exec,queue,0.02319955825805664,4.76837158203125e-07,0.0,1609701606.241441,1609701606.4025302,0.16108918190002441,1609701606.2897475,1609701606.2955265,0.0057790279388427734
9f777794983a4137a7c33dba47fdf1db,k-means,warm,exec,queue,0.016722679138183594,7.152557373046875e-07,2.384185791015625e-07,1609701606.243008,1609701606.3744133,0.13140535354614258,1609701606.279209,1609701606.2875345,0.008325576782226562
8c00c5f6dea746f8bb7dd0dac276f8be,k-means,warm,exec,queue,0.00950765609741211,4.76837158203125e-07,2.384185791015625e-07,1609701606.2447307,1609701606.351125,0.10639429092407227,1609701606.2680676,1609701606.2762194,0.008151769638061523
de31a68ffd95414d8dedd7af6ce1f962,k-means,warm,exec,queue,0.014648675918579102,2.384185791015625e-07,4.76837158203125e-07,1609701606.246301,1609701606.4009442,0.15464329719543457,1609701606.2737465,1609701606.2815895,0.007843017578125
0bb7af4c96f64a21b3814cddf0c90232,k-means,warm,exec,queue,0.007274150848388672,2.384185791015625e-07,2.384185791015625e-07,1609701607.231241,1609701607.3701434,0.1389024257659912,1609701607.2859263,1609701607.2932763,0.007349967956542969
51249358b38641e6baac31c10d994b46,k-means,warm,exec,queue,0.04996657371520996,2.384185791015625e-07,2.384185791015625e-07,1609701607.235722,1609701607.4466698,0.21094775199890137,1609701607.3329277,1609701607.339043,0.0061151981353759766
e489a7e165f841afb387abf8b31fe23c,k-means,warm,exec,queue,0.054737091064453125,4.76837158203125e-07,2.384185791015625e-07,1609701607.2383575,1609701607.4449506,0.20659303665161133,1609701607.338272,1609701607.3437033,0.005431175231933594
ce5eefa1599a4a8293eb5ff4414402c6,k-means,warm,exec,queue,0.05987429618835449,2.384185791015625e-07,2.384185791015625e-07,1609701607.2409582,1609701607.520959,0.2800006866455078,1609701607.343687,1609701607.349983,0.006295919418334961
4e82abf90116402d928c1cb91c2ff18d,k-means,warm,exec,queue,0.020046472549438477,4.76837158203125e-07,2.384185791015625e-07,1609701607.2438202,1609701607.4883404,0.2445201873779297,1609701607.2977765,1609701607.3062606,0.008484125137329102
26803cabb63945bd8fa373cf2c4ab75c,k-means,warm,exec,queue,0.025119781494140625,2.384185791015625e-07,2.384185791015625e-07,1609701607.2456384,1609701607.486427,0.24078869819641113,1609701607.3028662,1609701607.309725,0.00685882568359375
2ce4f355e60a4ac69fd0cdda032422cc,k-means,warm,exec,queue,0.030338764190673828,4.76837158203125e-07,4.76837158203125e-07,1609701607.2472186,1609701607.4431689,0.19595026969909668,1609701607.308952,1609701607.314652,0.005699872970581055
5fafb29f659d43ee88ffe9a0d5ac5ac9,k-means,warm,exec,queue,0.03570151329040527,7.152557373046875e-07,2.384185791015625e-07,1609701607.2488072,1609701607.812719,0.5639119148254395,1609701607.31564,1609701607.3212357,0.005595684051513672
db4975efb5e6427bbcc2152332c5141b,k-means,warm,exec,queue,0.040262460708618164,2.384185791015625e-07,2.384185791015625e-07,1609701607.2503974,1609701607.813786,0.5633885860443115,1609701607.3206122,1609701607.3269286,0.006316423416137695
cbde556794824ab3b0a9f28e298d3ec0,k-means,warm,exec,queue,0.045650482177734375,2.384185791015625e-07,2.384185791015625e-07,1609701607.2523096,1609701607.8115299,0.5592203140258789,1609701607.3266563,1609701607.3318074,0.005151033401489258
48efeb971e2c47488cbf872dce93492f,k-means,warm,exec,queue,0.014672994613647461,2.384185791015625e-07,0.0,1609701607.2538824,1609701607.5181494,0.2642669677734375,1609701607.2915294,1609701607.3002775,0.008748054504394531
ebd857b10b3542da993daf874f118855,k-means,warm,exec,queue,0.009966850280761719,2.384185791015625e-07,0.0,1609701607.2554505,1609701607.3684897,0.11303925514221191,1609701607.2867095,1609701607.2953236,0.008614063262939453
493de154fb5d412e9c0be8e934462f36,k-means,warm,exec,queue,0.06462931632995605,2.384185791015625e-07,2.384185791015625e-07,1609701607.2570329,1609701607.6119928,0.35495996475219727,1609701607.348553,1609701607.3539813,0.005428314208984375
2e38933307d0414f985bd3d7038d5024,k-means,warm,exec,queue,0.07026004791259766,2.384185791015625e-07,0.0,1609701607.258696,1609701607.6610563,0.402360200881958,1609701607.3548112,1609701607.3602586,0.0054473876953125
a085abf12dd7407791cc374c8263d26a,k-means,warm,exec,queue,0.07570624351501465,2.384185791015625e-07,0.0,1609701607.2602608,1609701607.519532,0.25927114486694336,1609701607.3594592,1609701607.3639803,0.00452113151550293
12ac0d2c301d44af89dbee326bf49fe5,k-means,warm,exec,queue,0.0805208683013916,2.384185791015625e-07,2.384185791015625e-07,1609701607.2618139,1609701607.7126682,0.4508543014526367,1609701607.366217,1609701607.372619,0.006402015686035156
4d0ae674f8a94f29ad736ad68181a064,k-means,warm,exec,queue,0.0008273124694824219,4.76837158203125e-07,4.76837158203125e-07,1609701608.2276652,1609701608.3974078,0.16974258422851562,1609701608.2747583,1609701608.282884,0.008125543594360352
541193ff460d441689bcdba1d15d47b3,k-means,warm,exec,queue,0.02016448974609375,2.384185791015625e-07,0.0,1609701608.2318172,1609701608.4629686,0.23115134239196777,1609701608.2943196,1609701608.2999465,0.0056269168853759766
d9ddb57269744c6589c5a85769d1896a,k-means,warm,exec,queue,0.025003671646118164,4.76837158203125e-07,2.384185791015625e-07,1609701608.2344298,1609701608.5862377,0.3518078327178955,1609701608.2957513,1609701608.3022192,0.0064678192138671875
be4e8064c59f484f9c874cd52de2f013,k-means,warm,exec,queue,0.02996969223022461,2.384185791015625e-07,2.384185791015625e-07,1609701608.2370455,1609701608.464729,0.22768354415893555,1609701608.3004868,1609701608.306796,0.0063092708587646484
f53ae3f5fe60452d86a4e57770b7c4ed,k-means,warm,exec,queue,0.03510165214538574,2.384185791015625e-07,2.384185791015625e-07,1609701608.2399182,1609701608.5815275,0.34160923957824707,1609701608.3072577,1609701608.31361,0.006352424621582031
686a1ff7c90148df87bd9f540c1c5286,k-means,warm,exec,queue,0.039745330810546875,2.384185791015625e-07,2.384185791015625e-07,1609701608.2416873,1609701608.496987,0.25529980659484863,1609701608.3123384,1609701608.318495,0.0061566829681396484
2cc72e3f950a4c799db9eb9828d5f0a1,k-means,warm,exec,queue,0.0443873405456543,2.384185791015625e-07,0.0,1609701608.2432501,1609701608.5385447,0.29529452323913574,1609701608.3162215,1609701608.3212812,0.005059719085693359
4b693bb6c3ed4f39a17e1dad21e020b7,k-means,warm,exec,queue,0.04881644248962402,2.384185791015625e-07,0.0,1609701608.2448237,1609701608.6399832,0.3951594829559326,1609701608.3213081,1609701608.3258274,0.004519224166870117
a9f43be64e6644b9beb894545eba4d9f,k-means,warm,exec,queue,0.002980947494506836,2.384185791015625e-07,0.0,1609701608.2463882,1609701608.5868092,0.3404209613800049,1609701608.2748003,1609701608.2834234,0.008623123168945312
b982e8d7d3b54b43a05315cf949fc446,k-means,warm,exec,queue,0.007459163665771484,4.76837158203125e-07,2.384185791015625e-07,1609701608.2480834,1609701608.4988904,0.2508070468902588,1609701608.2750537,1609701608.2833529,0.008299112319946289
549923008fbc4c81832253f5b552fd01,k-means,warm,exec,queue,0.012744665145874023,2.384185791015625e-07,2.384185791015625e-07,1609701608.2496572,1609701608.3990676,0.14941048622131348,1609701608.279908,1609701608.2874563,0.007548332214355469
cab9e55ab0b645bcb6a80036e4b8c9a2,k-means,warm,exec,queue,0.017178058624267578,4.76837158203125e-07,2.384185791015625e-07,1609701608.2512155,1609701608.5856457,0.3344302177429199,1609701608.2858887,1609701608.2944288,0.008540153503417969
a368794d6c1d4a45a3c856010a047549,k-means,warm,exec,queue,0.002446413040161133,4.76837158203125e-07,2.384185791015625e-07,1609701609.2335427,1609701609.3918982,0.1583554744720459,1609701609.2897546,1609701609.2987375,0.00898289680480957
5f6b870a05f24025939c0a6a83195943,k-means,warm,exec,queue,0.04505419731140137,2.384185791015625e-07,2.384185791015625e-07,1609701609.2379673,1609701609.4871016,0.24913430213928223,1609701609.3319871,1609701609.3374248,0.005437612533569336
450b748379b443a2bcdb8f17d9f2bcd1,k-means,warm,exec,queue,0.04985690116882324,2.384185791015625e-07,0.0,1609701609.240607,1609701609.5169384,0.27633142471313477,1609701609.338108,1609701609.3445616,0.006453514099121094
006b3baa2fad46639fc7f8636a58ac59,k-means,warm,exec,queue,0.05480599403381348,2.384185791015625e-07,4.76837158203125e-07,1609701609.2432015,1609701609.515193,0.271991491317749,1609701609.3426852,1609701609.348878,0.006192684173583984
bb3b997cc51a489f9d3b326607c157a2,k-means,warm,exec,queue,0.020405292510986328,4.76837158203125e-07,2.384185791015625e-07,1609701609.2453845,1609701609.422948,0.17756342887878418,1609701609.3025427,1609701609.3114102,0.008867502212524414
17bc964e362a477cb1d8275ad98ad34f,k-means,warm,exec,queue,0.0251617431640625,2.384185791015625e-07,0.0,1609701609.2469504,1609701609.5184712,0.27152085304260254,1609701609.3151271,1609701609.3221931,0.007066011428833008
e51c091e507f4e18bb4fc06a118f1b2e,k-means,warm,exec,queue,0.030791282653808594,4.76837158203125e-07,2.384185791015625e-07,1609701609.2485337,1609701609.5660138,0.31748008728027344,1609701609.3191743,1609701609.326648,0.00747370719909668
be52776c7767469b82189ae10d480e95,k-means,warm,exec,queue,0.037513017654418945,4.76837158203125e-07,2.384185791015625e-07,1609701609.2501106,1609701609.5678911,0.3177804946899414,1609701609.3198204,1609701609.3245819,0.004761457443237305
07fd4066c290479ab125ecb82e9158b4,k-means,warm,exec,queue,0.04202532768249512,2.384185791015625e-07,2.384185791015625e-07,1609701609.2516866,1609701609.5698004,0.3181138038635254,1609701609.3254194,1609701609.3324757,0.007056236267089844
3c528ad472194e5cb65ff867c9520bd6,k-means,warm,exec,queue,0.014993429183959961,4.76837158203125e-07,0.0,1609701609.253415,1609701609.424483,0.1710679531097412,1609701609.2956452,1609701609.304342,0.008696794509887695
c05d12551d754e97b585874f1bfed630,k-means,warm,exec,queue,0.010085344314575195,4.76837158203125e-07,0.0,1609701609.254986,1609701609.390242,0.13525605201721191,1609701609.2900586,1609701609.2977023,0.007643699645996094
e98f70e036e746dfb559fd655f8f3edb,k-means,warm,exec,queue,0.00754857063293457,4.76837158203125e-07,2.384185791015625e-07,1609701609.2565627,1609701609.3936496,0.1370868682861328,1609701609.290455,1609701609.2987509,0.008295774459838867
70c505a4978741d38008f7cc0c9b383a,k-means,warm,exec,queue,0.059404850006103516,7.152557373046875e-07,2.384185791015625e-07,1609701609.2581475,1609701609.4826388,0.22449135780334473,1609701609.3465047,1609701609.3523586,0.005853891372680664
ccc95b66fffb46958cf20ece9998e81c,k-means,warm,exec,queue,0.0641930103302002,9.5367431640625e-07,4.76837158203125e-07,1609701609.259815,1609701609.693663,0.43384790420532227,1609701609.3522635,1609701609.3578508,0.005587339401245117
ad5dee434dab4c26889200ce65109045,k-means,warm,exec,queue,0.0692145824432373,7.152557373046875e-07,2.384185791015625e-07,1609701609.2613804,1609701609.74396,0.48257946968078613,1609701609.3582544,1609701609.363723,0.005468606948852539
7bd1ead9dda94b548aab2b43bcb67d0f,video,warm,exec,queue,0.015715837478637695,2.384185791015625e-07,0.0,1609701609.2629488,1609701609.48651,0.22356128692626953,1609701609.3163428,1609701609.3330703,0.016727447509765625
01cae0eda6aa4f548b16be71cb3c0164,k-means,warm,exec,queue,0.007148265838623047,2.384185791015625e-07,0.0,1609701610.2310352,1609701610.4102275,0.17919230461120605,1609701610.2803771,1609701610.2890272,0.008650064468383789
4686ae0669b8438c82d69260959220c3,k-means,warm,exec,queue,0.04938626289367676,2.384185791015625e-07,2.384185791015625e-07,1609701610.2355294,1609701610.6254253,0.3898959159851074,1609701610.327419,1609701610.3330567,0.005637645721435547
790c0c4d179b43d4870bf998fbcd31cf,k-means,warm,exec,queue,0.05403923988342285,2.384185791015625e-07,2.384185791015625e-07,1609701610.2381618,1609701610.561303,0.32314109802246094,1609701610.3340132,1609701610.3407664,0.006753206253051758
25b8cb761d21445c959faa7a972f4f62,k-means,warm,exec,queue,0.0589447021484375,2.384185791015625e-07,2.384185791015625e-07,1609701610.2407598,1609701610.660399,0.41963911056518555,1609701610.3390117,1609701610.346046,0.0070343017578125
ee08a3b3565d4b289ab7771e8a2dd9d5,k-means,warm,exec,queue,0.020742416381835938,2.384185791015625e-07,2.384185791015625e-07,1609701610.2436357,1609701610.6220102,0.3783745765686035,1609701610.2992005,1609701610.3062449,0.007044315338134766
3e99437b404e464ca14484d35cf4964a,k-means,warm,exec,queue,0.025997161865234375,2.384185791015625e-07,2.384185791015625e-07,1609701610.2456594,1609701610.4967568,0.2510974407196045,1609701610.3004322,1609701610.3056188,0.005186557769775391
39116f271d8d410b899378f9beefe9cd,k-means,warm,exec,queue,0.030912399291992188,4.76837158203125e-07,2.384185791015625e-07,1609701610.2472188,1609701610.5349433,0.28772449493408203,1609701610.3061783,1609701610.312974,0.006795644760131836
b966daca29e64aaebf95c2dea4f6ba00,k-means,warm,exec,queue,0.035529375076293945,4.76837158203125e-07,2.384185791015625e-07,1609701610.2487757,1609701610.4532545,0.20447874069213867,1609701610.317409,1609701610.3259716,0.008562564849853516
19366a9b0e8d4939bd78af7ee2ace1fb,k-means,warm,exec,queue,0.04049992561340332,2.384185791015625e-07,0.0,1609701610.2503276,1609701610.6859417,0.43561410903930664,1609701610.3186615,1609701610.3249402,0.0062787532806396484
359d183dee0a4dff94c81e904b7a6002,k-means,warm,exec,queue,0.045305728912353516,2.384185791015625e-07,2.384185791015625e-07,1609701610.252018,1609701610.5368843,0.2848663330078125,1609701610.32136,1609701610.32804,0.0066797733306884766
29066f98baa644a497e11cbbf22b7764,k-means,warm,exec,queue,0.01539301872253418,2.384185791015625e-07,2.384185791015625e-07,1609701610.2537253,1609701610.411716,0.1579906940460205,1609701610.2885396,1609701610.2973785,0.008838891983032227
89f9bbbf2f724ef79d993bbfbee228e7,k-means,warm,exec,queue,0.011059761047363281,2.384185791015625e-07,4.76837158203125e-07,1609701610.255273,1609701610.6260288,0.370755672454834,1609701610.2833877,1609701610.2919102,0.008522510528564453
aee2735d71854a0db5607d9197dc8021,k-means,warm,exec,queue,0.0645134449005127,0.0,2.384185791015625e-07,1609701610.2568433,1609701610.494626,0.23778271675109863,1609701610.3436682,1609701610.3481107,0.004442453384399414
14ce447e5a0c4ca1a79b51d4124e15c7,matmul,warm,exec,queue,0.016013622283935547,2.384185791015625e-07,2.384185791015625e-07,1609701610.2588031,1609701610.4513352,0.19253206253051758,1609701610.299998,1609701610.310588,0.010589838027954102
c4e7e6756a9748b4bfcc6512dac23fef,k-means,warm,exec,queue,0.002228260040283203,4.76837158203125e-07,2.384185791015625e-07,1609701611.227983,1609701611.3794205,0.15143752098083496,1609701611.2722356,1609701611.2805998,0.008364200592041016
163f5b6dcfd24924ac4cd0aacacbabe6,video,warm,exec,queue,0.019826412200927734,4.76837158203125e-07,0.0,1609701611.2323997,1609701611.9473052,0.7149055004119873,1609701611.2987814,1609701611.315255,0.01647353172302246
7d808b31fe9d4c64b8d88ee39e12cf3d,k-means,warm,exec,queue,0.04473757743835449,2.384185791015625e-07,0.0,1609701611.2350388,1609701611.7226908,0.487652063369751,1609701611.3149166,1609701611.320269,0.005352497100830078
c442940ac979466bbb03e939d412a197,k-means,warm,exec,queue,0.03955817222595215,4.76837158203125e-07,2.384185791015625e-07,1609701611.2376664,1609701611.4296467,0.19198036193847656,1609701611.3081875,1609701611.3157735,0.007586002349853516
4d35b8f7d4fc4d76bdb4cf25da41e764,k-means,warm,exec,queue,0.03486514091491699,7.152557373046875e-07,2.384185791015625e-07,1609701611.2405143,1609701611.4280531,0.18753886222839355,1609701611.30422,1609701611.3122296,0.008009672164916992
2342a2312f9d4980a58ea41bbde625fe,k-means,warm,exec,queue,0.02964639663696289,4.76837158203125e-07,2.384185791015625e-07,1609701611.2421114,1609701611.5039995,0.2618880271911621,1609701611.2997553,1609701611.307854,0.008098602294921875
db5c2a6ed80c467390da91e394d4a9e9,k-means,warm,exec,queue,0.025382280349731445,2.384185791015625e-07,2.384185791015625e-07,1609701611.2437181,1609701611.4758058,0.2320876121520996,1609701611.2988994,1609701611.306258,0.007358551025390625
521de7ea9c54415793a34591562f6e0c,k-means,warm,exec,queue,0.02081155776977539,2.384185791015625e-07,2.384185791015625e-07,1609701611.2453847,1609701611.4752085,0.22982382774353027,1609701611.296501,1609701611.3051186,0.008617639541625977
dc3c272377c5466e879cd840e783fa88,k-means,warm,exec,queue,0.015747547149658203,2.384185791015625e-07,0.0,1609701611.2470012,1609701611.472058,0.22505688667297363,1609701611.28178,1609701611.289893,0.008112907409667969
cca26e5f291f4211a780268cdc5dfd9c,k-means,warm,exec,queue,0.008179664611816406,4.76837158203125e-07,2.384185791015625e-07,1609701611.2487617,1609701611.378143,0.12938141822814941,1609701611.2727542,1609701611.2816317,0.00887751579284668
87fc05950a0340508e9ec3829b138108,k-means,warm,exec,queue,0.013123035430908203,2.384185791015625e-07,2.384185791015625e-07,1609701611.2503731,1609701611.380587,0.13021397590637207,1609701611.276805,1609701611.285372,0.008567094802856445
aa1dcea3bf5b442a989d167ccf4e3c3b,k-means,warm,exec,queue,0.006900310516357422,4.76837158203125e-07,2.384185791015625e-07,1609701612.2295418,1609701612.3645983,0.1350564956665039,1609701612.2740655,1609701612.2825165,0.008450984954833984
67cf7d1e67194d13bc4f7686b1970766,k-means,warm,exec,queue,0.04192399978637695,2.384185791015625e-07,0.0,1609701612.2337196,1609701612.48348,0.24976038932800293,1609701612.31227,1609701612.3170662,0.004796266555786133
8302725a5fd446638dc82e31b9b4cfad,k-means,warm,exec,queue,0.04727482795715332,2.384185791015625e-07,0.0,1609701612.236364,1609701612.5413876,0.3050236701965332,1609701612.319643,1609701612.3252351,0.0055921077728271484
e303adf61cee425abc4a2c581a43fee4,k-means,warm,exec,queue,0.014421224594116211,2.384185791015625e-07,2.384185791015625e-07,1609701612.2379847,1609701612.3680713,0.13008666038513184,1609701612.2793694,1609701612.2880938,0.008724451065063477
c995504d867e4533ab0a7080f04b9c26,k-means,warm,exec,queue,0.018784284591674805,2.384185791015625e-07,0.0,1609701612.2397473,1609701612.3888469,0.14909958839416504,1609701612.2844963,1609701612.2931478,0.008651494979858398
96d485134e314516ac473b90fd74b1a0,k-means,warm,exec,queue,0.05204892158508301,4.76837158203125e-07,2.384185791015625e-07,1609701612.241337,1609701612.543074,0.30173683166503906,1609701612.3238695,1609701612.328528,0.00465846061706543
f7828a689b7340bf903f1c99636c2b63,k-means,warm,exec,queue,0.02540898323059082,4.76837158203125e-07,2.384185791015625e-07,1609701612.2429054,1609701612.5161119,0.2732064723968506,1609701612.2933419,1609701612.3002074,0.006865501403808594
ddfe122eddf14198b71ecfd429c88825,k-means,warm,exec,queue,0.029914140701293945,2.384185791015625e-07,2.384185791015625e-07,1609701612.2444925,1609701612.5144398,0.2699472904205322,1609701612.2957575,1609701612.3024194,0.006661891937255859
9382d8bce4394c98a3d9cce945c0b59d,k-means,warm,exec,queue,0.03461647033691406,2.384185791015625e-07,0.0,1609701612.246065,1609701612.3903809,0.1443159580230713,1609701612.3012629,1609701612.3062942,0.0050313472747802734
3102ac8d49d3444e9008532eacd0ae94,k-means,warm,exec,queue,0.03930234909057617,2.384185791015625e-07,2.384185791015625e-07,1609701612.2477696,1609701612.4306264,0.18285679817199707,1609701612.3078413,1609701612.314353,0.006511688232421875
0c314fc3945547b6823f4231bed9a572,video,warm,exec,queue,0.02544569969177246,2.384185791015625e-07,0.0,1609701612.24936,1609701612.5396218,0.29026174545288086,1609701612.2949023,1609701612.3124578,0.01755547523498535
173b75f0fda6418a9c6f2bf498cec38f,k-means,warm,exec,queue,0.010003328323364258,2.384185791015625e-07,2.384185791015625e-07,1609701612.2509384,1609701612.3674457,0.11650729179382324,1609701612.2747343,1609701612.2836382,0.008903980255126953
988552f1c4b84320a75aaae3f16b9df8,k-means,warm,exec,queue,0.0030660629272460938,4.76837158203125e-07,0.0,1609701613.2312706,1609701613.3342657,0.10299515724182129,1609701613.277529,1609701613.2863333,0.0088043212890625
098e3c12417b43fda2de365b03bf09f9,k-means,warm,exec,queue,0.04861950874328613,0.0,2.384185791015625e-07,1609701613.2356696,1609701613.4996567,0.26398706436157227,1609701613.323701,1609701613.3306031,0.006902217864990234
54bc25c1fc394593878de85b22ce3b1d,k-means,warm,exec,queue,0.044191837310791016,2.384185791015625e-07,0.0,1609701613.2382982,1609701613.5347998,0.29650163650512695,1609701613.3185368,1609701613.3246312,0.006094455718994141
06a49ab4e911416995a4ab268934f6cf,k-means,warm,exec,queue,0.03869771957397461,4.76837158203125e-07,2.384185791015625e-07,1609701613.240933,1609701613.4351432,0.19421029090881348,1609701613.3110955,1609701613.3177247,0.006629228591918945
3ec061f9ce7e4eef95d027ddab78bb5f,k-means,warm,exec,queue,0.03406977653503418,2.384185791015625e-07,2.384185791015625e-07,1609701613.2438433,1609701613.5583606,0.3145172595977783,1609701613.3071373,1609701613.3122342,0.005096912384033203
d9649a4759a84784a61a193fe557c98e,k-means,warm,exec,queue,0.029561281204223633,2.384185791015625e-07,2.384185791015625e-07,1609701613.2457807,1609701613.5365186,0.2907378673553467,1609701613.302582,1609701613.3106291,0.008047103881835938
aa9e927f00da447889c094c38de5f011,k-means,warm,exec,queue,0.025162935256958008,4.76837158203125e-07,2.384185791015625e-07,1609701613.2473848,1609701613.3991976,0.15181279182434082,1609701613.2974753,1609701613.3023052,0.004829883575439453
376003784e16404fa445fc0488e97138,k-means,warm,exec,queue,0.0204160213470459,2.384185791015625e-07,0.0,1609701613.2490191,1609701613.358974,0.109954833984375,1609701613.2955215,1609701613.3037734,0.00825190544128418
e41d0b599bd34289b42e4daf5d913893,k-means,warm,exec,queue,0.009134531021118164,4.76837158203125e-07,2.384185791015625e-07,1609701613.250636,1609701613.332563,0.08192682266235352,1609701613.2779593,1609701613.2866588,0.008699417114257812
a3acee7eb018490191926ddd15bd09bd,k-means,warm,exec,queue,0.013640403747558594,4.76837158203125e-07,2.384185791015625e-07,1609701613.2523897,1609701613.3572493,0.10485959053039551,1609701613.2809918,1609701613.2890222,0.008030414581298828
d097d2353831407988fa9e0d8a1b6759,k-means,warm,exec,queue,0.018029212951660156,7.152557373046875e-07,2.384185791015625e-07,1609701613.2540085,1609701613.533092,0.2790834903717041,1609701613.2862136,1609701613.2949836,0.008769989013671875
e63a1b8abf814d22985c31e3fd46d34a,k-means,warm,exec,queue,0.00512385368347168,4.76837158203125e-07,2.384185791015625e-07,1609701614.2284973,1609701614.3548942,0.12639689445495605,1609701614.2647922,1609701614.2729914,0.008199214935302734
831c598fe85a4370b55164fa161a753a,k-means,warm,exec,queue,0.009544610977172852,2.384185791015625e-07,4.76837158203125e-07,1609701614.2327719,1609701614.354297,0.12152504920959473,1609701614.2681184,1609701614.276369,0.008250713348388672
fd2deb88513c46ec912104fd4a611b4f,k-means,warm,exec,queue,0.03584408760070801,2.384185791015625e-07,2.384185791015625e-07,1609701614.23538,1609701614.439099,0.2037191390991211,1609701614.3012605,1609701614.3072853,0.006024837493896484
a780521509a24ac798bcc49f73eed8a2,k-means,warm,exec,queue,0.013704299926757812,2.384185791015625e-07,2.384185791015625e-07,1609701614.2380128,1609701614.3513772,0.11336445808410645,1609701614.2731907,1609701614.2807617,0.007570981979370117
30b4ff529d76420f8d4773442d8c8f82,k-means,warm,exec,queue,0.018439292907714844,4.76837158203125e-07,2.384185791015625e-07,1609701614.2405562,1609701614.4967074,0.2561511993408203,1609701614.2799916,1609701614.2881548,0.008163213729858398
a91d6cb0250d43db8e510bfcd010c15b,k-means,warm,exec,queue,0.023447751998901367,2.384185791015625e-07,4.76837158203125e-07,1609701614.2424207,1609701614.4396858,0.1972651481628418,1609701614.2835546,1609701614.2896748,0.006120204925537109
351dc82543bb46ad8e1de168aff11fe5,k-means,warm,exec,queue,0.028716087341308594,2.384185791015625e-07,2.384185791015625e-07,1609701614.2440171,1609701614.3942344,0.15021729469299316,1609701614.2897098,1609701614.2959406,0.006230831146240234
dd5a352395ee47e1ae97b718bc725292,k-means,warm,exec,queue,0.033248186111450195,2.384185791015625e-07,2.384185791015625e-07,1609701614.2456236,1609701614.435952,0.19032835960388184,1609701614.2957428,1609701614.300702,0.0049593448638916016
c9eb2303bbaf4f56a5e66d8142051bac,k-means,warm,exec,queue,0.04080986976623535,2.384185791015625e-07,0.0,1609701614.2472181,1609701614.3924944,0.14527630805969238,1609701614.3066359,1609701614.3126073,0.005971431732177734
b5cc282aed1a4e029531e761e46af934,k-means,warm,exec,queue,0.00810861587524414,4.76837158203125e-07,2.384185791015625e-07,1609701615.2450767,1609701615.3981857,0.15310907363891602,1609701615.314128,1609701615.3224564,0.008328437805175781
bc7cd31b73314f51931463cd28380225,k-means,warm,exec,queue,0.054331064224243164,2.384185791015625e-07,0.0,1609701615.2496436,1609701616.3183632,1.0687196254730225,1609701615.3632383,1609701615.3695977,0.0063593387603759766
a1421e63cbbd4b01b969959f44684d0b,k-means,warm,exec,queue,0.058878421783447266,2.384185791015625e-07,0.0,1609701615.2522497,1609701616.320382,1.0681324005126953,1609701615.3665206,1609701615.3734097,0.0068891048431396484
fe5ebf86d6d84a15b8d5262af683ba30,k-means,warm,exec,queue,0.06400012969970703,2.384185791015625e-07,2.384185791015625e-07,1609701615.2548234,1609701616.2778094,1.0229859352111816,1609701615.3747199,1609701615.381221,0.006501197814941406
49f435d3d6d84e9393c1fea45182966a,k-means,warm,exec,queue,0.022709369659423828,2.384185791015625e-07,2.384185791015625e-07,1609701615.2577565,1609701615.6238728,0.3661162853240967,1609701615.3247561,1609701615.33383,0.009073972702026367
3b3c433ac7af4b8684f900421e041df9,k-means,warm,exec,queue,0.029767274856567383,4.76837158203125e-07,2.384185791015625e-07,1609701615.2603242,1609701616.168073,0.9077486991882324,1609701615.3376405,1609701615.3426192,0.004978656768798828
a7bd8fdd36f849b69b31cccd236267ab,k-means,warm,exec,queue,0.03652310371398926,4.76837158203125e-07,2.384185791015625e-07,1609701615.261867,1609701616.1205516,0.8586845397949219,1609701615.344959,1609701615.3531713,0.00821232795715332
0701b90b814e406cb88270324bda99d6,k-means,warm,exec,queue,0.04122352600097656,2.384185791015625e-07,2.384185791015625e-07,1609701615.2634122,1609701616.321343,1.0579307079315186,1609701615.3450816,1609701615.3522062,0.007124662399291992
df806acff75e4891a86824e534271f63,k-means,warm,exec,queue,0.046933650970458984,4.76837158203125e-07,2.384185791015625e-07,1609701615.2650876,1609701616.1199903,0.8549027442932129,1609701615.350882,1609701615.3579855,0.007103443145751953
dfc8d49b89c04a90a75115864d6db584,k-means,warm,exec,queue,0.05228114128112793,2.384185791015625e-07,2.384185791015625e-07,1609701615.2666423,1609701616.1210785,0.8544361591339111,1609701615.3598027,1609701615.3668144,0.0070116519927978516
90faaf2985634e459b8127857b641146,k-means,warm,exec,queue,0.018238306045532227,2.384185791015625e-07,0.0,1609701615.2682028,1609701615.3957896,0.12758684158325195,1609701615.3188999,1609701615.326757,0.007857084274291992
609961866aa24a99949729cc32a812be,k-means,warm,exec,queue,0.013571023941040039,0.0,2.384185791015625e-07,1609701615.2697399,1609701615.3986368,0.12889695167541504,1609701615.3141296,1609701615.3223486,0.008219003677368164
c1adcdb260e64536801c734651c12e62,k-means,warm,exec,queue,0.06862068176269531,2.384185791015625e-07,2.384185791015625e-07,1609701615.2713935,1609701616.319416,1.0480225086212158,1609701615.378577,1609701615.3848698,0.006292819976806641
432d9f0b08014e1db4f6a22b9e55c89f,k-means,warm,exec,queue,0.07425761222839355,2.384185791015625e-07,2.384185791015625e-07,1609701615.2729528,1609701616.1147587,0.8418059349060059,1609701615.3832383,1609701615.3881242,0.00488591194152832
f09f1a432dd84cc09d1080d474443689,k-means,warm,exec,queue,0.07950067520141602,2.384185791015625e-07,2.384185791015625e-07,1609701615.274497,1609701616.2793145,1.0048174858093262,1609701615.3901947,1609701615.3947387,0.00454401969909668
d538b231b5a941fe86ff27b850ca74c2,k-means,warm,exec,queue,0.08507537841796875,2.384185791015625e-07,2.384185791015625e-07,1609701615.276026,1609701617.3837461,2.107720136642456,1609701615.3973064,1609701615.4032536,0.005947113037109375
7dc3b2742778424eb0596cd2a7108871,video,warm,exec,queue,0.018579721450805664,2.384185791015625e-07,2.384185791015625e-07,1609701615.277669,1609701616.217298,0.939629077911377,1609701615.3386214,1609701615.355596,0.016974687576293945
4764ae6d39d643df983ee839e009ff00,matmul,warm,exec,queue,0.022503137588500977,2.384185791015625e-07,4.76837158203125e-07,1609701615.279199,1609701615.6220105,0.34281158447265625,1609701615.3396094,1609701615.3502219,0.01061248779296875
686697fc1a934788827815652b2962e2,map_reduce,warm,exec,queue,0.025171279907226562,2.384185791015625e-07,0.0,1609701615.2807534,1609701617.3206375,2.039884090423584,1609701615.3442557,1609701615.4306283,0.08637261390686035
6178a5890b774ef69bd97913ceee8f7e,disk,warm,exec,queue,0.030078887939453125,2.384185791015625e-07,0.0,1609701615.2823079,1609701616.1194036,0.8370957374572754,1609701615.34536,1609701615.3534348,0.008074760437011719
55f896dee7ea47e58f186e4597ae635a,image,cold,exec,create,0.03609323501586914,4.163447856903076,0.0,1609701615.2839499,1609701619.7185826,4.434632778167725,1609701619.5124738,1609701619.5750308,0.06255698204040527
c15f9827cc1a4e5da4efc0ee23c56b74,k-means,warm,exec,queue,0.003972530364990234,2.384185791015625e-07,4.76837158203125e-07,1609701616.2264,1609701617.1373281,0.9109282493591309,1609701616.2501745,1609701616.258084,0.007909536361694336
d88eeaa1ab744941a43e0bbbf0040d91,video,warm,exec,queue,0.018626689910888672,2.384185791015625e-07,2.384185791015625e-07,1609701616.23,1609701617.5253959,1.295395851135254,1609701616.2669492,1609701616.2825072,0.015558004379272461
d8425ef4bf5449ad891193b73d450f79,k-means,warm,exec,queue,0.0132598876953125,2.384185791015625e-07,2.384185791015625e-07,1609701616.2323823,1609701617.527002,1.2946197986602783,1609701616.2603145,1609701616.2687993,0.008484840393066406
c770d74d92d04146809da2995a9eba92,k-means,warm,exec,queue,0.019875526428222656,2.384185791015625e-07,2.384185791015625e-07,1609701616.2338803,1609701617.8336072,1.599726915359497,1609701616.2667286,1609701616.2730606,0.006331920623779297
61e6a1c0b6134ae68b067919b713b7d1,k-means,warm,exec,queue,0.02472686767578125,2.384185791015625e-07,0.0,1609701616.2353992,1609701617.4659894,1.2305901050567627,1609701616.2718701,1609701616.2776735,0.005803346633911133
859f5a203ffb4e5d96d887651d2b0348,k-means,warm,exec,queue,0.009172916412353516,4.76837158203125e-07,2.384185791015625e-07,1609701616.2372994,1609701617.6628542,1.4255547523498535,1609701616.2556229,1609701616.2641056,0.008482694625854492
ad0c2ca1251447c198daf6ddea704b82,k-means,warm,exec,queue,0.008295774459838867,4.76837158203125e-07,0.0,1609701617.251092,1609701618.1147993,0.8637073040008545,1609701617.3225417,1609701617.3297179,0.00717616081237793
e6a46a6c783646fcbd656ed6c1ed7f00,k-means,warm,exec,queue,0.054200172424316406,2.384185791015625e-07,2.384185791015625e-07,1609701617.2566397,1609701618.11369,0.8570501804351807,1609701617.3702123,1609701617.3750176,0.004805326461791992
0a30f6916a68470592c6e3a4708ceef1,k-means,warm,exec,queue,0.058959007263183594,4.76837158203125e-07,2.384185791015625e-07,1609701617.2592509,1609701618.1131163,0.853865385055542,1609701617.3753262,1609701617.379676,0.004349946975708008
67cb5a78abd74bbb9e1a384554cfde6c,k-means,warm,exec,queue,0.01828789710998535,2.384185791015625e-07,0.0,1609701617.2618737,1609701617.9495027,0.687628984451294,1609701617.3272607,1609701617.3343108,0.007050037384033203
938577801aa84606bb187768070e799e,k-means,warm,exec,queue,0.022756099700927734,4.76837158203125e-07,4.76837158203125e-07,1609701617.2648964,1609701617.8358781,0.5709817409515381,1609701617.3332582,1609701617.3407116,0.007453441619873047
fc0c6ea737bc42f79c6f9b6e2d0fc5cc,k-means,warm,exec,queue,0.027530193328857422,4.76837158203125e-07,2.384185791015625e-07,1609701617.266452,1609701617.4861708,0.21971869468688965,1609701617.3396351,1609701617.3458898,0.006254673004150391
07ac731835bd464b91ffd2991cd1a1ec,k-means,warm,exec,queue,0.032677412033081055,2.384185791015625e-07,2.384185791015625e-07,1609701617.2680125,1609701617.9483683,0.6803557872772217,1609701617.3434384,1609701617.3492608,0.005822420120239258
b5f497ba30df41e9b95d786cd089861b,k-means,warm,exec,queue,0.03735017776489258,4.76837158203125e-07,2.384185791015625e-07,1609701617.2695928,1609701617.596896,0.3273031711578369,1609701617.348044,1609701617.3524375,0.004393577575683594
149d0bd021084df6bd626ecee4f24adc,k-means,warm,exec,queue,0.0423588752746582,4.76837158203125e-07,2.384185791015625e-07,1609701617.2712762,1609701617.4835296,0.21225333213806152,1609701617.354931,1609701617.3593445,0.0044133663177490234
09337a9c3fac45c4a345be46fb2579e8,k-means,warm,exec,queue,0.04688549041748047,2.384185791015625e-07,0.0,1609701617.2728548,1609701617.9510322,0.6781773567199707,1609701617.3589919,1609701617.3632212,0.004229307174682617
427080a9ed814014beb391a8a9a6f719,k-means,warm,exec,queue,0.051926374435424805,2.384185791015625e-07,2.384185791015625e-07,1609701617.274401,1609701617.596276,0.32187509536743164,1609701617.3645782,1609701617.3688123,0.0042340755462646484
7fa815d21cfa4d7184ec1ad4348ffb2d,k-means,warm,exec,queue,0.013889312744140625,2.384185791015625e-07,0.0,1609701617.2759593,1609701618.1142461,0.8382868766784668,1609701617.3236177,1609701617.331903,0.008285284042358398
18599a3531484aee9de00204cd3f537c,k-means,warm,exec,queue,0.06397128105163574,2.384185791015625e-07,0.0,1609701617.2776563,1609701618.1044314,0.826775074005127,1609701617.3819234,1609701617.3874838,0.005560398101806641
80e5868ede2549efb962ac5ae75e7d84,k-means,warm,exec,queue,0.06920790672302246,7.152557373046875e-07,2.384185791015625e-07,1609701617.2791765,1609701617.5919025,0.3127260208129883,1609701617.3869784,1609701617.3910918,0.004113435745239258
8f48b8ae7a0246ecaec19ac83aaaaf50,k-means,warm,exec,queue,0.07421422004699707,4.76837158203125e-07,2.384185791015625e-07,1609701617.2807243,1609701617.9471555,0.666431188583374,1609701617.3932939,1609701617.3996239,0.006330013275146484
e4d2484c0eb347858e362fcafcf7379e,k-means,warm,exec,queue,0.07950186729431152,2.384185791015625e-07,2.384185791015625e-07,1609701617.2823536,1609701618.1127143,0.8303606510162354,1609701617.400121,1609701617.4046617,0.004540681838989258
e401d80e58d440ababdb89e2ffcefeef,k-means,warm,exec,queue,0.08605027198791504,2.384185791015625e-07,0.0,1609701617.2838817,1609701617.9525373,0.6686556339263916,1609701617.4055824,1609701617.4100795,0.004497051239013672
a8f1767b4e1c462aa65629303ddf5a00,k-means,warm,exec,queue,0.09148883819580078,2.384185791015625e-07,0.0,1609701617.2854357,1609701617.5975106,0.3120748996734619,1609701617.410549,1609701617.4166272,0.006078243255615234
6a3461411c214c91a401d428a5e896c4,k-means,warm,exec,queue,0.09613823890686035,2.384185791015625e-07,0.0,1609701617.2869706,1609701618.1160853,0.8291146755218506,1609701617.4155147,1609701617.4213824,0.005867719650268555
d4631479da0445748790db97204f10ed,k-means,warm,exec,queue,0.10155987739562988,4.76837158203125e-07,2.384185791015625e-07,1609701617.2897608,1609701618.1166863,0.82692551612854,1609701617.425307,1609701617.4322546,0.006947517395019531
6d83d47951cd4207badda2688f5816f0,k-means,warm,exec,queue,0.10769987106323242,4.76837158203125e-07,2.384185791015625e-07,1609701617.291281,1609701617.9541695,0.6628885269165039,1609701617.4284358,1609701617.4331212,0.004685401916503906
652a67be864142c2b4e25973c0c11268,k-means,warm,exec,queue,0.112579345703125,2.384185791015625e-07,2.384185791015625e-07,1609701617.2937958,1609701617.5285437,0.23474788665771484,1609701617.4353325,1609701617.443338,0.008005380630493164
fa3bcbfff2e94ac2b9202dd4da76364b,k-means,warm,exec,queue,0.0023310184478759766,4.76837158203125e-07,2.384185791015625e-07,1609701618.235688,1609701618.4233096,0.1876215934753418,1609701618.2750947,1609701618.2818806,0.006785869598388672
d73e5694b3ce49ef81ff0f7e4a6a74be,k-means,warm,exec,queue,0.0191957950592041,2.384185791015625e-07,2.384185791015625e-07,1609701618.2393043,1609701618.589771,0.3504667282104492,1609701618.2906563,1609701618.296443,0.0057866573333740234
56db0777b3234c3383aab3dff0768733,k-means,warm,exec,queue,0.023683547973632812,2.384185791015625e-07,2.384185791015625e-07,1609701618.2425897,1609701618.5892,0.34661030769348145,1609701618.295802,1609701618.3018188,0.006016731262207031
b596c33e8edd4b88bdbdd9684733e5c1,k-means,warm,exec,queue,0.028326988220214844,2.384185791015625e-07,2.384185791015625e-07,1609701618.2447724,1609701618.4191785,0.1744060516357422,1609701618.3017108,1609701618.307829,0.006118059158325195
a7fbecb8f7c94decbc2049ccb3e36e60,k-means,warm,exec,queue,0.03308415412902832,2.384185791015625e-07,0.0,1609701618.2463088,1609701618.4789333,0.23262453079223633,1609701618.306851,1609701618.3130352,0.00618433952331543
a7d1b9fa8f684c519ff911f72e60bee8,k-means,warm,exec,queue,0.03778553009033203,2.384185791015625e-07,0.0,1609701618.2481134,1609701618.5202522,0.2721388339996338,1609701618.3109882,1609701618.3169708,0.005982637405395508
e0bd309d0e57457c80e02aea1fea6c84,k-means,warm,exec,queue,0.043264150619506836,2.384185791015625e-07,2.384185791015625e-07,1609701618.249645,1609701618.6446104,0.39496541023254395,1609701618.318207,1609701618.3239362,0.005729198455810547
8ae5d71acacf45e3b609cc00a70fb2d3,k-means,warm,exec,queue,0.014453649520874023,2.384185791015625e-07,2.384185791015625e-07,1609701618.251183,1609701618.4239488,0.17276573181152344,1609701618.2856688,1609701618.2939792,0.008310317993164062
0e39a35936d742cc9cb31f283ef701eb,k-means,warm,exec,queue,0.009881258010864258,2.384185791015625e-07,2.384185791015625e-07,1609701618.2527409,1609701618.4769664,0.22422552108764648,1609701618.2806666,1609701618.2885878,0.007921218872070312
adf2692c119a45e884ea3848f1f885e4,k-means,warm,exec,queue,0.007351398468017578,2.384185791015625e-07,2.384185791015625e-07,1609701618.2544107,1609701618.425826,0.1714153289794922,1609701618.2755184,1609701618.2833714,0.007853031158447266
da1a7bea65634b3f838101fee4693972,k-means,warm,exec,queue,6.103515625e-05,4.76837158203125e-07,2.384185791015625e-07,1609701619.237442,1609701619.359118,0.12167596817016602,1609701619.2846086,1609701619.292002,0.007393360137939453
70d6e8708a85439ea97f4cd920c2907f,k-means,warm,exec,queue,0.007733583450317383,2.384185791015625e-07,2.384185791015625e-07,1609701619.2415838,1609701619.3569114,0.11532759666442871,1609701619.2845037,1609701619.2917576,0.007253885269165039
d65205fb233d4c329715545daf119cb4,k-means,warm,exec,queue,0.011339902877807617,4.76837158203125e-07,0.0,1609701619.2441378,1609701619.4335647,0.18942689895629883,1609701619.2880774,1609701619.2954986,0.007421255111694336
e2aaaf069c184e779b26bd287d03bc21,k-means,warm,exec,queue,0.01711869239807129,2.384185791015625e-07,2.384185791015625e-07,1609701619.246712,1609701619.3596013,0.11288928985595703,1609701619.2948437,1609701619.301515,0.006671428680419922
d4cfa102f2674050a51d7c0cc8be64cb,k-means,warm,exec,queue,0.0220334529876709,4.76837158203125e-07,2.384185791015625e-07,1609701619.2495642,1609701619.544912,0.2953479290008545,1609701619.3041294,1609701619.3096786,0.005549192428588867
83ebdf5082b640bb92152181c83af217,k-means,warm,exec,queue,0.026592016220092773,0.0,2.384185791015625e-07,1609701619.2521217,1609701619.6189926,0.3668708801269531,1609701619.3068185,1609701619.3124661,0.0056476593017578125
7e43d5b71ad3437db8be94633dfc0a23,k-means,warm,exec,queue,0.03164362907409668,4.76837158203125e-07,2.384185791015625e-07,1609701619.2537758,1609701619.6704617,0.4166858196258545,1609701619.3183649,1609701619.3248544,0.00648951530456543
7f4d0404b1294881afddbc1b26f94751,k-means,warm,exec,queue,0.03720283508300781,2.384185791015625e-07,0.0,1609701619.2552478,1609701619.4388251,0.183577299118042,1609701619.32228,1609701619.3282788,0.005998849868774414
3f8dcdbeb7e341bcb3004546f8e05691,k-means,warm,exec,queue,0.04222846031188965,2.384185791015625e-07,2.384185791015625e-07,1609701619.256717,1609701619.4416838,0.1849668025970459,1609701619.3229063,1609701619.3286924,0.00578618049621582
437d3c90b15f4cf69eab9d121da987a6,k-means,warm,exec,queue,0.0485532283782959,2.384185791015625e-07,0.0,1609701619.258277,1609701619.4381945,0.179917573928833,1609701619.3356621,1609701619.3430648,0.007402658462524414
504b722f4a72445bbfef6c9f5f428be5,k-means,warm,exec,queue,0.05270981788635254,2.384185791015625e-07,2.384185791015625e-07,1609701619.25975,1609701619.4354196,0.17566967010498047,1609701619.3386555,1609701619.3447237,0.006068229675292969
9cb59c8ff7d94365b95167f1fa660e1f,k-means,warm,exec,queue,0.058191537857055664,2.384185791015625e-07,2.384185791015625e-07,1609701619.2612486,1609701619.6686327,0.40738415718078613,1609701619.3398583,1609701619.3457751,0.0059168338775634766
cc1c6f2decd84c6fbb3e8a9fb0bf4cf6,video,warm,exec,queue,0.015842914581298828,2.384185791015625e-07,2.384185791015625e-07,1609701619.2627246,1609701619.442335,0.1796102523803711,1609701619.3045235,1609701619.3202133,0.015689849853515625
2e18693422c54e6e95beb6a252a01dcc,k-means,warm,exec,queue,0.004937648773193359,4.76837158203125e-07,2.384185791015625e-07,1609701620.235419,1609701620.3443115,0.10889244079589844,1609701620.274086,1609701620.2807891,0.00670313835144043
0cab09811a704aa495720ec1dd2839d7,matmul,warm,exec,queue,0.012323141098022461,2.384185791015625e-07,2.384185791015625e-07,1609701620.2395136,1609701620.5548573,0.31534361839294434,1609701620.2897584,1609701620.3003783,0.010619878768920898
7b9e05c7b89548529723ee181506239c,k-means,warm,exec,queue,0.04734921455383301,2.384185791015625e-07,2.384185791015625e-07,1609701620.2420564,1609701620.4213634,0.1793069839477539,1609701620.321849,1609701620.3287592,0.006910085678100586
6f0d3a3f7fa64eaa906aa936f9ace4b7,k-means,warm,exec,queue,0.04249119758605957,4.76837158203125e-07,2.384185791015625e-07,1609701620.2445545,1609701620.62229,0.3777353763580322,1609701620.3160708,1609701620.3221543,0.006083488464355469
c9b8830a7be042d49e8b291c3deeea2a,k-means,warm,exec,queue,0.03695535659790039,2.384185791015625e-07,0.0,1609701620.2473195,1609701620.620583,0.3732635974884033,1609701620.3119187,1609701620.31805,0.006131172180175781
1fb1c0ea067842fa8e9aea4e40caa1f9,k-means,warm,exec,queue,0.009151458740234375,2.384185791015625e-07,2.384185791015625e-07,1609701620.2492561,1609701620.4196043,0.1703481674194336,1609701620.2782285,1609701620.285997,0.007768392562866211
c4b5ea1625fd414e830ad7f6a5aa0896,k-means,warm,exec,queue,0.014261484146118164,2.384185791015625e-07,2.384185791015625e-07,1609701620.2506876,1609701620.3778572,0.12716960906982422,1609701620.2831378,1609701620.2912056,0.008067846298217773
6d4395117331405ca6c8e7615b3ed125,k-means,warm,exec,queue,0.019782304763793945,2.384185791015625e-07,0.0,1609701620.252111,1609701620.381162,0.12905097007751465,1609701620.2895024,1609701620.2960134,0.00651097297668457
6a9d208345e44194aa2149655ae0b73f,k-means,warm,exec,queue,0.024245738983154297,2.384185791015625e-07,0.0,1609701620.2535648,1609701620.4786766,0.225111722946167,1609701620.2936072,1609701620.2997966,0.0061893463134765625
62741943594b42b4b0de88b463a20a72,k-means,warm,exec,queue,0.02885580062866211,4.76837158203125e-07,2.384185791015625e-07,1609701620.255107,1609701620.3805938,0.1254868507385254,1609701620.2989697,1609701620.3049078,0.005938053131103516
5ba0ce247748433d9af5d1a0f9265f8f,k-means,warm,exec,queue,0.03356671333312988,2.384185791015625e-07,4.76837158203125e-07,1609701620.2565367,1609701620.4805393,0.22400259971618652,1609701620.31175,1609701620.318321,0.006571054458618164
6aa55ab7efd9480b8679f72de195cf13,k-means,warm,exec,queue,7.43865966796875e-05,4.76837158203125e-07,2.384185791015625e-07,1609701621.235295,1609701621.400659,0.16536402702331543,1609701621.2788985,1609701621.2875032,0.008604764938354492
04e1e0c3d32841f1b7718f35a5c6def9,video,warm,exec,queue,0.021256208419799805,2.384185791015625e-07,2.384185791015625e-07,1609701621.239585,1609701621.4010437,0.16145873069763184,1609701621.296465,1609701621.3124173,0.015952348709106445
1ac4af77de1441599b418785c65506fe,k-means,warm,exec,queue,0.0052835941314697266,2.384185791015625e-07,0.0,1609701621.2422736,1609701621.3964963,0.15422272682189941,1609701621.278438,1609701621.2861364,0.0076982975006103516
4ddf86a289dd44dcaa36d27ebbd68e2c,k-means,warm,exec,queue,0.010211467742919922,4.76837158203125e-07,2.384185791015625e-07,1609701621.2449322,1609701621.5590405,0.31410837173461914,1609701621.2839386,1609701621.2923214,0.008382797241210938
6ed6ea67b079430587273afcbba8bde2,k-means,warm,exec,queue,0.015481233596801758,2.384185791015625e-07,0.0,1609701621.2475486,1609701621.5595586,0.3120100498199463,1609701621.2895312,1609701621.2970335,0.007502317428588867
9c05f00edb5741b292b28de4fe372995,k-means,warm,exec,queue,0.020426034927368164,2.384185791015625e-07,2.384185791015625e-07,1609701621.2497706,1609701621.5565002,0.3067295551300049,1609701621.2970846,1609701621.3048487,0.007764101028442383
c6315be842114a678f0e0456720506d4,k-means,warm,exec,queue,0.025573253631591797,0.0,0.0,1609701621.2513907,1609701621.4641604,0.2127697467803955,1609701621.3016903,1609701621.30847,0.006779670715332031
0556ac3603c040979592a99adf97b5f2,k-means,warm,exec,queue,0.030900001525878906,4.76837158203125e-07,2.384185791015625e-07,1609701621.2530487,1609701621.46273,0.20968127250671387,1609701621.3064458,1609701621.3133216,0.006875753402709961
0847e7f1d1d54c3e886f5e10745a99c8,k-means,warm,exec,queue,0.03612017631530762,2.384185791015625e-07,0.0,1609701621.2546635,1609701621.3977575,0.14309406280517578,1609701621.313529,1609701621.3203912,0.006862163543701172
d027bd41432b4cb2940f0a3c293dc856,k-means,warm,exec,queue,0.04076075553894043,4.76837158203125e-07,2.384185791015625e-07,1609701621.2566257,1609701621.3988614,0.14223575592041016,1609701621.319474,1609701621.3263054,0.00683140754699707
5bdc2bc36e9d4374a5540fa941e91e6b,k-means,warm,exec,queue,0.04578042030334473,2.384185791015625e-07,2.384185791015625e-07,1609701621.2582364,1609701621.4654531,0.20721673965454102,1609701621.3225796,1609701621.329179,0.00659942626953125
2628d75fc824450bb96c4aa9d6106901,k-means,warm,exec,queue,7.939338684082031e-05,4.76837158203125e-07,2.384185791015625e-07,1609701622.2404327,1609701622.3579333,0.11750054359436035,1609701622.2853606,1609701622.2934914,0.008130788803100586
5b3fded068964a968221fa5a646c2ccc,k-means,warm,exec,queue,0.005372047424316406,2.384185791015625e-07,2.384185791015625e-07,1609701622.244893,1609701622.356731,0.11183786392211914,1609701622.285675,1609701622.2935183,0.007843255996704102
cdc5964119e64d5fb7385dc1eb213d5c,k-means,warm,exec,queue,0.01041865348815918,2.384185791015625e-07,0.0,1609701622.2477055,1609701622.4073355,0.15963006019592285,1609701622.290682,1609701622.2987566,0.008074522018432617
08ac850c302f4ac6ba976d456a335008,k-means,warm,exec,queue,0.014933109283447266,7.152557373046875e-07,2.384185791015625e-07,1609701622.2505407,1609701622.46695,0.21640920639038086,1609701622.2960715,1609701622.3038936,0.007822036743164062
e00a060a81ed4680a10fa22e1c64865f,k-means,warm,exec,queue,0.02030467987060547,7.152557373046875e-07,2.384185791015625e-07,1609701622.2531796,1609701622.4656534,0.21247386932373047,1609701622.3023577,1609701622.3073819,0.0050241947174072266
423f9d5f14ec4299a51af125759f0d49,k-means,warm,exec,queue,0.02524590492248535,2.384185791015625e-07,0.0,1609701622.2548726,1609701622.543462,0.2885894775390625,1609701622.3057473,1609701622.3107271,0.004979848861694336
04f5995cb0b24b7e9a81b353ad0bde2c,k-means,warm,exec,queue,0.03051614761352539,2.384185791015625e-07,2.384185791015625e-07,1609701622.2565885,1609701622.409476,0.15288758277893066,1609701622.3130903,1609701622.3176405,0.00455021858215332
2de8d7a6a733419db14ae2c28a629c5a,k-means,warm,exec,queue,0.03609442710876465,2.384185791015625e-07,2.384185791015625e-07,1609701622.258305,1609701622.5421999,0.28389477729797363,1609701622.3180132,1609701622.3223703,0.004357099533081055
64db1a60601c4c90b0effca38b074239,k-means,warm,exec,queue,0.04208040237426758,2.384185791015625e-07,2.384185791015625e-07,1609701622.2600303,1609701622.4062548,0.1462244987487793,1609701622.324687,1609701622.3292682,0.0045812129974365234
f2e5120db669411fabf66217f0682891,k-means,warm,exec,queue,0.04703092575073242,2.384185791015625e-07,2.384185791015625e-07,1609701622.2618592,1609701622.540697,0.2788379192352295,1609701622.3300722,1609701622.3342326,0.004160404205322266
beeac2f0a9104cc9a7fd0588bd398154,k-means,warm,exec,queue,0.0526578426361084,4.76837158203125e-07,2.384185791015625e-07,1609701622.2635615,1609701622.4084241,0.14486265182495117,1609701622.3360722,1609701622.3402267,0.0041544437408447266
ced352377eb547f09fed1a0878d4b0b1,k-means,warm,exec,queue,0.05781221389770508,2.384185791015625e-07,2.384185791015625e-07,1609701622.2652726,1609701622.4105406,0.14526796340942383,1609701622.3408988,1609701622.3449993,0.0041005611419677734
2ee7dd578885447fbb7a1b942480fee6,k-means,warm,exec,queue,0.007829666137695312,2.384185791015625e-07,2.384185791015625e-07,1609701623.2524395,1609701623.38634,0.13390040397644043,1609701623.293075,1609701623.3010547,0.007979631423950195
140af1fd2fc942f9abdc19586cddcfa7,k-means,warm,exec,queue,0.049414634704589844,2.384185791015625e-07,2.384185791015625e-07,1609701623.2561452,1609701623.5215247,0.2653794288635254,1609701623.3409247,1609701623.3462238,0.005299091339111328
a054dda5d0a04008997ec0fd949d094d,video,warm,exec,queue,0.01656031608581543,2.384185791015625e-07,2.384185791015625e-07,1609701623.259176,1609701623.4842527,0.22507667541503906,1609701623.3103733,1609701623.3260894,0.015716075897216797
df44a5d2dde8468ba6dc39fad06df401,k-means,warm,exec,queue,0.0456700325012207,2.384185791015625e-07,0.0,1609701623.261822,1609701623.4868054,0.22498345375061035,1609701623.3372273,1609701623.3431454,0.005918025970458984
7a0eb29e289342b180f88189a01df9a4,k-means,warm,exec,queue,0.04096508026123047,2.384185791015625e-07,2.384185791015625e-07,1609701623.2646172,1609701623.5199234,0.2553062438964844,1609701623.333112,1609701623.3400059,0.00689387321472168
41ed164377394cad878e5117c00e0ef0,k-means,warm,exec,queue,0.03633594512939453,2.384185791015625e-07,2.384185791015625e-07,1609701623.266165,1609701623.4180827,0.1519176959991455,1609701623.326664,1609701623.3325286,0.005864620208740234
2afbcb79c9be40beb69455faeb2e073f,k-means,warm,exec,queue,0.031842947006225586,2.384185791015625e-07,2.384185791015625e-07,1609701623.2677128,1609701623.4884403,0.22072744369506836,1609701623.3201387,1609701623.3265228,0.006384134292602539
6777f296d5ea4382b0ddf77d743121e9,k-means,warm,exec,queue,0.011689901351928711,7.152557373046875e-07,2.384185791015625e-07,1609701623.269273,1609701623.386899,0.11762595176696777,1609701623.2985284,1609701623.3065572,0.008028745651245117
610d1abf44c44ac0ba77f16aa15a431e,k-means,warm,exec,queue,0.01635885238647461,2.384185791015625e-07,0.0,1609701623.270836,1609701623.3839514,0.11311531066894531,1609701623.3033967,1609701623.3109868,0.007590055465698242
434e8d027d2d469a95b55c35aa4c99b7,k-means,warm,exec,queue,0.022952556610107422,4.76837158203125e-07,0.0,1609701623.2725341,1609701623.4168599,0.14432573318481445,1609701623.3111293,1609701623.31828,0.0071506500244140625
31ad341a9efd42be999248745ddbbe7b,k-means,warm,exec,queue,0.027342557907104492,2.384185791015625e-07,2.384185791015625e-07,1609701623.274091,1609701623.5180902,0.24399924278259277,1609701623.3160138,1609701623.3203392,0.004325389862060547
48815e0ccb884f529157fe6687f1ab9b,k-means,warm,exec,queue,0.005784273147583008,4.76837158203125e-07,2.384185791015625e-07,1609701624.2411618,1609701624.4332395,0.19207763671875,1609701624.2805145,1609701624.288445,0.007930517196655273
d860cb65a92e4574acb7607ebea423dc,k-means,warm,exec,queue,0.052507638931274414,2.384185791015625e-07,0.0,1609701624.2452517,1609701624.7729325,0.5276808738708496,1609701624.3327699,1609701624.338697,0.005927085876464844
d54a6a3ff344413e936f04074c86de7a,k-means,warm,exec,queue,0.04718160629272461,0.0,0.0,1609701624.2474864,1609701624.5491078,0.3016214370727539,1609701624.3275769,1609701624.333856,0.0062792301177978516
7d08abdb797b4d95ba8e5a29bb058877,k-means,warm,exec,queue,0.042734622955322266,4.76837158203125e-07,2.384185791015625e-07,1609701624.2497842,1609701624.5482404,0.29845619201660156,1609701624.3229623,1609701624.3296487,0.00668644905090332
0d39cf34d7a4417781c0189b343fcecd,k-means,warm,exec,queue,0.009531974792480469,2.384185791015625e-07,2.384185791015625e-07,1609701624.252257,1609701624.4306414,0.17838430404663086,1609701624.2825308,1609701624.2904882,0.00795745849609375
082fefdffd754c69a1dc65b5b719d7bc,k-means,warm,exec,queue,0.014041900634765625,2.384185791015625e-07,0.0,1609701624.2544613,1609701624.4350946,0.1806333065032959,1609701624.2890313,1609701624.2961571,0.0071258544921875
c134c21db7794d6d81226b531b04540b,k-means,warm,exec,queue,0.01943039894104004,4.76837158203125e-07,2.384185791015625e-07,1609701624.2566729,1609701624.428821,0.1721482276916504,1609701624.2996666,1609701624.3072784,0.007611751556396484
30934dca939e423a8b8390ec19400ec3,k-means,warm,exec,queue,0.025771379470825195,2.384185791015625e-07,0.0,1609701624.257876,1609701624.5472727,0.2893967628479004,1609701624.3015618,1609701624.3088942,0.007332324981689453
c07d24a8a7064476aab0fc5b8b1a5c16,k-means,warm,exec,queue,0.030582189559936523,2.384185791015625e-07,2.384185791015625e-07,1609701624.2589972,1609701624.5460744,0.2870771884918213,1609701624.305652,1609701624.3118656,0.006213665008544922
aa5d5ee2b7d04bb59cb892883dff0119,k-means,warm,exec,queue,0.03501415252685547,2.384185791015625e-07,4.76837158203125e-07,1609701624.2602327,1609701624.433738,0.17350530624389648,1609701624.3111162,1609701624.3169756,0.005859375
43851c9212e540429b88fcbaad63824f,k-means,warm,exec,queue,0.0402677059173584,2.384185791015625e-07,2.384185791015625e-07,1609701624.2614295,1609701624.7709005,0.5094709396362305,1609701624.3181307,1609701624.3246305,0.006499767303466797
7014de5fc268498987319e8b8f368d78,k-means,warm,exec,queue,7.343292236328125e-05,4.76837158203125e-07,2.384185791015625e-07,1609701625.249524,1609701625.3732533,0.12372922897338867,1609701625.3053236,1609701625.3135588,0.00823521614074707
12e90a5ddba547878841c2fa36676e84,k-means,warm,exec,queue,0.008956432342529297,2.384185791015625e-07,2.384185791015625e-07,1609701625.2537777,1609701625.371411,0.11763334274291992,1609701625.3053071,1609701625.313004,0.007696866989135742
15b0c0c7acd14ccbb3644f747dc90f45,k-means,warm,exec,queue,0.013613462448120117,4.76837158203125e-07,2.384185791015625e-07,1609701625.2563431,1609701625.3960555,0.13971233367919922,1609701625.3124437,1609701625.3205876,0.008143901824951172
3c784d03e6f34b848968e406eedf26be,k-means,warm,exec,queue,0.018388986587524414,2.384185791015625e-07,2.384185791015625e-07,1609701625.2588878,1609701625.3978133,0.13892555236816406,1609701625.3179893,1609701625.3263934,0.008404016494750977
9bdc1b66558c4859a9e6406e5df88545,k-means,warm,exec,queue,0.02429056167602539,7.152557373046875e-07,2.384185791015625e-07,1609701625.261714,1609701625.4593365,0.19762253761291504,1609701625.331987,1609701625.3399377,0.007950782775878906
1471d68b3f444ba7a16ee2d96affbd9e,k-means,warm,exec,queue,0.02863621711730957,2.384185791015625e-07,2.384185791015625e-07,1609701625.26425,1609701625.4649115,0.20066142082214355,1609701625.3357055,1609701625.344256,0.008550405502319336
a5fdea793c9a48b28e3d3997bdb9c80b,k-means,warm,exec,queue,0.0330202579498291,2.384185791015625e-07,2.384185791015625e-07,1609701625.2658257,1609701625.5473485,0.2815227508544922,1609701625.3381925,1609701625.3458834,0.007690906524658203
386f015f26dc4fc195235204e9b2c1fd,k-means,warm,exec,queue,0.037827253341674805,2.384185791015625e-07,2.384185791015625e-07,1609701625.2672927,1609701625.4646008,0.19730806350708008,1609701625.340837,1609701625.3485885,0.00775146484375
3d7be32a39d846929a8ee46b6ecd15c5,k-means,warm,exec,queue,0.061534881591796875,4.76837158203125e-07,2.384185791015625e-07,1609701625.2687786,1609701625.4652321,0.19645357131958008,1609701625.3659973,1609701625.3721526,0.006155252456665039
4fa0e1ee03d64a06964835b267930f73,k-means,warm,exec,queue,0.04328465461730957,9.5367431640625e-07,4.76837158203125e-07,1609701625.2705047,1609701625.5396104,0.2691056728363037,1609701625.3492026,1609701625.3564832,0.007280588150024414
b4b7e8f809a64a8f9402ecad6230bd11,k-means,warm,exec,queue,0.04782605171203613,2.384185791015625e-07,2.384185791015625e-07,1609701625.2719665,1609701625.5430984,0.2711319923400879,1609701625.3518946,1609701625.36014,0.008245468139648438
cf1b125c49a74251b7760cfc4c3d5e52,k-means,warm,exec,queue,0.055709123611450195,4.76837158203125e-07,2.384185791015625e-07,1609701625.2734363,1609701625.4586985,0.18526220321655273,1609701625.3640358,1609701625.3703167,0.0062808990478515625
678a081d7e124ef883ec8d0f2784ddb6,k-means,warm,exec,queue,0.06682419776916504,2.384185791015625e-07,0.0,1609701625.274902,1609701625.4642127,0.18931055068969727,1609701625.3690937,1609701625.374865,0.0057713985443115234
48524e4144e04d69819cf098716317ba,k-means,warm,exec,queue,0.07139062881469727,2.384185791015625e-07,0.0,1609701625.2764647,1609701625.546754,0.27028918266296387,1609701625.3802166,1609701625.3864574,0.0062408447265625
df7dab16421c4c95896ffe1573d87051,video,warm,exec,queue,0.016336441040039062,2.384185791015625e-07,2.384185791015625e-07,1609701625.2779348,1609701625.5424945,0.2645597457885742,1609701625.331986,1609701625.3478687,0.01588273048400879
735a444e59fe4b4d89ee8458f30abdd6,matmul,warm,exec,queue,0.020723581314086914,2.384185791015625e-07,0.0,1609701625.2794068,1609701625.5478985,0.2684917449951172,1609701625.335906,1609701625.346691,0.01078486442565918
cec4f27218654689a100f08bc830fdc7,map_reduce,warm,exec,queue,0.025667667388916016,2.384185791015625e-07,0.0,1609701625.2810006,1609701625.5894012,0.30840063095092773,1609701625.3385777,1609701625.4234416,0.08486390113830566
eb632b5e94c045d99fee05fcea7dd587,k-means,warm,exec,queue,0.0025026798248291016,4.76837158203125e-07,2.384185791015625e-07,1609701626.2411218,1609701626.393593,0.15247130393981934,1609701626.2851582,1609701626.2928367,0.007678508758544922
de978560183247b986a922b8792fac43,k-means,warm,exec,queue,0.026005983352661133,2.384185791015625e-07,2.384185791015625e-07,1609701626.245308,1609701627.1205015,0.8751935958862305,1609701626.3057723,1609701626.311504,0.0057315826416015625
cf8f327c0f184f36958d87c212c854d3,k-means,warm,exec,queue,0.03068852424621582,2.384185791015625e-07,2.384185791015625e-07,1609701626.2478807,1609701626.502437,0.25455641746520996,1609701626.3119228,1609701626.3163676,0.00444483757019043
69c3381c3ab24a29baba910c49b0b967,k-means,warm,exec,queue,0.03561043739318848,4.76837158203125e-07,0.0,1609701626.2504714,1609701626.435197,0.18472576141357422,1609701626.3181093,1609701626.3247385,0.006629228591918945
92f9069028f54186b725d5e55f222673,k-means,warm,exec,queue,0.04101109504699707,4.76837158203125e-07,2.384185791015625e-07,1609701626.2533612,1609701626.4385839,0.18522262573242188,1609701626.3233087,1609701626.3282678,0.0049591064453125
855226e4eb7d473b8a95038979df3ecb,k-means,warm,exec,queue,0.045473337173461914,2.384185791015625e-07,4.76837158203125e-07,1609701626.2559397,1609701627.068969,0.8130292892456055,1609701626.32857,1609701626.3349903,0.0064203739166259766
2ce422525b6f45679af42f8c1bb5d4f8,k-means,warm,exec,queue,0.0501859188079834,2.384185791015625e-07,2.384185791015625e-07,1609701626.257735,1609701626.5043535,0.24661850929260254,1609701626.3345735,1609701626.3408601,0.00628662109375
3f8404d09b724b2bbbdec3f7e95d64e2,k-means,warm,exec,queue,0.02093791961669922,2.384185791015625e-07,2.384185791015625e-07,1609701626.2592523,1609701626.4379938,0.178741455078125,1609701626.301441,1609701626.3061962,0.004755258560180664
6ef402264aa546e0ac07fa3beaaa671f,k-means,warm,exec,queue,0.016068458557128906,2.384185791015625e-07,0.0,1609701626.2607973,1609701627.054894,0.7940967082977295,1609701626.2961326,1609701626.3047664,0.008633852005004883
ce80835cc376400c9b328f885721190b,k-means,warm,exec,queue,0.009185075759887695,2.384185791015625e-07,4.76837158203125e-07,1609701626.2624326,1609701626.3917503,0.1293177604675293,1609701626.2851932,1609701626.293189,0.007995843887329102
de684b827d3f40ae9abae7eb24809f60,k-means,warm,exec,queue,0.013941049575805664,2.384185791015625e-07,2.384185791015625e-07,1609701626.2639406,1609701626.6269133,0.3629727363586426,1609701626.290211,1609701626.2981153,0.007904291152954102
13098ca13f1a4dea9e70853549aaa26c,k-means,warm,exec,queue,6.771087646484375e-05,4.76837158203125e-07,2.384185791015625e-07,1609701627.2428737,1609701627.370865,0.1279914379119873,1609701627.2858667,1609701627.2927363,0.00686955451965332
1cb7cb6604a74b7aae70493f60b5684c,k-means,warm,exec,queue,0.005588054656982422,2.384185791015625e-07,2.384185791015625e-07,1609701627.2471282,1609701627.3725774,0.12544918060302734,1609701627.287055,1609701627.2946455,0.007590532302856445
732e312eaa464a63a51a7d06a7101bd4,k-means,warm,exec,queue,0.010272979736328125,2.384185791015625e-07,2.384185791015625e-07,1609701627.2497742,1609701627.4061673,0.15639305114746094,1609701627.2921252,1609701627.3003647,0.008239507675170898
39733e7a4ec94df38beb9ec8c65a3540,k-means,warm,exec,queue,0.015532255172729492,2.384185791015625e-07,0.0,1609701627.2523673,1609701627.5290062,0.2766389846801758,1609701627.302936,1609701627.3109891,0.008053064346313477
e2140c13fa1f49b28a179c24f7bc18be,k-means,warm,exec,queue,0.02075648307800293,2.384185791015625e-07,0.0,1609701627.2552288,1609701627.4033632,0.14813446998596191,1609701627.3036027,1609701627.3096218,0.006019115447998047
05350c514ef642769273d5e6dedb98b6,k-means,warm,exec,queue,0.02586078643798828,2.384185791015625e-07,0.0,1609701627.2574115,1609701627.55455,0.2971384525299072,1609701627.3086708,1609701627.3148704,0.00619959831237793
5d030ec94a1c4e2caf5b3c7dea8aebf5,k-means,warm,exec,queue,0.030703306198120117,2.384185791015625e-07,2.384185791015625e-07,1609701627.258979,1609701627.4067829,0.14780378341674805,1609701627.3172405,1609701627.3234906,0.006250143051147461
87788ffd3218435d914cfdf047b24564,k-means,warm,exec,queue,0.035453081130981445,2.384185791015625e-07,2.384185791015625e-07,1609701627.260566,1609701627.6715288,0.4109628200531006,1609701627.3208437,1609701627.3267477,0.005903959274291992
893da482a63e4d7eafcf5c4887f87b59,k-means,warm,exec,queue,0.040331125259399414,2.384185791015625e-07,2.384185791015625e-07,1609701627.2621322,1609701627.5147011,0.25256896018981934,1609701627.3262732,1609701627.3313427,0.0050694942474365234
f9f4079911bc47b58ad669bdf6b18238,k-means,warm,exec,queue,0.04547595977783203,4.76837158203125e-07,0.0,1609701627.2638292,1609701627.4533653,0.18953609466552734,1609701627.3320534,1609701627.3389792,0.006925821304321289
ef73f1400b7b473e9fb6cf5fa5081f0e,k-means,warm,exec,queue,0.050201416015625,4.76837158203125e-07,0.0,1609701627.2654142,1609701627.6317873,0.36637306213378906,1609701627.3366194,1609701627.3419945,0.0053751468658447266
e849a916cdc74a0f9543aa2a7e1d9a90,video,warm,exec,queue,0.013892412185668945,4.76837158203125e-07,2.384185791015625e-07,1609701627.266997,1609701627.4550998,0.18810272216796875,1609701627.3038023,1609701627.3207,0.01689767837524414
743d3fa99f374805b116d92ab3e73d66,k-means,warm,exec,queue,8.797645568847656e-05,4.76837158203125e-07,2.384185791015625e-07,1609701628.2418554,1609701628.3984184,0.15656304359436035,1609701628.282913,1609701628.2914948,0.008581876754760742
3eee21ebefbc4b26b94e9a17dc207134,k-means,warm,exec,queue,0.006134986877441406,2.384185791015625e-07,2.384185791015625e-07,1609701628.2462046,1609701628.404831,0.15862631797790527,1609701628.2830684,1609701628.2918272,0.008758783340454102
691ec5f0822a4c25b49fffa437405c03,k-means,warm,exec,queue,0.011047840118408203,2.384185791015625e-07,2.384185791015625e-07,1609701628.248842,1609701628.4016752,0.1528332233428955,1609701628.2877004,1609701628.2967846,0.009084224700927734
3b05ebeb2dec46c08467f141fb71fa02,k-means,warm,exec,queue,0.015711545944213867,4.76837158203125e-07,0.0,1609701628.25147,1609701628.4882052,0.23673510551452637,1609701628.2926908,1609701628.301248,0.008557319641113281
349a5f341aaf49da8648af801ebd0521,k-means,warm,exec,queue,0.020134687423706055,7.152557373046875e-07,2.384185791015625e-07,1609701628.2541316,1609701628.4827874,0.22865581512451172,1609701628.3030763,1609701628.3115327,0.00845646858215332
fdd0b1aa8ec34c3fb0095295b9760fc6,k-means,warm,exec,queue,0.02449798583984375,2.384185791015625e-07,2.384185791015625e-07,1609701628.2568333,1609701628.4042387,0.14740538597106934,1609701628.303939,1609701628.3107376,0.006798505783081055
225fd043daf64bf6a52f805b1b323e4a,k-means,warm,exec,queue,0.02886795997619629,7.152557373046875e-07,1.1920928955078125e-06,1609701628.2584376,1609701628.4887571,0.23031949996948242,1609701628.31338,1609701628.3190281,0.005648136138916016
8cbc1c150e7d4f699e3de5ad77a73352,k-means,warm,exec,queue,0.03314566612243652,9.5367431640625e-07,4.76837158203125e-07,1609701628.2600312,1609701628.4010835,0.14105224609375,1609701628.3137236,1609701628.3207898,0.007066249847412109
da3ae3a7056249b493251e626b6d2549,k-means,warm,exec,queue,0.037581682205200195,2.384185791015625e-07,2.384185791015625e-07,1609701628.261651,1609701628.487578,0.22592687606811523,1609701628.3183603,1609701628.3253503,0.006989955902099609
b3abd02fef4e48a39134e3b5640f52b5,k-means,warm,exec,queue,0.0007929801940917969,4.76837158203125e-07,0.0,1609701629.2552233,1609701629.4184308,0.1632075309753418,1609701629.337764,1609701629.346238,0.008473873138427734
a603c87c6d2b4d8fbf4b6c3fa7b84f83,k-means,warm,exec,queue,0.05859565734863281,4.76837158203125e-07,2.384185791015625e-07,1609701629.2594538,1609701629.7219691,0.46251535415649414,1609701629.3941798,1609701629.3996587,0.005478858947753906
6481271b824842ffb3bfff500894bed4,k-means,warm,exec,queue,0.06315040588378906,2.384185791015625e-07,2.384185791015625e-07,1609701629.2620943,1609701629.661292,0.3991978168487549,1609701629.3985708,1609701629.4066696,0.008098840713500977
dd023a37e440430db5c6e59cdebfa1bf,k-means,warm,exec,queue,0.06874418258666992,2.384185791015625e-07,2.384185791015625e-07,1609701629.2646422,1609701629.4927735,0.22813129425048828,1609701629.4053206,1609701629.4100783,0.00475764274597168
a12a6cb31f4c484abfa56b58fe81019e,k-means,warm,exec,queue,0.0744025707244873,2.384185791015625e-07,4.76837158203125e-07,1609701629.2664058,1609701629.7225935,0.45618772506713867,1609701629.411598,1609701629.4185216,0.006923675537109375
3d23c1fe7d574051ac63e76d49ca5b67,k-means,warm,exec,queue,0.07955360412597656,2.384185791015625e-07,2.384185791015625e-07,1609701629.267939,1609701629.6282907,0.3603515625,1609701629.4163685,1609701629.4212484,0.004879951477050781
4d59a2f565224c5994232c6841c6d03a,k-means,warm,exec,queue,0.008262872695922852,2.384185791015625e-07,2.384185791015625e-07,1609701629.2694948,1609701629.4942477,0.22475290298461914,1609701629.338562,1609701629.347048,0.008486032485961914
feadabf747bd487a8a43061f26bc07fe,k-means,warm,exec,queue,0.01257944107055664,2.384185791015625e-07,0.0,1609701629.2710292,1609701629.4165592,0.14552998542785645,1609701629.338658,1609701629.3472273,0.00856924057006836
d1adf83f7a47410fa800f89e1542faa5,k-means,warm,exec,queue,0.017701387405395508,4.76837158203125e-07,2.384185791015625e-07,1609701629.2943234,1609701629.4188037,0.1244802474975586,1609701629.3439043,1609701629.3523657,0.008461475372314453
904c70484fb247fdb9f1f52a2cef5146,k-means,warm,exec,queue,0.022301673889160156,2.384185791015625e-07,4.76837158203125e-07,1609701629.2961423,1609701629.6658716,0.36972928047180176,1609701629.3494844,1609701629.3573403,0.007855892181396484
fdbcb339fb044742817af0f80f0965e1,k-means,warm,exec,queue,0.028987407684326172,2.384185791015625e-07,2.384185791015625e-07,1609701629.2976835,1609701629.5363727,0.23868918418884277,1609701629.3602428,1609701629.3668835,0.00664067268371582
162ed45e36fb4fcc94e2634cbd2c522f,k-means,warm,exec,queue,0.03409266471862793,2.384185791015625e-07,2.384185791015625e-07,1609701629.299293,1609701629.6653123,0.36601924896240234,1609701629.3627415,1609701629.3692992,0.0065577030181884766
073f1d1208fa4ba4823194b5613a41be,k-means,warm,exec,queue,0.03906869888305664,2.384185791015625e-07,4.76837158203125e-07,1609701629.3008265,1609701629.6681054,0.3672788143157959,1609701629.367646,1609701629.3751867,0.007540702819824219
49933909b45b4540a990d33ea3b175c4,k-means,warm,exec,queue,0.04358386993408203,2.384185791015625e-07,0.0,1609701629.3023329,1609701629.4502096,0.14787673950195312,1609701629.3744652,1609701629.3822293,0.007764101028442383
e331421035f94cb5b50e4e001f1692c7,k-means,warm,exec,queue,0.04860401153564453,2.384185791015625e-07,2.384185791015625e-07,1609701629.3038285,1609701629.5761106,0.27228212356567383,1609701629.377658,1609701629.3839574,0.006299495697021484
9c7769659d6f4c318a8f5dce63da25c7,k-means,warm,exec,queue,0.05302000045776367,2.384185791015625e-07,2.384185791015625e-07,1609701629.305426,1609701629.6664057,0.3609797954559326,1609701629.38372,1609701629.389005,0.005285024642944336
df3cb6a7aacb43758e110503104a13d9,k-means,warm,exec,queue,0.05741405487060547,2.384185791015625e-07,2.384185791015625e-07,1609701629.3069484,1609701629.5346477,0.22769927978515625,1609701629.390114,1609701629.3978326,0.007718563079833984
cdb2f22d8adc4213a50eaa26cb554b30,video,warm,exec,queue,0.021889925003051758,2.384185791015625e-07,2.384185791015625e-07,1609701629.3084714,1609701629.7189858,0.41051435470581055,1609701629.361299,1609701629.377461,0.01616191864013672
624522ddcb67444aacadfd3114613558,k-means,warm,exec,queue,0.0026590824127197266,4.76837158203125e-07,2.384185791015625e-07,1609701630.2472346,1609701630.369486,0.12225151062011719,1609701630.2958999,1609701630.303283,0.007383108139038086
ff505ac2a2d84c16ad373ff7b10b99bb,k-means,warm,exec,queue,0.03411984443664551,2.384185791015625e-07,2.384185791015625e-07,1609701630.2516258,1609701630.5165489,0.264923095703125,1609701630.3254726,1609701630.3321261,0.006653547286987305
7c73699f46d6475faa26c1421d3006df,k-means,warm,exec,queue,0.038541555404663086,2.384185791015625e-07,2.384185791015625e-07,1609701630.2542412,1609701630.536814,0.28257274627685547,1609701630.3333616,1609701630.341755,0.008393287658691406
144d7294f3fe40d2a1fb9afe95dde7cd,k-means,warm,exec,queue,0.045392751693725586,0.0,2.384185791015625e-07,1609701630.2569244,1609701630.5128126,0.2558882236480713,1609701630.338481,1609701630.3450768,0.0065958499908447266
311d67184fb64f92b3d3e0b82f7eb035,k-means,warm,exec,queue,0.05014443397521973,2.384185791015625e-07,2.384185791015625e-07,1609701630.2598534,1609701630.5159225,0.2560691833496094,1609701630.3424716,1609701630.349453,0.006981372833251953
1118b98db105426ab08b74e490abf251,k-means,warm,exec,queue,0.055022478103637695,2.384185791015625e-07,2.384185791015625e-07,1609701630.2616496,1609701630.4797363,0.21808671951293945,1609701630.3477328,1609701630.3523948,0.004662036895751953
908d05c0fff84cc786469be2bba723bc,k-means,warm,exec,queue,0.05970048904418945,2.384185791015625e-07,0.0,1609701630.2632427,1609701630.7224386,0.4591958522796631,1609701630.35391,1609701630.3601072,0.006197214126586914
9d55a0aa23904b20a502a76465a11aed,k-means,warm,exec,queue,0.029668569564819336,2.384185791015625e-07,2.384185791015625e-07,1609701630.2648509,1609701630.4780083,0.21315741539001465,1609701630.3210511,1609701630.328376,0.007324934005737305
ef0d2ec313c9447fbaa384f2772115fe,k-means,warm,exec,queue,0.023792266845703125,7.152557373046875e-07,4.76837158203125e-07,1609701630.2664607,1609701630.4062865,0.13982582092285156,1609701630.3204987,1609701630.3275425,0.0070438385009765625
7ea647c8dba94934830ab11aa5b63bce,k-means,warm,exec,queue,0.017302513122558594,7.152557373046875e-07,2.384185791015625e-07,1609701630.2681987,1609701630.4069035,0.13870477676391602,1609701630.3164878,1609701630.3249302,0.008442401885986328
9bf096b4acdd4724815ba9159a4156a6,k-means,warm,exec,queue,0.009673833847045898,2.384185791015625e-07,2.384185791015625e-07,1609701630.269812,1609701630.4074717,0.13765954971313477,1609701630.2963414,1609701630.3047996,0.008458137512207031
7ae32b712dcd45aea1a7a1f35010522d,k-means,warm,exec,queue,0.015020370483398438,2.384185791015625e-07,2.384185791015625e-07,1609701630.2713785,1609701630.4024372,0.1310586929321289,1609701630.3028445,1609701630.310911,0.008066415786743164
e0793bb3f12f4f368a77674d59dcc253,matmul,warm,exec,queue,0.016247272491455078,7.152557373046875e-07,2.384185791015625e-07,1609701630.2729673,1609701630.6570656,0.3840982913970947,1609701630.3199751,1609701630.3287582,0.008783102035522461
c638147edca74af3aa861b397320dedc,k-means,warm,exec,queue,0.004208803176879883,4.76837158203125e-07,0.0,1609701631.255144,1609701631.374978,0.11983418464660645,1609701631.2939267,1609701631.302384,0.008457183837890625
8037468dcf284bb7a3793d3c1b41473f,video,warm,exec,queue,0.015702009201049805,0.0,2.384185791015625e-07,1609701631.2593918,1609701631.513811,0.25441932678222656,1609701631.31798,1609701631.3348227,0.01684260368347168
5d7ab93b2254401caca0a5e5cc0e9b8b,k-means,warm,exec,queue,0.03957509994506836,2.384185791015625e-07,0.0,1609701631.2620244,1609701631.4753137,0.2132892608642578,1609701631.3336418,1609701631.340121,0.0064792633056640625
1574c1d5f0f349ac9a62ea590f84b7ca,k-means,warm,exec,queue,0.03508138656616211,4.76837158203125e-07,2.384185791015625e-07,1609701631.264577,1609701631.4387221,0.17414522171020508,1609701631.326948,1609701631.3343158,0.007367849349975586
4816429f674749549424e2f998d969a3,k-means,warm,exec,queue,0.02980518341064453,2.384185791015625e-07,0.0,1609701631.2671094,1609701631.4746602,0.2075507640838623,1609701631.3240945,1609701631.3306558,0.006561279296875
b344e5312a2842ab806b11cc38021ee3,k-means,warm,exec,queue,0.007900714874267578,2.384185791015625e-07,2.384185791015625e-07,1609701631.269378,1609701631.3744297,0.10505175590515137,1609701631.2955503,1609701631.3041081,0.008557796478271484
039189a52b06435bacdd445f4b2ea5ab,k-means,warm,exec,queue,0.012979269027709961,2.384185791015625e-07,2.384185791015625e-07,1609701631.2708905,1609701631.371747,0.10085654258728027,1609701631.3010554,1609701631.3088374,0.007781982421875
f6f4f1e906f9492985ad796a74040609,k-means,warm,exec,queue,0.017718076705932617,2.384185791015625e-07,0.0,1609701631.272398,1609701631.396364,0.12396597862243652,1609701631.3061557,1609701631.31473,0.008574247360229492
f18e823f452646fbad4dbdbf6037264c,k-means,warm,exec,queue,0.02231001853942871,2.384185791015625e-07,2.384185791015625e-07,1609701631.2738912,1609701631.3980424,0.12415122985839844,1609701631.3175378,1609701631.3248682,0.007330417633056641
dec8f12928884aee932b1e0aa5e1e286,k-means,warm,exec,queue,0.02694392204284668,4.76837158203125e-07,2.384185791015625e-07,1609701631.275493,1609701631.4772623,0.20176935195922852,1609701631.3178716,1609701631.3251052,0.007233619689941406
75137c8011d247409f88fde0bb568ff8,k-means,warm,exec,queue,0.0006530284881591797,2.384185791015625e-07,2.384185791015625e-07,1609701632.2508667,1609701632.3833685,0.13250184059143066,1609701632.3006911,1609701632.3091443,0.008453130722045898
c741ae41c7874ddea9a66076a241863a,k-means,warm,exec,queue,0.042624473571777344,0.0,0.0,1609701632.2552783,1609701632.5151505,0.2598721981048584,1609701632.3409624,1609701632.3472161,0.006253719329833984
a17a4bc416c445f38d2477ea60391470,k-means,warm,exec,queue,0.04702258110046387,2.384185791015625e-07,2.384185791015625e-07,1609701632.2579265,1609701632.533406,0.2754795551300049,1609701632.347725,1609701632.3550873,0.00736236572265625
df93198234bc4866a40b455692cf4ed1,k-means,warm,exec,queue,0.05165863037109375,2.384185791015625e-07,2.384185791015625e-07,1609701632.2605472,1609701632.644125,0.383577823638916,1609701632.352308,1609701632.3585985,0.006290435791015625
86ae310d86294a25a0edb9f5bbcdc480,k-means,warm,exec,queue,0.05634903907775879,4.76837158203125e-07,2.384185791015625e-07,1609701632.2634408,1609701632.4662762,0.2028353214263916,1609701632.3564188,1609701632.361503,0.005084037780761719
8956735b07b94c9fa05ff58f7e1845e8,k-means,warm,exec,queue,0.005660533905029297,2.384185791015625e-07,2.384185791015625e-07,1609701632.2654805,1609701632.3863525,0.12087202072143555,1609701632.300511,1609701632.3091574,0.008646488189697266
08f4885690ec40b98c795eafa4c1c7e2,k-means,warm,exec,queue,0.010784626007080078,2.384185791015625e-07,0.0,1609701632.267056,1609701632.3869717,0.11991572380065918,1609701632.3037436,1609701632.3123384,0.008594751358032227
2cd87d39785c43af8585e4f56660c71f,k-means,warm,exec,queue,0.015199422836303711,2.384185791015625e-07,2.384185791015625e-07,1609701632.2686455,1609701632.4160848,0.14743924140930176,1609701632.3091564,1609701632.3180945,0.008938074111938477
30e4cd4d930043e1a8b37960c13b2bbd,k-means,warm,exec,queue,0.019614219665527344,2.384185791015625e-07,2.384185791015625e-07,1609701632.2702274,1609701632.468005,0.19777750968933105,1609701632.3142214,1609701632.3225484,0.008327007293701172
fb3bc498cc0a4a769346b4c60699fca0,k-means,warm,exec,queue,0.02393198013305664,2.384185791015625e-07,4.76837158203125e-07,1609701632.2719278,1609701632.6422334,0.37030553817749023,1609701632.3196032,1609701632.3267367,0.00713348388671875
47393635bb92479486b363fbae3a98a8,k-means,warm,exec,queue,0.028565168380737305,4.76837158203125e-07,2.384185791015625e-07,1609701632.2735116,1609701632.5134666,0.23995494842529297,1609701632.3254795,1609701632.3321152,0.0066356658935546875
c99650954afd4520a03055069415111e,k-means,warm,exec,queue,0.033605098724365234,2.384185791015625e-07,2.384185791015625e-07,1609701632.27509,1609701632.5097287,0.23463869094848633,1609701632.3297248,1609701632.3349328,0.005208015441894531
ae9acff7cf2c4c2b9ff18e7d248bec6c,k-means,warm,exec,queue,0.03910684585571289,2.384185791015625e-07,2.384185791015625e-07,1609701632.2766752,1609701632.5128562,0.23618102073669434,1609701632.3352208,1609701632.3412511,0.00603032112121582
96cc3dbbb7f8485085529381ef089d70,k-means,warm,exec,queue,7.319450378417969e-05,2.384185791015625e-07,4.76837158203125e-07,1609701633.2460732,1609701633.3515315,0.10545825958251953,1609701633.2868974,1609701633.2951927,0.008295297622680664
519b74e686f94d7f9d0bb6ccf25c31b4,video,warm,exec,queue,0.022990703582763672,4.76837158203125e-07,2.384185791015625e-07,1609701633.2501864,1609701633.4185467,0.16836023330688477,1609701633.3068743,1609701633.3236072,0.01673293113708496
d7981c68d80b4e7280d4a6e2436238fd,k-means,warm,exec,queue,0.010959863662719727,7.152557373046875e-07,2.384185791015625e-07,1609701633.252838,1609701633.384507,0.1316690444946289,1609701633.2945724,1609701633.3028564,0.00828409194946289
ed961cb1590d437c972a9a705296b8e1,k-means,warm,exec,queue,0.016054391860961914,2.384185791015625e-07,2.384185791015625e-07,1609701633.2554138,1609701633.4515462,0.19613242149353027,1609701633.3004694,1609701633.3092558,0.008786439895629883
bf05a6f1d66a45f385054a56880c863e,k-means,warm,exec,queue,0.022294998168945312,0.0,0.0,1609701633.2580192,1609701633.5607703,0.3027510643005371,1609701633.3062449,1609701633.3138866,0.007641792297363281
ca95006ef65d4e86a55ebf69d45bde8f,k-means,warm,exec,queue,0.026954174041748047,2.384185791015625e-07,2.384185791015625e-07,1609701633.2608204,1609701633.6612015,0.40038108825683594,1609701633.3113987,1609701633.3168638,0.005465030670166016
8be2b6a31e9c41a29f8980e0f74083d4,k-means,warm,exec,queue,0.032766103744506836,2.384185791015625e-07,0.0,1609701633.2624006,1609701633.4214694,0.15906882286071777,1609701633.3191547,1609701633.3257034,0.006548643112182617
d03b232363694b019b4c3196fcf71fa9,k-means,warm,exec,queue,0.03740382194519043,2.384185791015625e-07,2.384185791015625e-07,1609701633.2639759,1609701633.593835,0.32985925674438477,1609701633.3226957,1609701633.32763,0.0049343109130859375
a4b7a731f8ca457f87effb7f72709fc1,k-means,warm,exec,queue,0.042714834213256836,4.76837158203125e-07,4.76837158203125e-07,1609701633.2655733,1609701633.4220204,0.156447172164917,1609701633.331898,1609701633.3382502,0.00635218620300293
2d46cf6748fd4d7ab952b97287cd36be,k-means,warm,exec,queue,0.0058481693267822266,7.152557373046875e-07,2.384185791015625e-07,1609701633.26728,1609701633.4534497,0.18616962432861328,1609701633.287907,1609701633.2963772,0.008470296859741211
e84cddf60d034a529ae0ff84a5577c36,k-means,warm,exec,queue,0.00702977180480957,4.76837158203125e-07,2.384185791015625e-07,1609701634.2576785,1609701634.3976543,0.13997578620910645,1609701634.3147786,1609701634.3235974,0.008818864822387695
e54f7397cfac4cacbe8442a880ae3e55,k-means,warm,exec,queue,0.048563480377197266,2.384185791015625e-07,2.384185791015625e-07,1609701634.2621338,1609701634.5176146,0.2554807662963867,1609701634.3574939,1609701634.3636155,0.006121635437011719
dd9f2fb4616e44169fbc3557093c1857,k-means,warm,exec,queue,0.05381655693054199,2.384185791015625e-07,2.384185791015625e-07,1609701634.2647605,1609701634.4806678,0.21590733528137207,1609701634.363132,1609701634.3676126,0.004480600357055664
90e955ab0c35435998acb43763ea12b2,k-means,warm,exec,queue,0.016144752502441406,7.152557373046875e-07,0.0,1609701634.2673383,1609701634.5724363,0.3050980567932129,1609701634.3193913,1609701634.328015,0.008623838424682617
783b2aa321e54526b8269fb334f9e11b,k-means,warm,exec,queue,0.020513534545898438,4.76837158203125e-07,2.384185791015625e-07,1609701634.2695043,1609701634.5152977,0.24579334259033203,1609701634.3240128,1609701634.3316164,0.007603645324707031
1e837d2c7d404489a42173fc955ee4cf,k-means,warm,exec,queue,0.024977684020996094,2.384185791015625e-07,2.384185791015625e-07,1609701634.2710588,1609701634.5159159,0.2448570728302002,1609701634.3300755,1609701634.3366113,0.006535768508911133
f0f4628dab6f4710ac3a0612de98e73a,k-means,warm,exec,queue,0.03051137924194336,2.384185791015625e-07,2.384185791015625e-07,1609701634.2726235,1609701634.6545773,0.38195371627807617,1609701634.3350134,1609701634.3412778,0.006264448165893555
9dde51d064b64aff881088002266fd89,k-means,warm,exec,queue,0.03514814376831055,2.384185791015625e-07,0.0,1609701634.2741785,1609701634.5123796,0.23820114135742188,1609701634.3411517,1609701634.345744,0.004592180252075195
4eb9f884d8d44d2f840edae498f1b77d,k-means,warm,exec,queue,0.04013395309448242,4.76837158203125e-07,2.384185791015625e-07,1609701634.2757337,1609701634.7554095,0.4796757698059082,1609701634.3466733,1609701634.351324,0.00465083122253418
c178bdba1e7c44c3b42efd28868c3e44,k-means,warm,exec,queue,0.04520535469055176,2.384185791015625e-07,0.0,1609701634.2774348,1609701634.6579382,0.38050341606140137,1609701634.3516777,1609701634.356081,0.004403352737426758
8a62adb00d1d43cdb4240ec941e87c0f,k-means,warm,exec,queue,0.011258125305175781,2.384185791015625e-07,2.384185791015625e-07,1609701634.278993,1609701634.395843,0.11685013771057129,1609701634.3136249,1609701634.321275,0.007650136947631836
67103ecbb6b34e218590dd9417ad5679,k-means,warm,exec,queue,0.0585019588470459,4.76837158203125e-07,2.384185791015625e-07,1609701634.2805614,1609701634.4788878,0.19832634925842285,1609701634.3695154,1609701634.3765397,0.007024288177490234
62e124c034234b988cf2a3027ea6cd81,k-means,warm,exec,queue,0.06329917907714844,2.384185791015625e-07,0.0,1609701634.2821171,1609701634.4823837,0.20026659965515137,1609701634.3735905,1609701634.3776538,0.00406336784362793
c32e58d122ee4d549a275267ab4e5b9c,k-means,warm,exec,queue,0.06785416603088379,2.384185791015625e-07,0.0,1609701634.283751,1609701634.757909,0.47415804862976074,1609701634.3790033,1609701634.3855212,0.006517887115478516
69cfd1b513a74d269d255f5c14679653,k-means,warm,exec,queue,0.0725703239440918,2.384185791015625e-07,0.0,1609701634.2853017,1609701634.7032244,0.4179227352142334,1609701634.383741,1609701634.388392,0.004651069641113281
bae3a6704134456aa040d64200e4fe47,k-means,warm,exec,queue,0.07807135581970215,2.384185791015625e-07,2.384185791015625e-07,1609701634.286834,1609701634.7584248,0.4715907573699951,1609701634.3913112,1609701634.3987317,0.007420539855957031
215999e4de294572b311eabcb84dd239,k-means,warm,exec,queue,0.08288908004760742,4.76837158203125e-07,4.76837158203125e-07,1609701634.2884843,1609701634.6573765,0.36889219284057617,1609701634.3964322,1609701634.4007654,0.0043332576751708984
ea7cb35c8f564e6b922d3224ff8d273c,k-means,warm,exec,queue,0.004634380340576172,4.76837158203125e-07,2.384185791015625e-07,1609701635.258032,1609701635.5550086,0.29697656631469727,1609701635.3136418,1609701635.321904,0.008262157440185547
459ebbd871a14e429a8207f0c28caf13,k-means,warm,exec,queue,0.031638145446777344,4.76837158203125e-07,2.384185791015625e-07,1609701635.2623515,1609701635.4579892,0.19563770294189453,1609701635.346133,1609701635.353979,0.00784611701965332
ecd9ae24a499422ab2b198a597b09682,k-means,warm,exec,queue,0.03790283203125,2.384185791015625e-07,4.76837158203125e-07,1609701635.2650115,1609701635.4562955,0.1912839412689209,1609701635.3467057,1609701635.3540914,0.007385730743408203
8a98f64a116e46b78980d4f5ff0f4c70,k-means,warm,exec,queue,0.04248690605163574,2.384185791015625e-07,2.384185791015625e-07,1609701635.2675424,1609701635.5487733,0.2812309265136719,1609701635.351241,1609701635.3595674,0.008326292037963867
c174c64c3e9f45c4b764c4a5f73baa22,k-means,warm,exec,queue,0.048113107681274414,2.384185791015625e-07,2.384185791015625e-07,1609701635.2704158,1609701635.5556085,0.28519272804260254,1609701635.3596222,1609701635.367388,0.007765769958496094
f2d33fc1991142d9bde39306d022845b,k-means,warm,exec,queue,0.05447673797607422,2.384185791015625e-07,0.0,1609701635.2727659,1609701635.5516582,0.27889227867126465,1609701635.3641632,1609701635.3718474,0.007684230804443359
d025ce20608e442ba3ae32bb12a5923c,k-means,warm,exec,queue,0.059394121170043945,2.384185791015625e-07,0.0,1609701635.2742672,1609701635.6965466,0.42227935791015625,1609701635.3689258,1609701635.3766367,0.007710933685302734
20d4f009ba114c7cb8671404c6af7581,k-means,warm,exec,queue,0.014567852020263672,4.76837158203125e-07,2.384185791015625e-07,1609701635.2757246,1609701635.4145563,0.13883161544799805,1609701635.3186414,1609701635.3269553,0.008313894271850586
461af026053d4ede88b4e9496cfd0e31,k-means,warm,exec,queue,0.019849538803100586,2.384185791015625e-07,2.384185791015625e-07,1609701635.2771976,1609701635.4163115,0.1391139030456543,1609701635.3249173,1609701635.3331466,0.008229255676269531
0e4af2f1dea34148b802217fafaefadb,k-means,warm,exec,queue,0.027680158615112305,4.76837158203125e-07,2.384185791015625e-07,1609701635.2787604,1609701635.499549,0.22078847885131836,1609701635.3449748,1609701635.352613,0.007638216018676758
900a788a0568462e9e19ae4009c3e820,k-means,warm,exec,queue,0.00992584228515625,2.384185791015625e-07,0.0,1609701635.2802672,1609701635.3818202,0.10155296325683594,1609701635.3139193,1609701635.3224347,0.008515357971191406
c6d156d12331427c9c095efa4278b86d,k-means,warm,exec,queue,0.06494569778442383,2.384185791015625e-07,2.384185791015625e-07,1609701635.2817228,1609701635.5522847,0.27056193351745605,1609701635.3746798,1609701635.3812268,0.006546974182128906
f0beeabb954040fe9942b961b1144b7b,k-means,warm,exec,queue,0.06964635848999023,2.384185791015625e-07,0.0,1609701635.2831705,1609701635.6937869,0.410616397857666,1609701635.3796954,1609701635.3858938,0.006198406219482422
6abb853357c943b0aec01f723a865bfd,k-means,warm,exec,queue,0.07412433624267578,2.384185791015625e-07,0.0,1609701635.2847934,1609701635.6988215,0.4140281677246094,1609701635.3863137,1609701635.393813,0.007499217987060547
6923ec63ee594baf85a880ac4d80d68b,video,warm,exec,queue,0.017800092697143555,2.384185791015625e-07,7.152557373046875e-07,1609701635.286251,1609701635.459618,0.17336702346801758,1609701635.3447442,1609701635.3603518,0.015607595443725586
e79b696aea0848cd83ea4cc15eb8034b,matmul,warm,exec,queue,0.02425551414489746,2.384185791015625e-07,2.384185791015625e-07,1609701635.2877119,1609701635.6971307,0.40941882133483887,1609701635.3462923,1609701635.35621,0.009917736053466797
034d6525304d474a9ec109e12067cd9e,map_reduce,warm,exec,queue,0.03110480308532715,0.0,2.384185791015625e-07,1609701635.289301,1609701635.6249533,0.33565235137939453,1609701635.3469603,1609701635.43209,0.0851297378540039
1e0119514ca841e4ab6234c566fdeb93,k-means,warm,exec,queue,0.005974769592285156,2.384185791015625e-07,2.384185791015625e-07,1609701636.2482064,1609701636.3576372,0.10943078994750977,1609701636.283445,1609701636.2924662,0.009021282196044922
fc3c8cc939af428aac64e25097c8fa71,k-means,warm,exec,queue,0.01976919174194336,2.384185791015625e-07,2.384185791015625e-07,1609701636.2522092,1609701636.4693503,0.21714115142822266,1609701636.3006902,1609701636.308897,0.008206844329833984
1a55410169d642ed9d81c6f8c322039b,k-means,warm,exec,queue,0.024631023406982422,2.384185791015625e-07,2.384185791015625e-07,1609701636.254801,1609701636.3757613,0.12096023559570312,1609701636.3037832,1609701636.3084652,0.004682064056396484
cb910e959f314df591e197c00465138a,k-means,warm,exec,queue,0.029241085052490234,2.384185791015625e-07,2.384185791015625e-07,1609701636.2573938,1609701636.4248364,0.16744256019592285,1609701636.3110988,1609701636.3190713,0.007972478866577148
c23bf8f33cfa4e5f941efe1e6dfa80f2,k-means,warm,exec,queue,0.03422284126281738,2.384185791015625e-07,2.384185791015625e-07,1609701636.2599666,1609701636.5183413,0.2583746910095215,1609701636.3154554,1609701636.3207529,0.005297422409057617
732596e1182e41c1aac78a11af4f8e2d,k-means,warm,exec,queue,0.038854360580444336,2.384185791015625e-07,2.384185791015625e-07,1609701636.2619767,1609701636.5604715,0.298494815826416,1609701636.3194437,1609701636.3259425,0.006498813629150391
ddb95513aaee4fec9799200ac34325f5,k-means,warm,exec,queue,0.04437899589538574,2.384185791015625e-07,2.384185791015625e-07,1609701636.2635589,1609701636.5621772,0.2986183166503906,1609701636.3273175,1609701636.3346286,0.007311105728149414
47b8a66303c540a49c9cb4ee035e3c75,k-means,warm,exec,queue,0.01045083999633789,2.384185791015625e-07,2.384185791015625e-07,1609701636.2651448,1609701636.3594515,0.09430670738220215,1609701636.288696,1609701636.296714,0.008018016815185547
3a864fe1266e452d98ac7517c98ec9c5,k-means,warm,exec,queue,0.015264272689819336,2.384185791015625e-07,2.384185791015625e-07,1609701636.266716,1609701636.3740373,0.10732126235961914,1609701636.294267,1609701636.303642,0.00937509536743164
3b1453f3620e421e9a511b3ccc5efb29,k-means,warm,exec,queue,0.0019021034240722656,2.384185791015625e-07,2.384185791015625e-07,1609701637.2591212,1609701637.381793,0.12267184257507324,1609701637.3170276,1609701637.3256292,0.008601665496826172
6360a6af8ce24b058c1a7299d4fd06d3,k-means,warm,exec,queue,0.04054713249206543,2.384185791015625e-07,0.0,1609701637.2634563,1609701637.9030108,0.639554500579834,1609701637.3520164,1609701637.3599076,0.007891178131103516
21f3942c061c4c42a173d7731d9fe42a,k-means,warm,exec,queue,0.05397963523864746,2.384185791015625e-07,2.384185791015625e-07,1609701637.2661293,1609701637.8703916,0.6042623519897461,1609701637.368455,1609701637.373675,0.005220174789428711
b56f9301afcf4673b3e9b34c3e0969e3,k-means,warm,exec,queue,0.044989824295043945,2.384185791015625e-07,0.0,1609701637.2687702,1609701638.0269651,0.7581949234008789,1609701637.3577654,1609701637.362678,0.004912614822387695
450ccef432e5467c9c00cb779abd8b83,k-means,warm,exec,queue,0.04953193664550781,2.384185791015625e-07,2.384185791015625e-07,1609701637.2716677,1609701637.9035068,0.6318390369415283,1609701637.3632164,1609701637.3702738,0.0070574283599853516
6ae82bf9cf5b419eabc5b21893bd4966,k-means,warm,exec,queue,0.011408805847167969,2.384185791015625e-07,0.0,1609701637.2735295,1609701637.6505075,0.37697792053222656,1609701637.3180604,1609701637.3265781,0.008517742156982422
f215336df3424498a43fd25bcf1e9d48,k-means,warm,exec,queue,0.016631603240966797,4.76837158203125e-07,2.384185791015625e-07,1609701637.2751167,1609701637.398323,0.12320637702941895,1609701637.3230937,1609701637.3323212,0.009227514266967773
b38b41d53ee54672bdbc78431d69c901,k-means,warm,exec,queue,0.02113509178161621,2.384185791015625e-07,2.384185791015625e-07,1609701637.2767131,1609701637.8678327,0.5911195278167725,1609701637.3285618,1609701637.3372862,0.008724451065063477
39645a3e72f941f1bea6cadffa7a1989,k-means,warm,exec,queue,0.02795100212097168,2.384185791015625e-07,2.384185791015625e-07,1609701637.2782912,1609701637.69921,0.42091870307922363,1609701637.341774,1609701637.348141,0.0063669681549072266
d43253cc15154f81bf73bc1574a7eb48,k-means,warm,exec,queue,0.03320479393005371,2.384185791015625e-07,0.0,1609701637.2800105,1609701637.8665593,0.5865488052368164,1609701637.3433046,1609701637.348894,0.00558924674987793
18aa8c8ee6644889848584cba9a00ab8,k-means,warm,exec,queue,0.03776836395263672,2.384185791015625e-07,0.0,1609701637.2816021,1609701637.869004,0.5874018669128418,1609701637.3452659,1609701637.3520584,0.006792545318603516
cf7654baf37247f5a1449dfbe283e39a,k-means,warm,exec,queue,0.006106138229370117,2.384185791015625e-07,2.384185791015625e-07,1609701637.2831912,1609701637.6493492,0.36615800857543945,1609701637.3177104,1609701637.3264568,0.00874638557434082
717e72f911e54675abbe953cd06d3e07,k-means,warm,exec,queue,0.059334754943847656,2.384185791015625e-07,2.384185791015625e-07,1609701637.2847965,1609701637.9051065,0.6203100681304932,1609701637.3729863,1609701637.3792834,0.006297111511230469
38b2025b06954fccb2e78452ebdbfe23,k-means,warm,exec,queue,0.06398344039916992,4.76837158203125e-07,2.384185791015625e-07,1609701637.2864847,1609701638.0285606,0.7420759201049805,1609701637.379199,1609701637.385314,0.006114959716796875
3b4ddd9a5cbb4eecb9fd199856772731,video,warm,exec,queue,0.017229080200195312,2.384185791015625e-07,0.0,1609701637.2880476,1609701637.7004135,0.4123659133911133,1609701637.342037,1609701637.357837,0.015799999237060547
dd9059044aed45f49b40aeb488f2d0d5,video,warm,exec,queue,1.993361473083496,2.384185791015625e-07,2.384185791015625e-07,1609701637.2896464,1609701639.4585223,2.1688759326934814,1609701639.3160696,1609701639.3311408,0.01507115364074707
fbaadd4c169c47bc9ede73891dbe8155,k-means,warm,exec,queue,0.0023267269134521484,7.152557373046875e-07,2.384185791015625e-07,1609701638.261437,1609701638.6838346,0.4223976135253906,1609701638.3198512,1609701638.3285527,0.008701562881469727
e9bba900f6a747b1b8b4cc7da742cae1,k-means,warm,exec,queue,0.04559326171875,2.384185791015625e-07,2.384185791015625e-07,1609701638.2650502,1609701638.5096102,0.24456000328063965,1609701638.362609,1609701638.369622,0.007013082504272461
9f20eaa699a548ac8f7cb746a296174c,k-means,warm,exec,queue,0.05090522766113281,4.76837158203125e-07,2.384185791015625e-07,1609701638.267447,1609701638.8312316,0.5637845993041992,1609701638.3678057,1609701638.372916,0.005110263824462891
cd707db11a7b4bc99fb7527d193363c5,k-means,warm,exec,queue,0.05549311637878418,2.384185791015625e-07,2.384185791015625e-07,1609701638.2698526,1609701638.6166432,0.3467905521392822,1609701638.3715158,1609701638.3777444,0.00622868537902832
6dfd44057cf9456c9cd429257d3b1e80,k-means,warm,exec,queue,0.02153921127319336,2.384185791015625e-07,2.384185791015625e-07,1609701638.272639,1609701638.5102413,0.23760223388671875,1609701638.3333442,1609701638.3423147,0.008970499038696289
182fa3399b21461e94ca4c31cb4d24e1,k-means,warm,exec,queue,0.028500795364379883,4.76837158203125e-07,2.384185791015625e-07,1609701638.2750554,1609701638.6135404,0.3384850025177002,1609701638.3400989,1609701638.3446953,0.0045964717864990234
43b5348b56da40c5ab9f1e6682388c2c,k-means,warm,exec,queue,0.03387308120727539,2.384185791015625e-07,2.384185791015625e-07,1609701638.2772148,1609701638.9601042,0.682889461517334,1609701638.3444319,1609701638.3496344,0.005202531814575195
fd4498c534c94d238dbb1fe5fabbf1fe,k-means,warm,exec,queue,0.03847765922546387,4.76837158203125e-07,2.384185791015625e-07,1609701638.278766,1609701639.0657895,0.7870235443115234,1609701638.350912,1609701638.355747,0.004834890365600586
c906efd7879242f49ea55d1c272a6ed8,k-means,warm,exec,queue,0.0429837703704834,7.152557373046875e-07,2.384185791015625e-07,1609701638.2803364,1609701638.5377524,0.2574160099029541,1609701638.3562875,1609701638.362988,0.0067005157470703125
4447acc421d34ea4b79b1511443c12df,k-means,warm,exec,queue,0.016033172607421875,2.384185791015625e-07,2.384185791015625e-07,1609701638.2820156,1609701638.5066183,0.22460269927978516,1609701638.3260138,1609701638.3344536,0.008439779281616211
33c9db88c6de473a984ec28a0a06d60e,k-means,warm,exec,queue,0.010777711868286133,2.384185791015625e-07,2.384185791015625e-07,1609701638.2835567,1609701638.9566045,0.6730477809906006,1609701638.3212779,1609701638.3301659,0.008888006210327148
72c103a354cf4e20859b17f0884b8877,k-means,warm,exec,queue,0.006710052490234375,2.384185791015625e-07,2.384185791015625e-07,1609701638.285121,1609701638.6380405,0.3529195785522461,1609701638.3205912,1609701638.328915,0.008323907852172852
d628bff207d14edb93254f045fd81d12,k-means,warm,exec,queue,0.060193538665771484,2.384185791015625e-07,0.0,1609701638.2868025,1609701639.0691795,0.7823770046234131,1609701638.378015,1609701638.3829918,0.004976749420166016
c893a97170524be9902caf7ebe4f8ec6,k-means,warm,exec,queue,0.06477499008178711,2.384185791015625e-07,2.384185791015625e-07,1609701638.288373,1609701638.616146,0.3277730941772461,1609701638.3835566,1609701638.3889103,0.005353689193725586
603be0c26e9948059d416305ca00794b,k-means,warm,exec,queue,0.06932187080383301,2.384185791015625e-07,2.384185791015625e-07,1609701638.2899263,1609701638.9595597,0.6696333885192871,1609701638.3880107,1609701638.394313,0.006302356719970703
35dd4c74421b435ba8d9a470c79a12fc,k-means,warm,exec,queue,0.07470083236694336,4.76837158203125e-07,0.0,1609701638.2914822,1609701639.0686076,0.777125358581543,1609701638.3953257,1609701638.4011467,0.0058209896087646484
f4390bd79c0c4107a66cb92dc8c5846b,k-means,warm,exec,queue,7.557868957519531e-05,7.152557373046875e-07,2.384185791015625e-07,1609701639.2554266,1609701639.366342,0.1109154224395752,1609701639.2957847,1609701639.3029256,0.0071408748626708984
9305feef84db4d0db0e38993c4f63789,video,warm,exec,queue,2.0358710289001465,4.76837158203125e-07,2.384185791015625e-07,1609701639.2593865,1609701641.4032054,2.1438188552856445,1609701641.3324091,1609701641.3476439,0.015234708786010742
0ffe05249eb64573bf75e8fca2cfe6fe,k-means,warm,exec,queue,0.006379604339599609,7.152557373046875e-07,4.76837158203125e-07,1609701639.2619245,1609701639.3920643,0.13013982772827148,1609701639.2961185,1609701639.3042629,0.008144378662109375
cd709056dcbd4bd2ac7acce337b01130,k-means,warm,exec,queue,0.011505603790283203,2.384185791015625e-07,2.384185791015625e-07,1609701639.2644124,1609701639.4596539,0.19524145126342773,1609701639.3008177,1609701639.3080952,0.007277488708496094
e5cd7f3815ef4deeb835c047035aa4dd,k-means,warm,exec,queue,0.016729354858398438,2.384185791015625e-07,0.0,1609701639.2661204,1609701639.4615886,0.19546818733215332,1609701639.3129745,1609701639.3194149,0.006440401077270508
e06a86c8103a4a8d9ac20856065220f8,k-means,warm,exec,queue,0.021372556686401367,2.384185791015625e-07,2.384185791015625e-07,1609701639.2675428,1609701639.3909833,0.12344050407409668,1609701639.3160787,1609701639.32272,0.006641387939453125
0fbeab0eaa1f4f008739ebd9b7606c4b,k-means,warm,exec,queue,0.025833606719970703,4.76837158203125e-07,2.384185791015625e-07,1609701639.2689743,1609701639.4257977,0.15682339668273926,1609701639.3178742,1609701639.3246024,0.006728172302246094
599e9196ec1f416ea32517828bb3914e,k-means,warm,exec,queue,0.03070068359375,2.384185791015625e-07,2.384185791015625e-07,1609701639.270397,1609701639.4267254,0.15632843971252441,1609701639.322664,1609701639.3294225,0.006758451461791992
ffdc794a268c4cbb921e4297428ddf4a,k-means,warm,exec,queue,0.035396575927734375,4.76837158203125e-07,2.384185791015625e-07,1609701639.271825,1609701639.4247048,0.1528797149658203,1609701639.330091,1609701639.3373854,0.007294416427612305
93ef50ccd132419cadd1343d5d73f574,k-means,warm,exec,queue,0.04007840156555176,2.384185791015625e-07,7.152557373046875e-07,1609701639.2735987,1609701639.4612553,0.18765664100646973,1609701639.3328297,1609701639.3384933,0.005663633346557617
ed0c6205526a4b948960a96ca61136e3,k-means,warm,exec,queue,0.04504513740539551,2.384185791015625e-07,2.384185791015625e-07,1609701639.2750156,1609701639.4625082,0.18749260902404785,1609701639.3385453,1609701639.344629,0.00608372688293457
fa07afb846ac477aa2290f9a624aa98a,k-means,warm,exec,queue,0.0020492076873779297,2.384185791015625e-07,4.76837158203125e-07,1609701640.2621598,1609701640.4143107,0.15215086936950684,1609701640.312734,1609701640.3203955,0.007661581039428711
d0d8aed54b8c4132afae5e5e539ec9f1,k-means,warm,exec,queue,0.008516550064086914,4.76837158203125e-07,4.76837158203125e-07,1609701640.2655911,1609701640.411898,0.14630675315856934,1609701640.3122911,1609701640.3183458,0.00605463981628418
705fc65862194d3da623014623074aa3,k-means,warm,exec,queue,0.01388692855834961,2.384185791015625e-07,0.0,1609701640.2677476,1609701640.519011,0.2512633800506592,1609701640.320719,1609701640.3276393,0.006920337677001953
eac5ec571e684e2f8228f9b4035e6de7,k-means,warm,exec,queue,0.018559932708740234,4.76837158203125e-07,4.76837158203125e-07,1609701640.2699282,1609701640.4148057,0.14487743377685547,1609701640.3282084,1609701640.3363018,0.00809335708618164
a4afb6db6f8c4ce48e6f6186042f9185,k-means,warm,exec,queue,0.023995637893676758,2.384185791015625e-07,2.384185791015625e-07,1609701640.2723498,1609701640.5729551,0.30060529708862305,1609701640.3298485,1609701640.3353372,0.00548863410949707
52abefe536804ccbaa090cdb1c267888,k-means,warm,exec,queue,0.028506755828857422,2.384185791015625e-07,2.384185791015625e-07,1609701640.2744827,1609701640.7272427,0.4527599811553955,1609701640.333395,1609701640.3394365,0.006041526794433594
abc9daed14744c49b530c6e97772f28d,k-means,warm,exec,queue,0.03406357765197754,2.384185791015625e-07,2.384185791015625e-07,1609701640.2764616,1609701640.723384,0.44692230224609375,1609701640.342452,1609701640.3492231,0.006771087646484375
6800f41e1f144d198c98a218e78e3383,k-means,warm,exec,queue,0.039206743240356445,2.384185791015625e-07,0.0,1609701640.2776577,1609701640.726651,0.4489932060241699,1609701640.3462887,1609701640.3518527,0.005563974380493164
791143ac18ea47dcaf4d19cabd966e24,k-means,warm,exec,queue,0.043871164321899414,2.384185791015625e-07,0.0,1609701640.2788255,1609701640.4727907,0.19396519660949707,1609701640.35105,1609701640.3578587,0.006808757781982422
eb3f886b4a9545a6bc6dbf1faab40df5,k-means,warm,exec,queue,0.0493474006652832,2.384185791015625e-07,2.384185791015625e-07,1609701640.280092,1609701640.5223303,0.24223828315734863,1609701640.3584826,1609701640.3643734,0.005890846252441406
6604bcf5b64f4bd6b6bf9ad8d8af6239,k-means,warm,exec,queue,0.05435490608215332,2.384185791015625e-07,0.0,1609701640.2814138,1609701640.716024,0.43461012840270996,1609701640.3631406,1609701640.3695984,0.006457805633544922
aeae2feb4cb140cdbb2787db66eac29d,k-means,warm,exec,queue,0.059914588928222656,2.384185791015625e-07,4.76837158203125e-07,1609701640.2826385,1609701640.608833,0.32619452476501465,1609701640.3691196,1609701640.374976,0.00585627555847168
97b274479a0c42afab2757591a8fc3ae,k-means,warm,exec,queue,0.06473374366760254,2.384185791015625e-07,0.0,1609701640.2838495,1609701640.60734,0.32349061965942383,1609701640.37587,1609701640.3817997,0.005929708480834961
12262d87e8b943b69b8ce1b83a768ba9,k-means,warm,exec,queue,0.06923961639404297,0.0,0.0,1609701640.2851193,1609701640.474574,0.1894547939300537,1609701640.3794024,1609701640.3851748,0.00577235221862793
60cd18a9736147c695f67b774f7dc837,k-means,warm,exec,queue,0.07384443283081055,2.384185791015625e-07,2.384185791015625e-07,1609701640.2863076,1609701640.7227607,0.43645310401916504,1609701640.383344,1609701640.388699,0.005355119705200195
bf9e530f1b544bb099d22646412c0b8f,k-means,warm,exec,queue,0.07845592498779297,2.384185791015625e-07,0.0,1609701640.2874982,1609701640.51998,0.2324817180633545,1609701640.3898373,1609701640.3956628,0.005825519561767578
297a84b558784047873bdaafbc2828d6,matmul,warm,exec,queue,0.014727354049682617,0.0,0.0,1609701640.2887986,1609701640.6068444,0.31804585456848145,1609701640.329436,1609701640.3403776,0.010941505432128906
4886e35e86ca4547b9e5e2544a3fc2ce,k-means,warm,exec,queue,7.62939453125e-05,7.152557373046875e-07,2.384185791015625e-07,1609701641.2577746,1609701641.3750763,0.11730170249938965,1609701641.3087487,1609701641.3160548,0.007306098937988281
c2682544045b4a01b1c3dafac32b1026,video,cold,exec,create,-3.964056968688965,5.458657264709473,2.384185791015625e-07,1609701641.262711,1609701642.896125,1.6334140300750732,1609701642.7986395,1609701642.832285,0.0336453914642334
42a49035ec1646088f8c15cc5853d6bd,k-means,warm,exec,queue,0.00420069694519043,2.384185791015625e-07,0.0,1609701641.2658882,1609701641.5959601,0.33007192611694336,1609701641.3085356,1609701641.3162956,0.007760047912597656
8a84eae1ccc84ca0943b0a986bf1d0b6,k-means,warm,exec,queue,0.009502649307250977,2.384185791015625e-07,2.384185791015625e-07,1609701641.2689645,1609701641.4038036,0.13483905792236328,1609701641.3127384,1609701641.3187082,0.0059697628021240234
03a03f595304466aa816dcd6295d64fb,k-means,warm,exec,queue,0.014791250228881836,4.76837158203125e-07,2.384185791015625e-07,1609701641.2723749,1609701641.5049033,0.2325284481048584,1609701641.320708,1609701641.3275454,0.006837368011474609
7d77b9e376c14c0e96debcfbadb2b90d,k-means,warm,exec,queue,0.02197575569152832,2.384185791015625e-07,7.152557373046875e-07,1609701641.2747328,1609701641.4002373,0.1255044937133789,1609701641.332424,1609701641.3389153,0.006491422653198242
2f4faecda93c4af484c910a2c0fdb149,k-means,warm,exec,queue,0.027690649032592773,2.384185791015625e-07,2.384185791015625e-07,1609701641.2770624,1609701641.5514565,0.27439403533935547,1609701641.335041,1609701641.3419218,0.006880760192871094
5de50c26918c4bf5b60ffde6398171c7,k-means,warm,exec,queue,0.03247499465942383,2.384185791015625e-07,0.0,1609701641.2793698,1609701641.4338536,0.15448379516601562,1609701641.3381846,1609701641.3455756,0.0073909759521484375
44b3958243184955aaf72c147f09dd0f,k-means,warm,exec,queue,0.03804135322570801,7.152557373046875e-07,0.0,1609701641.281688,1609701641.5015457,0.21985769271850586,1609701641.3459609,1609701641.3531141,0.00715327262878418
8e46ba5023084bbea0bc7782fce6e266,k-means,warm,exec,queue,0.04331254959106445,2.384185791015625e-07,0.0,1609701641.2841473,1609701641.5943725,0.310225248336792,1609701641.3492355,1609701641.3551533,0.005917787551879883
8b8f02b5bb9b450ba5e046ead2788ba7,k-means,warm,exec,queue,0.04858899116516113,4.76837158203125e-07,2.384185791015625e-07,1609701641.286453,1609701641.5034184,0.2169654369354248,1609701641.3556142,1609701641.3617566,0.006142377853393555
8f997b6e817849638766700d44892db1,k-means,warm,exec,queue,0.003775358200073242,4.76837158203125e-07,2.384185791015625e-07,1609701642.2573054,1609701642.3718705,0.11456513404846191,1609701642.2978003,1609701642.3059347,0.00813436508178711
9a59abcde94a42f1aad90d927fd42b78,k-means,warm,exec,queue,0.04584383964538574,2.384185791015625e-07,2.384185791015625e-07,1609701642.2614117,1609701642.5730872,0.3116755485534668,1609701642.3412971,1609701642.3474138,0.006116628646850586
481a573997ff41d5b2740ee9a162bf8a,k-means,warm,exec,queue,0.04105973243713379,4.76837158203125e-07,2.384185791015625e-07,1609701642.2639468,1609701642.4301264,0.16617965698242188,1609701642.3358364,1609701642.3425763,0.00673985481262207
20b61c9792fd4a0a90a7204753becf4e,k-means,warm,exec,queue,0.03616070747375488,2.384185791015625e-07,2.384185791015625e-07,1609701642.2665,1609701642.5696423,0.3031423091888428,1609701642.3322606,1609701642.3389084,0.006647825241088867
f52d861208e04ed0afa38c929398dcb0,k-means,warm,exec,queue,0.03131556510925293,4.76837158203125e-07,2.384185791015625e-07,1609701642.2690556,1609701642.4285054,0.15944981575012207,1609701642.327096,1609701642.3336706,0.0065746307373046875
1d444dd39d7b439e9f2dbd8ac0ad0583,k-means,warm,exec,queue,0.02599167823791504,2.384185791015625e-07,2.384185791015625e-07,1609701642.2718666,1609701642.57145,0.29958343505859375,1609701642.3191721,1609701642.3253534,0.006181240081787109
27b7824422414c60aadb1be5b8ae6270,k-means,warm,exec,queue,0.007456541061401367,2.384185791015625e-07,2.384185791015625e-07,1609701642.2735472,1609701642.372467,0.09891986846923828,1609701642.2973542,1609701642.3053548,0.008000612258911133
991cadc4abc04b5cbf9e86433b2ac1d5,k-means,warm,exec,queue,0.012707948684692383,4.76837158203125e-07,4.76837158203125e-07,1609701642.2750351,1609701642.3690877,0.09405255317687988,1609701642.3030186,1609701642.3108106,0.007791996002197266
cf09a79e2f3e48b9bef87dd8d6cb6e81,k-means,warm,exec,queue,0.017300844192504883,2.384185791015625e-07,4.76837158203125e-07,1609701642.2765496,1609701642.4268608,0.15031123161315918,1609701642.3080266,1609701642.316033,0.00800633430480957
064e0ba3dc1442e0aff1512dd9ac9e90,k-means,warm,exec,queue,0.022576570510864258,2.384185791015625e-07,2.384185791015625e-07,1609701642.2781484,1609701642.393074,0.11492562294006348,1609701642.3129814,1609701642.3190768,0.006095409393310547
9e66afabbc774c6ab39b7b15843f8c70,video,warm,exec,queue,0.003168344497680664,4.76837158203125e-07,2.384185791015625e-07,1609701643.2408538,1609701643.3379338,0.09707999229431152,1609701643.2545848,1609701643.2717683,0.017183542251586914
b199514a7e4d414d8be564896bc65daa,video,warm,exec,queue,0.002508878707885742,7.152557373046875e-07,2.384185791015625e-07,1609701645.2508316,1609701645.3737283,0.12289667129516602,1609701645.2740352,1609701645.2910936,0.017058372497558594
3e49f77cc0c4438785b733f61e6505a3,disk,warm,exec,queue,0.017528057098388672,4.76837158203125e-07,2.384185791015625e-07,1609701645.2548544,1609701645.4495268,0.1946723461151123,1609701645.2900898,1609701645.2983384,0.008248567581176758
11066d2b66304901b27f217af7d8f33e,matmul,warm,exec,queue,0.00571894645690918,4.76837158203125e-07,2.384185791015625e-07,1609701645.2575922,1609701645.3754606,0.11786842346191406,1609701645.279113,1609701645.2900906,0.010977506637573242
5a9ae1047d464310a131884462249c61,map_reduce,warm,exec,queue,0.01316690444946289,4.76837158203125e-07,0.0,1609701645.2602627,1609701645.4490304,0.188767671585083,1609701645.2834501,1609701645.3684773,0.08502721786499023
6397d97c65cd4c97bf868420d0142c5c,k-means,warm,exec,queue,0.008512735366821289,2.384185791015625e-07,0.0,1609701647.2667093,1609701647.394508,0.12779855728149414,1609701647.3138235,1609701647.321735,0.007911443710327148
e83c6a97ca494b82a5be736af040ab1e,k-means,warm,exec,queue,0.03825235366821289,4.76837158203125e-07,2.384185791015625e-07,1609701647.2709758,1609701647.7618177,0.4908418655395508,1609701647.3476357,1609701647.3540087,0.006372928619384766
f2c8a0722c144d16867594b2f8fad324,k-means,warm,exec,queue,0.04287409782409668,2.384185791015625e-07,2.384185791015625e-07,1609701647.2735574,1609701647.5113292,0.23777174949645996,1609701647.351508,1609701647.357391,0.005883216857910156
121643909fac45cf841bc169b250139e,k-means,warm,exec,queue,0.047698020935058594,4.76837158203125e-07,2.384185791015625e-07,1609701647.2760735,1609701647.4888606,0.21278715133666992,1609701647.3570704,1609701647.3632557,0.006185293197631836
5c046118299541008fab6f3b1e7c2f25,k-means,warm,exec,queue,0.05244040489196777,2.384185791015625e-07,2.384185791015625e-07,1609701647.278886,1609701647.680928,0.4020419120788574,1609701647.3636248,1609701647.36912,0.0054950714111328125
0f48f4b7490e40398cb687d07593e28b,k-means,warm,exec,queue,0.05713701248168945,2.384185791015625e-07,2.384185791015625e-07,1609701647.2811377,1609701647.7564054,0.4752676486968994,1609701647.3684082,1609701647.3743796,0.005971431732177734
64194fa229644ab59a7aef7559e9c1c5,k-means,warm,exec,queue,0.06271171569824219,4.76837158203125e-07,2.384185791015625e-07,1609701647.2826161,1609701647.682997,0.40038084983825684,1609701647.3748457,1609701647.3815792,0.006733417510986328
22cf2cb75bf44796a08bcdf7d5b363c7,k-means,warm,exec,queue,0.033654212951660156,4.76837158203125e-07,2.384185791015625e-07,1609701647.2841063,1609701647.444834,0.16072773933410645,1609701647.3424568,1609701647.3484392,0.005982398986816406
d925243553e74260ab23f4e5cd35ee4d,k-means,warm,exec,queue,0.02849578857421875,2.384185791015625e-07,2.384185791015625e-07,1609701647.2856064,1609701647.7628746,0.4772682189941406,1609701647.3363776,1609701647.34303,0.006652355194091797
ba4ea1bed7b04cd183268adf8689dec3,k-means,warm,exec,queue,0.02369976043701172,4.76837158203125e-07,4.76837158203125e-07,1609701647.287208,1609701647.7623515,0.4751434326171875,1609701647.3315678,1609701647.3375633,0.005995512008666992
5446eb82baf942849904938b28198a53,k-means,warm,exec,queue,0.012800931930541992,2.384185791015625e-07,2.384185791015625e-07,1609701647.2887557,1609701647.3955767,0.10682106018066406,1609701647.3186185,1609701647.3262386,0.007620096206665039
0782fab2adfd43af956408aa942d9ccc,k-means,warm,exec,queue,0.018074512481689453,2.384185791015625e-07,0.0,1609701647.290287,1609701647.5130243,0.22273731231689453,1609701647.324672,1609701647.333123,0.008450984954833984
1bed014b72fc4f459c815ce93b57c199,k-means,warm,exec,queue,0.06737542152404785,2.384185791015625e-07,2.384185791015625e-07,1609701647.291827,1609701647.7612638,0.4694368839263916,1609701647.3798735,1609701647.3855844,0.0057108402252197266
750b1b8aa6034fa69ec95337892d19a3,video,warm,exec,queue,0.016463518142700195,2.384185791015625e-07,0.0,1609701647.2934957,1609701647.5786235,0.2851278781890869,1609701647.331663,1609701647.3486536,0.01699066162109375
4bdf3bd2693e4b17bd673b0c929c0df5,k-means,warm,exec,queue,0.0036170482635498047,4.76837158203125e-07,2.384185791015625e-07,1609701648.2649896,1609701648.4188762,0.1538865566253662,1609701648.306968,1609701648.3150413,0.00807332992553711
bb6ee41c17894cee92eead9e53d7ccd5,k-means,warm,exec,queue,0.053002119064331055,2.384185791015625e-07,2.384185791015625e-07,1609701648.2687602,1609701648.493545,0.22478485107421875,1609701648.3564844,1609701648.3620262,0.005541801452636719
dd2ccff52f6a4649ba4d93af1a897ad3,k-means,warm,exec,queue,0.04825949668884277,2.384185791015625e-07,2.384185791015625e-07,1609701648.271071,1609701648.5757563,0.3046853542327881,1609701648.3511908,1609701648.3555353,0.004344463348388672
0319a95717b94b77b3d3025eabeaf469,k-means,warm,exec,queue,0.04304003715515137,2.384185791015625e-07,0.0,1609701648.2733877,1609701648.4920952,0.21870756149291992,1609701648.344799,1609701648.3506033,0.005804300308227539
7f1e6fade0f0459e8d22d9b2fb3e74c0,k-means,warm,exec,queue,0.03833913803100586,4.76837158203125e-07,2.384185791015625e-07,1609701648.2759166,1609701648.4904952,0.21457862854003906,1609701648.339803,1609701648.3442838,0.004480838775634766
fb417c955c9c4fc1a4e5c7bcf7fdaabf,k-means,warm,exec,queue,0.03309965133666992,4.76837158203125e-07,2.384185791015625e-07,1609701648.2775831,1609701648.57754,0.2999567985534668,1609701648.3336234,1609701648.3395402,0.0059168338775634766
d894fa70348d4002a477ddb7866c930d,k-means,warm,exec,queue,0.02773118019104004,2.384185791015625e-07,2.384185791015625e-07,1609701648.2790086,1609701648.4949732,0.21596455574035645,1609701648.328257,1609701648.334017,0.0057599544525146484
269ecd77fc4f4403ba7d19eaf0006713,k-means,warm,exec,queue,0.009324073791503906,4.76837158203125e-07,2.384185791015625e-07,1609701648.2804525,1609701648.4174469,0.1369943618774414,1609701648.307231,1609701648.315445,0.008213996887207031
c63c5b0fceb6418d829f6d3d7e9353e1,k-means,warm,exec,queue,0.014317750930786133,2.384185791015625e-07,2.384185791015625e-07,1609701648.2818787,1609701648.4216506,0.1397719383239746,1609701648.311186,1609701648.3190875,0.007901430130004883
8accc33d52034e9a8d364cba65fb4911,k-means,warm,exec,queue,0.01952052116394043,2.384185791015625e-07,2.384185791015625e-07,1609701648.2834127,1609701648.4211586,0.13774585723876953,1609701648.3171408,1609701648.3252969,0.008156061172485352
f5cf74fd88cf46ac9059cdc02768459a,k-means,warm,exec,queue,0.0249326229095459,4.76837158203125e-07,2.384185791015625e-07,1609701648.2848403,1609701648.4158626,0.13102221488952637,1609701648.3248947,1609701648.3301532,0.0052585601806640625
9653169fcc404419a145ad591b398adc,k-means,warm,exec,queue,0.0041027069091796875,2.384185791015625e-07,2.384185791015625e-07,1609701649.2595582,1609701649.39697,0.13741183280944824,1609701649.286647,1609701649.2951205,0.008473396301269531
cf9286541dfd42bc86a7082ebe663d47,video,warm,exec,queue,0.021599769592285156,2.384185791015625e-07,2.384185791015625e-07,1609701649.2637937,1609701649.3918674,0.12807369232177734,1609701649.3061686,1609701649.3230686,0.016900062561035156
fb8f3e8d22c24cde86e7915f3ec8c1b6,k-means,warm,exec,queue,0.007787466049194336,4.76837158203125e-07,2.384185791015625e-07,1609701649.2664814,1609701649.3582764,0.09179496765136719,1609701649.2910666,1609701649.2996714,0.008604764938354492
3a5b67e23aa04494b48f3fcfa6b6692a,k-means,warm,exec,queue,0.012239933013916016,2.384185791015625e-07,2.384185791015625e-07,1609701649.2688727,1609701649.3952851,0.12641239166259766,1609701649.2960396,1609701649.3046248,0.008585214614868164
fde43fbdda024c919249d9b9aa2f605d,k-means,warm,exec,queue,0.01667475700378418,4.76837158203125e-07,0.0,1609701649.2704751,1609701649.3946886,0.12421345710754395,1609701649.305661,1609701649.315473,0.009812116622924805
ffd120f201704c98b1d5fefdfd793395,k-means,warm,exec,queue,0.021112442016601562,2.384185791015625e-07,2.384185791015625e-07,1609701649.272322,1609701649.4166954,0.14437341690063477,1609701649.3070834,1609701649.3141716,0.007088184356689453
d1d78c5d33d9475492db38506b9d6e6a,k-means,warm,exec,queue,7.390975952148438e-05,4.76837158203125e-07,0.0,1609701650.2811058,1609701650.4181092,0.13700342178344727,1609701650.3391976,1609701650.3472114,0.008013725280761719
882a64cb85564e3ba3772cfb5860c763,k-means,warm,exec,queue,0.004728794097900391,4.76837158203125e-07,0.0,1609701650.2856889,1609701650.4867601,0.20107126235961914,1609701650.3572628,1609701650.3650074,0.007744550704956055
41d23a26f56c42bead4edb216c0e2a0b,k-means,warm,exec,queue,0.04531526565551758,2.384185791015625e-07,2.384185791015625e-07,1609701650.2883418,1609701650.6115205,0.323178768157959,1609701650.392969,1609701650.3991427,0.006173849105834961
390516387e9540558f9bc5c678c2214b,k-means,warm,exec,queue,0.05063033103942871,2.384185791015625e-07,2.384185791015625e-07,1609701650.291209,1609701650.7982616,0.5070526599884033,1609701650.3989153,1609701650.4058647,0.006949424743652344
2f22ac5a7d0f46bdbec68ef1efc002e7,k-means,warm,exec,queue,0.05626225471496582,2.384185791015625e-07,2.384185791015625e-07,1609701650.2938104,1609701650.8031926,0.5093822479248047,1609701650.4046881,1609701650.4088595,0.0041713714599609375
24db73eea65f4657b18eaad1e91b35bc,k-means,warm,exec,queue,0.061011314392089844,2.384185791015625e-07,0.0,1609701650.2964,1609701650.8910022,0.594602108001709,1609701650.4092534,1609701650.4158387,0.006585359573364258
be21ab25c4f64d059ae98d5a1317d93a,k-means,warm,exec,queue,0.03493928909301758,2.384185791015625e-07,2.384185791015625e-07,1609701650.298058,1609701650.6151214,0.3170633316040039,1609701650.3808486,1609701650.3879206,0.007071971893310547
71a47ee3dc5143d7b8ca9c4370a6da51,k-means,warm,exec,queue,0.011932611465454102,2.384185791015625e-07,0.0,1609701650.2996047,1609701650.6168206,0.3172159194946289,1609701650.3573472,1609701650.3650055,0.007658243179321289
72622cdf29324571877b7b788d875891,k-means,warm,exec,queue,0.016524076461791992,4.76837158203125e-07,4.76837158203125e-07,1609701650.301291,1609701650.4901402,0.18884921073913574,1609701650.3592348,1609701650.3651912,0.005956411361694336
75e2216907704c158882fe2039e13eed,k-means,warm,exec,queue,0.02129340171813965,7.152557373046875e-07,2.384185791015625e-07,1609701650.3028402,1609701650.4895496,0.18670940399169922,1609701650.364862,1609701650.3726318,0.00776982307434082
0654db6a96154ac6a1aabc993b6375ea,k-means,warm,exec,queue,0.026496410369873047,4.76837158203125e-07,0.0,1609701650.304401,1609701650.502034,0.1976330280303955,1609701650.3744242,1609701650.3809605,0.006536245346069336
0c8aced7b63243fe9d009d65dabeec59,k-means,warm,exec,queue,0.03971576690673828,4.76837158203125e-07,4.76837158203125e-07,1609701650.3059523,1609701650.7251058,0.41915345191955566,1609701650.3870137,1609701650.3936574,0.006643772125244141
97663b869b7a474ea805a95dbe233fff,k-means,warm,exec,queue,0.03128218650817871,2.384185791015625e-07,2.384185791015625e-07,1609701650.3076062,1609701650.5447288,0.2371225357055664,1609701650.3775702,1609701650.383378,0.0058078765869140625
596bcf0e006d4427aa9bec85f34117cb,k-means,warm,exec,queue,0.06604599952697754,2.384185791015625e-07,0.0,1609701650.3091576,1609701650.7988784,0.48972082138061523,1609701650.4143224,1609701650.4184701,0.004147768020629883
8871e22d1e47404894a6fbe1e797dfe2,k-means,warm,exec,queue,0.07100176811218262,2.384185791015625e-07,0.0,1609701650.310695,1609701650.7953088,0.48461389541625977,1609701650.4215703,1609701650.4286969,0.007126569747924805
92578316cb1348d48347611b6ba68233,k-means,warm,exec,queue,0.07587933540344238,4.76837158203125e-07,2.384185791015625e-07,1609701650.312217,1609701650.6463428,0.3341257572174072,1609701650.4248827,1609701650.4290175,0.0041348934173583984
9267c2be0e884ad7b1afb848535e0ef1,k-means,warm,exec,queue,0.08134317398071289,7.152557373046875e-07,2.384185791015625e-07,1609701650.3141878,1609701650.6145225,0.3003346920013428,1609701650.4312422,1609701650.437695,0.006452798843383789
cf65138d5ebe464b96270b44a6b4a805,k-means,warm,exec,queue,0.08684897422790527,4.76837158203125e-07,0.0,1609701650.3157017,1609701650.8874278,0.5717260837554932,1609701650.437352,1609701650.4443984,0.00704646110534668
ae0f918804a740dc9400dbce09cfea62,k-means,warm,exec,queue,0.09183669090270996,2.384185791015625e-07,2.384185791015625e-07,1609701650.3172417,1609701650.7244902,0.40724849700927734,1609701650.4437685,1609701650.4487195,0.004951000213623047
5a6f88a4ce154ee5bdcd705ef7b972e7,k-means,warm,exec,queue,0.0966789722442627,2.384185791015625e-07,0.0,1609701650.31885,1609701650.8903913,0.5715413093566895,1609701650.4478488,1609701650.454195,0.006346225738525391
2a1b7d2b7e3b46e7b881e82d7d181219,k-means,warm,exec,queue,0.10155582427978516,2.384185791015625e-07,2.384185791015625e-07,1609701650.32039,1609701650.8025846,0.4821946620941162,1609701650.4543834,1609701650.4602804,0.005897045135498047
e2df2e2e66604a0abc7b9d4281d6aadc,k-means,warm,exec,queue,0.10639095306396484,4.76837158203125e-07,2.384185791015625e-07,1609701650.321925,1609701650.721348,0.39942312240600586,1609701650.4593346,1609701650.464394,0.005059480667114258
c153f34cd5004f6a949c20e53cfba71d,k-means,warm,exec,queue,0.11191630363464355,2.384185791015625e-07,2.384185791015625e-07,1609701650.32348,1609701650.8037834,0.4803035259246826,1609701650.4651084,1609701650.470803,0.00569462776184082
ed64e8cb94ce43839567dff607742e1f,matmul,warm,exec,queue,0.0028426647186279297,2.384185791015625e-07,0.0,1609701650.326064,1609701650.546657,0.22059297561645508,1609701650.35877,1609701650.3691542,0.010384321212768555
8332e5fd1d1340008b81264e8f29693a,k-means,warm,exec,queue,0.0028629302978515625,4.76837158203125e-07,2.384185791015625e-07,1609701651.2546563,1609701651.3314514,0.07679510116577148,1609701651.2749236,1609701651.2836258,0.008702278137207031
f970d7a8e46e479f96cb000d71f37ac0,video,warm,exec,queue,0.012274503707885742,2.384185791015625e-07,0.0,1609701651.2586236,1609701651.408479,0.149855375289917,1609701651.2841408,1609701651.3017313,0.01759052276611328
ec6801febe0541a89fe9c98c998aeb7e,k-means,warm,exec,queue,0.0077016353607177734,4.76837158203125e-07,2.384185791015625e-07,1609701651.2613218,1609701651.406575,0.14525318145751953,1609701651.2793002,1609701651.2876363,0.008336067199707031
c8ce4872a7754938babf23ed5b501e57,k-means,warm,exec,queue,0.004193544387817383,4.76837158203125e-07,2.384185791015625e-07,1609701652.291362,1609701653.3039505,1.0125885009765625,1609701652.3623013,1609701652.3707561,0.00845479965209961
dcb374adeb864e5bad3b139d89042c48,k-means,warm,exec,queue,0.061922550201416016,2.384185791015625e-07,2.384185791015625e-07,1609701652.295705,1609701653.1668568,0.8711516857147217,1609701652.425255,1609701652.4315512,0.0062961578369140625
3422888e4e5e485c892e270a125cc3d7,k-means,warm,exec,queue,0.004732847213745117,4.76837158203125e-07,0.0,1609701652.298338,1609701653.7962558,1.497917890548706,1609701652.3714466,1609701652.3797767,0.008330106735229492
c1906ac049b543d9b2b13af63d37364a,k-means,warm,exec,queue,0.05227494239807129,4.76837158203125e-07,2.384185791015625e-07,1609701652.3009515,1609701653.466323,1.1653714179992676,1609701652.4165432,1609701652.424248,0.007704734802246094
aceab81b4f1f4dc0b93a56ca10439e24,k-means,warm,exec,queue,0.047672271728515625,2.384185791015625e-07,2.384185791015625e-07,1609701652.3039525,1609701653.7413,1.437347650527954,1609701652.4108312,1609701652.4179978,0.007166624069213867
b503dfb6c95b4a82b16f01b428dffd0c,k-means,warm,exec,queue,0.042410850524902344,2.384185791015625e-07,2.384185791015625e-07,1609701652.3064811,1609701653.217051,0.9105699062347412,1609701652.4041145,1609701652.409339,0.005224466323852539
5ffdc8c1b8154872bf55aacec85a3262,k-means,warm,exec,queue,0.037375450134277344,2.384185791015625e-07,0.0,1609701652.3080568,1609701653.7993302,1.4912734031677246,1609701652.398497,1609701652.4055288,0.007031679153442383
ae12c74b341d40d58c66e9263fedc462,k-means,warm,exec,queue,0.01597142219543457,2.384185791015625e-07,2.384185791015625e-07,1609701652.3096778,1609701653.366977,1.0572991371154785,1609701652.3715107,1609701652.3799925,0.008481740951538086
b43981d73d0f405a96c1f8997c740b76,k-means,warm,exec,queue,0.020682811737060547,2.384185791015625e-07,2.384185791015625e-07,1609701652.3113167,1609701653.1686661,0.8573493957519531,1609701652.3774984,1609701652.385564,0.00806570053100586
90adcec6c69440218c3f5e3f769fff55,k-means,warm,exec,queue,0.025142669677734375,4.76837158203125e-07,2.384185791015625e-07,1609701652.3131056,1609701653.3026335,0.9895279407501221,1609701652.3805451,1609701652.3869486,0.006403446197509766
ec42e6894f79454db173aa0bab3262e4,k-means,warm,exec,queue,0.03055119514465332,2.384185791015625e-07,0.0,1609701652.314674,1609701653.2421558,0.9274818897247314,1609701652.3881884,1609701652.393048,0.0048596858978271484
773f0dca64ed4b13ae896bfee9f4bb05,k-means,warm,exec,queue,0.057135820388793945,2.384185791015625e-07,2.384185791015625e-07,1609701652.31627,1609701653.8018234,1.48555326461792,1609701652.4197826,1609701652.4243813,0.0045986175537109375
dfe4ce21103c489ca1ab6a6d060eae8d,k-means,warm,exec,queue,0.03528761863708496,4.76837158203125e-07,2.384185791015625e-07,1609701652.3191757,1609701653.2438934,0.9247176647186279,1609701652.3933554,1609701652.398297,0.004941701889038086
0afc098edf3a4410a73032df1a625f5d,k-means,warm,exec,queue,0.06688928604125977,2.384185791015625e-07,2.384185791015625e-07,1609701652.3207548,1609701653.6705678,1.3498129844665527,1609701652.4311633,1609701652.4373262,0.006162881851196289
6dad8cd240084218b7b8f202a3c5afac,k-means,warm,exec,queue,0.0724952220916748,2.384185791015625e-07,4.76837158203125e-07,1609701652.3222995,1609701653.7407486,1.4184491634368896,1609701652.4372845,1609701652.4435005,0.0062160491943359375
0ff80a25b790471688b65761ce6358e5,k-means,warm,exec,queue,0.07778239250183105,4.76837158203125e-07,2.384185791015625e-07,1609701652.3238378,1609701653.5296342,1.205796480178833,1609701652.44294,1609701652.4489417,0.006001710891723633
1da0982e259941abaf5bb4fdd5468e66,k-means,warm,exec,queue,0.08241844177246094,2.384185791015625e-07,2.384185791015625e-07,1609701652.325535,1609701653.467469,1.1419339179992676,1609701652.4499037,1609701652.4560366,0.006132841110229492
2df484b01840405d995833d06bd0354e,k-means,warm,exec,queue,0.08727288246154785,2.384185791015625e-07,0.0,1609701652.3270936,1609701653.6327295,1.305635929107666,1609701652.4546103,1609701652.4613254,0.006715059280395508
618db226b174479e88f3c55dc44ab130,k-means,warm,exec,queue,0.0922093391418457,4.76837158203125e-07,2.384185791015625e-07,1609701652.32866,1609701653.7988136,1.470153570175171,1609701652.4588606,1609701652.4653735,0.006512880325317383
0ac571aa2acb4198acc6d5f620db9dc5,k-means,warm,exec,queue,0.09760785102844238,2.384185791015625e-07,0.0,1609701652.3302865,1609701653.4657254,1.1354389190673828,1609701652.464933,1609701652.4695125,0.0045795440673828125
9e195daaff494c8eaf7979cd790144d2,k-means,warm,exec,queue,0.10286521911621094,2.384185791015625e-07,0.0,1609701652.3318262,1609701653.737861,1.4060347080230713,1609701652.47136,1609701652.4778068,0.00644683837890625
5aa9aaf581b04c01ba324b7ed442747c,k-means,warm,exec,queue,0.10728573799133301,4.76837158203125e-07,2.384185791015625e-07,1609701652.333375,1609701653.3507164,1.0173413753509521,1609701652.4763668,1609701652.4804595,0.004092693328857422
be88f7c576484a4282f9ce72b6ae3db0,k-means,warm,exec,queue,0.11260795593261719,7.152557373046875e-07,2.384185791015625e-07,1609701652.3349054,1609701653.4669218,1.1320164203643799,1609701652.4823992,1609701652.490518,0.008118867874145508
df7ff63a704f4739bcd11cb3fd000bda,k-means,warm,exec,queue,0.11821198463439941,4.76837158203125e-07,4.76837158203125e-07,1609701652.33654,1609701653.8014188,1.464878797531128,1609701652.4897296,1609701652.4951043,0.0053746700286865234
87ad0fccc7d749e681322c6d53656d69,k-means,warm,exec,queue,0.12372183799743652,4.76837158203125e-07,2.384185791015625e-07,1609701652.3380797,1609701653.6360848,1.2980051040649414,1609701652.4948666,1609701652.5020077,0.00714111328125
8e4425db1e9e46a9a654a49037d3a29f,k-means,warm,exec,queue,6.604194641113281e-05,2.384185791015625e-07,2.384185791015625e-07,1609701653.2672782,1609701653.6367204,0.3694422245025635,1609701653.3066301,1609701653.315704,0.009073972702026367
14bfe67b633d4c9ea87bd760605f2bdf,video,warm,exec,queue,0.024383544921875,2.384185791015625e-07,2.384185791015625e-07,1609701653.2712963,1609701653.581089,0.30979275703430176,1609701653.328847,1609701653.3457499,0.016902923583984375
57b7a6e2eef449739179977d97a7e8c9,k-means,warm,exec,queue,0.004782199859619141,4.76837158203125e-07,2.384185791015625e-07,1609701653.2743347,1609701653.8708596,0.5965249538421631,1609701653.3072493,1609701653.3150449,0.007795572280883789
6accafcaa07a4e51bbd658356c40c777,k-means,warm,exec,queue,0.009266138076782227,2.384185791015625e-07,0.0,1609701653.2766623,1609701654.029946,0.7532837390899658,1609701653.3078957,1609701653.3149188,0.0070230960845947266
0c6409f49c5743e38ba033ec769fc833,k-means,warm,exec,queue,0.013776779174804688,2.384185791015625e-07,2.384185791015625e-07,1609701653.278098,1609701653.5836267,0.3055286407470703,1609701653.313807,1609701653.3215997,0.00779271125793457
212f6c5ff9ef4fb5882043988eb3bba5,k-means,warm,exec,queue,0.018540382385253906,4.76837158203125e-07,2.384185791015625e-07,1609701653.279541,1609701653.9128065,0.633265495300293,1609701653.3190324,1609701653.326899,0.007866621017456055
fe5537b54ec64b2ab97bd9bdf1be50eb,k-means,warm,exec,queue,0.023242950439453125,4.76837158203125e-07,2.384185791015625e-07,1609701653.2821174,1609701653.6731157,0.39099836349487305,1609701653.3284173,1609701653.3354545,0.007037162780761719
98287365b5a84d1ba287a25677ffc071,k-means,warm,exec,queue,0.028320789337158203,2.384185791015625e-07,2.384185791015625e-07,1609701653.283555,1609701653.5805333,0.296978235244751,1609701653.3294003,1609701653.3342476,0.004847288131713867
ec65cf7a6ade4c43b4c31ab5e0798244,k-means,warm,exec,queue,0.033006906509399414,4.76837158203125e-07,0.0,1609701653.28498,1609701653.6970713,0.4120912551879883,1609701653.3340204,1609701653.3397906,0.005770206451416016
95b66ef13f4b4e2180bf6f29a91e8e16,k-means,warm,exec,queue,0.0005137920379638672,7.152557373046875e-07,2.384185791015625e-07,1609701654.2724454,1609701654.3805318,0.10808634757995605,1609701654.3210506,1609701654.3297117,0.008661031723022461
cb811619897a4e069bb6342665c3eb5d,k-means,warm,exec,queue,0.03691506385803223,4.76837158203125e-07,2.384185791015625e-07,1609701654.2765093,1609701654.5566776,0.2801682949066162,1609701654.354746,1609701654.3592174,0.004471302032470703
49a5e017758f445680ce7007b6e01560,k-means,warm,exec,queue,0.04136228561401367,4.76837158203125e-07,0.0,1609701654.2790701,1609701654.4528284,0.17375826835632324,1609701654.3600922,1609701654.3665745,0.006482362747192383
18706f6b9e534cadbcf2d1738ebf4ddc,k-means,warm,exec,queue,0.0458674430847168,0.0,2.384185791015625e-07,1609701654.281644,1609701654.6738102,0.3921661376953125,1609701654.3651628,1609701654.3703873,0.005224466323852539
a2feb3326d714138a2990484319b9f51,k-means,warm,exec,queue,0.049852609634399414,2.384185791015625e-07,2.384185791015625e-07,1609701654.284513,1609701654.615097,0.3305840492248535,1609701654.3692045,1609701654.375457,0.0062525272369384766
3350f22b1f954bc79da98c5574001c45,k-means,warm,exec,queue,0.005307912826538086,4.76837158203125e-07,2.384185791015625e-07,1609701654.2860548,1609701654.4262068,0.1401519775390625,1609701654.321854,1609701654.330561,0.008706808090209961
d3952a99bb9449b390c168538138872c,k-means,warm,exec,queue,0.010477304458618164,2.384185791015625e-07,2.384185791015625e-07,1609701654.2876003,1609701654.4522228,0.16462254524230957,1609701654.321989,1609701654.33012,0.008131027221679688
ab6239f668594e94a7b6857c52bc3cb0,k-means,warm,exec,queue,0.015549659729003906,2.384185791015625e-07,2.384185791015625e-07,1609701654.2891653,1609701654.4477103,0.15854501724243164,1609701654.3269832,1609701654.3356826,0.008699417114257812
5101ff94be994ce4be04061575dcd0d6,k-means,warm,exec,queue,0.019908905029296875,2.384185791015625e-07,0.0,1609701654.290712,1609701654.4244964,0.13378429412841797,1609701654.3323536,1609701654.3407714,0.008417844772338867
4a8b2e62da1d4fd2a4f9ccd486411641,k-means,warm,exec,queue,0.025322437286376953,4.76837158203125e-07,2.384185791015625e-07,1609701654.292407,1609701654.4227362,0.13032913208007812,1609701654.342029,1609701654.34922,0.0071909427642822266
1aa4d21d085241d59f08921c1b8e854f,k-means,warm,exec,queue,0.0302736759185791,2.384185791015625e-07,0.0,1609701654.2939572,1609701654.4494681,0.15551090240478516,1609701654.3429904,1609701654.347685,0.004694700241088867
284675ef16084fc68bed19723635b77d,k-means,warm,exec,queue,0.03543210029602051,2.384185791015625e-07,2.384185791015625e-07,1609701654.2955036,1609701654.5836604,0.28815674781799316,1609701654.3485782,1609701654.3536997,0.005121469497680664
8c7d3e73c41b4b8f8f8e2cee7c6c36b6,k-means,warm,exec,queue,0.008437871932983398,4.76837158203125e-07,2.384185791015625e-07,1609701655.2745934,1609701655.3915389,0.11694550514221191,1609701655.3203824,1609701655.3287346,0.008352279663085938
d0e1d2e3c4cd45e1a1b8355a18c3c41a,video,warm,exec,queue,0.0215456485748291,2.384185791015625e-07,2.384185791015625e-07,1609701655.2789261,1609701655.7261324,0.4472062587738037,1609701655.34249,1609701655.3604224,0.017932415008544922
7d5762f414cf4b419bf77bff1f9cbf52,k-means,warm,exec,queue,0.015545368194580078,2.384185791015625e-07,0.0,1609701655.2815673,1609701655.721777,0.44020962715148926,1609701655.330872,1609701655.339474,0.008601903915405273
b2bb1bb39a304c7ea9916bb88400f50f,k-means,warm,exec,queue,0.022112369537353516,2.384185791015625e-07,2.384185791015625e-07,1609701655.2841992,1609701655.5097656,0.22556638717651367,1609701655.3415012,1609701655.346558,0.005056858062744141
2ab7d7f3aa704f9fa6515d11d5971039,k-means,warm,exec,queue,0.026690006256103516,4.76837158203125e-07,0.0,1609701655.2871153,1609701655.4175315,0.1304161548614502,1609701655.34304,1609701655.3482885,0.005248546600341797
770c295f5f9e455facb34f1d61b55bb5,k-means,warm,exec,queue,0.03223466873168945,4.76837158203125e-07,2.384185791015625e-07,1609701655.2892249,1609701655.415937,0.12671208381652832,1609701655.3486986,1609701655.3551943,0.00649571418762207
0a1f7ea7f9e348239cf0377d7106b08a,k-means,warm,exec,queue,0.03670001029968262,2.384185791015625e-07,2.384185791015625e-07,1609701655.2908044,1609701655.7233617,0.4325573444366455,1609701655.3546882,1609701655.3607533,0.0060651302337646484
564026c3a5224e27b3f4870e2238f846,k-means,warm,exec,queue,0.04146885871887207,2.384185791015625e-07,0.0,1609701655.2923977,1609701655.5667324,0.2743346691131592,1609701655.358651,1609701655.3643243,0.005673408508300781
420c093822d54d5587d02c78f1919b92,k-means,warm,exec,queue,0.04619956016540527,4.76837158203125e-07,2.384185791015625e-07,1609701655.2939768,1609701655.7256396,0.43166279792785645,1609701655.364898,1609701655.3728907,0.007992744445800781
52a796ad25634297bcdf976f548f7329,k-means,warm,exec,queue,0.0509343147277832,2.384185791015625e-07,2.384185791015625e-07,1609701655.2956784,1609701655.4578474,0.1621689796447754,1609701655.370043,1609701655.3756924,0.0056493282318115234
eb4437b3ef5e4f81a6e452b692264c2a,k-means,warm,exec,queue,0.012035608291625977,4.76837158203125e-07,2.384185791015625e-07,1609701655.2972834,1609701655.5433168,0.2460334300994873,1609701655.3254833,1609701655.3335688,0.008085489273071289
c1a6a7c61fba4789825de7f0f835613c,matmul,warm,exec,queue,0.02701854705810547,2.384185791015625e-07,2.384185791015625e-07,1609701655.2988605,1609701655.6618536,0.3629930019378662,1609701655.3433464,1609701655.3552625,0.011916160583496094
5b5c403370aa4fe698dfd41ff1b7afa6,map_reduce,warm,exec,queue,0.027476072311401367,2.384185791015625e-07,2.384185791015625e-07,1609701655.300484,1609701655.5416324,0.2411484718322754,1609701655.3495317,1609701655.4353306,0.08579897880554199
b451c47b8fd44e9b8de509d6be55876c,k-means,warm,exec,queue,0.004424571990966797,4.76837158203125e-07,2.384185791015625e-07,1609701656.2640278,1609701656.3884072,0.12437939643859863,1609701656.2902567,1609701656.2982824,0.008025646209716797
be3eecd40d74471c83c08648c38ce24b,k-means,warm,exec,queue,0.014347076416015625,7.152557373046875e-07,2.384185791015625e-07,1609701656.2679799,1609701656.3890238,0.12104392051696777,1609701656.3017488,1609701656.3104982,0.00874948501586914
9cb337bf96ec43ee86b981b415d40588,k-means,warm,exec,queue,0.019364356994628906,4.76837158203125e-07,2.384185791015625e-07,1609701656.2706227,1609701656.464673,0.19405031204223633,1609701656.3060582,1609701656.3120582,0.006000041961669922
2f2a1b8fcdc74f299f9b6b3e38446608,k-means,warm,exec,queue,0.023951053619384766,4.76837158203125e-07,2.384185791015625e-07,1609701656.2732286,1609701656.462882,0.1896533966064453,1609701656.3109548,1609701656.3155046,0.004549741744995117
afe6ec54ac7e42dd9aaf44b491e8f102,k-means,warm,exec,queue,0.009497404098510742,7.152557373046875e-07,2.384185791015625e-07,1609701656.275807,1609701656.385586,0.10977911949157715,1609701656.2957807,1609701656.3039467,0.008166074752807617
ff0190701f5e4bd683eacaf8e28a2353,k-means,warm,exec,queue,0.00686955451965332,4.76837158203125e-07,2.384185791015625e-07,1609701657.2826037,1609701657.416255,0.1336512565612793,1609701657.3406222,1609701657.3491607,0.008538484573364258
019810fbdb2e4267a4560d6b8c689d88,k-means,warm,exec,queue,0.050789594650268555,2.384185791015625e-07,0.0,1609701657.287062,1609701657.8252401,0.5381782054901123,1609701657.3863206,1609701657.3909385,0.004617929458618164
622caa0382804d44a7448e57e4043e6a,k-means,warm,exec,queue,0.056320905685424805,2.384185791015625e-07,2.384185791015625e-07,1609701657.2896826,1609701657.5062482,0.21656560897827148,1609701657.3935156,1609701657.3988647,0.005349159240722656
e15ec6abea734030a1e66e18d83eacde,k-means,warm,exec,queue,0.06160569190979004,4.76837158203125e-07,2.384185791015625e-07,1609701657.2922666,1609701657.4638102,0.17154359817504883,1609701657.3978555,1609701657.4021187,0.004263162612915039
dcd01c0c43674424a99c521ffc7c5b49,k-means,warm,exec,queue,0.02772688865661621,4.76837158203125e-07,2.384185791015625e-07,1609701657.295132,1609701657.6733255,0.37819361686706543,1609701657.3600967,1609701657.364832,0.004735231399536133
63a1ff2820d94072a49941f6a8b4509b,k-means,warm,exec,queue,0.0330507755279541,2.384185791015625e-07,2.384185791015625e-07,1609701657.2971869,1609701657.6148615,0.3176746368408203,1609701657.3649256,1609701657.3719165,0.006990909576416016
fd028ea914f04f8d9c28e119131c37ae,k-means,warm,exec,queue,0.0377812385559082,7.152557373046875e-07,2.384185791015625e-07,1609701657.298761,1609701657.5727298,0.2739689350128174,1609701657.3703718,1609701657.3768911,0.006519317626953125
3398a929ef594bbd8760c738a5d9d679,k-means,warm,exec,queue,0.042304039001464844,7.152557373046875e-07,2.384185791015625e-07,1609701657.3003294,1609701657.4305453,0.13021588325500488,1609701657.374292,1609701657.379741,0.005449056625366211
f839531f61ba4859afffcf4a4809ba7b,k-means,warm,exec,queue,0.04769706726074219,2.384185791015625e-07,0.0,1609701657.3018913,1609701657.8305447,0.5286533832550049,1609701657.3814945,1609701657.3883054,0.006810903549194336
9095161719054ef599022b3f13d3c5b9,k-means,warm,exec,queue,0.021459341049194336,4.76837158203125e-07,0.0,1609701657.303569,1609701657.7402654,0.43669629096984863,1609701657.3513825,1609701657.3595417,0.008159160614013672
8fc6bf4aa3a74ea79156884edd7864a6,k-means,warm,exec,queue,0.016088485717773438,4.76837158203125e-07,2.384185791015625e-07,1609701657.305144,1609701657.559256,0.25411200523376465,1609701657.345597,1609701657.3538215,0.0082244873046875
14b59fd605ff4265acd32e572bfb006a,k-means,warm,exec,queue,0.011413097381591797,2.384185791015625e-07,2.384185791015625e-07,1609701657.3067026,1609701657.414583,0.1078803539276123,1609701657.3407075,1609701657.3490412,0.008333683013916016
c4ed8b79fb3b47f3a69935198bfab4ee,k-means,warm,exec,queue,0.06627798080444336,4.76837158203125e-07,2.384185791015625e-07,1609701657.3083763,1609701657.5572293,0.24885296821594238,1609701657.4042563,1609701657.4110599,0.0068035125732421875
6970c9880d87419cafd00955c8ce1701,k-means,warm,exec,queue,0.07060647010803223,2.384185791015625e-07,2.384185791015625e-07,1609701657.3099394,1609701657.8322482,0.5223088264465332,1609701657.4079678,1609701657.4120197,0.004051923751831055
de14bc83cf1a4e9b9d5df7957400ee5f,k-means,warm,exec,queue,0.07623720169067383,4.76837158203125e-07,2.384185791015625e-07,1609701657.311473,1609701657.707242,0.3957691192626953,1609701657.4188414,1609701657.425715,0.006873607635498047
2c748989823b408e84619fd2259f8c5e,k-means,warm,exec,queue,0.08115768432617188,2.384185791015625e-07,2.384185791015625e-07,1609701657.3130314,1609701657.8299644,0.5169329643249512,1609701657.4199991,1609701657.4262373,0.006238222122192383
d763c523b1554a82b1ee957cbae782a9,video,warm,exec,queue,0.01692962646484375,2.384185791015625e-07,0.0,1609701657.3150442,1609701657.82938,0.5143358707427979,1609701657.3614213,1609701657.3789763,0.01755499839782715
373d2fe24c0f46e69e6f4bb836d2bb2a,k-means,warm,exec,queue,0.0021953582763671875,7.152557373046875e-07,2.384185791015625e-07,1609701658.2789752,1609701658.4106996,0.13172435760498047,1609701658.3325255,1609701658.3405988,0.00807332992553711
0202be8b5e614c748278aedc3ff464e3,k-means,warm,exec,queue,0.04140973091125488,2.384185791015625e-07,2.384185791015625e-07,1609701658.283088,1609701658.5804408,0.29735279083251953,1609701658.3693693,1609701658.3740523,0.004683017730712891
bc1454d30bc842aea85d3394da6c9827,k-means,warm,exec,queue,0.04641079902648926,4.76837158203125e-07,2.384185791015625e-07,1609701658.2856786,1609701658.4924295,0.20675086975097656,1609701658.3769104,1609701658.3837414,0.006830930709838867
303a45e07dac4da2bfc8ff433e5572ce,k-means,warm,exec,queue,0.051425933837890625,2.384185791015625e-07,2.384185791015625e-07,1609701658.2882688,1609701658.6453936,0.35712480545043945,1609701658.3811297,1609701658.3871698,0.006040096282958984
2f6113ae0b754d7682e948826b1a3650,k-means,warm,exec,queue,0.020372629165649414,4.76837158203125e-07,0.0,1609701658.2911158,1609701658.495362,0.20424628257751465,1609701658.3442485,1609701658.3521042,0.007855653762817383
8d4ed6f02af443328120a6fd563ebda9,k-means,warm,exec,queue,0.024869441986083984,2.384185791015625e-07,2.384185791015625e-07,1609701658.2932928,1609701658.4581475,0.1648547649383545,1609701658.3510215,1609701658.3581965,0.007174968719482422
cac25e1f2b234649a5efc2c90562124d,k-means,warm,exec,queue,0.02926921844482422,2.384185791015625e-07,4.76837158203125e-07,1609701658.2948413,1609701658.4988034,0.20396208763122559,1609701658.3541026,1609701658.359215,0.005112409591674805
677e6a3237124ff187960dc58bb183af,k-means,warm,exec,queue,0.0340883731842041,2.384185791015625e-07,2.384185791015625e-07,1609701658.2964163,1609701658.5815904,0.2851741313934326,1609701658.3583496,1609701658.3635173,0.005167722702026367
e32b889279af46779f207e07fdae085e,k-means,warm,exec,queue,0.039415597915649414,2.384185791015625e-07,2.384185791015625e-07,1609701658.297973,1609701658.4959905,0.19801759719848633,1609701658.3652341,1609701658.3717551,0.006520986557006836
5fa81990f79c4c30be1a2096fd13fcf3,k-means,warm,exec,queue,0.0158538818359375,4.76837158203125e-07,0.0,1609701658.2996683,1609701658.4111686,0.11150026321411133,1609701658.33889,1609701658.3477278,0.008837699890136719
eb2d3dba1b95486aa7b704a1a21b10a7,k-means,warm,exec,queue,0.010660886764526367,2.384185791015625e-07,2.384185791015625e-07,1609701658.3012383,1609701658.4994173,0.19817900657653809,1609701658.3337057,1609701658.3419008,0.008195161819458008
dc23d9515e8b4ee1abcbcab040b32903,k-means,warm,exec,queue,0.0072443485260009766,2.384185791015625e-07,2.384185791015625e-07,1609701658.3028004,1609701658.408489,0.10568857192993164,1609701658.3332462,1609701658.341495,0.00824880599975586
ec8cd1cc7b7c40e28a3d3cf5e2518b4f,k-means,warm,exec,queue,0.05590057373046875,4.76837158203125e-07,2.384185791015625e-07,1609701658.304379,1609701658.6433485,0.33896946907043457,1609701658.3865047,1609701658.393271,0.006766319274902344
44254b8b216644a39a9ed5d3e7d3ffd1,k-means,warm,exec,queue,0.060881614685058594,4.76837158203125e-07,2.384185791015625e-07,1609701658.3060603,1609701658.5810485,0.27498817443847656,1609701658.3932796,1609701658.3997467,0.006467103958129883
a5d3745b0d1e49579cd495e470112447,k-means,warm,exec,queue,0.0022895336151123047,4.76837158203125e-07,2.384185791015625e-07,1609701659.2813187,1609701659.4198496,0.13853096961975098,1609701659.335858,1609701659.344032,0.008173942565917969
502f277f644b48b297a5d28866db2726,k-means,warm,exec,queue,0.041172027587890625,2.384185791015625e-07,2.384185791015625e-07,1609701659.2856758,1609701659.7122667,0.4265909194946289,1609701659.3763833,1609701659.3829868,0.0066034793853759766
c3db0d034c2e4029ac3bd3c678999e03,k-means,warm,exec,queue,0.045996904373168945,2.384185791015625e-07,2.384185791015625e-07,1609701659.288268,1609701659.556569,0.26830101013183594,1609701659.379418,1609701659.3857737,0.006355762481689453
12248795ab614add83cf557575d9dd29,k-means,warm,exec,queue,0.01002812385559082,2.384185791015625e-07,0.0,1609701659.2908428,1609701659.5101871,0.2193443775177002,1609701659.338014,1609701659.3466966,0.008682727813720703
b139a30220a44c1692449360682a2566,k-means,warm,exec,queue,0.014856100082397461,4.76837158203125e-07,2.384185791015625e-07,1609701659.2937574,1609701659.670475,0.37671756744384766,1609701659.3429224,1609701659.3508465,0.007924079895019531
0722bd05294a49b185e879b6c7128e08,k-means,warm,exec,queue,0.01927638053894043,2.384185791015625e-07,2.384185791015625e-07,1609701659.2963347,1609701659.5137086,0.21737384796142578,1609701659.3479273,1609701659.3563063,0.008378982543945312
0e4ecf41421d4180aea112af46155c51,k-means,warm,exec,queue,0.024273157119750977,2.384185791015625e-07,2.384185791015625e-07,1609701659.2979057,1609701659.4702294,0.17232370376586914,1609701659.3590674,1609701659.3663597,0.007292270660400391
86a8709a1aa848af8800b5542ea553ef,k-means,warm,exec,queue,0.028874635696411133,2.384185791015625e-07,0.0,1609701659.2994876,1609701659.5534215,0.2539339065551758,1609701659.359773,1609701659.3656886,0.005915641784667969
c1f2332eae874108ae93c4f8683c5b51,k-means,warm,exec,queue,0.03422188758850098,2.384185791015625e-07,2.384185791015625e-07,1609701659.3010871,1609701659.5119257,0.21083855628967285,1609701659.364854,1609701659.3712456,0.0063915252685546875
5bf79bb9e7fa4d8cb8ccb22ebff05996,k-means,warm,exec,queue,0.03871607780456543,4.76837158203125e-07,4.76837158203125e-07,1609701659.302804,1609701659.8033054,0.5005013942718506,1609701659.3738973,1609701659.3805494,0.006652116775512695
58757eed815b44629062c28ddfb581ae,k-means,warm,exec,queue,0.0074863433837890625,4.76837158203125e-07,2.384185791015625e-07,1609701659.3043878,1609701659.4184258,0.11403799057006836,1609701659.3368812,1609701659.3444362,0.0075550079345703125
807625c09cf1419f95df73a2defac6ae,k-means,warm,exec,queue,0.051344871520996094,2.384185791015625e-07,4.76837158203125e-07,1609701659.3059645,1609701659.913375,0.6074104309082031,1609701659.3875911,1609701659.393929,0.006337881088256836
f91bb2a6440a4759adee6cf7433f64fe,k-means,warm,exec,queue,0.055989980697631836,2.384185791015625e-07,2.384185791015625e-07,1609701659.307536,1609701659.9153953,0.6078593730926514,1609701659.3913672,1609701659.397303,0.0059359073638916016
6386dc4a8b2742fb99265da98c77f5ac,video,warm,exec,queue,0.015496969223022461,2.384185791015625e-07,2.384185791015625e-07,1609701659.3092434,1609701659.5571818,0.2479383945465088,1609701659.3596387,1609701659.3771956,0.01755690574645996
8f749ebed90544898eab89dc28633d93,matmul,warm,exec,queue,0.01984238624572754,4.76837158203125e-07,2.384185791015625e-07,1609701659.3108068,1609701659.4684968,0.15769004821777344,1609701659.3605256,1609701659.3707395,0.010213851928710938
647eee20a7d24f1ea62e89ea1ec78ad9,k-means,warm,exec,queue,0.00876927375793457,4.76837158203125e-07,2.384185791015625e-07,1609701660.279589,1609701660.398393,0.1188039779663086,1609701660.32406,1609701660.331258,0.0071980953216552734
3488eafa42a8491bafc5e640c1bff61d,k-means,warm,exec,queue,0.05581998825073242,2.384185791015625e-07,2.384185791015625e-07,1609701660.2836037,1609701660.4565718,0.17296814918518066,1609701660.3766205,1609701660.3810244,0.004403829574584961
886ea0eeaf864c52aa5515f2d2aebbd7,k-means,warm,exec,queue,0.05140995979309082,2.384185791015625e-07,2.384185791015625e-07,1609701660.2862105,1609701660.458293,0.17208242416381836,1609701660.3715,1609701660.3761337,0.004633665084838867
138c16c565c047fb8de8508927d3feff,k-means,warm,exec,queue,0.04614710807800293,2.384185791015625e-07,2.384185791015625e-07,1609701660.2887974,1609701660.666234,0.37743663787841797,1609701660.3655846,1609701660.3699212,0.00433659553527832
96ac0d06251b484a9443fec221490da0,k-means,warm,exec,queue,0.041858673095703125,2.384185791015625e-07,0.0,1609701660.2916527,1609701660.6139543,0.32230162620544434,1609701660.3605735,1609701660.365007,0.004433393478393555
256c39aa48ef47f18f4a2b92854bb2f3,k-means,warm,exec,queue,0.03713822364807129,2.384185791015625e-07,0.0,1609701660.2935696,1609701660.5555446,0.2619750499725342,1609701660.3553357,1609701660.3598845,0.004548788070678711
702d721386544f21b69760eb1d31a30b,k-means,warm,exec,queue,0.03185677528381348,2.384185791015625e-07,2.384185791015625e-07,1609701660.2951276,1609701660.4212322,0.12610459327697754,1609701660.3492725,1609701660.3538547,0.00458216667175293
d68fda32ff414b88abcebd0d75624e65,k-means,warm,exec,queue,0.026625394821166992,4.76837158203125e-07,2.384185791015625e-07,1609701660.2966976,1609701660.4547534,0.15805578231811523,1609701660.3436027,1609701660.349443,0.005840301513671875
d7f887e0babc4d1396b1b20343f2be18,k-means,warm,exec,queue,0.02192997932434082,2.384185791015625e-07,2.384185791015625e-07,1609701660.2982519,1609701660.5313063,0.23305439949035645,1609701660.3382201,1609701660.3428977,0.004677534103393555
aa1cb6d0f4744f05b29809cdc4650d7f,k-means,warm,exec,queue,0.012446403503417969,2.384185791015625e-07,2.384185791015625e-07,1609701660.2999294,1609701660.396158,0.09622859954833984,1609701660.328028,1609701660.3357356,0.0077075958251953125
5a9e81010d314758ba469e73d93be864,k-means,warm,exec,queue,0.01708817481994629,4.76837158203125e-07,2.384185791015625e-07,1609701660.3015022,1609701660.398853,0.0973508358001709,1609701660.3335679,1609701660.3414478,0.007879972457885742
e84592ff6b6f4eeda6c5cf909cfc8dc5,k-means,warm,exec,queue,0.060178279876708984,2.384185791015625e-07,0.0,1609701660.303061,1609701660.6643386,0.36127758026123047,1609701660.3817844,1609701660.3861034,0.004318952560424805
8503856279e64da0843310a92a77f9ae,k-means,warm,exec,queue,0.007288932800292969,4.76837158203125e-07,2.384185791015625e-07,1609701661.277245,1609701661.390371,0.11312603950500488,1609701661.3164427,1609701661.3242202,0.00777745246887207
68074b6f24304b75bde10b7772c0277a,video,warm,exec,queue,0.019092082977294922,2.384185791015625e-07,4.76837158203125e-07,1609701661.2814183,1609701661.5659492,0.2845308780670166,1609701661.3359962,1609701661.3540845,0.018088340759277344
4650027080fd404f8812eb9607542333,k-means,warm,exec,queue,0.02642059326171875,2.384185791015625e-07,0.0,1609701661.2840617,1609701661.4170003,0.13293862342834473,1609701661.3384554,1609701661.3437967,0.005341291427612305
e2bbfe95e8ca4585ad2ef658bb931da0,k-means,warm,exec,queue,0.03153634071350098,2.384185791015625e-07,2.384185791015625e-07,1609701661.2866893,1609701661.4835932,0.19690394401550293,1609701661.3443682,1609701661.3510478,0.006679534912109375
16b727495a4c428799cebe3a2031a2bd,k-means,warm,exec,queue,0.03655219078063965,2.384185791015625e-07,2.384185791015625e-07,1609701661.289346,1609701661.516756,0.22741007804870605,1609701661.3502738,1609701661.3568819,0.006608009338378906
f4d5289986534777afc051230f9d8bca,k-means,warm,exec,queue,0.04098010063171387,2.384185791015625e-07,0.0,1609701661.2922807,1609701661.59433,0.3020493984222412,1609701661.356919,1609701661.3644285,0.007509469985961914
9517d24f778944d0a461c1ccc63ac0d4,k-means,warm,exec,queue,0.04562091827392578,2.384185791015625e-07,0.0,1609701661.293879,1609701661.5949335,0.3010544776916504,1609701661.3617666,1609701661.3685603,0.0067937374114990234
ab52a1763f1f4c399b9cdb3b812005ba,k-means,warm,exec,queue,0.022493362426757812,4.76837158203125e-07,2.384185791015625e-07,1609701661.295483,1609701661.5912557,0.2957725524902344,1609701661.3356335,1609701661.342607,0.0069735050201416016
96d00ded53484da0abf5bf9258bd6b83,k-means,warm,exec,queue,0.011010408401489258,4.76837158203125e-07,2.384185791015625e-07,1609701661.297104,1609701661.3919954,0.09489154815673828,1609701661.3212779,1609701661.3296304,0.008352518081665039
840f45559f17461da40fbec953036c1e,k-means,warm,exec,queue,0.01632547378540039,2.384185791015625e-07,2.384185791015625e-07,1609701661.2988226,1609701661.4152298,0.11640715599060059,1609701661.328387,1609701661.3365958,0.008208751678466797
492fddad85914ab48f31851c56f49990,k-means,warm,exec,queue,0.0032253265380859375,4.76837158203125e-07,2.384185791015625e-07,1609701662.2850394,1609701662.4208934,0.13585400581359863,1609701662.340242,1609701662.3487022,0.008460283279418945
18b8abd82d77479eb655164f839cd48b,k-means,warm,exec,queue,0.012993335723876953,4.76837158203125e-07,0.0,1609701662.2892132,1609701662.4220886,0.1328754425048828,1609701662.3404577,1609701662.3490577,0.008599996566772461
e42bdb7342a94532a828ea059503a913,k-means,warm,exec,queue,0.05487227439880371,2.384185791015625e-07,2.384185791015625e-07,1609701662.2917786,1609701662.7028081,0.411029577255249,1609701662.3900306,1609701662.3950098,0.004979133605957031
4a8e9bf364064dca8cf70a4b451639e1,k-means,warm,exec,queue,0.04997110366821289,2.384185791015625e-07,2.384185791015625e-07,1609701662.2943547,1609701662.5603676,0.26601290702819824,1609701662.3851738,1609701662.3918567,0.006682872772216797
6fa8f6043c564833bdb941ea7a8d98b4,k-means,warm,exec,queue,0.04463076591491699,2.384185791015625e-07,0.0,1609701662.2972345,1609701662.704931,0.4076964855194092,1609701662.3780353,1609701662.3824952,0.004459857940673828
a27aeddd507e458da7c24b7f01dd31be,k-means,warm,exec,queue,0.04000282287597656,4.76837158203125e-07,2.384185791015625e-07,1609701662.2997994,1609701662.488912,0.18911266326904297,1609701662.374301,1609701662.3807626,0.006461620330810547
3a3b9e26f9e6438cb89c7b047140e08a,k-means,warm,exec,queue,0.03507041931152344,2.384185791015625e-07,2.384185791015625e-07,1609701662.301607,1609701662.4895587,0.18795180320739746,1609701662.3673646,1609701662.3723125,0.0049479007720947266
b693380b1c88438f92ee30f36c476280,k-means,warm,exec,queue,0.029756546020507812,4.76837158203125e-07,2.384185791015625e-07,1609701662.3031824,1609701662.5624034,0.25922107696533203,1609701662.3617864,1609701662.3682334,0.0064470767974853516
c3bc95816854447db9fa87049fcb44c4,k-means,warm,exec,queue,0.02532792091369629,2.384185791015625e-07,2.384185791015625e-07,1609701662.3047907,1609701662.4497602,0.14496946334838867,1609701662.3591862,1609701662.3658676,0.0066814422607421875
fbf9f04bdf564b80a544648fdbd3bde0,k-means,warm,exec,queue,0.01691579818725586,2.384185791015625e-07,0.0,1609701662.306514,1609701662.421512,0.11499786376953125,1609701662.3453827,1609701662.35392,0.00853729248046875
6b3fbf72319840db835e07f10e7fd35d,k-means,warm,exec,queue,0.022305727005004883,4.76837158203125e-07,2.384185791015625e-07,1609701662.3080902,1609701662.4170566,0.10896635055541992,1609701662.3522775,1609701662.3599997,0.007722139358520508
a997c9ce0ea44489a3b929ce85dd08da,k-means,warm,exec,queue,0.059356689453125,4.76837158203125e-07,4.76837158203125e-07,1609701662.3096921,1609701662.4860702,0.1763780117034912,1609701662.3952904,1609701662.4018552,0.0065648555755615234
e658c8e9737440d9a2bd34c962b1ebec,k-means,warm,exec,queue,0.06442761421203613,2.384185791015625e-07,0.0,1609701662.3112998,1609701662.4836078,0.17230796813964844,1609701662.400718,1609701662.4049003,0.004182338714599609
f5c8a26239e9462fa43f5a8ae9ebdf42,k-means,warm,exec,queue,0.0696268081665039,2.384185791015625e-07,0.0,1609701662.3130069,1609701662.643761,0.33075404167175293,1609701662.4091861,1609701662.4157934,0.0066072940826416016
dc920cf2365e450d82cca4e66249b476,k-means,warm,exec,queue,0.07422351837158203,2.384185791015625e-07,0.0,1609701662.3145869,1609701662.7349396,0.4203526973724365,1609701662.4122598,1609701662.4166422,0.00438237190246582
44efd9be45394200b5df3f2fb833f2f7,k-means,warm,exec,queue,0.005644083023071289,4.76837158203125e-07,0.0,1609701663.2754762,1609701663.4114783,0.1360020637512207,1609701663.3091464,1609701663.3176775,0.00853109359741211
61a67fdd243744618b5d957d2b170cd6,video,warm,exec,queue,0.019834518432617188,2.384185791015625e-07,2.384185791015625e-07,1609701663.2795343,1609701663.6202762,0.3407418727874756,1609701663.3322272,1609701663.349933,0.017705678939819336
0d2f0d8634e74d658a00ca43e9813f9f,k-means,warm,exec,queue,0.03420877456665039,2.384185791015625e-07,2.384185791015625e-07,1609701663.282188,1609701663.6459122,0.3637242317199707,1609701663.3416672,1609701663.349013,0.007345914840698242
8c51f7722d29480b880dd15612966f29,k-means,warm,exec,queue,0.029711484909057617,2.384185791015625e-07,0.0,1609701663.2847872,1609701663.4792366,0.19444942474365234,1609701663.3348112,1609701663.3413372,0.006525993347167969
d87000a3304c4c44b7a8212d176d13bf,k-means,warm,exec,queue,0.024545669555664062,4.76837158203125e-07,0.0,1609701663.2873793,1609701663.5615418,0.27416253089904785,1609701663.3311627,1609701663.3362536,0.005090951919555664
6dba975d494848179d70522ab5cc040d,k-means,warm,exec,queue,0.019520282745361328,7.152557373046875e-07,2.384185791015625e-07,1609701663.289561,1609701663.4444506,0.15488958358764648,1609701663.331267,1609701663.339679,0.008411884307861328
e6c94480dadb4ce697609bae6e133a0a,k-means,warm,exec,queue,0.009529829025268555,2.384185791015625e-07,2.384185791015625e-07,1609701663.2911468,1609701663.4811757,0.19002890586853027,1609701663.3127935,1609701663.3210485,0.0082550048828125
470c1f3998994ac58205b029e0631447,k-means,warm,exec,queue,0.014886140823364258,4.76837158203125e-07,2.384185791015625e-07,1609701663.2927423,1609701663.4132726,0.12053036689758301,1609701663.3196933,1609701663.328017,0.00832366943359375
be8357642aff4a9d810a14326369c431,k-means,warm,exec,queue,7.653236389160156e-05,4.76837158203125e-07,2.384185791015625e-07,1609701664.2911162,1609701664.4221916,0.13107538223266602,1609701664.3472717,1609701664.3557487,0.008476972579956055
ec20a059db23447b814a7952ca716fe5,k-means,warm,exec,queue,0.007459878921508789,4.76837158203125e-07,2.384185791015625e-07,1609701664.2955327,1609701664.4255502,0.13001751899719238,1609701664.348285,1609701664.3565445,0.00825953483581543
c295d992bb7041cfa355c52fab0a393d,k-means,warm,exec,queue,0.012258768081665039,2.384185791015625e-07,2.384185791015625e-07,1609701664.298136,1609701664.4249191,0.12678313255310059,1609701664.3532455,1609701664.3618987,0.00865316390991211
dfab036729294b86a1a6461efff59892,k-means,warm,exec,queue,0.017851829528808594,2.384185791015625e-07,0.0,1609701664.300749,1609701664.446386,0.14563703536987305,1609701664.3595984,1609701664.368261,0.008662700653076172
88b11a1e7b4b478886aeb01f6cbf583d,k-means,warm,exec,queue,0.025278091430664062,2.384185791015625e-07,4.76837158203125e-07,1609701664.303631,1609701664.6725721,0.368941068649292,1609701664.367947,1609701664.3748047,0.006857633590698242
5e84333ac9b544fcb9d70b833a3b83c6,k-means,warm,exec,queue,0.030638933181762695,2.384185791015625e-07,2.384185791015625e-07,1609701664.3056545,1609701664.5317607,0.2261061668395996,1609701664.372039,1609701664.3789604,0.006921291351318359
294b2ecd74454fb6ae2b77ef6132b93f,k-means,warm,exec,queue,0.035448312759399414,2.384185791015625e-07,2.384185791015625e-07,1609701664.3072295,1609701664.6140287,0.30679917335510254,1609701664.3772266,1609701664.3824563,0.0052297115325927734
ceaa7e32b9554476ba15f18cda2211ae,k-means,warm,exec,queue,0.04072904586791992,2.384185791015625e-07,0.0,1609701664.3088148,1609701664.5338311,0.22501635551452637,1609701664.383946,1609701664.3907049,0.006758928298950195
4c64d0cb78024fc18e56e145e8fa383f,k-means,warm,exec,queue,0.04575610160827637,2.384185791015625e-07,2.384185791015625e-07,1609701664.3103938,1609701664.8187459,0.5083520412445068,1609701664.3881607,1609701664.3927622,0.004601478576660156
60db3e674d7444a28f8ee0bf07567df9,k-means,warm,exec,queue,0.060922861099243164,4.76837158203125e-07,4.76837158203125e-07,1609701664.3121102,1609701664.5554993,0.24338912963867188,1609701664.4063754,1609701664.4127693,0.006393909454345703
c7ae1cbf68cd4f47a0834d25a14344ab,k-means,warm,exec,queue,0.05120372772216797,2.384185791015625e-07,2.384185791015625e-07,1609701664.3136969,1609701664.4799774,0.16628050804138184,1609701664.3958626,1609701664.401521,0.005658388137817383
b602377943784c698807f2c1f3ddbee5,k-means,warm,exec,queue,0.0561065673828125,4.76837158203125e-07,2.384185791015625e-07,1609701664.31528,1609701664.8150778,0.4997978210449219,1609701664.3996847,1609701664.4042425,0.00455784797668457
6085e62760c246a5bbbcd2f0a7fa1b6d,k-means,warm,exec,queue,0.06563401222229004,2.384185791015625e-07,0.0,1609701664.3168776,1609701664.7399077,0.42303013801574707,1609701664.409773,1609701664.4140766,0.004303455352783203
643f2ff8aae14fdd88113afa6850c1b7,k-means,warm,exec,queue,0.07088088989257812,4.76837158203125e-07,2.384185791015625e-07,1609701664.3185678,1609701664.6496904,0.33112263679504395,1609701664.418321,1609701664.4255767,0.0072557926177978516
4cd6183c3c2848dca65cbfcf0dd521bf,k-means,warm,exec,queue,0.07568073272705078,4.76837158203125e-07,2.384185791015625e-07,1609701664.3201225,1609701664.6982021,0.3780796527862549,1609701664.423246,1609701664.428255,0.005009174346923828
3c80e520a3334ad49dc74d311c618d1a,k-means,warm,exec,queue,0.08048343658447266,2.384185791015625e-07,2.384185791015625e-07,1609701664.321698,1609701664.8170168,0.4953188896179199,1609701664.4269264,1609701664.4338126,0.00688624382019043
e2a1e3e91eb54e27855a7cca7e3e07a0,matmul,warm,exec,queue,0.01668071746826172,0.0,2.384185791015625e-07,1609701664.3237443,1609701664.557248,0.2335038185119629,1609701664.3681068,1609701664.3770082,0.008901357650756836
4076aae3cb3943ef9b1f5ae4bb93f792,k-means,warm,exec,queue,0.0009319782257080078,4.76837158203125e-07,2.384185791015625e-07,1609701665.2886772,1609701665.438587,0.14990973472595215,1609701665.347373,1609701665.3555157,0.008142709732055664
8263367c79bf4c6eb08b896a70c67fc3,k-means,warm,exec,queue,0.038791656494140625,2.384185791015625e-07,2.384185791015625e-07,1609701665.29285,1609701665.737532,0.44468188285827637,1609701665.381396,1609701665.3886032,0.007207155227661133
b728120e963b4f6fa833fd896774b5ea,k-means,warm,exec,queue,0.043562889099121094,2.384185791015625e-07,0.0,1609701665.2954407,1609701665.6007464,0.30530571937561035,1609701665.3919728,1609701665.4016862,0.009713411331176758
92057fa234e44f7dbc824b0dd5dc4363,k-means,warm,exec,queue,0.04820966720581055,2.384185791015625e-07,0.0,1609701665.298016,1609701665.5928087,0.29479265213012695,1609701665.3918226,1609701665.3981676,0.006345033645629883
8aba61c365b64136b964bf231a249e30,k-means,warm,exec,queue,0.052764892578125,2.384185791015625e-07,2.384185791015625e-07,1609701665.3008833,1609701665.4913425,0.1904592514038086,1609701665.3966591,1609701665.4011898,0.004530668258666992
7b3c8db481db4e239d986fa3770999ef,k-means,warm,exec,queue,0.05820012092590332,2.384185791015625e-07,2.384185791015625e-07,1609701665.30346,1609701665.5975137,0.2940537929534912,1609701665.4041057,1609701665.4106128,0.006507158279418945
8445cc3a3c1041fc9914479c3db44007,k-means,warm,exec,queue,0.06325387954711914,2.384185791015625e-07,2.384185791015625e-07,1609701665.3055165,1609701665.7393494,0.43383288383483887,1609701665.409514,1609701665.415704,0.006190061569213867
78123f07272940b69ba93061a5606944,k-means,warm,exec,queue,0.0053441524505615234,2.384185791015625e-07,0.0,1609701665.3070889,1609701665.4379957,0.1309068202972412,1609701665.3481429,1609701665.357098,0.008955240249633789
d673785cd1784708b25d384325c2d2a6,k-means,warm,exec,queue,0.010275602340698242,4.76837158203125e-07,0.0,1609701665.3086877,1609701665.4335208,0.1248331069946289,1609701665.347757,1609701665.3563552,0.008598089218139648
9a4b56a03aa34e9e92b11875c44bea2c,k-means,warm,exec,queue,0.014954566955566406,2.384185791015625e-07,2.384185791015625e-07,1609701665.3104064,1609701665.4352992,0.1248927116394043,1609701665.3521252,1609701665.360712,0.008586883544921875
945b1c4f33db43c187ef2815d3ca6f50,k-means,warm,exec,queue,0.01949000358581543,4.76837158203125e-07,2.384185791015625e-07,1609701665.311974,1609701665.494848,0.18287396430969238,1609701665.357641,1609701665.3660827,0.008441686630249023
c4db23f8c0c34ba6a042725bcc4a43c2,k-means,warm,exec,queue,0.026813745498657227,4.76837158203125e-07,2.384185791015625e-07,1609701665.313589,1609701665.493119,0.17952990531921387,1609701665.3716574,1609701665.3813143,0.009656906127929688
dad0e544f46f4d69a85e89f949728a32,k-means,warm,exec,queue,0.032309770584106445,2.384185791015625e-07,2.384185791015625e-07,1609701665.3151736,1609701665.6013722,0.28619861602783203,1609701665.37362,1609701665.381493,0.007873058319091797
b4faf403024f46c9b911feda3a3bbf7a,k-means,warm,exec,queue,0.0368497371673584,4.76837158203125e-07,2.384185791015625e-07,1609701665.3168433,1609701665.5969265,0.28008317947387695,1609701665.3754823,1609701665.381301,0.005818605422973633
318f5c7953f94a82866e25b529fc91fd,video,warm,exec,queue,0.022872209548950195,2.384185791015625e-07,0.0,1609701665.318391,1609701665.5980608,0.27966976165771484,1609701665.3725939,1609701665.3903685,0.017774581909179688
943e5a145f5e4379923ac19c4089cc22,map_reduce,warm,exec,queue,0.027871370315551758,2.384185791015625e-07,0.0,1609701665.3199604,1609701665.8046882,0.4847278594970703,1609701665.3731012,1609701665.4583178,0.08521652221679688
c266510ca1b34efc8c49cf9790f64bc1,k-means,warm,exec,queue,0.006276369094848633,4.76837158203125e-07,2.384185791015625e-07,1609701666.2834423,1609701666.4282615,0.1448192596435547,1609701666.3252916,1609701666.334098,0.008806467056274414
31b68c7f29b74745a9093dce137b8667,k-means,warm,exec,queue,0.04192018508911133,2.384185791015625e-07,2.384185791015625e-07,1609701666.2875128,1609701666.638835,0.3513221740722656,1609701666.3657038,1609701666.372045,0.006341218948364258
0fab628bea384b038fa6d86e39e6fa5b,k-means,warm,exec,queue,0.04719424247741699,2.384185791015625e-07,0.0,1609701666.2901495,1609701666.6369705,0.3468210697174072,1609701666.372872,1609701666.3782415,0.005369424819946289
097be44a202744c69fbb6ea4a0dd2318,k-means,warm,exec,queue,0.051927804946899414,2.384185791015625e-07,2.384185791015625e-07,1609701666.2928348,1609701666.7388492,0.446014404296875,1609701666.3778486,1609701666.382486,0.004637479782104492
a9e374b74bc648feaefec53baeeef338,k-means,warm,exec,queue,0.019532442092895508,4.76837158203125e-07,2.384185791015625e-07,1609701666.2958696,1609701666.4718087,0.17593908309936523,1609701666.3397954,1609701666.3477027,0.007907390594482422
67e67dc6d68448b58166a5d88cd2e5a3,k-means,warm,exec,queue,0.0244448184967041,2.384185791015625e-07,0.0,1609701666.2976825,1609701666.4683511,0.1706686019897461,1609701666.3452926,1609701666.352921,0.007628440856933594
7542813b42b343b3a4afb155ab97dc68,k-means,warm,exec,queue,0.029526710510253906,2.384185791015625e-07,2.384185791015625e-07,1609701666.2992551,1609701666.577835,0.2785799503326416,1609701666.34931,1609701666.3555865,0.006276607513427734
c58f3422421e467daeba1feef219feb5,k-means,warm,exec,queue,0.03487372398376465,4.76837158203125e-07,2.384185791015625e-07,1609701666.3008475,1609701666.552582,0.25173449516296387,1609701666.3553357,1609701666.3600726,0.004736900329589844
a7375c3d20e04a959bb17f9adfbbc720,k-means,warm,exec,queue,0.039438486099243164,4.76837158203125e-07,2.384185791015625e-07,1609701666.3024404,1609701666.5797172,0.27727675437927246,1609701666.361825,1609701666.3667886,0.00496363639831543
d9d18e7878cd4844a99e8c9d6d5d3ae7,k-means,warm,exec,queue,0.014850616455078125,4.76837158203125e-07,2.384185791015625e-07,1609701666.304162,1609701666.4700751,0.16591310501098633,1609701666.3338878,1609701666.3422768,0.008388996124267578
b64be454b45a429eacc09c6d6aecb2bd,k-means,warm,exec,queue,0.010275840759277344,2.384185791015625e-07,2.384185791015625e-07,1609701666.3057601,1609701666.4267156,0.1209554672241211,1609701666.3287187,1609701666.3378043,0.009085655212402344
6e0cdd6479b94d788c07300e31f0690a,k-means,warm,exec,queue,0.00044035911560058594,4.76837158203125e-07,2.384185791015625e-07,1609701667.2880387,1609701667.4348512,0.14681243896484375,1609701667.3415682,1609701667.349997,0.008428812026977539
9042f0db70f34bfab8b8a9114e3b5d51,k-means,warm,exec,queue,0.008816242218017578,4.76837158203125e-07,2.384185791015625e-07,1609701667.2922807,1609701667.5500753,0.2577946186065674,1609701667.3418708,1609701667.3504677,0.00859689712524414
775c22cd38ba42cc9e118ace5c14bd6f,k-means,warm,exec,queue,0.01350712776184082,2.384185791015625e-07,2.384185791015625e-07,1609701667.294863,1609701667.4334729,0.1386098861694336,1609701667.3457663,1609701667.3545516,0.008785247802734375
ce33653100784fef8dabf1b20658c195,k-means,warm,exec,queue,0.018821001052856445,2.384185791015625e-07,2.384185791015625e-07,1609701667.2974622,1609701667.5015314,0.2040691375732422,1609701667.3521502,1609701667.3608832,0.008733034133911133
07e224de5e2a48629d1f426d34f4ae13,k-means,warm,exec,queue,0.0262758731842041,2.384185791015625e-07,2.384185791015625e-07,1609701667.3003345,1609701667.547783,0.24744844436645508,1609701667.3617883,1609701667.3684642,0.0066759586334228516
9dcead60073e476a9e97480d31f86b23,k-means,warm,exec,queue,0.03063511848449707,0.0,2.384185791015625e-07,1609701667.30292,1609701667.548375,0.2454547882080078,1609701667.3640454,1609701667.370701,0.006655693054199219
4c83cb7ad86a47628e5f7604f6358506,k-means,warm,exec,queue,0.0356144905090332,2.384185791015625e-07,2.384185791015625e-07,1609701667.3050983,1609701667.6598978,0.3547995090484619,1609701667.3695402,1609701667.3763618,0.006821632385253906
9e12b291af25425ea77ff02f79ccf40f,k-means,warm,exec,queue,0.040837764739990234,2.384185791015625e-07,2.384185791015625e-07,1609701667.306692,1609701667.4997542,0.19306230545043945,1609701667.377056,1609701667.3822525,0.005196571350097656
380a47b5b36d414094416f213432e3ea,k-means,warm,exec,queue,0.04525423049926758,2.384185791015625e-07,2.384185791015625e-07,1609701667.3082979,1609701667.5779204,0.2696225643157959,1609701667.3822885,1609701667.3895223,0.007233858108520508
5880be56f9ca436c9be67291a1ca77b5,k-means,warm,exec,queue,0.05019879341125488,2.384185791015625e-07,2.384185791015625e-07,1609701667.3100417,1609701667.5758915,0.2658498287200928,1609701667.3875859,1609701667.3946168,0.007030963897705078
6c397d6ac79b4b5b825d9622ed769ba1,k-means,warm,exec,queue,0.05457425117492676,2.384185791015625e-07,0.0,1609701667.311631,1609701667.547161,0.23553013801574707,1609701667.3914292,1609701667.396766,0.005336761474609375
29fb73d39c6c4d3b8df89d8898c22465,k-means,warm,exec,queue,0.05906558036804199,2.384185791015625e-07,0.0,1609701667.313238,1609701667.618586,0.30534815788269043,1609701667.3966086,1609701667.4009898,0.0043811798095703125
d973d768c6e643ed87efce4a1f352e77,k-means,warm,exec,queue,0.0644216537475586,4.76837158203125e-07,0.0,1609701667.3148363,1609701667.5426383,0.22780203819274902,1609701667.402945,1609701667.4077485,0.00480341911315918
a3ed54b71e0942f590ad7cbe55e5f7ed,video,warm,exec,queue,0.015219926834106445,2.384185791015625e-07,0.0,1609701667.3165886,1609701667.6620178,0.3454291820526123,1609701667.362574,1609701667.380308,0.01773381233215332
880b5cf39a1645cb99f8db7f7e9cf257,k-means,warm,exec,queue,0.005535125732421875,2.384185791015625e-07,2.384185791015625e-07,1609701668.2871575,1609701668.411432,0.12427449226379395,1609701668.3336473,1609701668.341994,0.008346796035766602
9abce04be37345afb79e79300be4e677,k-means,warm,exec,queue,0.009497880935668945,2.384185791015625e-07,0.0,1609701668.2913902,1609701668.4100523,0.11866211891174316,1609701668.3351898,1609701668.3439198,0.008729934692382812
c27b2cbc5ca247e0beb41adc83fac6d5,k-means,warm,exec,queue,0.041643381118774414,4.76837158203125e-07,2.384185791015625e-07,1609701668.2940686,1609701668.504018,0.20994949340820312,1609701668.373301,1609701668.379723,0.0064220428466796875
0afba1fbf90043ab9994d8e71c5a2e5f,k-means,warm,exec,queue,0.046478986740112305,2.384185791015625e-07,2.384185791015625e-07,1609701668.296666,1609701668.7196147,0.42294883728027344,1609701668.3786845,1609701668.3847961,0.006111621856689453
e6727b907dc3491c9ca88dd0c32a9367,k-means,warm,exec,queue,0.051444053649902344,4.76837158203125e-07,2.384185791015625e-07,1609701668.299583,1609701668.7781806,0.47859764099121094,1609701668.3842394,1609701668.3897803,0.0055408477783203125
ba247c8a6b10418fb9969f73cae50c39,k-means,warm,exec,queue,0.05628848075866699,2.384185791015625e-07,2.384185791015625e-07,1609701668.3016005,1609701668.6794574,0.377856969833374,1609701668.3890975,1609701668.3956373,0.006539821624755859
350464959a2c4d14bf491dd4c8242ce0,k-means,warm,exec,queue,0.017667770385742188,4.76837158203125e-07,2.384185791015625e-07,1609701668.3032281,1609701668.4350271,0.13179898262023926,1609701668.3466263,1609701668.3547854,0.008159160614013672
f26f259151334090bb1d0791163068da,k-means,warm,exec,queue,0.02239823341369629,4.76837158203125e-07,2.384185791015625e-07,1609701668.3047962,1609701668.4367287,0.13193249702453613,1609701668.3547356,1609701668.3599508,0.005215167999267578
092a64214f3843bf8b7c098c43698f85,k-means,warm,exec,queue,0.027803897857666016,2.384185791015625e-07,2.384185791015625e-07,1609701668.3063493,1609701668.6047347,0.2983853816986084,1609701668.3557386,1609701668.362534,0.006795406341552734
a4170d57299945b2ae78efe2886953b4,k-means,warm,exec,queue,0.0333559513092041,2.384185791015625e-07,0.0,1609701668.3080802,1609701668.5523193,0.24423909187316895,1609701668.3614643,1609701668.3676631,0.006198883056640625
3d27fd0c5d7946f6b5553023d16f8a91,k-means,warm,exec,queue,0.013263702392578125,2.384185791015625e-07,2.384185791015625e-07,1609701668.3096552,1609701668.507432,0.19777679443359375,1609701668.3394942,1609701668.3468356,0.0073413848876953125
a888e09166f44e729a0ebdba1b0477bc,k-means,warm,exec,queue,0.03705477714538574,4.76837158203125e-07,4.76837158203125e-07,1609701668.3112123,1609701668.5022779,0.19106554985046387,1609701668.3685417,1609701668.3731205,0.004578828811645508
74adbefb9be24daf8bbd5331a4165034,k-means,warm,exec,queue,0.061879634857177734,4.76837158203125e-07,2.384185791015625e-07,1609701668.312816,1609701668.506814,0.19399809837341309,1609701668.3954303,1609701668.4019873,0.006556987762451172
19d84d0bf1dc421ea66b9361fefe2183,k-means,warm,exec,queue,0.0031006336212158203,4.76837158203125e-07,2.384185791015625e-07,1609701669.2902567,1609701669.4739325,0.18367576599121094,1609701669.3654919,1609701669.3731403,0.007648468017578125
b2e1bee789644a1998f52f0e375385c7,k-means,warm,exec,queue,0.055025577545166016,2.384185791015625e-07,2.384185791015625e-07,1609701669.2943108,1609701669.4958298,0.20151901245117188,1609701669.3904278,1609701669.3964043,0.005976438522338867
7d4a1a3b95dd42e89a45a060aa5322cb,k-means,warm,exec,queue,0.06046295166015625,2.384185791015625e-07,2.384185791015625e-07,1609701669.2969327,1609701669.618495,0.3215622901916504,1609701669.3965771,1609701669.403621,0.0070438385009765625
eaaa9b4ae5d749bcbd097d5d591bf643,k-means,warm,exec,queue,0.0663611888885498,7.152557373046875e-07,2.384185791015625e-07,1609701669.299473,1609701669.617893,0.3184199333190918,1609701669.405474,1609701669.4103959,0.004921913146972656
801f8169708d4077828d810022fe9e20,k-means,warm,exec,queue,0.0717008113861084,4.76837158203125e-07,2.384185791015625e-07,1609701669.3023477,1609701669.5733805,0.27103281021118164,1609701669.410955,1609701669.4170601,0.006105184555053711
d4acb9249a5d4e838b01f5e43059e314,k-means,warm,exec,queue,0.07678794860839844,2.384185791015625e-07,2.384185791015625e-07,1609701669.3048632,1609701669.5310013,0.22613811492919922,1609701669.4150655,1609701669.4214456,0.0063800811767578125
500231b059594c29b964ad6e1b0b79c2,k-means,warm,exec,queue,0.08144068717956543,4.76837158203125e-07,2.384185791015625e-07,1609701669.306408,1609701669.6468554,0.34044742584228516,1609701669.4223876,1609701669.4291317,0.0067441463470458984
cf9cf8108ec34f5e8ec45087e8e46cff,k-means,warm,exec,queue,0.05061149597167969,2.384185791015625e-07,2.384185791015625e-07,1609701669.307957,1609701669.5293732,0.22141623497009277,1609701669.3885384,1609701669.393985,0.005446672439575195
3b14a172cd0d4a27952e4853c8d87f72,k-means,warm,exec,queue,0.042046308517456055,4.76837158203125e-07,2.384185791015625e-07,1609701669.3095338,1609701669.6132038,0.30366992950439453,1609701669.3881242,1609701669.3951476,0.007023334503173828
a424c196423b4924bc86ee4300de8efe,k-means,warm,exec,queue,0.03732109069824219,2.384185791015625e-07,4.76837158203125e-07,1609701669.3112092,1609701669.4744716,0.16326236724853516,1609701669.371202,1609701669.3788269,0.00762486457824707
a6f55a73759a4701854c6f4444786703,k-means,warm,exec,queue,0.03290700912475586,2.384185791015625e-07,2.384185791015625e-07,1609701669.3127742,1609701669.4973998,0.18462562561035156,1609701669.3660874,1609701669.3741317,0.008044242858886719
8a155d20abc5476aad9b8669fd580431,k-means,warm,exec,queue,0.03423285484313965,2.384185791015625e-07,2.384185791015625e-07,1609701669.3143198,1609701669.4713264,0.15700650215148926,1609701669.366776,1609701669.374212,0.007436037063598633
8c45f4d1d8404462bc58152b887c7a0a,k-means,warm,exec,queue,0.08596563339233398,2.384185791015625e-07,0.0,1609701669.3158667,1609701669.7392168,0.42335009574890137,1609701669.426791,1609701669.432062,0.005270957946777344
0241e0e198e84cb29dc2798506452278,video,warm,exec,queue,0.04268813133239746,2.384185791015625e-07,0.0,1609701669.3175669,1609701669.6151114,0.2975444793701172,1609701669.388878,1609701669.4052038,0.016325712203979492
8b8ba925048f48d0a71c09081284e2cd,k-means,warm,exec,queue,0.00538182258605957,2.384185791015625e-07,2.384185791015625e-07,1609701670.2884276,1609701670.399203,0.11077547073364258,1609701670.3318813,1609701670.3391688,0.007287502288818359
9d26dba0d339470d901a22f20b54abf8,k-means,warm,exec,queue,0.043823957443237305,2.384185791015625e-07,2.384185791015625e-07,1609701670.2924368,1609701670.4831085,0.19067168235778809,1609701670.3752148,1609701670.3817613,0.006546497344970703
fdc474acc663489cad797a608dabd977,k-means,warm,exec,queue,0.04893350601196289,2.384185791015625e-07,2.384185791015625e-07,1609701670.2950165,1609701670.548765,0.25374841690063477,1609701670.3797183,1609701670.3838987,0.004180431365966797
6bfa9cd51129419aa9e9c53dae2de3c0,k-means,warm,exec,queue,0.0535120964050293,2.384185791015625e-07,2.384185791015625e-07,1609701670.2976232,1609701670.4864786,0.18885540962219238,1609701670.3852649,1609701670.3920028,0.006737947463989258
76c1af4562fb4fe0a1980be9c9095ca5,k-means,warm,exec,queue,0.021165847778320312,4.76837158203125e-07,2.384185791015625e-07,1609701670.3005195,1609701670.4897861,0.18926668167114258,1609701670.3470862,1609701670.3531692,0.006083011627197266
91c65b33e7944f5e8442575cd5a334bd,k-means,warm,exec,queue,0.026273488998413086,4.76837158203125e-07,2.384185791015625e-07,1609701670.3030972,1609701670.4815888,0.17849159240722656,1609701670.354032,1609701670.3603964,0.006364345550537109
a812fbae72304a9a972ae9a6b382e96c,k-means,warm,exec,queue,0.03083062171936035,2.384185791015625e-07,0.0,1609701670.3052433,1609701670.6323707,0.32712745666503906,1609701670.3588455,1609701670.365132,0.00628662109375
c11d7406f4214aa4aaf0079ba4c79b9a,k-means,warm,exec,queue,0.03548598289489746,2.384185791015625e-07,0.0,1609701670.306819,1609701670.4870677,0.18024873733520508,1609701670.365007,1609701670.3695145,0.004507541656494141
ea14d13125174fcd8d357caf0862cfcf,k-means,warm,exec,queue,0.040201425552368164,2.384185791015625e-07,0.0,1609701670.3084235,1609701670.6744547,0.3660311698913574,1609701670.3680634,1609701670.372969,0.0049054622650146484
f4020eec7b63433aa8e0fb6b88948755,k-means,warm,exec,queue,0.014104843139648438,2.384185791015625e-07,2.384185791015625e-07,1609701670.3101287,1609701670.4315188,0.12139010429382324,1609701670.3402824,1609701670.3485122,0.008229732513427734
2e1bda3e05e544189e15e724231ec838,k-means,warm,exec,queue,0.008874177932739258,2.384185791015625e-07,2.384185791015625e-07,1609701670.3117025,1609701670.398077,0.08637452125549316,1609701670.3351882,1609701670.3433793,0.008191108703613281
3fb5e21dbc02491498db3a6105c7604f,matmul,warm,exec,queue,0.012883901596069336,2.384185791015625e-07,0.0,1609701670.3133008,1609701670.4903896,0.17708873748779297,1609701670.3478703,1609701670.358993,0.011122703552246094
167c55f1848344debbd0cf8d156874c4,k-means,warm,exec,queue,0.002933979034423828,2.384185791015625e-07,2.384185791015625e-07,1609701671.2911632,1609701671.443154,0.1519908905029297,1609701671.3648574,1609701671.372709,0.007851600646972656
2bebdb32e3ee44e7813d719dba9a4f42,k-means,warm,exec,queue,0.023447751998901367,2.384185791015625e-07,2.384185791015625e-07,1609701671.2953787,1609701671.728689,0.43331027030944824,1609701671.3839998,1609701671.390833,0.006833076477050781
9dcc204a58454319bb5203f68712bf64,k-means,warm,exec,queue,0.028087615966796875,2.384185791015625e-07,2.384185791015625e-07,1609701671.2979848,1609701671.6343732,0.33638834953308105,1609701671.3866649,1609701671.3930569,0.006392002105712891
b74d8a9b9ace436f990423f955d9dba4,k-means,warm,exec,queue,0.03289532661437988,2.384185791015625e-07,2.384185791015625e-07,1609701671.300601,1609701671.4668674,0.16626644134521484,1609701671.3916342,1609701671.397868,0.006233692169189453
b1bf9cee005a4ded85a2b438c2da96c1,k-means,warm,exec,queue,0.03743743896484375,0.0,2.384185791015625e-07,1609701671.3034687,1609701671.4685788,0.16511011123657227,1609701671.398148,1609701671.404519,0.006371021270751953
4066b625b7384d159db1900539ced5a8,k-means,warm,exec,queue,0.042181968688964844,2.384185791015625e-07,0.0,1609701671.3054476,1609701671.5703897,0.2649421691894531,1609701671.4031503,1609701671.4080343,0.004884004592895508
acdc27678743429b9edd558fb7765b33,k-means,warm,exec,queue,0.04745078086853027,2.384185791015625e-07,2.384185791015625e-07,1609701671.3070116,1609701671.7293077,0.42229604721069336,1609701671.409884,1609701671.4165044,0.0066204071044921875
34af2853a0e448879c893db62539afeb,k-means,warm,exec,queue,0.05200481414794922,4.76837158203125e-07,2.384185791015625e-07,1609701671.3085883,1609701671.636278,0.32768964767456055,1609701671.4138653,1609701671.4200363,0.006170988082885742
08382e273ac34f0d80c5a2c39635f90a,k-means,warm,exec,queue,0.05753684043884277,2.384185791015625e-07,2.384185791015625e-07,1609701671.3101988,1609701671.7327993,0.42260050773620605,1609701671.419154,1609701671.425812,0.006658077239990234
ec6ee8637244433da2e13cd4937524e7,k-means,warm,exec,queue,0.017351388931274414,2.384185791015625e-07,4.76837158203125e-07,1609701671.3121908,1609701671.7321894,0.4199986457824707,1609701671.3757465,1609701671.383934,0.008187532424926758
76de86289a734cf6b91f24b4fffbd808,k-means,warm,exec,queue,0.009271860122680664,2.384185791015625e-07,2.384185791015625e-07,1609701671.313817,1609701671.5170717,0.20325469970703125,1609701671.3659203,1609701671.3745284,0.008608102798461914
be2522d7b4f948e18a9beb48e7da2387,k-means,warm,exec,queue,0.013774633407592773,2.384185791015625e-07,2.384185791015625e-07,1609701671.315445,1609701671.4417598,0.12631487846374512,1609701671.3697073,1609701671.378307,0.00859975814819336
56ff6b6005824ad69984cf48573a4301,k-means,warm,exec,queue,0.06242227554321289,4.76837158203125e-07,2.384185791015625e-07,1609701671.3170817,1609701671.675836,0.35875439643859863,1609701671.4254093,1609701671.4312806,0.005871295928955078
01403a44982c445e99b1bc17dbbe4ddd,video,warm,exec,queue,0.0162045955657959,2.384185791015625e-07,2.384185791015625e-07,1609701671.3417468,1609701671.4702337,0.12848687171936035,1609701671.3849957,1609701671.4025636,0.017567873001098633
014d915a369f4c8f944aff9b8144242a,k-means,warm,exec,queue,0.0070648193359375,4.76837158203125e-07,4.76837158203125e-07,1609701672.2924201,1609701672.46141,0.168989896774292,1609701672.3425303,1609701672.3504496,0.0079193115234375
4c10b23163fe4c239c97666c8a9a8ac2,k-means,warm,exec,queue,0.04747176170349121,2.384185791015625e-07,2.384185791015625e-07,1609701672.2965424,1609701672.7619576,0.46541523933410645,1609701672.3861077,1609701672.3906693,0.004561662673950195
2629d2739f044228b5fb2fd2f8b980fd,k-means,warm,exec,queue,0.05190682411193848,2.384185791015625e-07,0.0,1609701672.2991073,1609701672.5462382,0.2471308708190918,1609701672.3917208,1609701672.3989363,0.0072154998779296875
5d7e4ec12f424f25b35dc4092a0a0de9,k-means,warm,exec,queue,0.02965259552001953,2.384185791015625e-07,2.384185791015625e-07,1609701672.301681,1609701672.5956962,0.29401516914367676,1609701672.363329,1609701672.3687956,0.0054666996002197266
73a4129f35b54f8bbd58ba0bbde69aab,k-means,warm,exec,queue,0.03499746322631836,2.384185791015625e-07,2.384185791015625e-07,1609701672.304544,1609701672.4942849,0.18974089622497559,1609701672.3705406,1609701672.3772726,0.006731986999511719
067648297b0c46e7af30fc030c4b8f9d,k-means,warm,exec,queue,0.0565335750579834,2.384185791015625e-07,2.384185791015625e-07,1609701672.306133,1609701672.674716,0.36858296394348145,1609701672.3963766,1609701672.4006944,0.004317760467529297
782508599fc8412e81d9ca1ca78457b0,k-means,warm,exec,queue,0.0397794246673584,2.384185791015625e-07,0.0,1609701672.3076632,1609701672.763684,0.4560208320617676,1609701672.3745732,1609701672.3791745,0.004601240158081055
424a4ed8dbfc4d86a36feb8c947f5fca,k-means,warm,exec,queue,0.04510164260864258,7.152557373046875e-07,2.384185791015625e-07,1609701672.3092272,1609701672.6727545,0.3635272979736328,1609701672.3824253,1609701672.388792,0.006366729736328125
ecb860db04b9427781a9f5f1f0bf46fa,k-means,warm,exec,queue,0.024678707122802734,2.384185791015625e-07,0.0,1609701672.3107784,1609701672.6365185,0.32574009895324707,1609701672.359857,1609701672.3650491,0.0051920413970947266
20467759f5104bdea6e012a5429851b4,k-means,warm,exec,queue,0.02014946937561035,7.152557373046875e-07,0.0,1609701672.3124764,1609701672.5444791,0.23200273513793945,1609701672.353871,1609701672.3629973,0.00912618637084961
1702ff61425e4921a45326b94ca14c37,k-means,warm,exec,queue,0.015604734420776367,4.76837158203125e-07,4.76837158203125e-07,1609701672.3140259,1609701672.4632347,0.14920878410339355,1609701672.347811,1609701672.3555198,0.00770878791809082
34183084457f42a6b02493397e01d347,k-means,warm,exec,queue,0.010636568069458008,2.384185791015625e-07,2.384185791015625e-07,1609701672.315574,1609701672.54797,0.23239612579345703,1609701672.3430836,1609701672.3517118,0.008628129959106445
c769195826824e2aa394d7f7c8a4bbea,k-means,warm,exec,queue,0.062134504318237305,4.76837158203125e-07,2.384185791015625e-07,1609701672.3171432,1609701672.7035701,0.3864269256591797,1609701672.4048698,1609701672.4103703,0.0055005550384521484
2fdb9ae21d1e45dfaa474928783c8d92,k-means,warm,exec,queue,0.06729245185852051,4.76837158203125e-07,2.384185791015625e-07,1609701672.3188038,1609701672.5977783,0.2789745330810547,1609701672.4081001,1609701672.4125056,0.004405498504638672
9636183655d2487397fbbfecd0c28151,k-means,warm,exec,queue,0.004880666732788086,4.76837158203125e-07,4.76837158203125e-07,1609701673.2876885,1609701673.40668,0.11899161338806152,1609701673.3250864,1609701673.3325634,0.0074770450592041016
dbfdb7db015043d09d445d67af7482e1,video,warm,exec,queue,0.015506982803344727,2.384185791015625e-07,2.384185791015625e-07,1609701673.291863,1609701673.6595078,0.3676447868347168,1609701673.345553,1609701673.3637238,0.018170833587646484
dcfc2bd6a1264061bd52bfb839a49889,k-means,warm,exec,queue,0.035498619079589844,2.384185791015625e-07,2.384185791015625e-07,1609701673.2945092,1609701673.5253444,0.2308351993560791,1609701673.3597102,1609701673.3662655,0.006555318832397461
627f390feacc4b8caf08c19e08a56773,k-means,warm,exec,queue,0.008702993392944336,2.384185791015625e-07,2.384185791015625e-07,1609701673.2970865,1609701673.40857,0.11148357391357422,1609701673.3274505,1609701673.3354855,0.008034944534301758
285e952fa884497a9bd0377f83e26f47,k-means,warm,exec,queue,0.014033794403076172,2.384185791015625e-07,2.384185791015625e-07,1609701673.2996418,1609701673.432841,0.13319921493530273,1609701673.3340752,1609701673.3425667,0.00849151611328125
7af6c96dfd184aba9e9faeb5bd8eb92f,k-means,warm,exec,queue,0.018626928329467773,2.384185791015625e-07,2.384185791015625e-07,1609701673.301685,1609701673.4746816,0.17299652099609375,1609701673.3443022,1609701673.3526564,0.00835418701171875
f6193515a48447899463821abd7ffeaa,k-means,warm,exec,queue,0.024399757385253906,2.384185791015625e-07,2.384185791015625e-07,1609701673.303217,1609701673.4310324,0.12781548500061035,1609701673.344851,1609701673.3511205,0.0062694549560546875
a29d24e9dde84a8d8aac68afc832bd0a,k-means,warm,exec,queue,0.028850317001342773,2.384185791015625e-07,0.0,1609701673.3048048,1609701673.5240839,0.21927905082702637,1609701673.350287,1609701673.357288,0.007000923156738281
b82ef4df5878476c82afa54cd87dc628,k-means,warm,exec,queue,0.03330802917480469,4.76837158203125e-07,2.384185791015625e-07,1609701673.3077726,1609701673.4731493,0.1653766632080078,1609701673.3562484,1609701673.3638554,0.007606983184814453
d7ef14dc49054728a9224813b0330a41,k-means,warm,exec,queue,0.003208637237548828,4.76837158203125e-07,2.384185791015625e-07,1609701674.2883801,1609701674.4210079,0.1326277256011963,1609701674.3324025,1609701674.3406272,0.008224725723266602
0f46ddea2f3643b8acf5878842842ab9,k-means,warm,exec,queue,0.02668476104736328,4.76837158203125e-07,2.384185791015625e-07,1609701674.2926047,1609701674.5141993,0.22159457206726074,1609701674.354552,1609701674.3609154,0.006363391876220703
e74b2539164143adb7ce596fd8f76e86,k-means,warm,exec,queue,0.03244280815124512,2.384185791015625e-07,2.384185791015625e-07,1609701674.2951887,1609701674.5611408,0.26595211029052734,1609701674.3620968,1609701674.366818,0.004721164703369141
122579317f944762a55d84950d2eb38e,k-means,warm,exec,queue,0.03866291046142578,2.384185791015625e-07,2.384185791015625e-07,1609701674.2977817,1609701674.7129078,0.41512608528137207,1609701674.3683977,1609701674.3732932,0.004895448684692383
5625101cc1434fb7837a950d0758d4d6,k-means,warm,exec,queue,0.04456186294555664,2.384185791015625e-07,2.384185791015625e-07,1609701674.3005354,1609701674.5265424,0.22600698471069336,1609701674.3748906,1609701674.3817542,0.006863594055175781
b5adefb51e6b4edca287e45646d8c313,k-means,warm,exec,queue,0.050415992736816406,2.384185791015625e-07,2.384185791015625e-07,1609701674.3020692,1609701674.6474245,0.3453552722930908,1609701674.381,1609701674.3869088,0.0059087276458740234
55fd488d4bd74e0391d72b667fe007ef,k-means,warm,exec,queue,0.056186676025390625,2.384185791015625e-07,0.0,1609701674.303599,1609701674.645733,0.3421339988708496,1609701674.3880718,1609701674.3954754,0.00740361213684082
6cc856564f384fb884de27894688121a,k-means,warm,exec,queue,0.06243014335632324,2.384185791015625e-07,0.0,1609701674.3051376,1609701674.5147798,0.2096421718597412,1609701674.3943284,1609701674.4006615,0.006333112716674805
4f070ca3e67846aa8daab6b33e61d120,k-means,warm,exec,queue,0.02135443687438965,7.152557373046875e-07,2.384185791015625e-07,1609701674.3066764,1609701674.4610636,0.1543872356414795,1609701674.3492286,1609701674.35553,0.006301403045654297
3a4cf5ca0d434201b31e440279ed79ce,k-means,warm,exec,queue,0.008270978927612305,2.384185791015625e-07,0.0,1609701674.3083518,1609701674.4184027,0.11005091667175293,1609701674.3320317,1609701674.3390708,0.007039070129394531
8368c95e9a6645428d131d0dd8a27cef,k-means,warm,exec,queue,0.01337122917175293,2.384185791015625e-07,2.384185791015625e-07,1609701674.3098786,1609701674.4214842,0.11160564422607422,1609701674.337893,1609701674.3459032,0.008010149002075195
3df880ada77f4dceb3389659018c78aa,k-means,warm,exec,queue,0.018666505813598633,4.76837158203125e-07,0.0,1609701674.3114007,1609701674.5112855,0.19988489151000977,1609701674.344636,1609701674.3514442,0.006808280944824219
35ec16c603bd4bbeb6772363c5ab65a9,k-means,warm,exec,queue,0.0004582405090332031,2.384185791015625e-07,4.76837158203125e-07,1609701675.2979953,1609701675.429698,0.13170266151428223,1609701675.3572094,1609701675.3656228,0.008413314819335938
38f69054979847a58663917b50a2c718,k-means,warm,exec,queue,0.06521725654602051,2.384185791015625e-07,2.384185791015625e-07,1609701675.302282,1609701676.3861299,1.0838477611541748,1609701675.4203944,1609701675.4281046,0.00771021842956543
76703fcb14b944419e42ee10f070ebdf,k-means,warm,exec,queue,0.004872560501098633,2.384185791015625e-07,0.0,1609701675.3049033,1609701675.7075315,0.40262818336486816,1609701675.3579738,1609701675.366142,0.008168220520019531
2083f7221759427ca2088cd51d4b0d56,k-means,warm,exec,queue,0.009195327758789062,4.76837158203125e-07,2.384185791015625e-07,1609701675.3074524,1609701676.252107,0.9446544647216797,1609701675.3578875,1609701675.365812,0.007924556732177734
d04b646f84ff4a20a3f9232cfde3bcc0,k-means,warm,exec,queue,0.01408839225769043,2.384185791015625e-07,2.384185791015625e-07,1609701675.3103406,1609701675.7096183,0.3992776870727539,1609701675.362247,1609701675.3701043,0.007857322692871094
d9038e3f68454bc392203347df1195fd,k-means,warm,exec,queue,0.018781661987304688,2.384185791015625e-07,2.384185791015625e-07,1609701675.312807,1609701677.788058,2.4752509593963623,1609701675.3696141,1609701675.3774786,0.00786447525024414
d7bb2799c1a845dcb616cbb78fe187b7,k-means,warm,exec,queue,0.02717757225036621,2.384185791015625e-07,0.0,1609701675.3143058,1609701676.1753652,0.8610594272613525,1609701675.3897443,1609701675.39725,0.007505655288696289
3325325806454b6fb931c57ff14a827d,k-means,warm,exec,queue,0.03518819808959961,2.384185791015625e-07,2.384185791015625e-07,1609701675.3157623,1609701676.3847861,1.069023847579956,1609701675.3914716,1609701675.4011512,0.009679555892944336
583f7beeed9c49d89e98ef9d2e19c430,k-means,warm,exec,queue,0.0403902530670166,4.76837158203125e-07,0.0,1609701675.3175223,1609701676.4397018,1.1221795082092285,1609701675.3914776,1609701675.3971806,0.005702972412109375
9f7009e06dc64fc9b072f3f81924e821,k-means,warm,exec,queue,0.045519351959228516,4.76837158203125e-07,2.384185791015625e-07,1609701675.319066,1609701678.0346973,2.7156312465667725,1609701675.3963995,1609701675.4039888,0.0075893402099609375
f38d0e9ce0144faaba4a067c19071d4b,k-means,warm,exec,queue,0.051114559173583984,4.76837158203125e-07,2.384185791015625e-07,1609701675.320545,1609701677.1984115,1.877866506576538,1609701675.411561,1609701675.4197967,0.008235692977905273
3fabe0294691454f82055a34743821d1,k-means,warm,exec,queue,0.0573267936706543,2.384185791015625e-07,0.0,1609701675.3220115,1609701678.0350714,2.713059902191162,1609701675.4186592,1609701675.4257548,0.0070955753326416016
4545327037744ccc8eb4e4b4aef0c48c,video,warm,exec,queue,0.01878833770751953,2.384185791015625e-07,2.384185791015625e-07,1609701675.3236208,1609701677.7939055,2.4702847003936768,1609701675.3898087,1609701675.4068482,0.01703953742980957
5a703147e1084ed1abf5334b50fb1c42,matmul,warm,exec,queue,0.025549888610839844,2.384185791015625e-07,4.76837158203125e-07,1609701675.3251262,1609701676.3556201,1.030493974685669,1609701675.391676,1609701675.4035745,0.011898517608642578
e1c24013a2584f609c57c0480cea43de,map_reduce,warm,exec,queue,0.02627849578857422,2.384185791015625e-07,4.76837158203125e-07,1609701675.3265817,1609701676.1774175,0.8508358001708984,1609701675.3915439,1609701675.4767826,0.08523869514465332
805216f1d29042578abeee87d7682cd7,disk,warm,exec,queue,0.026961088180541992,2.384185791015625e-07,2.384185791015625e-07,1609701675.3280447,1609701676.3833404,1.055295705795288,1609701675.3908236,1609701675.3998337,0.009010076522827148
f6c9ec51dc334f04b203dfb24912ad32,image,cold,exec,create,0.03244209289550781,5.086571931838989,2.384185791015625e-07,1609701675.32965,1609701680.6278324,5.298182487487793,1609701680.4752276,1609701680.5099123,0.03468465805053711
c5a583aa95a94789a09ae12c9c1aa4cc,network,cold,exec,create,0.04976344108581543,5.598655462265015,0.0,1609701675.3311217,1609701681.081257,5.75013542175293,1609701681.0090885,1609701681.032428,0.023339509963989258
a9f803455e40442e86a2267476e3bd2f,k-means,warm,exec,queue,0.0031938552856445312,2.384185791015625e-07,2.384185791015625e-07,1609701676.3008852,1609701678.0342896,1.7334043979644775,1609701676.36339,1609701676.3701837,0.0067937374114990234
660d4855a31742439201e0907df2abd0,k-means,warm,exec,queue,0.04670834541320801,2.384185791015625e-07,2.384185791015625e-07,1609701676.3052828,1609701677.4745445,1.1692616939544678,1609701676.4058933,1609701676.4123182,0.006424903869628906
0f6d965450834086b42d5ad522be218f,k-means,warm,exec,queue,0.05129384994506836,2.384185791015625e-07,2.384185791015625e-07,1609701676.3079004,1609701677.9139202,1.6060197353363037,1609701676.4106662,1609701676.4164567,0.0057904720306396484
ee895f093f794216ac6bd5013d89a905,k-means,warm,exec,queue,0.05668330192565918,2.384185791015625e-07,0.0,1609701676.310564,1609701677.9122703,1.6017062664031982,1609701676.4181087,1609701676.4241536,0.006044864654541016
53ab738d0be74867b8c8ebd9fae0c785,k-means,warm,exec,queue,0.015468835830688477,2.384185791015625e-07,2.384185791015625e-07,1609701676.3131804,1609701678.1491067,1.8359262943267822,1609701676.3685431,1609701676.375857,0.007313966751098633
53329f6fadec46e89a7766547d3623a8,k-means,warm,exec,queue,0.019923925399780273,4.76837158203125e-07,2.384185791015625e-07,1609701676.3147862,1609701677.6417353,1.326949119567871,1609701676.3823786,1609701676.390177,0.007798433303833008
d0e0a60ebb254d119b87abc95b735dfd,k-means,warm,exec,queue,0.027725934982299805,4.76837158203125e-07,2.384185791015625e-07,1609701676.316376,1609701677.9077322,1.5913562774658203,1609701676.389179,1609701676.3959818,0.006802797317504883
65ae837d871940828b15e471b648cafc,k-means,warm,exec,queue,0.034244537353515625,2.384185791015625e-07,2.384185791015625e-07,1609701676.3180642,1609701677.7935588,1.475494623184204,1609701676.3894176,1609701676.3959303,0.006512641906738281
a8db3990f9b14be58354850cd6c8582f,k-means,warm,exec,queue,0.03912806510925293,2.384185791015625e-07,0.0,1609701676.319659,1609701677.912805,1.5931460857391357,1609701676.3959591,1609701676.403935,0.00797581672668457
be318925037642679b3c6b35fc9a4bd7,k-means,warm,exec,queue,0.04439401626586914,2.384185791015625e-07,2.384185791015625e-07,1609701676.3212657,1609701678.149749,1.8284833431243896,1609701676.403063,1609701676.4088628,0.005799770355224609
4d0f8304950f438f85bee5c96e546dd9,k-means,warm,exec,queue,0.011031627655029297,2.384185791015625e-07,2.384185791015625e-07,1609701676.3229387,1609701677.4239063,1.1009676456451416,1609701676.3644469,1609701676.3717597,0.007312774658203125
8fe5931f5efb4c609cea7d97db9e93a1,k-means,warm,exec,queue,0.00748753547668457,2.384185791015625e-07,0.0,1609701676.3245127,1609701678.1503193,1.8258066177368164,1609701676.364333,1609701676.371688,0.0073549747467041016
7406e8beba6346db8c31413e28867d40,k-means,warm,exec,queue,0.061532020568847656,2.384185791015625e-07,0.0,1609701676.3260763,1609701677.8360085,1.509932279586792,1609701676.4216738,1609701676.4273643,0.005690574645996094
ac5df5673e114882a6ed10fe5bbff0b9,k-means,warm,exec,queue,0.06701469421386719,7.152557373046875e-07,0.0,1609701676.327641,1609701677.8387752,1.511134147644043,1609701676.4290056,1609701676.4362674,0.007261753082275391
ffb19201380e43f0a4ef74f14855956f,k-means,warm,exec,queue,0.07211804389953613,4.76837158203125e-07,0.0,1609701676.329329,1609701678.1429708,1.8136417865753174,1609701676.4335105,1609701676.44066,0.007149457931518555
f4dddc5490454815807ddf922d5fe5a8,k-means,warm,exec,queue,0.07755088806152344,4.76837158203125e-07,0.0,1609701676.3308895,1609701677.8421373,1.5112478733062744,1609701676.4419887,1609701676.4475977,0.005609035491943359
9acfa9b3cb484a799dd001ced3507c0c,k-means,warm,exec,queue,0.08242154121398926,2.384185791015625e-07,2.384185791015625e-07,1609701676.332479,1609701677.9094822,1.5770032405853271,1609701676.4456134,1609701676.4517455,0.0061321258544921875
9381ee5c0adf4e2c968701da39c08fd4,k-means,warm,exec,queue,0.08717799186706543,2.384185791015625e-07,0.0,1609701676.334138,1609701677.7942746,1.4601366519927979,1609701676.4496722,1609701676.4560597,0.006387472152709961
403da23b4e304f5f88a47505bdbb9e7f,k-means,warm,exec,queue,0.006656169891357422,4.76837158203125e-07,2.384185791015625e-07,1609701677.2914882,1609701677.8427477,0.5512595176696777,1609701677.3281443,1609701677.3372493,0.00910496711730957
4afb50dba7784b35a0a637a13dde2e5d,video,warm,exec,queue,0.02397894859313965,2.384185791015625e-07,2.384185791015625e-07,1609701677.2956903,1609701677.834362,0.5386717319488525,1609701677.3515878,1609701677.3686223,0.017034530639648438
bbd0051e313d4361ae064280d24211e0,k-means,warm,exec,queue,0.019588232040405273,2.384185791015625e-07,0.0,1609701677.2984183,1609701678.2790093,0.9805910587310791,1609701677.3501534,1609701677.3586998,0.00854635238647461
b127ec6c0cdc48b395c243040b5aa5f4,k-means,warm,exec,queue,0.025482892990112305,4.76837158203125e-07,2.384185791015625e-07,1609701677.3010645,1609701677.8394008,0.5383362770080566,1609701677.3515728,1609701677.3591123,0.007539510726928711
cbfb0fc32a9c4d62b43c2b2ade8ebfe3,k-means,warm,exec,queue,0.03001880645751953,2.384185791015625e-07,0.0,1609701677.304152,1609701678.2796237,0.9754717350006104,1609701677.3551145,1609701677.3631928,0.008078336715698242
ab43f52c43a54ab4a9ba5ec3295543aa,k-means,warm,exec,queue,0.03536415100097656,4.76837158203125e-07,4.76837158203125e-07,1609701677.305823,1609701678.0300028,0.724179744720459,1609701677.361107,1609701677.3700547,0.008947610855102539
ae1958c22a49425b85060bd96ab442b3,k-means,warm,exec,queue,0.04071617126464844,2.384185791015625e-07,4.76837158203125e-07,1609701677.3074243,1609701678.2813165,0.9738922119140625,1609701677.366566,1609701677.3718758,0.0053098201751708984
50a4b4875c904f909a0b92ff31744d6b,k-means,warm,exec,queue,0.010249137878417969,2.384185791015625e-07,0.0,1609701677.3090382,1609701677.7931666,0.484128475189209,1609701677.3320053,1609701677.3392148,0.0072095394134521484
3dd9d5ddc0bd479da6797826ae58c4ae,k-means,warm,exec,queue,0.015131711959838867,2.384185791015625e-07,0.0,1609701677.3107345,1609701678.2759635,0.9652290344238281,1609701677.3377173,1609701677.3460298,0.008312463760375977
f8abe5fa05ab4dabb69f74994076443a,k-means,warm,exec,queue,0.002187013626098633,7.152557373046875e-07,2.384185791015625e-07,1609701678.300229,1609701678.6520433,0.35181427001953125,1609701678.3553598,1609701678.36396,0.008600234985351562
cf0fe5650bc54e61b0b7c09904e2b935,k-means,warm,exec,queue,0.043135643005371094,2.384185791015625e-07,2.384185791015625e-07,1609701678.303672,1609701679.1631956,0.8595235347747803,1609701678.3958993,1609701678.4022546,0.00635528564453125
b219d902d50c4a7aabf42ae05f9f2181,k-means,warm,exec,queue,0.04796791076660156,2.384185791015625e-07,2.384185791015625e-07,1609701678.3066523,1609701679.073501,0.7668488025665283,1609701678.3999329,1609701678.4061506,0.0062177181243896484
ae439f4d3a844d75a2a525e7f9929289,k-means,warm,exec,queue,0.052991628646850586,7.152557373046875e-07,2.384185791015625e-07,1609701678.308883,1609701679.0738826,0.7649996280670166,1609701678.4055655,1609701678.4118927,0.006327152252197266
5be799e8ca19433c972ba8f06c4c0921,k-means,warm,exec,queue,0.027467012405395508,2.384185791015625e-07,0.0,1609701678.3113575,1609701679.2068896,0.8955321311950684,1609701678.3729973,1609701678.3792372,0.006239891052246094
b0bfccd5155c47e3855ee72876d5ae8f,k-means,warm,exec,queue,0.03208208084106445,2.384185791015625e-07,0.0,1609701678.3129961,1609701679.2050066,0.8920104503631592,1609701678.3779876,1609701678.384924,0.006936311721801758
f90cf9345b254de091eeee26b9489c8c,k-means,warm,exec,queue,0.03679656982421875,2.384185791015625e-07,2.384185791015625e-07,1609701678.3145874,1609701678.8229148,0.5083274841308594,1609701678.3844047,1609701678.3900867,0.0056819915771484375
0802a872320a4ee098a5c508a573784b,k-means,warm,exec,queue,0.04223036766052246,4.76837158203125e-07,2.384185791015625e-07,1609701678.316198,1609701678.6378872,0.3216891288757324,1609701678.390539,1609701678.3969288,0.0063898563385009766
5cb5743ba37640338d294182acf2060f,k-means,warm,exec,queue,0.02179241180419922,2.384185791015625e-07,2.384185791015625e-07,1609701678.3177845,1609701678.711779,0.3939945697784424,1609701678.3675852,1609701678.3752303,0.007645130157470703
6aedfbf68664456b92e924e02c12d60a,k-means,warm,exec,queue,0.01645660400390625,2.384185791015625e-07,0.0,1609701678.3195088,1609701678.886829,0.5673201084136963,1609701678.3609338,1609701678.3692904,0.008356571197509766
ac6319d652a64287b9148fa10f9bf268,k-means,warm,exec,queue,0.01136159896850586,2.384185791015625e-07,0.0,1609701678.3211226,1609701678.5384858,0.2173631191253662,1609701678.3564467,1609701678.3641124,0.0076656341552734375
64f315446e354c0ba280d54023b19b10,k-means,warm,exec,queue,0.008010387420654297,4.76837158203125e-07,2.384185791015625e-07,1609701678.3227375,1609701678.5364873,0.21374988555908203,1609701678.35601,1609701678.3640127,0.008002758026123047
ddcbd92c899143a4aae19cb2ef6ab04a,k-means,warm,exec,queue,0.057773590087890625,4.76837158203125e-07,2.384185791015625e-07,1609701678.3243399,1609701678.6365755,0.31223559379577637,1609701678.4115784,1609701678.4178984,0.006319999694824219
9ed48884351d43178a0434a9f4182c5d,k-means,warm,exec,queue,0.06329512596130371,2.384185791015625e-07,2.384185791015625e-07,1609701678.326035,1609701678.6352942,0.30925917625427246,1609701678.4175875,1609701678.422984,0.005396366119384766
2dd585cf6c624de1b991bf18ed29ec5f,k-means,warm,exec,queue,0.06870794296264648,2.384185791015625e-07,2.384185791015625e-07,1609701678.3276477,1609701679.0711312,0.7434835433959961,1609701678.424024,1609701678.4306567,0.006632566452026367
dd7e5fa58e3a43cb9f6e671aac00ec33,k-means,warm,exec,queue,7.605552673339844e-05,2.384185791015625e-07,0.0,1609701679.2980578,1609701679.405363,0.10730528831481934,1609701679.3392386,1609701679.3458695,0.006630897521972656
a4a48116ded04aafb898efdabd547eb5,video,warm,exec,queue,0.02181267738342285,7.152557373046875e-07,2.384185791015625e-07,1609701679.3016846,1609701679.5578482,0.2561635971069336,1609701679.3576145,1609701679.3744054,0.01679086685180664
58db7a93c0b84230b03f6f5063bfe5e9,k-means,warm,exec,queue,0.006378889083862305,7.152557373046875e-07,2.384185791015625e-07,1609701679.3039036,1609701679.407168,0.10326433181762695,1609701679.3400888,1609701679.3475156,0.007426738739013672
e6c13490a1744d98aef42d752b419103,k-means,warm,exec,queue,0.011455774307250977,2.384185791015625e-07,0.0,1609701679.306126,1609701679.4502249,0.14409875869750977,1609701679.3437922,1609701679.3512304,0.007438182830810547
55542d5913f84783a760f4a44eb5643b,k-means,warm,exec,queue,0.016695499420166016,2.384185791015625e-07,0.0,1609701679.3085797,1609701679.597664,0.28908443450927734,1609701679.3500915,1609701679.357857,0.007765531539916992
0b28ddb1b1a542cd831034bcd88f7ad6,k-means,warm,exec,queue,0.021067142486572266,4.76837158203125e-07,2.384185791015625e-07,1609701679.3100326,1609701679.450825,0.1407923698425293,1609701679.3569648,1609701679.3632972,0.0063323974609375
9e22d4e8b25043889f2a77f075bc41e0,k-means,warm,exec,queue,0.026431798934936523,2.384185791015625e-07,2.384185791015625e-07,1609701679.3114858,1609701679.4475203,0.13603448867797852,1609701679.360408,1609701679.3665564,0.006148338317871094
577c6988356a4944adc134964c1daac2,k-means,warm,exec,queue,0.03101968765258789,2.384185791015625e-07,0.0,1609701679.3129425,1609701679.718963,0.4060204029083252,1609701679.366044,1609701679.3724494,0.006405353546142578
dc82e3becabd4e288df22877b49a84cd,k-means,warm,exec,queue,0.03614926338195801,2.384185791015625e-07,4.76837158203125e-07,1609701679.3143878,1609701679.5564902,0.24210238456726074,1609701679.3725724,1609701679.3788185,0.006246089935302734
e6e1bd3e2a564a1180873898fee183b4,k-means,warm,exec,queue,0.040657758712768555,4.76837158203125e-07,4.76837158203125e-07,1609701679.3159618,1609701679.4978492,0.18188738822937012,1609701679.3786604,1609701679.3856437,0.006983280181884766
974f678991bc4b01b6642c498fff746d,k-means,warm,exec,queue,0.04515576362609863,2.384185791015625e-07,2.384185791015625e-07,1609701679.317414,1609701679.717448,0.40003395080566406,1609701679.3820527,1609701679.3882556,0.0062029361724853516
32d3f9effeee428581e9897a63e64b76,k-means,warm,exec,queue,0.007416963577270508,2.384185791015625e-07,0.0,1609701680.2991564,1609701680.425891,0.12673449516296387,1609701680.3431845,1609701680.350585,0.0074005126953125
965ca4537bc3490096b4d280ae21034a,k-means,warm,exec,queue,0.012245893478393555,2.384185791015625e-07,0.0,1609701680.3031168,1609701680.4274664,0.12434959411621094,1609701680.3493583,1609701680.35747,0.008111715316772461
8a2d8bd3d81e4ddc817882802a1eb812,k-means,warm,exec,queue,0.016566038131713867,2.384185791015625e-07,2.384185791015625e-07,1609701680.3051763,1609701680.5190754,0.2138991355895996,1609701680.3535066,1609701680.3608782,0.007371664047241211
dbea3c3b759c4d539765044aa7834d36,k-means,warm,exec,queue,0.02348160743713379,2.384185791015625e-07,2.384185791015625e-07,1609701680.307188,1609701680.7373822,0.4301941394805908,1609701680.36039,1609701680.3654115,0.005021572113037109
daf2fd92d3c84de2b01add8f9028b41d,k-means,warm,exec,queue,0.026480674743652344,7.152557373046875e-07,2.384185791015625e-07,1609701680.3094652,1609701680.4769175,0.16745233535766602,1609701680.364425,1609701680.3716166,0.007191658020019531
0ea712b96e6042a3a4f7f32c2bc737c9,k-means,warm,exec,queue,0.03163599967956543,2.384185791015625e-07,0.0,1609701680.3114812,1609701680.4798787,0.1683974266052246,1609701680.3731923,1609701680.3801033,0.006911039352416992
cc989e4fbb8745b889166efde9c27276,k-means,warm,exec,queue,0.036092519760131836,2.384185791015625e-07,0.0,1609701680.313186,1609701680.4793346,0.16614866256713867,1609701680.3766365,1609701680.381501,0.00486445426940918
46910bdb65d74d9e8692fb13a77fc5ae,k-means,warm,exec,queue,0.04170727729797363,2.384185791015625e-07,4.76837158203125e-07,1609701680.3146098,1609701680.564046,0.2494361400604248,1609701680.3820846,1609701680.3894308,0.007346153259277344
6956eb3b4da245bc9b2030984b3f4f15,k-means,warm,exec,queue,0.045092105865478516,4.76837158203125e-07,0.0,1609701680.3160403,1609701680.563536,0.2474956512451172,1609701680.3883789,1609701680.3956387,0.007259845733642578
3b8411b10010492f8c5d96d8db6cdfd9,k-means,warm,exec,queue,0.05002546310424805,2.384185791015625e-07,0.0,1609701680.3175874,1609701680.5608795,0.24329209327697754,1609701680.3909023,1609701680.396025,0.005122661590576172
b27b1973487d45d1b57fea75f53d5645,k-means,warm,exec,queue,0.054822683334350586,2.384185791015625e-07,2.384185791015625e-07,1609701680.3190053,1609701680.5880177,0.269012451171875,1609701680.3959677,1609701680.4032292,0.007261514663696289
112cf9e5e3414c1db7e2508045b0c2a8,k-means,warm,exec,queue,0.05946993827819824,2.384185791015625e-07,0.0,1609701680.3204398,1609701680.5862734,0.26583361625671387,1609701680.4030435,1609701680.4106586,0.007615089416503906
6c015c57e6d14d5688fa339c07718507,matmul,warm,exec,queue,0.014527082443237305,2.384185791015625e-07,0.0,1609701680.3218825,1609701680.5209172,0.1990346908569336,1609701680.3610437,1609701680.37192,0.01087641716003418
72517cb3b099435ca3a510052357856a,k-means,warm,exec,queue,0.0013260841369628906,2.384185791015625e-07,2.384185791015625e-07,1609701681.292864,1609701681.482595,0.18973088264465332,1609701681.327085,1609701681.3348076,0.007722616195678711
925446fe9b9a4abe80e61c3c0d630be7,video,warm,exec,queue,0.015648841857910156,4.76837158203125e-07,2.384185791015625e-07,1609701681.2962773,1609701681.5822487,0.28597140312194824,1609701681.343609,1609701681.3594325,0.0158233642578125
6af358382a244778aafe99d1f17134eb,k-means,warm,exec,queue,0.040128231048583984,4.76837158203125e-07,0.0,1609701681.2983904,1609701681.4815216,0.18313121795654297,1609701681.366957,1609701681.374143,0.007185935974121094
27d6e4d01ef24063ab017f0b3fb30f99,k-means,warm,exec,queue,0.02490997314453125,2.384185791015625e-07,2.384185791015625e-07,1609701681.3005135,1609701681.6244543,0.3239407539367676,1609701681.3482301,1609701681.3535998,0.005369663238525391
90180d450e1c40ff9d59214397eceabc,k-means,warm,exec,queue,0.020596742630004883,2.384185791015625e-07,0.0,1609701681.3017933,1609701681.425552,0.12375855445861816,1609701681.343503,1609701681.348036,0.004533052444458008
ed22ae6e942e40f9b8aa99e70e39a366,k-means,warm,exec,queue,0.01554560661315918,2.384185791015625e-07,0.0,1609701681.3032358,1609701681.426064,0.12282824516296387,1609701681.3424022,1609701681.3500633,0.007661104202270508
d5406b3cc5334ce89653db016625fe53,k-means,warm,exec,queue,0.010286331176757812,2.384185791015625e-07,0.0,1609701681.304541,1609701681.5403092,0.23576807975769043,1609701681.3321543,1609701681.3395085,0.007354259490966797
a0c91b9f8282462093be55fd6b7e2e8e,k-means,warm,exec,queue,0.034668922424316406,2.384185791015625e-07,2.384185791015625e-07,1609701681.3058267,1609701681.5065155,0.20068883895874023,1609701681.3593254,1609701681.3637176,0.004392147064208984
d9c891ab78134d069a5bdcbee147b201,k-means,warm,exec,queue,0.007795810699462891,2.384185791015625e-07,0.0,1609701681.3071134,1609701681.3894312,0.08231782913208008,1609701681.3263896,1609701681.3331985,0.0068089962005615234
725b96f393954b53a13655c74524bee1,k-means,warm,exec,queue,0.029437541961669922,2.384185791015625e-07,2.384185791015625e-07,1609701681.3085701,1609701681.4230218,0.11445164680480957,1609701681.3550923,1609701681.361567,0.006474733352661133
f379ec178520470ebb9bbba795c5c496,k-means,warm,exec,queue,7.200241088867188e-05,4.76837158203125e-07,2.384185791015625e-07,1609701682.3100886,1609701682.4341273,0.1240386962890625,1609701682.3554962,1609701682.362433,0.006936788558959961
e0282618543a40afbaf2f54cabba75a6,k-means,warm,exec,queue,0.00852513313293457,4.76837158203125e-07,2.384185791015625e-07,1609701682.3142025,1609701682.435511,0.12130856513977051,1609701682.357036,1609701682.3641875,0.007151365280151367
90013bf585a04c1eb438176d523c9cf7,k-means,warm,exec,queue,0.013296842575073242,2.384185791015625e-07,2.384185791015625e-07,1609701682.3166497,1609701682.5447679,0.2281181812286377,1609701682.3616798,1609701682.369534,0.007854223251342773
99af754095804c5986d3054720bffa99,k-means,warm,exec,queue,0.01852893829345703,2.384185791015625e-07,2.384185791015625e-07,1609701682.3180974,1609701682.4854817,0.16738438606262207,1609701682.373681,1609701682.380013,0.006331920623779297
3c712a7c04664a899f0e4bb047cfb4cd,k-means,warm,exec,queue,0.0229184627532959,4.76837158203125e-07,2.384185791015625e-07,1609701682.3197124,1609701683.0449684,0.7252559661865234,1609701682.377355,1609701682.3843045,0.006949424743652344
653b530f56e34102812cbd9f66458920,k-means,warm,exec,queue,0.02772974967956543,4.76837158203125e-07,2.384185791015625e-07,1609701682.321169,1609701682.4872348,0.16606593132019043,1609701682.378001,1609701682.3837163,0.005715370178222656
9b1ade3e6a324a5eb490fc4b9ba01f58,k-means,warm,exec,queue,0.03267240524291992,2.384185791015625e-07,2.384185791015625e-07,1609701682.3226123,1609701682.4888413,0.1662290096282959,1609701682.383432,1609701682.3903735,0.006941556930541992
8839991652584b37b58d8bd836c5ea34,k-means,warm,exec,queue,0.03740715980529785,7.152557373046875e-07,2.384185791015625e-07,1609701682.3240476,1609701683.0474524,0.7234048843383789,1609701682.3906426,1609701682.3971136,0.006470918655395508
72053ab946ac420ea5505a1fc8d2d95b,k-means,warm,exec,queue,0.042102813720703125,2.384185791015625e-07,0.0,1609701682.325507,1609701683.3423967,1.0168898105621338,1609701682.3949509,1609701682.400627,0.0056760311126708984
27f065071be5438392dd2433d3e738e8,k-means,warm,exec,queue,0.04736757278442383,2.384185791015625e-07,0.0,1609701682.3272545,1609701683.1865954,0.8593409061431885,1609701682.4000957,1609701682.4055462,0.00545048713684082
be6ee250cf434722aa27c1e6d3288ace,k-means,warm,exec,queue,0.05201315879821777,2.384185791015625e-07,4.76837158203125e-07,1609701682.328735,1609701683.047049,0.7183139324188232,1609701682.4060445,1609701682.412216,0.006171464920043945
824184bd8fdd4e2fb607f1a3616e68af,k-means,warm,exec,queue,0.05634284019470215,2.384185791015625e-07,2.384185791015625e-07,1609701682.3301814,1609701683.1885085,0.8583271503448486,1609701682.4111345,1609701682.417249,0.006114482879638672
d67519edd0f14f12b7eaa23298b6ef98,k-means,warm,exec,queue,0.061566829681396484,2.384185791015625e-07,0.0,1609701682.331617,1609701683.3420413,1.0104241371154785,1609701682.4175446,1609701682.4232876,0.0057430267333984375
38d8ce17b2ad4a4896156cf4d573bc5b,video,warm,exec,queue,0.014370918273925781,4.76837158203125e-07,2.384185791015625e-07,1609701682.3331764,1609701682.543038,0.20986151695251465,1609701682.3771172,1609701682.392858,0.01574087142944336
9885ec5cd4064eea87d09374c3ebd88e,k-means,warm,exec,queue,0.0035262107849121094,2.384185791015625e-07,0.0,1609701683.3026206,1609701683.6148107,0.31219005584716797,1609701683.3545868,1609701683.3611553,0.006568431854248047
38a50e57d2404c7e9b5e2bf64181032a,k-means,warm,exec,queue,0.005499362945556641,4.76837158203125e-07,0.0,1609701683.3066666,1609701683.6117835,0.3051168918609619,1609701683.3561566,1609701683.3635414,0.007384777069091797
3fc19bc20d104540abc987718f140d95,k-means,warm,exec,queue,0.010549306869506836,4.76837158203125e-07,2.384185791015625e-07,1609701683.3092725,1609701683.5211842,0.21191167831420898,1609701683.3600507,1609701683.3683584,0.008307695388793945
ccb413feab4946e892733d792a436746,k-means,warm,exec,queue,0.015747547149658203,2.384185791015625e-07,0.0,1609701683.3118186,1609701683.7042756,0.3924570083618164,1609701683.3673363,1609701683.3752155,0.007879257202148438
70cfa866a5b442fc8ab6cc100a781ffb,k-means,warm,exec,queue,0.020737886428833008,2.384185791015625e-07,0.0,1609701683.3147922,1609701683.615418,0.3006258010864258,1609701683.3706834,1609701683.3755138,0.004830360412597656
af4794fb63934536acd96e816863c0d6,k-means,warm,exec,queue,0.025763511657714844,2.384185791015625e-07,0.0,1609701683.317036,1609701683.6980395,0.38100361824035645,1609701683.376233,1609701683.3818688,0.005635738372802734
a29c1e2a3a484e9a899effb9763a47f6,k-means,warm,exec,queue,0.030394792556762695,2.384185791015625e-07,0.0,1609701683.3185833,1609701683.5701091,0.25152587890625,1609701683.3819668,1609701683.3865848,0.004617929458618164
bc4ab397010f4b81958a63abb3ec8b07,k-means,warm,exec,queue,0.03539395332336426,4.76837158203125e-07,0.0,1609701683.3201427,1609701683.6961384,0.3759956359863281,1609701683.3891854,1609701683.395276,0.006090641021728516
11f7a9b6285445bdba81898595d7cc2f,k-means,warm,exec,queue,0.040518999099731445,2.384185791015625e-07,0.0,1609701683.321712,1609701683.5718281,0.25011610984802246,1609701683.392089,1609701683.3964088,0.004319906234741211
3240c1dcc5f14f1bba6ca68066355736,k-means,warm,exec,queue,0.04599714279174805,4.76837158203125e-07,2.384185791015625e-07,1609701683.323406,1609701683.7037048,0.3802988529205322,1609701683.3989353,1609701683.4054933,0.006557941436767578
8a12d2736b924526b6cd6305659ae11a,k-means,warm,exec,queue,0.05096769332885742,2.384185791015625e-07,2.384185791015625e-07,1609701683.3249874,1609701683.7012043,0.3762168884277344,1609701683.4042284,1609701683.4086516,0.0044231414794921875
1d02d06da1504b2895b9c12d86b13c58,k-means,warm,exec,queue,0.05653834342956543,2.384185791015625e-07,2.384185791015625e-07,1609701683.3265514,1609701683.7006352,0.3740837574005127,1609701683.410481,1609701683.416454,0.005973100662231445
7a1593c6fb4841fe9195eefffa7a4575,k-means,warm,exec,queue,0.06006050109863281,2.384185791015625e-07,2.384185791015625e-07,1609701683.3282247,1609701683.8317564,0.5035316944122314,1609701683.415064,1609701683.4195354,0.004471302032470703
f5e3e23c62d249d48f6e7dfb225571cc,k-means,warm,exec,queue,0.06512117385864258,4.76837158203125e-07,4.76837158203125e-07,1609701683.329809,1609701683.832427,0.5026180744171143,1609701683.422818,1609701683.429039,0.00622105598449707
b7006aa8552a4a1f9e8bb144478f4193,k-means,warm,exec,queue,8.082389831542969e-05,4.76837158203125e-07,2.384185791015625e-07,1609701684.3012435,1609701684.4219892,0.12074565887451172,1609701684.3464031,1609701684.3544633,0.008060216903686523
312709a8f518419a80aaf6a5d04eb534,k-means,warm,exec,queue,0.007793903350830078,4.76837158203125e-07,2.384185791015625e-07,1609701684.30541,1609701684.4247572,0.11934733390808105,1609701684.3471448,1609701684.3550577,0.007912874221801758
b1aeabcb4fca4318aa8ee389ddd3a541,k-means,warm,exec,queue,0.01281285285949707,2.384185791015625e-07,2.384185791015625e-07,1609701684.3079026,1609701684.4253192,0.1174166202545166,1609701684.3513358,1609701684.3593912,0.008055448532104492
db2a2544d15e4d9ba7e93d6114f8b608,k-means,warm,exec,queue,0.017253398895263672,2.384185791015625e-07,0.0,1609701684.309667,1609701684.4936194,0.18395233154296875,1609701684.356661,1609701684.3644462,0.00778508186340332
08818407145e4ceb8f9ac90527693b4a,k-means,warm,exec,queue,0.02274012565612793,2.384185791015625e-07,0.0,1609701684.3112738,1609701684.4478834,0.13660955429077148,1609701684.3645031,1609701684.3698936,0.0053904056549072266
09fd152f6f314643968a56d570458f8d,k-means,warm,exec,queue,0.027172088623046875,2.384185791015625e-07,2.384185791015625e-07,1609701684.3127189,1609701684.4463809,0.13366198539733887,1609701684.3672729,1609701684.3722224,0.0049495697021484375
be428750ad55478e94643480177a2c67,k-means,warm,exec,queue,0.031932830810546875,2.384185791015625e-07,2.384185791015625e-07,1609701684.3141475,1609701684.5761461,0.26199865341186523,1609701684.3723538,1609701684.3785284,0.006174564361572266
d6d20f67645340c4b2369c33e3511c39,k-means,warm,exec,queue,0.03702688217163086,2.384185791015625e-07,0.0,1609701684.3155668,1609701684.492024,0.17645716667175293,1609701684.3779163,1609701684.382331,0.004414558410644531
5cf956868a8a40ecae4deba5ca77cd62,k-means,warm,exec,queue,0.04155755043029785,4.76837158203125e-07,0.0,1609701684.317016,1609701684.491481,0.17446517944335938,1609701684.3846505,1609701684.3906467,0.005996227264404297
b51cb4dae08a4629a96ea6366edea6cd,k-means,warm,exec,queue,0.04676342010498047,4.76837158203125e-07,2.384185791015625e-07,1609701684.3185482,1609701684.5154493,0.1969010829925537,1609701684.3899775,1609701684.3947053,0.004727840423583984
47af5122cd024687b147d66b407ea339,k-means,warm,exec,queue,0.052069902420043945,2.384185791015625e-07,2.384185791015625e-07,1609701684.3199859,1609701684.4888444,0.16885852813720703,1609701684.396649,1609701684.4036143,0.0069653987884521484
2ba2e100672843b897ac22ba0cb9c329,k-means,warm,exec,queue,0.056793212890625,2.384185791015625e-07,0.0,1609701684.3214226,1609701684.6483166,0.32689404487609863,1609701684.400604,1609701684.4048436,0.004239559173583984
68d4e7f3a3364cfc917f089110c611ef,k-means,warm,exec,queue,0.062119245529174805,4.76837158203125e-07,2.384185791015625e-07,1609701684.3228498,1609701684.575587,0.25273728370666504,1609701684.4067953,1609701684.412727,0.005931854248046875
8e832553a4b34790be99bec1c9491660,k-means,warm,exec,queue,0.007174253463745117,2.384185791015625e-07,2.384185791015625e-07,1609701685.2975388,1609701685.4090295,0.11149072647094727,1609701685.3329,1609701685.341018,0.008117914199829102
81088cfb4ec44a5b849cefef5cafad64,map_reduce,warm,exec,queue,0.03181624412536621,4.76837158203125e-07,2.384185791015625e-07,1609701685.3017807,1609701685.5773401,0.2755594253540039,1609701685.3690138,1609701685.4549744,0.08596062660217285
b32f045433fa4a01a7147520c0383fe3,k-means,warm,exec,queue,0.041147708892822266,4.76837158203125e-07,2.384185791015625e-07,1609701685.3044317,1609701685.633282,0.32885026931762695,1609701685.3724499,1609701685.3789856,0.006535768508911133
ccefef63dfcd4b3b95a8d8b004a9d2a4,k-means,warm,exec,queue,0.03663039207458496,9.5367431640625e-07,4.76837158203125e-07,1609701685.3060584,1609701685.6091962,0.30313777923583984,1609701685.3691213,1609701685.3774705,0.008349180221557617
c9d6659826a047b6951830947dd31ef3,k-means,warm,exec,queue,0.028887510299682617,7.152557373046875e-07,2.384185791015625e-07,1609701685.3075888,1609701685.4839785,0.1763896942138672,1609701685.3669143,1609701685.373479,0.006564617156982422
5eb23e100d04444181a57358cf2bd690,k-means,warm,exec,queue,0.022935867309570312,7.152557373046875e-07,2.384185791015625e-07,1609701685.3093207,1609701685.6098278,0.3005070686340332,1609701685.3663476,1609701685.3742385,0.007890939712524414
3f5879405bc244b5ace8cbd89b6b055a,k-means,warm,exec,queue,0.014902830123901367,4.76837158203125e-07,2.384185791015625e-07,1609701685.310851,1609701685.4316356,0.12078452110290527,1609701685.3433232,1609701685.350095,0.00677180290222168
2a2ba8a182eb4bb3953f479a4f50ad6c,k-means,warm,exec,queue,0.011237859725952148,2.384185791015625e-07,4.76837158203125e-07,1609701685.312401,1609701685.407235,0.0948338508605957,1609701685.3380826,1609701685.3460824,0.007999897003173828
9965364dae8d4a158ab57511354a6b23,video,warm,exec,queue,0.021163463592529297,2.384185791015625e-07,4.76837158203125e-07,1609701685.313941,1609701685.482243,0.16830205917358398,1609701685.3582637,1609701685.3757527,0.017488956451416016
51ccbd396d4d4c779c7e5b81a74cd96b,matmul,warm,exec,queue,0.023125171661376953,4.76837158203125e-07,2.384185791015625e-07,1609701685.3156257,1609701685.5795975,0.26397180557250977,1609701685.367472,1609701685.3780103,0.010538339614868164
23575a00aa65483d8c07e8720ffc77b1,k-means,warm,exec,queue,0.0026443004608154297,4.76837158203125e-07,2.384185791015625e-07,1609701686.3089204,1609701686.4558704,0.14695000648498535,1609701686.3660529,1609701686.3731313,0.007078409194946289
1a46076325ee4e07847469f3995ff458,k-means,warm,exec,queue,0.027528047561645508,2.384185791015625e-07,4.76837158203125e-07,1609701686.3131216,1609701686.5278652,0.21474361419677734,1609701686.3894854,1609701686.3939874,0.004502058029174805
eef8f96aa82842bf98c1621218955086,k-means,warm,exec,queue,0.03318357467651367,2.384185791015625e-07,0.0,1609701686.3156958,1609701686.5574236,0.2417278289794922,1609701686.3949647,1609701686.4003081,0.005343437194824219
d464c056a15c49fb97e2b2fcac3eac3f,k-means,warm,exec,queue,0.0383150577545166,4.76837158203125e-07,2.384185791015625e-07,1609701686.3182883,1609701686.6525464,0.3342580795288086,1609701686.4013736,1609701686.4057336,0.0043599605560302734
b5148807b20549b4a3c96bf64293dfbd,k-means,warm,exec,queue,0.043801069259643555,2.384185791015625e-07,0.0,1609701686.3211138,1609701686.6550128,0.33389902114868164,1609701686.4064124,1609701686.4117312,0.005318880081176758
c0454f13daf1484baccdbd57295724f9,k-means,warm,exec,queue,0.048474788665771484,2.384185791015625e-07,0.0,1609701686.3236246,1609701686.6998806,0.37625598907470703,1609701686.411431,1609701686.4154532,0.004022121429443359
e333671aabc54349938807d1f31bbf99,k-means,warm,exec,queue,0.053209781646728516,2.384185791015625e-07,2.384185791015625e-07,1609701686.3254986,1609701686.7827456,0.4572470188140869,1609701686.4177675,1609701686.4243298,0.006562232971191406
1865ad54284d4cc09c1913ee8333dd4e,k-means,warm,exec,queue,0.009156465530395508,2.384185791015625e-07,0.0,1609701686.3269649,1609701686.4577758,0.13081097602844238,1609701686.367161,1609701686.3751776,0.008016586303710938
42d236d44b6946d7b92a4108eb04813e,k-means,warm,exec,queue,0.014087200164794922,4.76837158203125e-07,2.384185791015625e-07,1609701686.3284392,1609701686.4581296,0.12969040870666504,1609701686.3719885,1609701686.3798835,0.00789499282836914
3abc4ddf725b4456b160f8e7c0ec421a,k-means,warm,exec,queue,0.019299030303955078,2.384185791015625e-07,0.0,1609701686.330038,1609701686.5227382,0.19270014762878418,1609701686.380293,1609701686.3878472,0.007554292678833008
c8faba352d4c4beba8aefec44e77f6ca,k-means,warm,exec,queue,0.02442765235900879,1.1920928955078125e-06,2.384185791015625e-07,1609701686.331512,1609701686.653158,0.32164597511291504,1609701686.3826983,1609701686.3873305,0.004632234573364258
f9575675dba246628bc1a49fa05f30a8,k-means,warm,exec,queue,0.005688667297363281,4.76837158203125e-07,2.384185791015625e-07,1609701686.3329942,1609701686.459116,0.12612175941467285,1609701686.3670256,1609701686.374682,0.0076563358306884766
a44f6b0f687f4027b29a33a21d1837c1,k-means,warm,exec,queue,0.05857729911804199,2.384185791015625e-07,2.384185791015625e-07,1609701686.3344605,1609701686.5261905,0.19173002243041992,1609701686.422206,1609701686.4263535,0.004147529602050781
3bcb51c410664666b57afb71619bacfe,k-means,warm,exec,queue,0.06341195106506348,2.384185791015625e-07,0.0,1609701686.336026,1609701686.5255735,0.18954753875732422,1609701686.4273622,1609701686.4331026,0.00574040412902832
937131156d054258b6cf7e038b727943,k-means,warm,exec,queue,0.06891036033630371,2.384185791015625e-07,2.384185791015625e-07,1609701686.337536,1609701686.7815578,0.44402170181274414,1609701686.4335642,1609701686.4376845,0.004120349884033203
e4ed1037924e4b2a98f1a4c2942584b1,k-means,warm,exec,queue,0.07394051551818848,2.384185791015625e-07,2.384185791015625e-07,1609701686.33899,1609701686.7821872,0.44319725036621094,1609701686.4391952,1609701686.4445403,0.00534510612487793
d45ab69cbd2047b69a2988093b437960,k-means,warm,exec,queue,0.07930254936218262,7.152557373046875e-07,2.384185791015625e-07,1609701686.3405552,1609701686.7017863,0.36123108863830566,1609701686.4442296,1609701686.4483097,0.004080057144165039
3ea620ae93e947a2a2bdac7e46b70213,k-means,warm,exec,queue,7.677078247070312e-05,7.152557373046875e-07,2.384185791015625e-07,1609701687.3070776,1609701687.469792,0.16271424293518066,1609701687.3557,1609701687.3627923,0.00709223747253418
266dda3e06e94296a2a19374d0987bcc,k-means,warm,exec,queue,0.007006168365478516,2.384185791015625e-07,2.384185791015625e-07,1609701687.311305,1609701687.5129824,0.2016773223876953,1609701687.357248,1609701687.3650258,0.007777690887451172
f37289dca90940eb8267db61f79fbe39,k-means,warm,exec,queue,0.011611700057983398,4.76837158203125e-07,2.384185791015625e-07,1609701687.3138444,1609701687.4269361,0.11309170722961426,1609701687.3620396,1609701687.3696806,0.0076410770416259766
6606e496486d4f9393b3c9d4fd348a46,k-means,warm,exec,queue,0.016936540603637695,2.384185791015625e-07,2.384185791015625e-07,1609701687.3163624,1609701687.6167808,0.3004183769226074,1609701687.372252,1609701687.3798256,0.007573604583740234
4508e4426d68419f8d79604158fc4892,k-means,warm,exec,queue,0.0216217041015625,2.384185791015625e-07,0.0,1609701687.3191743,1609701687.7953207,0.4761464595794678,1609701687.3726387,1609701687.3769217,0.004282951354980469
90c8c2ca0db04c86bc0a82929bf01e85,k-means,warm,exec,queue,0.02657175064086914,2.384185791015625e-07,4.76837158203125e-07,1609701687.3211827,1609701687.7972498,0.47606706619262695,1609701687.3783495,1609701687.382802,0.00445246696472168
6c7d3211b31e4cca9d3eaabd9898123b,k-means,warm,exec,queue,0.03186225891113281,2.384185791015625e-07,2.384185791015625e-07,1609701687.3226457,1609701687.6163137,0.2936680316925049,1609701687.3850317,1609701687.38958,0.004548311233520508
903bb7ee820b4216bed2e3c9e45b653e,k-means,warm,exec,queue,0.03722715377807617,4.76837158203125e-07,4.76837158203125e-07,1609701687.3240962,1609701687.5625782,0.23848199844360352,1609701687.3895264,1609701687.3942857,0.004759311676025391
9fbf3ecc56f04bc5a369a2580669523b,k-means,warm,exec,queue,0.04256081581115723,2.384185791015625e-07,2.384185791015625e-07,1609701687.325578,1609701687.5134938,0.18791580200195312,1609701687.3964841,1609701687.4023936,0.005909442901611328
5d1e0eba138f4ce688aeb9100f9cad80,k-means,warm,exec,queue,0.047724008560180664,2.384185791015625e-07,2.384185791015625e-07,1609701687.327155,1609701687.5148776,0.18772244453430176,1609701687.4008179,1609701687.4050434,0.004225492477416992
0cd1383c8a1647c1a01feebc1a9b5781,k-means,warm,exec,queue,0.05323910713195801,2.384185791015625e-07,2.384185791015625e-07,1609701687.328642,1609701687.5106332,0.1819913387298584,1609701687.4095416,1609701687.416813,0.007271289825439453
a6039a4609fc4f5988a88eee1c1a90e3,k-means,warm,exec,queue,0.05814218521118164,2.384185791015625e-07,2.384185791015625e-07,1609701687.3300958,1609701687.703091,0.37299513816833496,1609701687.4122527,1609701687.4164999,0.004247188568115234
df33d7a26d4c4de9b26349dcb0fa0f76,k-means,warm,exec,queue,0.06381392478942871,4.76837158203125e-07,2.384185791015625e-07,1609701687.3315651,1609701687.6129928,0.28142762184143066,1609701687.419085,1609701687.4251792,0.006094217300415039
3340c4a5c0794ea5b41ecb8c3b148714,k-means,warm,exec,queue,0.06910014152526855,2.384185791015625e-07,2.384185791015625e-07,1609701687.333135,1609701687.7989516,0.4658167362213135,1609701687.4244027,1609701687.4301353,0.005732536315917969
2828ab1c810c44ba998dad38553e5ec8,video,warm,exec,queue,0.013751745223999023,2.384185791015625e-07,2.384185791015625e-07,1609701687.334611,1609701687.4683347,0.13372373580932617,1609701687.373056,1609701687.390016,0.01696014404296875
847251a95467412d80b9f255647f447f,k-means,warm,exec,queue,0.0050487518310546875,4.76837158203125e-07,2.384185791015625e-07,1609701688.3027835,1609701688.4323845,0.12960100173950195,1609701688.3462315,1609701688.3541315,0.007899999618530273
33d4b4c9298b43fab69c4bf1114cc5dc,k-means,warm,exec,queue,0.03630328178405762,2.384185791015625e-07,2.384185791015625e-07,1609701688.3067648,1609701688.7401474,0.433382511138916,1609701688.3784916,1609701688.383033,0.0045413970947265625
b13375b75fa54d0aa1c37c8a2d81719e,k-means,warm,exec,queue,0.04161405563354492,4.76837158203125e-07,4.76837158203125e-07,1609701688.3093739,1609701688.4884355,0.1790616512298584,1609701688.3861568,1609701688.3928251,0.0066683292388916016
513af71211a649898022bacb0b44e50d,k-means,warm,exec,queue,0.04625201225280762,0.0,2.384185791015625e-07,1609701688.3119285,1609701688.631571,0.3196425437927246,1609701688.3896592,1609701688.393974,0.004314899444580078
3804d2e76cdf4c64b7659ef858efeb97,k-means,warm,exec,queue,0.013543844223022461,2.384185791015625e-07,2.384185791015625e-07,1609701688.314791,1609701688.4548256,0.14003467559814453,1609701688.3513296,1609701688.3598287,0.0084991455078125
ee9a7a6bb2c9490fb0a3581bd980b7b2,k-means,warm,exec,queue,0.05171990394592285,2.384185791015625e-07,2.384185791015625e-07,1609701688.3170445,1609701688.5805264,0.26348185539245605,1609701688.3960958,1609701688.4024198,0.006324052810668945
8df3f7690eb548e2898d0487f6b6f200,k-means,warm,exec,queue,0.01880049705505371,2.384185791015625e-07,2.384185791015625e-07,1609701688.3186164,1609701688.4565783,0.13796186447143555,1609701688.3573554,1609701688.3650641,0.00770878791809082
de290c1bdd484814a505abe1017f3479,k-means,warm,exec,queue,0.023988008499145508,7.152557373046875e-07,2.384185791015625e-07,1609701688.320223,1609701688.533659,0.21343588829040527,1609701688.3619204,1609701688.3686194,0.006699085235595703
dd4e624435534dca89b75cd1dfbb4ae3,k-means,warm,exec,queue,0.02905440330505371,2.384185791015625e-07,0.0,1609701688.3218105,1609701688.4901304,0.1683199405670166,1609701688.3676925,1609701688.372702,0.00500941276550293
7b6eddbe56bc4ef7813fe7f4552533f3,k-means,warm,exec,queue,0.03419160842895508,4.76837158203125e-07,4.76837158203125e-07,1609701688.323525,1609701688.6646311,0.3411061763763428,1609701688.3744967,1609701688.3798273,0.005330562591552734
f96a77a81e214166aeb6546567cae7bf,k-means,warm,exec,queue,0.008573532104492188,2.384185791015625e-07,0.0,1609701688.3251197,1609701688.4304707,0.10535097122192383,1609701688.3461008,1609701688.3537295,0.007628679275512695
ccc77c871da145d79fed22b051f3fcfe,k-means,warm,exec,queue,0.007075786590576172,7.152557373046875e-07,0.0,1609701689.309785,1609701689.4494658,0.1396808624267578,1609701689.365142,1609701689.3724437,0.0073015689849853516
526ff473429647bdb5116a0e10122bdf,k-means,warm,exec,queue,0.047527313232421875,2.384185791015625e-07,2.384185791015625e-07,1609701689.3139863,1609701689.524811,0.21082472801208496,1609701689.4090471,1609701689.4151473,0.006100177764892578
22723f30575749abaa6e3662e692ab88,k-means,warm,exec,queue,0.053026437759399414,4.76837158203125e-07,4.76837158203125e-07,1609701689.316625,1609701689.641786,0.3251609802246094,1609701689.415347,1609701689.4223022,0.006955146789550781
261eb53924524636a9af07d8816a7448,k-means,warm,exec,queue,0.057831525802612305,2.384185791015625e-07,0.0,1609701689.319213,1609701689.5663154,0.2471024990081787,1609701689.4205616,1609701689.42513,0.004568338394165039
030793b3b4d74f359671a476c16c2ae7,k-means,warm,exec,queue,0.01517486572265625,2.384185791015625e-07,2.384185791015625e-07,1609701689.322112,1609701689.493114,0.17100191116333008,1609701689.3705382,1609701689.3784425,0.007904291152954102
0967cd46d9d4425fa812fb15de65d0ea,k-means,warm,exec,queue,0.0204620361328125,2.384185791015625e-07,2.384185791015625e-07,1609701689.3245332,1609701689.571185,0.24665188789367676,1609701689.3764186,1609701689.3842392,0.007820606231689453
558f231285964081a19eac5eea7c6027,k-means,warm,exec,queue,0.024859905242919922,4.76837158203125e-07,2.384185791015625e-07,1609701689.3260949,1609701689.4914103,0.1653153896331787,1609701689.3860846,1609701689.3918943,0.005809783935546875
ac69738337c04790aa1bb0d6f43c5803,k-means,warm,exec,queue,0.029491662979125977,2.384185791015625e-07,2.384185791015625e-07,1609701689.3276558,1609701689.6436284,0.31597256660461426,1609701689.3868017,1609701689.3930273,0.0062255859375
4a27d1b557cd43fc878536a5d2e51e18,k-means,warm,exec,queue,0.03453183174133301,2.384185791015625e-07,2.384185791015625e-07,1609701689.329238,1609701689.567963,0.238724946975708,1609701689.3924658,1609701689.3986692,0.006203413009643555
96f32442c3894a19b5d1b388b0cb4a72,k-means,warm,exec,queue,0.03898787498474121,4.76837158203125e-07,2.384185791015625e-07,1609701689.330946,1609701689.570603,0.23965692520141602,1609701689.4030154,1609701689.4099138,0.006898403167724609
30bb2e8624274d10bff6ca238494d684,k-means,warm,exec,queue,0.044463396072387695,4.76837158203125e-07,2.384185791015625e-07,1609701689.3325243,1609701689.7350044,0.4024801254272461,1609701689.4057019,1609701689.4125695,0.006867647171020508
be2545aacb254d74a8f17e12c4261e0f,k-means,warm,exec,queue,0.010359525680541992,2.384185791015625e-07,2.384185791015625e-07,1609701689.334089,1609701689.526606,0.19251704216003418,1609701689.365316,1609701689.3735027,0.008186817169189453
60a76e6cee044157b2be581a4b9cb4db,k-means,warm,exec,queue,0.06326866149902344,2.384185791015625e-07,0.0,1609701689.335649,1609701689.700569,0.36491990089416504,1609701689.4251184,1609701689.4311683,0.0060498714447021484
af8842106d5c4b958e074f0cdcc59d44,k-means,warm,exec,queue,0.06831479072570801,2.384185791015625e-07,4.76837158203125e-07,1609701689.337364,1609701689.761018,0.42365407943725586,1609701689.430682,1609701689.4350703,0.004388332366943359
c4f6dc0e5de34692b2553d536eea9cc2,video,warm,exec,queue,0.0156404972076416,2.384185791015625e-07,0.0,1609701689.3389168,1609701689.6101706,0.2712538242340088,1609701689.3878171,1609701689.4049568,0.017139673233032227
e6e11e80a0c244ceb5ef817ddc616f6d,matmul,warm,exec,queue,0.01936936378479004,2.384185791015625e-07,0.0,1609701689.3404887,1609701689.7367938,0.3963050842285156,1609701689.3880622,1609701689.3987992,0.010736942291259766
7580c5238b1246a38c1f0a10864430aa,k-means,warm,exec,queue,0.0012214183807373047,4.76837158203125e-07,2.384185791015625e-07,1609701691.318305,1609701691.7833078,0.46500277519226074,1609701691.3821328,1609701691.3897512,0.007618427276611328
43e526b7fa3b411ba7680dde35781437,k-means,warm,exec,queue,0.06889986991882324,2.384185791015625e-07,0.0,1609701691.322627,1609701691.6372192,0.3145921230316162,1609701691.448731,1609701691.452564,0.0038330554962158203
906c7b18989b444c8dae856f3affd2ea,k-means,warm,exec,queue,0.07374906539916992,7.152557373046875e-07,2.384185791015625e-07,1609701691.3251786,1609701691.5618534,0.23667478561401367,1609701691.454724,1609701691.4603367,0.005612611770629883
8b28bda30b4c4548a96e883ab389b268,k-means,warm,exec,queue,0.07872295379638672,4.76837158203125e-07,2.384185791015625e-07,1609701691.3276849,1609701691.5981472,0.2704622745513916,1609701691.458975,1609701691.463291,0.004315853118896484
ff738b430c4f4db8bae0deb8051499f4,k-means,warm,exec,queue,0.08421158790588379,2.384185791015625e-07,2.384185791015625e-07,1609701691.3304756,1609701691.783917,0.4534413814544678,1609701691.4679306,1609701691.474454,0.0065233707427978516
bcef7bfd818044c2b663383aeb53aa4f,k-means,warm,exec,queue,0.0894167423248291,4.76837158203125e-07,4.76837158203125e-07,1609701691.3327367,1609701691.8130486,0.48031187057495117,1609701691.4706228,1609701691.4748557,0.004232883453369141
97757c412dea42b4b68131e388a75c15,k-means,warm,exec,queue,0.09417057037353516,2.384185791015625e-07,0.0,1609701691.3341808,1609701691.7248182,0.3906373977661133,1609701691.4759443,1609701691.4822192,0.0062749385833740234
6eabdcd64fbc42de9c065bad44c89812,k-means,warm,exec,queue,0.09935951232910156,2.384185791015625e-07,0.0,1609701691.3356166,1609701691.7212238,0.3856072425842285,1609701691.4815292,1609701691.4866138,0.005084514617919922
05b2d43129fb4d9481d519f684d73439,k-means,warm,exec,queue,0.007645130157470703,2.384185791015625e-07,2.384185791015625e-07,1609701691.3371692,1609701691.5197523,0.18258309364318848,1609701691.381889,1609701691.3884542,0.006565093994140625
00e4ea1cf17743e18fc5ad36c689de15,k-means,warm,exec,queue,0.012012481689453125,2.384185791015625e-07,2.384185791015625e-07,1609701691.3386087,1609701691.5230787,0.18446993827819824,1609701691.3834682,1609701691.3902223,0.006754159927368164
b42da90437184c139ed03dfc1913cab7,k-means,warm,exec,queue,0.024426698684692383,2.384185791015625e-07,0.0,1609701691.3400507,1609701691.5245304,0.1844797134399414,1609701691.3994174,1609701691.404809,0.005391597747802734
439c61fab2fa4982aca5de4fcf122d0b,k-means,warm,exec,queue,0.017360448837280273,7.152557373046875e-07,2.384185791015625e-07,1609701691.3414989,1609701691.6007946,0.2592957019805908,1609701691.391437,1609701691.3990653,0.007628202438354492
150431b4dc0a450e836df263fc4279d8,k-means,warm,exec,queue,0.02920365333557129,2.384185791015625e-07,2.384185791015625e-07,1609701691.3430371,1609701691.5225122,0.1794750690460205,1609701691.405296,1609701691.4113495,0.006053447723388672
b960884da77648b1a14c55d64a62fc98,k-means,warm,exec,queue,0.03420424461364746,4.76837158203125e-07,2.384185791015625e-07,1609701691.3444889,1609701691.6054976,0.26100873947143555,1609701691.4078424,1609701691.4135394,0.005697011947631836
652b0e31c0734f788942fcd20c8d6688,k-means,warm,exec,queue,0.03942441940307617,2.384185791015625e-07,4.76837158203125e-07,1609701691.3459191,1609701691.5961633,0.250244140625,1609701691.4139416,1609701691.419511,0.0055694580078125
feb403e1da6a4df7b02bd9db24315e2b,k-means,warm,exec,queue,0.04460763931274414,4.76837158203125e-07,2.384185791015625e-07,1609701691.3473544,1609701691.7856264,0.43827199935913086,1609701691.421593,1609701691.4270513,0.005458354949951172
6e78e01b908d4fe19e56a40926e224d0,k-means,warm,exec,queue,0.04935812950134277,2.384185791015625e-07,0.0,1609701691.348891,1609701691.606048,0.2571570873260498,1609701691.4251087,1609701691.430411,0.00530242919921875
d812d335964b4daca5f4cc05d20687ac,k-means,warm,exec,queue,0.0545954704284668,2.384185791015625e-07,2.384185791015625e-07,1609701691.3503346,1609701691.7803822,0.43004751205444336,1609701691.4326878,1609701691.4398084,0.007120609283447266
2c00f3825c7c4346aaeba49acd7dd9dc,k-means,warm,exec,queue,0.06010174751281738,2.384185791015625e-07,0.0,1609701691.3517709,1609701691.6013877,0.2496168613433838,1609701691.4368305,1609701691.4403815,0.003551006317138672
5ce8f4f672144877b63723c1e8834e6d,k-means,warm,exec,queue,0.0655972957611084,7.152557373046875e-07,0.0,1609701691.3532243,1609701691.6049252,0.25170087814331055,1609701691.4434648,1609701691.4495292,0.006064414978027344
07c7c257439d4508866c08f28e016b33,video,warm,exec,queue,0.01705789566040039,2.384185791015625e-07,4.76837158203125e-07,1609701691.3547494,1609701691.724207,0.369457483291626,1609701691.3993738,1609701691.4157557,0.01638197898864746
a72fc9dcc2b4474099687cf94af3ed7f,k-means,warm,exec,queue,7.677078247070312e-05,4.76837158203125e-07,2.384185791015625e-07,1609701692.3057914,1609701692.4319088,0.12611746788024902,1609701692.3466074,1609701692.354578,0.007970571517944336
e88ff48d1c224c5cb19b11c1eb4852cb,video,warm,exec,queue,0.020906686782836914,2.384185791015625e-07,2.384185791015625e-07,1609701692.3100753,1609701692.5230384,0.21296310424804688,1609701692.3661904,1609701692.3831832,0.016992807388305664
d7a36eca8546450eb29b9d2bc0eb8f5e,k-means,warm,exec,queue,0.004441022872924805,2.384185791015625e-07,2.384185791015625e-07,1609701692.31275,1609701692.4347494,0.12199926376342773,1609701692.34704,1609701692.3554635,0.008423566818237305
5a1d648d5dc44da28c377a76cedb4796,k-means,warm,exec,queue,0.009194612503051758,2.384185791015625e-07,0.0,1609701692.315341,1609701692.4353304,0.11998939514160156,1609701692.352082,1609701692.3604088,0.00832676887512207
316f25ba21814e3e88dedb75a4a5aa57,k-means,warm,exec,queue,0.013676881790161133,4.76837158203125e-07,2.384185791015625e-07,1609701692.317954,1609701692.5576324,0.23967838287353516,1609701692.357151,1609701692.3652227,0.008071660995483398
ab07a705a963419a8ebc5424cb357b8d,k-means,warm,exec,queue,0.020154953002929688,2.384185791015625e-07,4.76837158203125e-07,1609701692.3207073,1609701692.4647684,0.14406108856201172,1609701692.36597,1609701692.3734713,0.007501363754272461
0bb238792dce4341a6dbabbb5469e8d4,k-means,warm,exec,queue,0.02514171600341797,4.76837158203125e-07,2.384185791015625e-07,1609701692.3223126,1609701692.5064924,0.18417978286743164,1609701692.3690498,1609701692.3739383,0.0048885345458984375
fb06312fddac460bb86f09eb6d27c1bd,k-means,warm,exec,queue,0.029840946197509766,2.384185791015625e-07,2.384185791015625e-07,1609701692.3239186,1609701692.5081472,0.18422865867614746,1609701692.3737884,1609701692.3802335,0.006445169448852539
aecc2e4fea7841168443542710002b05,k-means,warm,exec,queue,0.03490638732910156,2.384185791015625e-07,4.76837158203125e-07,1609701692.3255394,1609701692.6079488,0.2824094295501709,1609701692.3804889,1609701692.3864753,0.005986452102661133
088676866f1f400cb2324fac376dc03a,k-means,warm,exec,queue,0.0395810604095459,2.384185791015625e-07,2.384185791015625e-07,1609701692.3272693,1609701692.5595927,0.23232340812683105,1609701692.3860881,1609701692.3924463,0.006358146667480469
e37e6e0fc537415189b375a318f1c760,k-means,warm,exec,queue,0.005006313323974609,4.76837158203125e-07,2.384185791015625e-07,1609701693.304874,1609701693.4274065,0.12253260612487793,1609701693.338365,1609701693.3460531,0.007688045501708984
89b99f75c22740cfb7bd6eee9b97e3e8,k-means,warm,exec,queue,0.03625917434692383,4.76837158203125e-07,0.0,1609701693.3088515,1609701693.5026186,0.19376707077026367,1609701693.3746693,1609701693.3796203,0.004951000213623047
1a0df84142c04738bfaa54841529d519,k-means,warm,exec,queue,0.009827852249145508,4.76837158203125e-07,2.384185791015625e-07,1609701693.3113558,1609701693.500842,0.18948626518249512,1609701693.3432784,1609701693.3517494,0.008471012115478516
176ff84e093a4935b336e9086ba2133e,k-means,warm,exec,queue,0.014316320419311523,2.384185791015625e-07,0.0,1609701693.3138635,1609701693.4256368,0.11177325248718262,1609701693.348568,1609701693.3568408,0.008272886276245117
381acf2ae7aa43de99a2e168f9af4291,k-means,warm,exec,queue,0.019353866577148438,2.384185791015625e-07,2.384185791015625e-07,1609701693.316361,1609701693.452206,0.13584494590759277,1609701693.3535733,1609701693.3601208,0.006547451019287109
68fce578b292453cb13a8c0f41f0b5ba,k-means,warm,exec,queue,0.02471756935119629,2.384185791015625e-07,0.0,1609701693.3191683,1609701693.4505556,0.13138723373413086,1609701693.3593502,1609701693.3646142,0.0052640438079833984
a62d745676434d278caa4f210719aaf9,k-means,warm,exec,queue,0.029436588287353516,2.384185791015625e-07,0.0,1609701693.3212755,1609701693.5351357,0.21386027336120605,1609701693.3675427,1609701693.374768,0.0072252750396728516
749beba60f634904b3e369e5537b2a2e,k-means,warm,exec,queue,0.03367877006530762,4.76837158203125e-07,2.384185791015625e-07,1609701693.3227,1609701693.5368154,0.21411538124084473,1609701693.370611,1609701693.3767364,0.006125450134277344
9a390e93c03b442384565dae5532f8b7,k-means,warm,exec,queue,0.009412050247192383,2.384185791015625e-07,4.76837158203125e-07,1609701694.3126786,1609701694.44448,0.13180136680603027,1609701694.361374,1609701694.3696232,0.008249282836914062
c013bc9a5fe048e5bde78ac5e0f3b1c4,k-means,warm,exec,queue,0.028226375579833984,2.384185791015625e-07,2.384185791015625e-07,1609701694.3169274,1609701694.7043471,0.3874197006225586,1609701694.382045,1609701694.3883092,0.006264209747314453
51441222a44b40668125dced9c5fa0d2,k-means,warm,exec,queue,0.03365659713745117,2.384185791015625e-07,2.384185791015625e-07,1609701694.3194299,1609701694.544433,0.22500324249267578,1609701694.3897324,1609701694.3944185,0.004686117172241211
0de0141b5944448c87f76a716b1fa009,k-means,warm,exec,queue,0.03910374641418457,2.384185791015625e-07,0.0,1609701694.3219523,1609701694.654404,0.33245158195495605,1609701694.3942454,1609701694.400092,0.005846500396728516
0da52d8f56f1434d91f859c5d1922f87,k-means,warm,exec,queue,0.04466700553894043,2.384185791015625e-07,2.384185791015625e-07,1609701694.3247495,1609701694.5056667,0.18091726303100586,1609701694.400549,1609701694.4049768,0.004427909851074219
a2bde122da474f5db9b67d9221f3c100,k-means,warm,exec,queue,0.049590110778808594,2.384185791015625e-07,2.384185791015625e-07,1609701694.326205,1609701694.657888,0.3316829204559326,1609701694.4055803,1609701694.4112852,0.0057048797607421875
a24f775448aa4d45b631bb9469c5933a,k-means,warm,exec,queue,0.0552217960357666,2.384185791015625e-07,2.384185791015625e-07,1609701694.327663,1609701694.702331,0.3746681213378906,1609701694.4117308,1609701694.4160874,0.0043566226959228516
fb1f93b69113461798f66e1996e47171,k-means,warm,exec,queue,0.060007333755493164,4.76837158203125e-07,0.0,1609701694.3291378,1609701694.5029461,0.17380833625793457,1609701694.4169598,1609701694.4225473,0.005587577819824219
faf3806fc77e43d0b31e6656cf4ed2ff,k-means,warm,exec,queue,0.013750553131103516,4.76837158203125e-07,0.0,1609701694.3306017,1609701694.4462175,0.1156158447265625,1609701694.366526,1609701694.3749862,0.008460283279418945
df7369852cd6464e923b068e9a69e13e,k-means,warm,exec,queue,0.0180816650390625,2.384185791015625e-07,2.384185791015625e-07,1609701694.3321936,1609701694.5062377,0.17404413223266602,1609701694.3714812,1609701694.381086,0.009604930877685547
c1094de0fbe94f36a0aa1df0ce2be5bf,k-means,warm,exec,queue,0.02353525161743164,2.384185791015625e-07,2.384185791015625e-07,1609701694.3336592,1609701694.5459628,0.21230363845825195,1609701694.3766618,1609701694.3816798,0.005017995834350586
a83418a049934ddb91f94809a1a996be,k-means,warm,exec,queue,0.06532168388366699,2.384185791015625e-07,2.384185791015625e-07,1609701694.3351183,1609701694.7028725,0.3677542209625244,1609701694.4229803,1609701694.4272332,0.004252910614013672
3cd477200570474eb0a73f0f9931627b,k-means,warm,exec,queue,0.07003545761108398,2.384185791015625e-07,0.0,1609701694.3365881,1609701694.6573122,0.3207240104675293,1609701694.428069,1609701694.4336278,0.00555872917175293
e2b011e2b56e45069e4e8b42ab2be9e1,k-means,warm,exec,queue,0.07564043998718262,2.384185791015625e-07,2.384185791015625e-07,1609701694.3381479,1609701694.6997948,0.3616468906402588,1609701694.4343224,1609701694.4385676,0.004245281219482422
9311a550f9854c55b5a4d78f51fe5264,k-means,warm,exec,queue,0.08023524284362793,2.384185791015625e-07,2.384185791015625e-07,1609701694.339605,1609701694.7634702,0.42386507987976074,1609701694.4393327,1609701694.444862,0.005529165267944336
eae89c0dc3c0426e95542557299269b6,k-means,warm,exec,queue,0.003638029098510742,2.384185791015625e-07,0.0,1609701695.31804,1609701695.5926752,0.27463531494140625,1609701695.3733444,1609701695.3816357,0.008291244506835938
d845901971734443b86c079ff91230ca,k-means,warm,exec,queue,0.05897712707519531,2.384185791015625e-07,2.384185791015625e-07,1609701695.322432,1609701695.7008781,0.378446102142334,1609701695.4277992,1609701695.4347196,0.006920337677001953
d088848e89b9437e9ba44d6135b554ab,k-means,warm,exec,queue,0.05437660217285156,2.384185791015625e-07,0.0,1609701695.3250766,1609701695.5457447,0.22066807746887207,1609701695.4277174,1609701695.4351268,0.007409334182739258
85420a3d61a543ac91c2bc0a2cae2613,k-means,warm,exec,queue,0.04974365234375,7.152557373046875e-07,0.0,1609701695.32767,1609701695.7829876,0.45531749725341797,1609701695.4204347,1609701695.4268994,0.006464719772338867
dcc94d6b946b4ba7808189c5296435dc,k-means,warm,exec,queue,0.04439663887023926,4.76837158203125e-07,2.384185791015625e-07,1609701695.3306336,1609701695.7003171,0.36968350410461426,1609701695.4130807,1609701695.4204483,0.007367610931396484
d8407a573632475792f2140a28611128,k-means,warm,exec,queue,0.03981757164001465,2.384185791015625e-07,2.384185791015625e-07,1609701695.333004,1609701695.5953286,0.26232457160949707,1609701695.4110563,1609701695.4177864,0.006730079650878906
6b6df2bb44994a93afee641deed6e7ba,k-means,warm,exec,queue,0.03512239456176758,4.76837158203125e-07,2.384185791015625e-07,1609701695.3345733,1609701695.5437307,0.20915746688842773,1609701695.4038234,1609701695.4110873,0.007263898849487305
e145e525a7cd4872a0cb0b362c7ff030,k-means,warm,exec,queue,0.030098676681518555,2.384185791015625e-07,0.0,1609701695.33614,1609701695.8406458,0.5045058727264404,1609701695.3975613,1609701695.4037588,0.006197452545166016
93a58ceebc23472291029561f0f47328,k-means,warm,exec,queue,0.009942770004272461,2.384185791015625e-07,2.384185791015625e-07,1609701695.337729,1609701695.4585006,0.12077164649963379,1609701695.3728924,1609701695.3798935,0.007001161575317383
b50eea41e1374d28aa9a3d5e97be564c,k-means,warm,exec,queue,0.014883279800415039,2.384185791015625e-07,4.76837158203125e-07,1609701695.3394275,1609701695.4601061,0.12067866325378418,1609701695.3794332,1609701695.387402,0.007968902587890625
b5fee77c19ea4dcea18a6fdbdced7478,k-means,warm,exec,queue,0.019367218017578125,4.76837158203125e-07,0.0,1609701695.3410265,1609701695.5673335,0.22630691528320312,1609701695.391688,1609701695.3998737,0.008185625076293945
459c38bb0b0647c38d8b29dc35a82d70,k-means,warm,exec,queue,0.024701595306396484,4.76837158203125e-07,2.384185791015625e-07,1609701695.342596,1609701695.4747782,0.13218212127685547,1609701695.395713,1609701695.402658,0.006944894790649414
53c7a3e6137146b0842268cb9f2dda06,k-means,warm,exec,queue,0.06413984298706055,2.384185791015625e-07,2.384185791015625e-07,1609701695.344157,1609701695.5958993,0.2517423629760742,1609701695.4348948,1609701695.4402363,0.005341529846191406
107a6ae4d90b45e6bc76c977e6714c47,video,warm,exec,queue,0.016466617584228516,0.0,2.384185791015625e-07,1609701695.3458655,1609701695.6996508,0.35378527641296387,1609701695.396001,1609701695.4131744,0.017173290252685547
fad46cae07074ad8a9242940201c985d,matmul,warm,exec,queue,0.02042555809020996,2.384185791015625e-07,0.0,1609701695.347421,1609701695.8412647,0.49384379386901855,1609701695.3972776,1609701695.4074275,0.010149955749511719
1458c64a1fea48b8827a54a630aa80bc,map_reduce,warm,exec,queue,0.02301192283630371,2.384185791015625e-07,2.384185791015625e-07,1609701695.3490303,1609701695.7811477,0.4321174621582031,1609701695.398041,1609701695.4831436,0.08510255813598633
631d2334a90847d68fa8c0c2f43e8a34,k-means,warm,exec,queue,0.003881216049194336,2.384185791015625e-07,2.384185791015625e-07,1609701696.3201494,1609701696.4535673,0.13341784477233887,1609701696.3648167,1609701696.3727694,0.007952690124511719
1e3431dd05f04c7c984c9cb4e85d247b,k-means,warm,exec,queue,0.05721259117126465,4.76837158203125e-07,0.0,1609701696.3243916,1609701696.7148833,0.3904917240142822,1609701696.41905,1609701696.4247801,0.005730152130126953
d66bd29c464847dcbd5b5f2f8b2897ca,k-means,warm,exec,queue,0.05196523666381836,4.76837158203125e-07,2.384185791015625e-07,1609701696.3268816,1609701696.5855243,0.25864267349243164,1609701696.4157712,1609701696.422802,0.0070307254791259766
35481dfb5df948ff8cfe02027c9acabc,k-means,warm,exec,queue,0.04736685752868652,7.152557373046875e-07,2.384185791015625e-07,1609701696.3289452,1609701696.7756417,0.44669651985168457,1609701696.4083388,1609701696.4126558,0.004317045211791992
bb23ad9b5ab94c3c8c99f0856c72422d,k-means,warm,exec,queue,0.04261207580566406,2.384185791015625e-07,0.0,1609701696.3305445,1609701696.603983,0.2734384536743164,1609701696.4029253,1609701696.4085588,0.00563359260559082
10ea9eea4f844bf6bbe45c96fd98920e,k-means,warm,exec,queue,0.037285566329956055,2.384185791015625e-07,0.0,1609701696.331979,1609701696.5849457,0.25296664237976074,1609701696.3971794,1609701696.401197,0.00401759147644043
4e0197eb059c495e8580c633d005e418,k-means,warm,exec,queue,0.03216195106506348,2.384185791015625e-07,4.76837158203125e-07,1609701696.333419,1609701696.4952877,0.16186857223510742,1609701696.3912463,1609701696.397252,0.006005764007568359
3ace41728fad4de5a855f5b87878ab17,k-means,warm,exec,queue,0.02662062644958496,4.76837158203125e-07,4.76837158203125e-07,1609701696.334857,1609701696.4970076,0.16215062141418457,1609701696.3861265,1609701696.3911986,0.005072116851806641
b84f6371de514188b8b300b427e220c8,k-means,warm,exec,queue,0.009488344192504883,4.76837158203125e-07,2.384185791015625e-07,1609701696.3363023,1609701696.5860424,0.2497401237487793,1609701696.3644602,1609701696.3726277,0.008167505264282227
dacdaba3b65e4b2fa6318ceb654e2105,k-means,warm,exec,queue,0.014623403549194336,2.384185791015625e-07,0.0,1609701696.3378365,1609701696.5462213,0.20838475227355957,1609701696.3699837,1609701696.3781166,0.0081329345703125
c7ea733a09334a5181786a9244bd1569,k-means,warm,exec,queue,0.01896190643310547,2.384185791015625e-07,0.0,1609701696.3392713,1609701696.581283,0.24201178550720215,1609701696.374716,1609701696.3824303,0.007714271545410156
a182b289c9a74d19a702d682ad8b9cd5,k-means,warm,exec,queue,0.023371219635009766,2.384185791015625e-07,4.76837158203125e-07,1609701696.3407066,1609701696.7739415,0.43323493003845215,1609701696.3803148,1609701696.3851218,0.004806995391845703
2d17dd9738284ef181ddd38d1613c6f1,k-means,warm,exec,queue,0.06196331977844238,4.76837158203125e-07,2.384185791015625e-07,1609701696.342136,1609701696.5807111,0.23857522010803223,1609701696.4243288,1609701696.430882,0.006553173065185547
c672f4f045c54d80806407260d01dc42,k-means,warm,exec,queue,0.006735801696777344,4.76837158203125e-07,2.384185791015625e-07,1609701697.3123007,1609701697.4462495,0.13394880294799805,1609701697.3610394,1609701697.3697624,0.008723020553588867
5b6d7d52bc41419f99710c52d1544016,k-means,warm,exec,queue,0.04912209510803223,4.76837158203125e-07,2.384185791015625e-07,1609701697.3163936,1609701697.6225362,0.30614256858825684,1609701697.4114065,1609701697.4190166,0.0076100826263427734
26417280143e41659cc51cd898ffb9fc,k-means,warm,exec,queue,0.05459022521972656,2.384185791015625e-07,2.384185791015625e-07,1609701697.3189747,1609701697.705481,0.3865063190460205,1609701697.4123433,1609701697.4181912,0.005847930908203125
3e1203bf7c6b4416a8baf83e9671ecb8,k-means,warm,exec,queue,0.05914425849914551,2.384185791015625e-07,2.384185791015625e-07,1609701697.321548,1609701697.5562737,0.2347257137298584,1609701697.4172518,1609701697.4238079,0.006556034088134766
bb923cf0d5714854b85d9e86c4420c92,k-means,warm,exec,queue,0.02913355827331543,2.384185791015625e-07,2.384185791015625e-07,1609701697.3244314,1609701697.4777954,0.15336394309997559,1609701697.3852735,1609701697.3925374,0.007263898849487305
adef7473204b4a9c821ea044f7ee2bfa,k-means,warm,exec,queue,0.03364062309265137,0.0,2.384185791015625e-07,1609701697.3260498,1609701697.558902,0.23285222053527832,1609701697.3872254,1609701697.393849,0.006623506546020508
f1e2ffb34d8c455887ba09b306f61378,k-means,warm,exec,queue,0.038436174392700195,4.76837158203125e-07,2.384185791015625e-07,1609701697.327597,1609701697.746076,0.41847920417785645,1609701697.3913615,1609701697.3975425,0.006181001663208008
97e8d505e70b43f7bb48eb8b24a16ded,k-means,warm,exec,queue,0.04385805130004883,7.152557373046875e-07,2.384185791015625e-07,1609701697.3291593,1609701697.747781,0.4186217784881592,1609701697.4090178,1609701697.4177816,0.008763790130615234
880ab9155f8e4bc2bf46f8817a6882c9,k-means,warm,exec,queue,0.02457404136657715,2.384185791015625e-07,2.384185791015625e-07,1609701697.33071,1609701697.5594227,0.228712797164917,1609701697.3830476,1609701697.3920088,0.008961200714111328
b7f709eb344b43b3af1de369f99c87f0,k-means,warm,exec,queue,0.02016139030456543,2.384185791015625e-07,2.384185791015625e-07,1609701697.3324149,1609701697.47934,0.1469252109527588,1609701697.3716834,1609701697.3801165,0.008433103561401367
68a032dfaf96445682b7d8f8fee69285,k-means,warm,exec,queue,0.015757083892822266,2.384185791015625e-07,4.76837158203125e-07,1609701697.3339775,1609701697.5865865,0.2526090145111084,1609701697.3663173,1609701697.374985,0.008667707443237305
b45cb7546d9c43aeb37be2024cd87931,k-means,warm,exec,queue,0.010559558868408203,4.76837158203125e-07,2.384185791015625e-07,1609701697.3355322,1609701697.4445333,0.10900115966796875,1609701697.361345,1609701697.369647,0.008301973342895508
1a304b9357294a69bf210f44a3c9400f,video,warm,exec,queue,0.01964879035949707,2.384185791015625e-07,0.0,1609701697.3371055,1609701697.4807427,0.14363718032836914,1609701697.3852952,1609701697.4018157,0.01652050018310547
a361fed2a47f40b4a136856322392eda,k-means,warm,exec,queue,7.796287536621094e-05,4.76837158203125e-07,2.384185791015625e-07,1609701698.3144908,1609701698.976731,0.6622402667999268,1609701698.3600469,1609701698.3684287,0.008381843566894531
6542b42692b041af96fd500b5db22549,k-means,warm,exec,queue,0.00626373291015625,0.0,0.0,1609701698.318653,1609701698.9760778,0.6574246883392334,1609701698.3600764,1609701698.3679724,0.007895946502685547
3d75c2521bc54615ab42a36c2b57e7c8,k-means,warm,exec,queue,0.011201143264770508,2.384185791015625e-07,2.384185791015625e-07,1609701698.3212779,1609701698.9731295,0.6518516540527344,1609701698.365264,1609701698.3739867,0.008722782135009766
62589c02e02645319b82abd46b8e6829,k-means,warm,exec,queue,0.015562772750854492,4.76837158203125e-07,2.384185791015625e-07,1609701698.3238606,1609701698.9784358,0.6545751094818115,1609701698.3721132,1609701698.381777,0.009663820266723633
3c27deec226f4530a322fe035cd7a0b6,k-means,warm,exec,queue,0.0204312801361084,2.384185791015625e-07,2.384185791015625e-07,1609701698.3258376,1609701699.1638029,0.8379652500152588,1609701698.3802652,1609701698.385355,0.005089759826660156
ada4bfe02f3b4d288b7224db41527764,k-means,warm,exec,queue,0.025600910186767578,2.384185791015625e-07,0.0,1609701698.327407,1609701699.6658752,1.338468313217163,1609701698.3813796,1609701698.388524,0.007144451141357422
fb53127dbade42e9b29455f5d83a2208,k-means,warm,exec,queue,0.030211210250854492,4.76837158203125e-07,2.384185791015625e-07,1609701698.3289893,1609701699.1278105,0.798821210861206,1609701698.3928823,1609701698.400079,0.007196664810180664
4f37c4afb27d45298ead1fea9b95f888,k-means,warm,exec,queue,0.03609871864318848,4.76837158203125e-07,2.384185791015625e-07,1609701698.3305497,1609701699.1240637,0.7935140132904053,1609701698.3948638,1609701698.3997283,0.00486445426940918
d5464ffc301f40c08f738c558be09d01,k-means,warm,exec,queue,0.04082512855529785,4.76837158203125e-07,2.384185791015625e-07,1609701698.3321233,1609701699.6677709,1.3356475830078125,1609701698.3976953,1609701698.4022317,0.00453639030456543
c4dd2869240846feaadf66abae929bf0,k-means,warm,exec,queue,0.04640054702758789,4.76837158203125e-07,2.384185791015625e-07,1609701698.3338275,1609701699.1272027,0.7933752536773682,1609701698.4097803,1609701698.417427,0.007646799087524414
69efb1da6276461c97c4af344cca1d18,k-means,warm,exec,queue,0.052164554595947266,2.384185791015625e-07,0.0,1609701698.3354015,1609701699.3377893,1.0023877620697021,1609701698.410078,1609701698.4146085,0.004530429840087891
8e98d836f4204de5858d73a5964896bf,k-means,warm,exec,queue,0.05686783790588379,2.384185791015625e-07,2.384185791015625e-07,1609701698.3369856,1609701699.4238234,1.0868377685546875,1609701698.4164426,1609701698.4223642,0.005921602249145508
e9e5c266113746b794cda7ae3f97c643,k-means,warm,exec,queue,0.061929941177368164,2.384185791015625e-07,2.384185791015625e-07,1609701698.3385506,1609701699.5070264,1.168475866317749,1609701698.4216425,1609701698.4281285,0.006485939025878906
d487608d801c4897bec7d1a431d813ed,k-means,warm,exec,queue,0.0007281303405761719,4.76837158203125e-07,0.0,1609701699.3089857,1609701699.8167627,0.5077769756317139,1609701699.3527648,1609701699.3607864,0.00802159309387207
e8ed062d2e044157b04276b54f174400,video,warm,exec,queue,0.019249916076660156,4.76837158203125e-07,2.384185791015625e-07,1609701699.3130624,1609701699.475034,0.1619715690612793,1609701699.3718586,1609701699.3882806,0.016422033309936523
6f407ba4c78a4109b3f530c722eb896a,k-means,warm,exec,queue,0.014569759368896484,4.76837158203125e-07,2.384185791015625e-07,1609701699.315662,1609701699.7591457,0.443483829498291,1609701699.3715022,1609701699.3793488,0.007846593856811523
6cb6f66db2534a5fb0c774f0dd7be95f,k-means,warm,exec,queue,0.019875764846801758,4.76837158203125e-07,2.384185791015625e-07,1609701699.3182418,1609701699.6343489,0.31610703468322754,1609701699.3720598,1609701699.378121,0.006061077117919922
4bc86a84239b4f3eb34b9d0da2d39c9c,k-means,warm,exec,queue,0.024982690811157227,2.384185791015625e-07,2.384185791015625e-07,1609701699.3212633,1609701699.6910079,0.36974453926086426,1609701699.3770828,1609701699.382416,0.0053331851959228516
80379428c4654205b15b2ad582278952,k-means,warm,exec,queue,0.02966618537902832,2.384185791015625e-07,2.384185791015625e-07,1609701699.32385,1609701699.6381047,0.3142547607421875,1609701699.3859887,1609701699.3927524,0.0067636966705322266
f48c4756a9e142be9c1542f945e91e0a,k-means,warm,exec,queue,0.03481030464172363,2.384185791015625e-07,4.76837158203125e-07,1609701699.3257134,1609701699.473323,0.14760971069335938,1609701699.3879113,1609701699.3936353,0.0057239532470703125
77f312df160c4ad3aa8d69faa13a989a,k-means,warm,exec,queue,0.03963947296142578,4.76837158203125e-07,2.384185791015625e-07,1609701699.3273115,1609701699.8186867,0.491375207901001,1609701699.3918045,1609701699.3986566,0.006852149963378906
ee4367e97e0841efb3f544e57ea8c64d,k-means,warm,exec,queue,0.006018877029418945,2.384185791015625e-07,0.0,1609701699.3290412,1609701699.4767694,0.14772820472717285,1609701699.354001,1609701699.362366,0.00836491584777832
94ce719145ef4e20bcfba8473493c537,k-means,warm,exec,queue,0.010955810546875,4.76837158203125e-07,2.384185791015625e-07,1609701699.3306413,1609701699.6374927,0.3068513870239258,1609701699.360895,1609701699.3687334,0.00783848762512207
93d8af167e4c4da7822eb0c904599f30,k-means,warm,exec,queue,9.012222290039062e-05,7.152557373046875e-07,2.384185791015625e-07,1609701700.3189688,1609701700.450838,0.13186931610107422,1609701700.3738742,1609701700.3826513,0.008777141571044922
df11be4c6de74d87928b4fa64f1714a7,k-means,warm,exec,queue,0.009131193161010742,2.384185791015625e-07,2.384185791015625e-07,1609701700.3234475,1609701700.4771824,0.15373492240905762,1609701700.3746927,1609701700.3831654,0.008472681045532227
8eb2ea453ec94fa69d425dd5cdd0982a,k-means,warm,exec,queue,0.013743162155151367,2.384185791015625e-07,0.0,1609701700.3261087,1609701700.4754722,0.14936351776123047,1609701700.3794143,1609701700.3880198,0.008605480194091797
294995f83e4849c0b0f05f383017ea87,k-means,warm,exec,queue,0.019115209579467773,4.76837158203125e-07,2.384185791015625e-07,1609701700.328742,1609701700.6024683,0.273726224899292,1609701700.3859682,1609701700.3951027,0.009134531021118164
59195c8d35eb4fe1bb4354777ca04964,k-means,warm,exec,queue,0.027233600616455078,4.76837158203125e-07,2.384185791015625e-07,1609701700.3316414,1609701700.7374024,0.4057610034942627,1609701700.3999147,1609701700.407031,0.0071163177490234375
adb2a25906d5465dbab46ce029d4a935,k-means,warm,exec,queue,0.033074140548706055,4.76837158203125e-07,4.76837158203125e-07,1609701700.3335881,1609701700.567945,0.23435688018798828,1609701700.402966,1609701700.4099455,0.006979465484619141
79a424589bd140958ff1c778ff2e42aa,k-means,warm,exec,queue,0.0375523567199707,2.384185791015625e-07,2.384185791015625e-07,1609701700.335168,1609701700.735723,0.4005551338195801,1609701700.4049594,1609701700.4119048,0.006945371627807617
19cc166e689d4c59a71cb63861c92906,k-means,warm,exec,queue,0.042769670486450195,4.76837158203125e-07,2.384185791015625e-07,1609701700.3367653,1609701700.5191007,0.18233537673950195,1609701700.41692,1609701700.4248574,0.007937431335449219
a95fae2c23514c46b2cd12fa53c5250f,k-means,warm,exec,queue,0.0484616756439209,2.384185791015625e-07,2.384185791015625e-07,1609701700.3383472,1609701700.5174007,0.17905354499816895,1609701700.4202106,1609701700.4263692,0.006158590316772461
62841ed493d54bce905d0806910bf3b2,k-means,warm,exec,queue,0.0531618595123291,4.76837158203125e-07,2.384185791015625e-07,1609701700.3400636,1609701700.5715644,0.23150086402893066,1609701700.422699,1609701700.4273694,0.004670381546020508
25bc7521d67c42ff8fe2ab0283c5c7d6,k-means,warm,exec,queue,0.06250452995300293,2.384185791015625e-07,0.0,1609701700.3416665,1609701700.785578,0.4439115524291992,1609701700.4349463,1609701700.4394758,0.004529476165771484
83d42e9946374d2db42a911cb6ebf676,k-means,warm,exec,queue,0.05756545066833496,4.76837158203125e-07,2.384185791015625e-07,1609701700.3432388,1609701700.664905,0.32166624069213867,1609701700.4327912,1609701700.4399772,0.007185935974121094
0e704fedeeb740dfac232b26dd83c375,k-means,warm,exec,queue,0.06714487075805664,2.384185791015625e-07,0.0,1609701700.3448389,1609701700.6611547,0.3163158893585205,1609701700.4386663,1609701700.4453788,0.006712436676025391
711c7d019934435a83a62db1746f1267,k-means,warm,exec,queue,0.07169795036315918,4.76837158203125e-07,4.76837158203125e-07,1609701700.3465462,1609701700.6642895,0.31774330139160156,1609701700.4485831,1609701700.4549503,0.006367206573486328
33134c1d153d4f5abd52edd7992ae032,matmul,warm,exec,queue,0.016321182250976562,4.76837158203125e-07,4.76837158203125e-07,1609701700.3481064,1609701700.5709462,0.2228398323059082,1609701700.401094,1609701700.411181,0.010087013244628906
aca873e011c74fa380a0a1be637a4bc3,k-means,warm,exec,queue,0.006520986557006836,4.76837158203125e-07,2.384185791015625e-07,1609701701.3109605,1609701701.4393995,0.12843894958496094,1609701701.3476605,1609701701.3563743,0.008713722229003906
51714ac617c64a0bbbc3cdf4e062e793,video,warm,exec,queue,0.021381616592407227,2.384185791015625e-07,2.384185791015625e-07,1609701701.3149612,1609701701.507642,0.19268083572387695,1609701701.3709545,1609701701.388364,0.017409563064575195
d2434d4d97e04c9cb6b2b5af44b1bedb,k-means,warm,exec,queue,0.03441905975341797,4.76837158203125e-07,2.384185791015625e-07,1609701701.3175948,1609701701.6216025,0.30400776863098145,1609701701.3797367,1609701701.3884094,0.008672714233398438
a178e2f9168742f49b9cd9b03aedab37,k-means,warm,exec,queue,0.02993011474609375,2.384185791015625e-07,0.0,1609701701.3202186,1609701701.504305,0.18408632278442383,1609701701.3740265,1609701701.381298,0.007271528244018555
74a0de0002bd476392868b5ded2b3be9,k-means,warm,exec,queue,0.02557659149169922,4.76837158203125e-07,0.0,1609701701.3228087,1609701701.4706478,0.14783906936645508,1609701701.3702972,1609701701.376919,0.006621837615966797
dc088e0beb9540cd8804401d5701026b,k-means,warm,exec,queue,0.02015233039855957,4.76837158203125e-07,4.76837158203125e-07,1609701701.3253026,1609701701.5090094,0.18370676040649414,1609701701.3697896,1609701701.379029,0.009239435195922852
a895f9cd6ac841c799d66c7b76409e4d,k-means,warm,exec,queue,0.014864921569824219,4.76837158203125e-07,4.76837158203125e-07,1609701701.3268826,1609701701.4373322,0.11044955253601074,1609701701.3584313,1609701701.3673415,0.008910179138183594
309714fb79044411ae960ae3d940e5c0,k-means,warm,exec,queue,0.010456562042236328,2.384185791015625e-07,0.0,1609701701.3284802,1609701701.4398496,0.11136937141418457,1609701701.3511603,1609701701.359661,0.008500814437866211
872f934f1f5940f88f177724d8e5d614,k-means,warm,exec,queue,0.03900337219238281,2.384185791015625e-07,2.384185791015625e-07,1609701701.3300667,1609701701.5070565,0.17698979377746582,1609701701.3884978,1609701701.3948202,0.006322383880615234
5836b3cb43c14cc993a0cf4971eb533c,k-means,warm,exec,queue,0.005415439605712891,2.384185791015625e-07,2.384185791015625e-07,1609701702.3176527,1609701702.4385781,0.1209254264831543,1609701702.3640232,1609701702.3727088,0.008685588836669922
1ff397be20974571b76195fb56bbd49a,k-means,warm,exec,queue,0.009557962417602539,2.384185791015625e-07,0.0,1609701702.3219948,1609701702.6277602,0.30576539039611816,1609701702.364888,1609701702.373943,0.009055137634277344
d4faff7792b24e78b3acd982cf4b2aa7,k-means,warm,exec,queue,0.05486345291137695,4.76837158203125e-07,2.384185791015625e-07,1609701702.3246377,1609701702.750195,0.42555737495422363,1609701702.4246807,1609701702.43205,0.007369279861450195
ccfe46c313c642e9b8293b6ad5f002d9,k-means,warm,exec,queue,0.049286603927612305,2.384185791015625e-07,2.384185791015625e-07,1609701702.3272426,1609701702.6245086,0.29726600646972656,1609701702.4103289,1609701702.4171789,0.006850004196166992
9af6db2702924fff949c4c3a8484d135,k-means,warm,exec,queue,0.04377603530883789,4.76837158203125e-07,2.384185791015625e-07,1609701702.330191,1609701702.505003,0.17481207847595215,1609701702.406853,1609701702.4138696,0.007016658782958984
1c425f43ecb24519aa5f941695841c9b,k-means,warm,exec,queue,0.03802490234375,4.76837158203125e-07,2.384185791015625e-07,1609701702.3327007,1609701702.5407538,0.2080531120300293,1609701702.4048805,1609701702.412086,0.007205486297607422
94776bab035f4a51b273dfd18e0a8ab9,k-means,warm,exec,queue,0.013907432556152344,4.76837158203125e-07,2.384185791015625e-07,1609701702.334318,1609701702.463319,0.12900114059448242,1609701702.3700204,1609701702.3783727,0.008352279663085938
455918a0a6a446d081ca8e52f2db2a89,k-means,warm,exec,queue,0.01843881607055664,2.384185791015625e-07,2.384185791015625e-07,1609701702.3359287,1609701702.6284022,0.29247355461120605,1609701702.374395,1609701702.3834,0.009005069732666016
948eb4d96a6240c889e8113f2a5a630f,k-means,warm,exec,queue,0.02358245849609375,2.384185791015625e-07,2.384185791015625e-07,1609701702.3375523,1609701702.5442593,0.20670700073242188,1609701702.3870738,1609701702.3934233,0.0063495635986328125
e3f7e9a4cd89474184fe25f94746bf96,k-means,warm,exec,queue,0.029294490814208984,4.76837158203125e-07,0.0,1609701702.3392835,1609701702.4647565,0.1254730224609375,1609701702.3894243,1609701702.3946154,0.00519108772277832
2f624b38083a47998d74dfb04fe4d2c1,k-means,warm,exec,queue,0.034623146057128906,2.384185791015625e-07,0.0,1609701702.3409038,1609701702.5061026,0.16519880294799805,1609701702.3922083,1609701702.3995304,0.007322072982788086
54d2d38e67ce4b0e8e565e6b8cc530cb,k-means,warm,exec,queue,0.060820579528808594,2.384185791015625e-07,0.0,1609701702.342514,1609701702.5447457,0.20223164558410645,1609701702.4244099,1609701702.4311736,0.0067636966705322266
a5a393e6d11a430e9c73acfa27adc521,k-means,warm,exec,queue,0.0009853839874267578,2.384185791015625e-07,2.384185791015625e-07,1609701703.3187473,1609701703.460778,0.1420307159423828,1609701703.3671606,1609701703.3759637,0.008803129196166992
9a0981d20db9466bbf0c7a1141109e6e,k-means,warm,exec,queue,0.010007619857788086,2.384185791015625e-07,2.384185791015625e-07,1609701703.322881,1609701703.7451525,0.4222714900970459,1609701703.3743541,1609701703.3830464,0.008692264556884766
a3487b616cc84f0890829760b62c8ae8,k-means,warm,exec,queue,0.014932394027709961,4.76837158203125e-07,2.384185791015625e-07,1609701703.325501,1609701703.5198145,0.19431352615356445,1609701703.3790047,1609701703.3872573,0.008252620697021484
3a6b868f27a84913b3e42c85fbb63bcc,k-means,warm,exec,queue,0.02126169204711914,2.384185791015625e-07,0.0,1609701703.328067,1609701703.8197486,0.4916815757751465,1609701703.3869603,1609701703.3950531,0.008092880249023438
72bc67cee21c416cba3af8240b147aee,k-means,warm,exec,queue,0.027554988861083984,4.76837158203125e-07,2.384185791015625e-07,1609701703.3309162,1609701703.5163255,0.1854093074798584,1609701703.394247,1609701703.400224,0.00597691535949707
cdde44335c724002939acde4e24dfa12,k-means,warm,exec,queue,0.03307151794433594,4.76837158203125e-07,2.384185791015625e-07,1609701703.3331013,1609701703.6528802,0.3197789192199707,1609701703.3969433,1609701703.4032483,0.00630497932434082
f6608b438fe34ebaa74e4f0f35f10039,k-means,warm,exec,queue,0.03838157653808594,2.384185791015625e-07,0.0,1609701703.3346477,1609701703.81782,0.4831724166870117,1609701703.4024565,1609701703.4081025,0.0056459903717041016
77c87960b66245cfaa7a2335267a2d09,k-means,warm,exec,queue,0.04310107231140137,4.76837158203125e-07,2.384185791015625e-07,1609701703.3362179,1609701703.6509652,0.31474733352661133,1609701703.4153633,1609701703.4222484,0.006885051727294922
52417dbb47b045a1b8013a6b1853be0f,k-means,warm,exec,queue,0.048477888107299805,2.384185791015625e-07,2.384185791015625e-07,1609701703.337785,1609701703.7474048,0.4096198081970215,1609701703.415333,1609701703.422027,0.00669407844543457
7a48d51080964a3b881b6664765ee077,k-means,warm,exec,queue,0.053464651107788086,2.384185791015625e-07,2.384185791015625e-07,1609701703.3394935,1609701703.5180671,0.1785736083984375,1609701703.4189005,1609701703.4249372,0.0060367584228515625
63d42a967fe14fb3a4997e334f05b165,k-means,warm,exec,queue,0.002187967300415039,4.76837158203125e-07,2.384185791015625e-07,1609701703.3410716,1609701703.4580848,0.11701321601867676,1609701703.3678524,1609701703.376448,0.008595466613769531
efaec0eb53f44022b63cdb55a66eb006,k-means,warm,exec,queue,0.007580280303955078,2.384185791015625e-07,0.0,1609701703.3426156,1609701703.4613695,0.11875391006469727,1609701703.3673725,1609701703.3754933,0.00812077522277832
64905870a0f84a5a90e9809e3847a31d,video,warm,exec,queue,0.02260136604309082,7.152557373046875e-07,4.76837158203125e-07,1609701703.34418,1609701703.559538,0.21535778045654297,1609701703.3869145,1609701703.4031541,0.016239643096923828
71d998ffc83f4182ad77a843d4319332,k-means,warm,exec,queue,0.0007035732269287109,2.384185791015625e-07,2.384185791015625e-07,1609701704.3224154,1609701704.4789717,0.1565563678741455,1609701704.3723576,1609701704.3807664,0.008408784866333008
0dd66c04c74f4592941114e5ed25deb5,k-means,warm,exec,queue,0.05964922904968262,4.76837158203125e-07,0.0,1609701704.3270488,1609701704.782994,0.4559452533721924,1609701704.4313426,1609701704.4363084,0.004965782165527344
ec5ccdc730954e3698ac319a3c1671f6,k-means,warm,exec,queue,0.06536579132080078,2.384185791015625e-07,0.0,1609701704.3286812,1609701704.5816894,0.2530081272125244,1609701704.437901,1609701704.44405,0.0061490535736083984
0ffea30f22b54c8b93d13dd78ab767b9,k-means,warm,exec,queue,0.008104085922241211,4.76837158203125e-07,2.384185791015625e-07,1609701704.330247,1609701704.4834812,0.15323424339294434,1609701704.372745,1609701704.3813858,0.008640766143798828
b7d6e39e111c4f6aaccc6d8c831bf212,k-means,warm,exec,queue,0.012793779373168945,4.76837158203125e-07,4.76837158203125e-07,1609701704.3319907,1609701704.4828475,0.15085673332214355,1609701704.3755999,1609701704.3835144,0.007914543151855469
edcc0ab50e9246b59099a12b779b13dd,k-means,warm,exec,queue,0.01725912094116211,9.5367431640625e-07,2.384185791015625e-07,1609701704.3336704,1609701704.628394,0.2947235107421875,1609701704.3808587,1609701704.3894541,0.008595466613769531
b795f832160f40eba6a4eda2da53f7b1,k-means,warm,exec,queue,0.022559642791748047,2.384185791015625e-07,2.384185791015625e-07,1609701704.3353605,1609701704.484037,0.14867639541625977,1609701704.391263,1609701704.3998775,0.008614540100097656
1b6a032a5e714690be4307315f620e90,k-means,warm,exec,queue,0.027436256408691406,2.384185791015625e-07,2.384185791015625e-07,1609701704.3370492,1609701704.587134,0.25008463859558105,1609701704.3923357,1609701704.398938,0.006602287292480469
f6fefcbad3094f28a3b3d63a3714480c,k-means,warm,exec,queue,0.032733917236328125,2.384185791015625e-07,4.76837158203125e-07,1609701704.3386245,1609701704.782403,0.44377851486206055,1609701704.3972936,1609701704.4021573,0.004863739013671875
a5aade0dd7404132bcac97826c607110,k-means,warm,exec,queue,0.03802800178527832,2.384185791015625e-07,0.0,1609701704.340354,1609701704.586523,0.2461690902709961,1609701704.4088273,1609701704.4156225,0.006795167922973633
3933c5f2396a4dbcae460eec3de555af,k-means,warm,exec,queue,0.04275798797607422,2.384185791015625e-07,2.384185791015625e-07,1609701704.341915,1609701704.6567972,0.3148822784423828,1609701704.41078,1609701704.4172022,0.006422281265258789
33f268332fc54916a06d3a072bc0318d,k-means,warm,exec,queue,0.047163963317871094,2.384185791015625e-07,2.384185791015625e-07,1609701704.3434563,1609701704.7793677,0.4359114170074463,1609701704.414187,1609701704.4209733,0.006786346435546875
2d23110b42254713947cdd2ab7f65d16,k-means,warm,exec,queue,0.0524442195892334,2.384185791015625e-07,0.0,1609701704.345042,1609701704.7129636,0.3679215908050537,1609701704.4223607,1609701704.430155,0.007794380187988281
75fdcba139ab4b998887e4b92d1cb62d,k-means,warm,exec,queue,0.05721139907836914,2.384185791015625e-07,0.0,1609701704.3466885,1609701704.5877342,0.24104571342468262,1609701704.4262536,1609701704.4313219,0.005068302154541016
4a1b042ad4d745a5928fd84f33908577,k-means,warm,exec,queue,0.002997159957885742,4.76837158203125e-07,2.384185791015625e-07,1609701705.317549,1609701705.590393,0.2728440761566162,1609701705.3593316,1609701705.3695514,0.010219812393188477
7222457c156940a7bffb7c8487e6bff9,disk,warm,exec,queue,0.030153512954711914,2.384185791015625e-07,0.0,1609701705.3217528,1609701705.4750943,0.15334153175354004,1609701705.388216,1609701705.3951566,0.006940603256225586
866c22a56e2d4b7b8828771a181f68f0,k-means,warm,exec,queue,0.027198314666748047,2.384185791015625e-07,0.0,1609701705.3243866,1609701705.5136049,0.18921828269958496,1609701705.387032,1609701705.3942451,0.007213115692138672
1c73dcb30c184842a5fc79f355506559,k-means,warm,exec,queue,0.020064830780029297,2.384185791015625e-07,2.384185791015625e-07,1609701705.3269393,1609701705.5672152,0.24027585983276367,1609701705.3825567,1609701705.3896859,0.007129192352294922
96091ff261e4465db10ef17584e87fbd,k-means,warm,exec,queue,0.013067007064819336,2.384185791015625e-07,2.384185791015625e-07,1609701705.3295176,1609701705.4717565,0.14223885536193848,1609701705.3694022,1609701705.3778217,0.008419513702392578
e3fea338f0ff4720bc46283db11136fc,k-means,warm,exec,queue,0.008330821990966797,4.76837158203125e-07,2.384185791015625e-07,1609701705.332389,1609701705.588576,0.25618696212768555,1609701705.3639798,1609701705.3723176,0.008337736129760742
12732b9f8f574a22a6f8afa5f20dab4d,k-means,warm,exec,queue,0.003351449966430664,2.384185791015625e-07,0.0,1609701705.33403,1609701705.4386265,0.10459661483764648,1609701705.358594,1609701705.3669214,0.008327484130859375
5e0669060e1148f2802ad8839ab27a74,video,warm,exec,queue,0.024361610412597656,2.384185791015625e-07,2.384185791015625e-07,1609701705.335573,1609701705.565218,0.2296450138092041,1609701705.3834455,1609701705.4008305,0.017385005950927734
ec8e193897194276b3cc1e9e4df903f8,matmul,warm,exec,queue,0.028278112411499023,2.384185791015625e-07,0.0,1609701705.3371534,1609701705.4745145,0.1373610496520996,1609701705.384408,1609701705.395366,0.010957956314086914
c0565129f79d4a47970e4ac33ac29102,map_reduce,warm,exec,queue,0.03079080581665039,7.152557373046875e-07,2.384185791015625e-07,1609701705.3388126,1609701705.61358,0.2747673988342285,1609701705.387195,1609701705.4720993,0.08490419387817383
5087ba38c6be4dcdbd5464add682b273,k-means,warm,exec,queue,0.00753331184387207,4.76837158203125e-07,0.0,1609701706.3208816,1609701706.455745,0.13486337661743164,1609701706.3652442,1609701706.3735492,0.008305072784423828
d2297bf811fe44358a6010e5b8185753,k-means,warm,exec,queue,0.06304812431335449,2.384185791015625e-07,0.0,1609701706.325086,1609701706.568204,0.2431178092956543,1609701706.4260583,1609701706.4318357,0.0057773590087890625
6d36e1e4b7cb42419864c57ff42ef0fc,k-means,warm,exec,queue,0.021649599075317383,4.76837158203125e-07,2.384185791015625e-07,1609701706.3276775,1609701706.5227218,0.19504427909851074,1609701706.3805354,1609701706.3851159,0.004580497741699219
81d7cc02df4a45749454e6ed0706cd71,k-means,warm,exec,queue,0.026520252227783203,4.76837158203125e-07,2.384185791015625e-07,1609701706.330288,1609701706.7307527,0.4004647731781006,1609701706.386302,1609701706.3911295,0.0048274993896484375
ac3000dd25484e0ba8f0a21538b0a9e1,k-means,warm,exec,queue,0.031066179275512695,4.76837158203125e-07,2.384185791015625e-07,1609701706.333196,1609701706.6448948,0.31169891357421875,1609701706.3923953,1609701706.3969483,0.004553079605102539
2d568a668a0343f8b69117f11bac335c,k-means,warm,exec,queue,0.03638458251953125,2.384185791015625e-07,0.0,1609701706.3357842,1609701706.7270741,0.39128994941711426,1609701706.3966758,1609701706.4010527,0.004376888275146484
4c93cd8e83754419b34e9d6077d65611,k-means,warm,exec,queue,0.04186105728149414,2.384185791015625e-07,0.0,1609701706.3376558,1609701706.5688164,0.23116064071655273,1609701706.4027653,1609701706.407137,0.00437164306640625
608e8dc0bf88472b82d8178818700132,k-means,warm,exec,queue,0.04745817184448242,2.384185791015625e-07,2.384185791015625e-07,1609701706.3392484,1609701706.4886856,0.14943718910217285,1609701706.4087102,1609701706.4129949,0.00428462028503418
9684e922a18d49df963b46131e88390b,k-means,warm,exec,queue,0.05216169357299805,7.152557373046875e-07,2.384185791015625e-07,1609701706.340859,1609701706.7301793,0.38932037353515625,1609701706.4142938,1609701706.4201422,0.005848407745361328
1f6e96b88db5413885bf30e97b0b76c6,k-means,warm,exec,queue,0.057611703872680664,4.76837158203125e-07,2.384185791015625e-07,1609701706.3425918,1609701706.5652316,0.222639799118042,1609701706.420021,1609701706.4258876,0.005866527557373047
75c6ea0d4509401c8636082350dce3d1,k-means,warm,exec,queue,0.011823177337646484,4.76837158203125e-07,2.384185791015625e-07,1609701706.3441987,1609701706.4904096,0.1462109088897705,1609701706.3708751,1609701706.3791542,0.008279085159301758
3706bce8b4704bed8a6b8a4a6c397e9b,k-means,warm,exec,queue,0.01664900779724121,2.384185791015625e-07,2.384185791015625e-07,1609701706.3458087,1609701706.6443164,0.2985076904296875,1609701706.375956,1609701706.3857408,0.009784698486328125
97ac43e345e84ad9882719137ab691aa,k-means,warm,exec,queue,0.010869741439819336,2.384185791015625e-07,2.384185791015625e-07,1609701707.325607,1609701707.468449,0.14284205436706543,1609701707.3775046,1609701707.385876,0.008371353149414062
c135317d02d948e4bd6c05094b45dcbc,k-means,warm,exec,queue,0.015375137329101562,7.152557373046875e-07,2.384185791015625e-07,1609701707.329757,1609701707.4702384,0.14048147201538086,1609701707.3829339,1609701707.391421,0.008487224578857422
53dc222426074e6991a81fe6b9ec55a3,k-means,warm,exec,queue,0.05838751792907715,2.384185791015625e-07,2.384185791015625e-07,1609701707.3323472,1609701707.6336355,0.301288366317749,1609701707.431554,1609701707.4380796,0.006525516510009766
f3c12e87cc46415bb2c0afc901b7dcc6,k-means,warm,exec,queue,0.054001569747924805,2.384185791015625e-07,2.384185791015625e-07,1609701707.3349366,1609701707.572899,0.2379624843597412,1609701707.426352,1609701707.4327605,0.0064084529876708984
91714a605efb424eaae1399e5df77e7e,k-means,warm,exec,queue,0.049588918685913086,2.384185791015625e-07,2.384185791015625e-07,1609701707.337854,1609701707.5300322,0.19217824935913086,1609701707.4225748,1609701707.429129,0.006554126739501953
0cd81aaa53e949c4b75977c7b4b82fe1,k-means,warm,exec,queue,0.04433608055114746,7.152557373046875e-07,2.384185791015625e-07,1609701707.340394,1609701707.573502,0.2331080436706543,1609701707.4170341,1609701707.4232185,0.00618433952331543
a2a1c94dd6e641e5a84a03d8468777df,k-means,warm,exec,queue,0.03996992111206055,4.76837158203125e-07,2.384185791015625e-07,1609701707.3419487,1609701707.631372,0.28942322731018066,1609701707.4101715,1609701707.4167776,0.006606101989746094
d32ee1cea41d469a9647d2fbca6cb400,k-means,warm,exec,queue,0.03540301322937012,2.384185791015625e-07,0.0,1609701707.3435078,1609701707.5697944,0.2262866497039795,1609701707.405182,1609701707.4105816,0.0053997039794921875
0fd0efdf0bdf43df9d0e4ca958fc8a3b,k-means,warm,exec,queue,0.03088521957397461,2.384185791015625e-07,2.384185791015625e-07,1609701707.3450954,1609701707.6626859,0.31759047508239746,1609701707.400374,1609701707.4076214,0.007247447967529297
637803c11a4d4f38b260c5acd23ad1e1,k-means,warm,exec,queue,0.0191037654876709,2.384185791015625e-07,0.0,1609701707.346785,1609701707.664635,0.31784987449645996,1609701707.3887303,1609701707.3983014,0.009571075439453125
8aaf51bf81084dd3ac9c887352e3d7c1,k-means,warm,exec,queue,0.0264132022857666,2.384185791015625e-07,2.384185791015625e-07,1609701707.3483596,1609701707.5265045,0.1781449317932129,1609701707.3955057,1609701707.4019136,0.006407976150512695
398e8797c4804ee78adf9e5b8cf81924,k-means,warm,exec,queue,0.06340909004211426,2.384185791015625e-07,4.76837158203125e-07,1609701707.3499248,1609701707.6268318,0.27690696716308594,1609701707.4383893,1609701707.4436047,0.00521540641784668
56b596ca94fd4e8288370082dbdb4c75,k-means,warm,exec,queue,0.06765985488891602,4.76837158203125e-07,2.384185791015625e-07,1609701707.3514826,1609701707.628614,0.2771313190460205,1609701707.443343,1609701707.4478314,0.004488468170166016
d153479774d84ad18fbd6e240b7ae32c,k-means,warm,exec,queue,0.07216405868530273,4.76837158203125e-07,2.384185791015625e-07,1609701707.353185,1609701707.6319613,0.2787764072418213,1609701707.4490652,1609701707.4540544,0.004989147186279297
2c1cbe6df71149269987001666675a08,video,warm,exec,queue,0.016505002975463867,2.384185791015625e-07,2.384185791015625e-07,1609701707.3547752,1609701707.5282853,0.17351007461547852,1609701707.3964286,1609701707.414034,0.017605304718017578
c0a6dc8df5214f799faa8642f564bf6e,k-means,warm,exec,queue,0.0020666122436523438,4.76837158203125e-07,2.384185791015625e-07,1609701708.324067,1609701708.5008783,0.17681121826171875,1609701708.371403,1609701708.3801317,0.008728742599487305
dcba8ad770e3408da09a66e749e5f14e,k-means,warm,exec,queue,0.04281783103942871,2.384185791015625e-07,2.384185791015625e-07,1609701708.3284602,1609701708.580546,0.25208568572998047,1609701708.412576,1609701708.4188817,0.006305694580078125
e3764084ce6a4bb48d91bbc9040954ca,k-means,warm,exec,queue,0.04769754409790039,2.384185791015625e-07,2.384185791015625e-07,1609701708.3310692,1609701708.5776238,0.24655461311340332,1609701708.4197464,1609701708.4265456,0.006799221038818359
881ad21f4e104442b2a3a989cf835186,k-means,warm,exec,queue,0.05236959457397461,0.0,2.384185791015625e-07,1609701708.333721,1609701708.5782511,0.24453020095825195,1609701708.424533,1609701708.4308681,0.006335258483886719
4682747b0363458b9e413f5c5ee19662,k-means,warm,exec,queue,0.019363880157470703,2.384185791015625e-07,2.384185791015625e-07,1609701708.336632,1609701708.6795638,0.34293174743652344,1609701708.3851695,1609701708.3940835,0.008913993835449219
a5df365f0b894dd6b8fe6f7226dc7f20,k-means,warm,exec,queue,0.024728059768676758,2.384185791015625e-07,0.0,1609701708.3382108,1609701708.5003352,0.1621243953704834,1609701708.390196,1609701708.3952808,0.0050847530364990234
4fa942f971b64ab89aa3568c11f77dc9,k-means,warm,exec,queue,0.030106306076049805,4.76837158203125e-07,2.384185791015625e-07,1609701708.339805,1609701708.4964924,0.15668749809265137,1609701708.396028,1609701708.4025922,0.006564140319824219
df7a2ad239914c91b1591097a73933a1,k-means,warm,exec,queue,0.035451650619506836,2.384185791015625e-07,2.384185791015625e-07,1609701708.3414054,1609701708.572519,0.23111367225646973,1609701708.4023764,1609701708.409482,0.007105588912963867
dd283911307c4c748994af2c4ce984fa,k-means,warm,exec,queue,0.04014277458190918,4.76837158203125e-07,2.384185791015625e-07,1609701708.3430028,1609701708.5770423,0.2340395450592041,1609701708.4085648,1609701708.4143863,0.0058214664459228516
66dd7c4273db4663b1c4b36bf9763f93,k-means,warm,exec,queue,0.014878034591674805,4.76837158203125e-07,0.0,1609701708.3447447,1609701708.501401,0.15665626525878906,1609701708.3799202,1609701708.3891394,0.009219169616699219
716ee5b9aae5449d88f1f4b970f194e2,k-means,warm,exec,queue,0.010441064834594727,4.76837158203125e-07,2.384185791015625e-07,1609701708.3463442,1609701708.6290555,0.2827112674713135,1609701708.3746152,1609701708.3835804,0.008965253829956055
9c5717d7e2ef4d6695f46ae9d6b4ab6a,k-means,warm,exec,queue,0.008222341537475586,2.384185791015625e-07,4.76837158203125e-07,1609701708.3478987,1609701708.5730994,0.22520065307617188,1609701708.37171,1609701708.380492,0.008781909942626953
3a5c324d9f6f42cfb8f231ec9397610d,k-means,warm,exec,queue,0.0012581348419189453,2.384185791015625e-07,2.384185791015625e-07,1609701709.3299115,1609701709.8652306,0.5353190898895264,1609701709.3875835,1609701709.396258,0.00867462158203125
9868078cd1d948c0adbef7eecaba2e76,k-means,warm,exec,queue,0.04555034637451172,2.384185791015625e-07,2.384185791015625e-07,1609701709.3346806,1609701709.9437857,0.609105110168457,1609701709.4295592,1609701709.4347563,0.005197048187255859
83087719e4ff4740bdb91af2dfac0739,k-means,warm,exec,queue,0.05001354217529297,2.384185791015625e-07,0.0,1609701709.337765,1609701709.9442983,0.6065332889556885,1609701709.4347346,1609701709.4404764,0.00574183464050293
49a26f2d34f641f7bac4f37321d206b0,k-means,warm,exec,queue,0.054506778717041016,2.384185791015625e-07,4.76837158203125e-07,1609701709.340554,1609701710.0934155,0.752861499786377,1609701709.4393997,1609701709.445796,0.006396293640136719
ce10349dc92a47d7b38b461559f777eb,k-means,warm,exec,queue,0.059905052185058594,2.384185791015625e-07,0.0,1609701709.342364,1609701710.123149,0.7807848453521729,1609701709.4459646,1609701709.4514873,0.005522727966308594
0e79b5d064b1422b92eb5513be662479,k-means,warm,exec,queue,0.06445431709289551,2.384185791015625e-07,2.384185791015625e-07,1609701709.3439503,1609701709.9405057,0.5965554714202881,1609701709.4511056,1609701709.4565399,0.005434274673461914
d9fd1f598f92481fa357bbcde02c9a47,k-means,warm,exec,queue,0.06914997100830078,2.384185791015625e-07,0.0,1609701709.3455436,1609701710.0643175,0.7187738418579102,1609701709.4560175,1609701709.462702,0.006684541702270508
c421892f595b432191dd79b15741ee5c,k-means,warm,exec,queue,0.005536556243896484,2.384185791015625e-07,2.384185791015625e-07,1609701709.3471136,1609701709.9054039,0.5582902431488037,1609701709.3884993,1609701709.3969803,0.008481025695800781
341a3d633473402caa8080395041e87c,k-means,warm,exec,queue,0.010684728622436523,2.384185791015625e-07,2.384185791015625e-07,1609701709.348707,1609701709.87209,0.5233831405639648,1609701709.3886654,1609701709.3975503,0.008884906768798828
6e35206d5c36416fad05c4e434d28b72,k-means,warm,exec,queue,0.015169858932495117,2.384185791015625e-07,2.384185791015625e-07,1609701709.3504126,1609701709.86815,0.5177373886108398,1609701709.3919868,1609701709.4003985,0.008411645889282227
78536e3308b64db68d22c01fffee46b2,k-means,warm,exec,queue,0.01970386505126953,7.152557373046875e-07,4.76837158203125e-07,1609701709.3519824,1609701709.8687773,0.5167949199676514,1609701709.3995051,1609701709.4077902,0.008285045623779297
2866475809b143f097c9242c14f99bbe,k-means,warm,exec,queue,0.028995275497436523,4.76837158203125e-07,2.384185791015625e-07,1609701709.3535693,1609701710.0906596,0.7370903491973877,1609701709.4121146,1609701709.4183617,0.006247043609619141
fe47c2e9fe9949f9994267f3c956b3ae,k-means,warm,exec,queue,0.033885955810546875,2.384185791015625e-07,0.0,1609701709.3551164,1609701710.093954,0.738837718963623,1609701709.4140935,1609701709.4210634,0.006969928741455078
be45e3d7bc0f46fab0059db6d496b2ca,k-means,warm,exec,queue,0.039040327072143555,2.384185791015625e-07,0.0,1609701709.3567812,1609701709.9897888,0.6330075263977051,1609701709.4177299,1609701709.4236953,0.005965471267700195
f1309b9ad6f44ff79f424bef5b305b09,k-means,warm,exec,queue,0.043924808502197266,2.384185791015625e-07,0.0,1609701709.358331,1609701709.9447367,0.5864057540893555,1609701709.4248252,1609701709.432236,0.007410764694213867
a890633e30ed457f80bc878ff9eaa87f,video,warm,exec,queue,0.022889137268066406,2.384185791015625e-07,2.384185791015625e-07,1609701709.3598816,1609701709.87148,0.5115983486175537,1609701709.4128246,1609701709.4295034,0.016678810119628906
6c4c525bead3424ea5df5bc7ed96153e,k-means,warm,exec,queue,7.724761962890625e-05,4.76837158203125e-07,4.76837158203125e-07,1609701710.3284514,1609701710.4491777,0.12072634696960449,1609701710.3816242,1609701710.3905072,0.008882999420166016
77bc6f727cd0471e95f835451b867073,k-means,warm,exec,queue,0.009478569030761719,2.384185791015625e-07,0.0,1609701710.332637,1609701710.4858084,0.15317130088806152,1609701710.38246,1609701710.390985,0.008524894714355469
3a83956b76d64159902ff5e788b6c9a8,k-means,warm,exec,queue,0.014237165451049805,4.76837158203125e-07,2.384185791015625e-07,1609701710.3352056,1609701710.5582392,0.22303366661071777,1609701710.3875096,1609701710.396205,0.008695363998413086
0782a07af0324f6e880ac81e602b3b8a,k-means,warm,exec,queue,0.018707275390625,2.384185791015625e-07,0.0,1609701710.337788,1609701710.4833589,0.1455707550048828,1609701710.3930311,1609701710.4016306,0.008599519729614258
9f16c60fe27a4ce1b9c3cea660d1b436,k-means,warm,exec,queue,0.025369882583618164,4.76837158203125e-07,2.384185791015625e-07,1609701710.3405542,1609701710.5962675,0.25571322441101074,1609701710.4015229,1609701710.4070494,0.005526542663574219
af286571e1d44d9189ff3fdcbaa0ca86,k-means,warm,exec,queue,0.029752254486083984,2.384185791015625e-07,2.384185791015625e-07,1609701710.3421142,1609701710.595671,0.2535567283630371,1609701710.4040737,1609701710.409133,0.005059242248535156
2f5d1a2b0bbb43e586c146431764a442,k-means,warm,exec,queue,0.03454875946044922,2.384185791015625e-07,0.0,1609701710.3436775,1609701710.542492,0.19881439208984375,1609701710.4095142,1609701710.414353,0.004838705062866211
798b7c6faf3f4add91f69f36740cbbc5,k-means,warm,exec,queue,0.03940272331237793,2.384185791015625e-07,0.0,1609701710.3452506,1609701710.6186316,0.27338099479675293,1609701710.4153259,1609701710.4199555,0.004629611968994141
483c1fafce634cc782197fc477c682ba,k-means,warm,exec,queue,0.044489145278930664,2.384185791015625e-07,0.0,1609701710.3468208,1609701710.7182326,0.3714118003845215,1609701710.420772,1609701710.4252014,0.004429340362548828
69f587de4a2a4ad1a26f568e438ab4d4,k-means,warm,exec,queue,0.048786163330078125,2.384185791015625e-07,2.384185791015625e-07,1609701710.3485377,1609701710.6846585,0.3361208438873291,1609701710.425825,1609701710.4302225,0.004397392272949219
48935ad9598b4f4ba898385be35a008a,k-means,warm,exec,queue,0.05308341979980469,2.384185791015625e-07,2.384185791015625e-07,1609701710.3501005,1609701710.767372,0.41727137565612793,1609701710.4307387,1609701710.4367216,0.005982875823974609
48ca92544b9b4f3cad79770f56b1768f,k-means,warm,exec,queue,0.057682037353515625,4.76837158203125e-07,2.384185791015625e-07,1609701710.3516521,1609701710.5924783,0.24082612991333008,1609701710.4361858,1609701710.4403784,0.0041925907135009766
825ddb47e92644ed9c52dc29c7de1d26,k-means,warm,exec,queue,0.06309175491333008,2.384185791015625e-07,0.0,1609701710.353203,1609701710.721206,0.36800289154052734,1609701710.44244,1609701710.4467177,0.004277706146240234
7482d2349e344f0daa9f11e1fa00f2ce,k-means,warm,exec,queue,0.06812024116516113,7.152557373046875e-07,2.384185791015625e-07,1609701710.3548555,1609701710.6592815,0.3044259548187256,1609701710.4481483,1609701710.4533648,0.0052165985107421875
b5d7583f737d41e294780239a6c71c0c,matmul,warm,exec,queue,0.01594829559326172,2.384185791015625e-07,0.0,1609701710.3564136,1609701710.721781,0.36536741256713867,1609701710.4025555,1609701710.4139314,0.011375904083251953
cb13068881964d16a9dedda9ffd20d39,k-means,warm,exec,queue,8.058547973632812e-05,2.384185791015625e-07,2.384185791015625e-07,1609701711.3237562,1609701711.4450436,0.12128734588623047,1609701711.3634365,1609701711.3718948,0.008458375930786133
e37fec901d5444e7819191c4667ac243,video,warm,exec,queue,0.021871566772460938,2.384185791015625e-07,0.0,1609701711.3281035,1609701711.8671808,0.5390772819519043,1609701711.3831217,1609701711.40031,0.017188310623168945
dd65339b5ac84016b9277d9f8f9fdf65,k-means,warm,exec,queue,0.004884958267211914,2.384185791015625e-07,2.384185791015625e-07,1609701711.3308318,1609701711.606781,0.27594923973083496,1609701711.3637962,1609701711.372622,0.00882577896118164
2c17c6223af54501a85adf643a1bd36d,k-means,warm,exec,queue,0.01013493537902832,4.76837158203125e-07,2.384185791015625e-07,1609701711.3331752,1609701711.4466014,0.11342620849609375,1609701711.3685603,1609701711.3770947,0.008534431457519531
a48204f7149241c48327f6d89b15be41,k-means,warm,exec,queue,0.014548063278198242,4.76837158203125e-07,2.384185791015625e-07,1609701711.334774,1609701711.7331815,0.3984074592590332,1609701711.3740857,1609701711.3822508,0.008165121078491211
bc5655c186e04b69b2f2ed1f65b097b5,k-means,warm,exec,queue,0.021141767501831055,4.76837158203125e-07,2.384185791015625e-07,1609701711.3366046,1609701711.5209026,0.18429803848266602,1609701711.383116,1609701711.3898344,0.00671839714050293
f88818011ed340e2ab278157cc991a71,k-means,warm,exec,queue,0.026230335235595703,2.384185791015625e-07,0.0,1609701711.3382037,1609701711.73054,0.392336368560791,1609701711.3859665,1609701711.3929842,0.007017612457275391
b2a1aa6ca0a34a0693ac11b03142a0ec,k-means,warm,exec,queue,0.03092193603515625,2.384185791015625e-07,2.384185791015625e-07,1609701711.339809,1609701711.523002,0.18319296836853027,1609701711.391377,1609701711.3978431,0.0064661502838134766
cb1c43d36cf5492fbcc9c03fa2f03f79,k-means,warm,exec,queue,0.0355679988861084,2.384185791015625e-07,2.384185791015625e-07,1609701711.3414645,1609701711.8644226,0.5229580402374268,1609701711.39744,1609701711.4033277,0.005887746810913086
e988ab7676a9413db76f9e6c370d6397,k-means,warm,exec,queue,0.0402989387512207,2.384185791015625e-07,2.384185791015625e-07,1609701711.3431892,1609701711.609688,0.2664988040924072,1609701711.4025223,1609701711.4078326,0.0053102970123291016
b4ba259737544b11a709c85ef19cd2e7,k-means,warm,exec,queue,0.002919912338256836,7.152557373046875e-07,0.0,1609701712.3322318,1609701712.6764622,0.34423041343688965,1609701712.4347944,1609701712.4435189,0.008724451065063477
b2a7f577d7ab48399a6ba4c8fc7015fb,k-means,warm,exec,queue,0.03270077705383301,2.384185791015625e-07,2.384185791015625e-07,1609701712.3363452,1609701712.9772284,0.640883207321167,1609701712.462071,1609701712.4663618,0.00429081916809082
e6f43e3146564a0ead1c5fc0ebe87989,k-means,warm,exec,queue,0.03766798973083496,2.384185791015625e-07,0.0,1609701712.338637,1609701712.8021488,0.46351170539855957,1609701712.4664266,1609701712.4733717,0.006945133209228516
67c6dce5827c4b9aa78f74a4620a4bf4,k-means,warm,exec,queue,0.042856454849243164,2.384185791015625e-07,0.0,1609701712.3409083,1609701712.7400906,0.3991823196411133,1609701712.4731195,1609701712.4793997,0.006280183792114258
d284d710e06e42789a9d6f39ead65374,k-means,warm,exec,queue,0.0476374626159668,4.76837158203125e-07,2.384185791015625e-07,1609701712.3434386,1609701713.0527482,0.7093095779418945,1609701712.478435,1609701712.4835243,0.005089282989501953
2d303599b4f34490bb42efda587e0706,k-means,warm,exec,queue,0.05257582664489746,2.384185791015625e-07,2.384185791015625e-07,1609701712.3456204,1609701713.0511186,0.705498218536377,1609701712.4825442,1609701712.489932,0.007387876510620117
25262aa662f1408abfef13e4a2999723,k-means,warm,exec,queue,0.057276010513305664,2.384185791015625e-07,2.384185791015625e-07,1609701712.3476493,1609701713.0221574,0.6745080947875977,1609701712.493539,1609701712.500381,0.006841897964477539
4d825efd0c2d47a8ad99f86d31434c94,k-means,warm,exec,queue,0.028245925903320312,2.384185791015625e-07,0.0,1609701712.3496833,1609701712.674919,0.32523560523986816,1609701712.4570205,1609701712.4652932,0.008272647857666016
eab72ca2ff814a5eb4867f337af24359,k-means,warm,exec,queue,0.022391557693481445,4.76837158203125e-07,2.384185791015625e-07,1609701712.3517008,1609701713.0195146,0.667813777923584,1609701712.4556742,1609701712.464072,0.008397817611694336
cad3fe05426a44b6ba0db04d5890d49e,k-means,warm,exec,queue,0.018110990524291992,4.76837158203125e-07,7.152557373046875e-07,1609701712.354147,1609701712.6732492,0.31910228729248047,1609701712.4460871,1609701712.4552808,0.009193658828735352
45a0a96c206a4e99bd4caee08f86ed8a,k-means,warm,exec,queue,0.01110696792602539,2.384185791015625e-07,2.384185791015625e-07,1609701712.3561816,1609701712.7240493,0.36786770820617676,1609701712.4350712,1609701712.4434235,0.008352279663085938
eb682c19ad5e45e8afe032f33af48b57,k-means,warm,exec,queue,0.016124725341796875,2.384185791015625e-07,2.384185791015625e-07,1609701712.3581884,1609701712.8014464,0.44325804710388184,1609701712.4398952,1609701712.4470856,0.0071904659271240234
85c982eda69543f997f7580e578880aa,k-means,warm,exec,queue,0.06176590919494629,4.76837158203125e-07,2.384185791015625e-07,1609701712.360204,1609701712.9100192,0.5498151779174805,1609701712.4948359,1609701712.4991236,0.0042877197265625
dfb158f7fec041eb8964cd9fce7e9280,k-means,warm,exec,queue,0.06684517860412598,0.0,2.384185791015625e-07,1609701712.4028237,1609701712.725895,0.3230712413787842,1609701712.4981248,1609701712.5045373,0.006412506103515625
addc5d7650604c97abc5fbefc5e4ebab,k-means,warm,exec,queue,0.07200741767883301,2.384185791015625e-07,2.384185791015625e-07,1609701712.4053955,1609701712.8041916,0.39879608154296875,1609701712.506457,1609701712.5134294,0.006972312927246094
3c290ad0c2df4d40b9d7cda92ef4bfa7,k-means,warm,exec,queue,0.07685160636901855,4.76837158203125e-07,2.384185791015625e-07,1609701712.4079404,1609701712.8343291,0.4263887405395508,1609701712.5113602,1609701712.5187576,0.00739741325378418
32ebdde6be34488d9543b29e004fda1c,k-means,warm,exec,queue,0.002451658248901367,4.76837158203125e-07,2.384185791015625e-07,1609701713.3260427,1609701713.5370727,0.2110300064086914,1609701713.3749924,1609701713.384868,0.00987553596496582
d9aa00a04b7d4c629ea6ea8f0236d320,k-means,warm,exec,queue,0.039023637771606445,2.384185791015625e-07,2.384185791015625e-07,1609701713.3302526,1609701713.708499,0.3782463073730469,1609701713.4087374,1609701713.415676,0.0069386959075927734
1882e76e8c1340c486f30cc884bce754,k-means,warm,exec,queue,0.04434084892272949,2.384185791015625e-07,2.384185791015625e-07,1609701713.3328102,1609701713.631339,0.29852890968322754,1609701713.4139254,1609701713.4209456,0.007020235061645508
d8a10a9b30304d9b9a9e901abc63d582,k-means,warm,exec,queue,0.04876518249511719,2.384185791015625e-07,2.384185791015625e-07,1609701713.3353143,1609701713.6285129,0.2931985855102539,1609701713.4190845,1609701713.426112,0.007027387619018555
1d9f45bd8c894916a67038fb1859452a,k-means,warm,exec,queue,0.05338859558105469,2.384185791015625e-07,2.384185791015625e-07,1609701713.3381546,1609701713.633271,0.2951164245605469,1609701713.4253957,1609701713.431541,0.0061452388763427734
5d52b7074dd943b3ab24f803c1ec016d,k-means,warm,exec,queue,0.057814598083496094,4.76837158203125e-07,2.384185791015625e-07,1609701713.3406646,1609701713.753714,0.41304945945739746,1609701713.4291968,1609701713.4348714,0.005674600601196289
4409bc93ad934741b75d83f0d1ef1841,k-means,warm,exec,queue,0.03380107879638672,2.384185791015625e-07,2.384185791015625e-07,1609701713.3421469,1609701713.7060184,0.36387157440185547,1609701713.4017532,1609701713.4068935,0.0051403045654296875
56d9c49181f0405087011ebf72c92ab1,k-means,warm,exec,queue,0.028759002685546875,2.384185791015625e-07,0.0,1609701713.343625,1609701713.7066164,0.3629913330078125,1609701713.398731,1609701713.405539,0.006808042526245117
93be61d8d6bf48b5adf019e04dc9e581,k-means,warm,exec,queue,0.022824764251708984,4.76837158203125e-07,2.384185791015625e-07,1609701713.34511,1609701713.5870547,0.2419447898864746,1609701713.3981915,1609701713.405454,0.007262468338012695
5a7933c44f0b4751bf5027c1f2573bdb,k-means,warm,exec,queue,0.01815319061279297,2.384185791015625e-07,2.384185791015625e-07,1609701713.346688,1609701713.539792,0.19310402870178223,1609701713.3855498,1609701713.3928275,0.007277727127075195
8556d7c04ad54d739bdb56b9ce7b720e,k-means,warm,exec,queue,0.010104656219482422,2.384185791015625e-07,0.0,1609701713.3481562,1609701713.5404055,0.19224929809570312,1609701713.374846,1609701713.38488,0.01003408432006836
7f51006345954379a24efa5bcd433f8d,k-means,warm,exec,queue,0.015162229537963867,2.384185791015625e-07,0.0,1609701713.3496544,1609701713.5419846,0.19233012199401855,1609701713.379143,1609701713.386814,0.0076711177825927734
961220e2d93f43d397c8cb35510cb776,video,warm,exec,queue,0.021457910537719727,2.384185791015625e-07,2.384185791015625e-07,1609701713.3511295,1609701713.631927,0.28079748153686523,1609701713.399189,1609701713.4156823,0.01649332046508789
76267b697d0a427186cf61f1250ffa1f,k-means,warm,exec,queue,0.005506992340087891,4.76837158203125e-07,4.76837158203125e-07,1609701714.322938,1609701714.6814582,0.3585202693939209,1609701714.3592489,1609701714.3676114,0.008362531661987305
e2229f21ef1e4ae78e33a5c317695fa0,k-means,warm,exec,queue,0.04226231575012207,2.384185791015625e-07,0.0,1609701714.327031,1609701714.9418688,0.6148378849029541,1609701714.4008195,1609701714.405271,0.0044515132904052734
1617b41252bd46cb8a26517e215bc669,k-means,warm,exec,queue,0.009696245193481445,4.76837158203125e-07,2.384185791015625e-07,1609701714.3295944,1609701714.8829877,0.5533933639526367,1609701714.3632367,1609701714.3712773,0.008040666580200195
f544821eee4f47efbcbbc761939e4692,k-means,warm,exec,queue,0.014919757843017578,2.384185791015625e-07,2.384185791015625e-07,1609701714.332093,1609701714.7727487,0.4406557083129883,1609701714.368681,1609701714.3765118,0.00783085823059082
d67251d41e604c8f95ab39e11bb2527f,k-means,warm,exec,queue,0.019408226013183594,2.384185791015625e-07,2.384185791015625e-07,1609701714.334616,1609701714.642381,0.30776500701904297,1609701714.3749237,1609701714.3831148,0.008191108703613281
3bb87115ce2c4283a6618250d4b16a00,k-means,warm,exec,queue,0.02446293830871582,2.384185791015625e-07,2.384185791015625e-07,1609701714.3372076,1609701714.6390111,0.3018035888671875,1609701714.378367,1609701714.383233,0.004866123199462891
10116a1639a34250b8e2a98397984041,k-means,warm,exec,queue,0.029669761657714844,2.384185791015625e-07,0.0,1609701714.3386643,1609701714.6418037,0.30313944816589355,1609701714.3847148,1609701714.3897557,0.005040884017944336
87dde7dbb6da4f71844cfd359993c39f,k-means,warm,exec,queue,0.03504323959350586,2.384185791015625e-07,2.384185791015625e-07,1609701714.3401175,1609701714.733255,0.39313745498657227,1609701714.3902702,1609701714.395177,0.004906654357910156
4f37930ecb7045e4b9bddb17b0a5b56f,k-means,warm,exec,queue,0.03988790512084961,4.76837158203125e-07,0.0,1609701714.3415866,1609701714.7743726,0.4327859878540039,1609701714.3955536,1609701714.4001293,0.0045757293701171875
4faffca7f56e46719586b1214377433c,k-means,warm,exec,queue,0.0018932819366455078,4.76837158203125e-07,0.0,1609701715.3294098,1609701715.4766228,0.14721298217773438,1609701715.3789294,1609701715.3877025,0.008773088455200195
c79eb3044dca4e7ba9b82b949b9d2c36,video,warm,exec,queue,0.017377138137817383,2.384185791015625e-07,2.384185791015625e-07,1609701715.333669,1609701715.8592212,0.5255522727966309,1609701715.4066052,1609701715.4239068,0.017301559448242188
8738ec4fb4a544abb3477d2a8a33dee4,k-means,warm,exec,queue,0.03681445121765137,7.152557373046875e-07,2.384185791015625e-07,1609701715.336288,1609701715.529613,0.19332504272460938,1609701715.4206123,1609701715.4283476,0.007735252380371094
120a3dd7306746a8af8e1218acef26b9,k-means,warm,exec,queue,0.041501760482788086,2.384185791015625e-07,2.384185791015625e-07,1609701715.3388443,1609701715.5290182,0.19017386436462402,1609701715.424818,1609701715.4316607,0.006842613220214844
fc9b360cfc74494e83ac415afd46b1d0,k-means,warm,exec,queue,0.018366575241088867,7.152557373046875e-07,2.384185791015625e-07,1609701715.3417184,1609701715.857324,0.5156054496765137,1609701715.3916612,1609701715.4002967,0.008635520935058594
b9b94f4f9d324f74a7c90e787a2f99a0,k-means,warm,exec,queue,0.023849964141845703,2.384185791015625e-07,0.0,1609701715.344308,1609701715.5961962,0.2518882751464844,1609701715.4050791,1609701715.4107738,0.00569462776184082
b995afb8f0da497cac975e488476de8a,k-means,warm,exec,queue,0.029937744140625,2.384185791015625e-07,2.384185791015625e-07,1609701715.3459024,1609701715.729833,0.3839304447174072,1609701715.4088726,1609701715.4167156,0.007843017578125
209151b24230488eba3a5b709e08938f,k-means,warm,exec,queue,0.03525042533874512,2.384185791015625e-07,0.0,1609701715.3474514,1609701715.5262525,0.1788010597229004,1609701715.410375,1609701715.4155977,0.0052225589752197266
44cdd6da69c6437590ea3af88621c035,k-means,warm,exec,queue,0.013951539993286133,2.384185791015625e-07,0.0,1609701715.3490114,1609701715.6004593,0.2514479160308838,1609701715.3862963,1609701715.3944392,0.008142948150634766
a16ecf706a124ec0b6801cd4e5734aa7,k-means,warm,exec,queue,0.009337425231933594,4.76837158203125e-07,2.384185791015625e-07,1609701715.3506951,1609701715.47842,0.12772488594055176,1609701715.3814678,1609701715.390458,0.008990287780761719
d191247e9a7a4c019840d7ba08795346,k-means,warm,exec,queue,0.004973888397216797,4.76837158203125e-07,2.384185791015625e-07,1609701715.3522475,1609701715.5998445,0.24759697914123535,1609701715.3797133,1609701715.3883026,0.00858926773071289
1d72ddb703d148559eacccbd867531b1,matmul,warm,exec,queue,0.032853126525878906,2.384185791015625e-07,0.0,1609701715.3537972,1609701715.5968242,0.2430269718170166,1609701715.4091341,1609701715.4192514,0.010117292404174805
46c5ea444dca42658f61b78df1f53939,map_reduce,warm,exec,queue,0.022369384765625,2.384185791015625e-07,2.384185791015625e-07,1609701715.3553631,1609701715.7995105,0.44414734840393066,1609701715.409521,1609701715.495109,0.08558797836303711
1c480ad7b3ac475a9e41a8f2948ed980,k-means,warm,exec,queue,0.006922721862792969,4.76837158203125e-07,2.384185791015625e-07,1609701716.3322282,1609701716.4649067,0.13267850875854492,1609701716.3864746,1609701716.3951192,0.008644580841064453
3fce2fb33c0f4dd19669facb0c841853,k-means,warm,exec,queue,0.04777026176452637,4.76837158203125e-07,2.384185791015625e-07,1609701716.3363209,1609701716.7379491,0.4016282558441162,1609701716.428879,1609701716.4353466,0.006467580795288086
71e93eea73f4476eb8ebced6922a1dda,k-means,warm,exec,queue,0.052215576171875,2.384185791015625e-07,0.0,1609701716.3388917,1609701716.592468,0.25357627868652344,1609701716.4349415,1609701716.4420521,0.007110595703125
0576321131494f7dac5a51541d30c867,k-means,warm,exec,queue,0.05689048767089844,4.76837158203125e-07,2.384185791015625e-07,1609701716.3414583,1609701716.5930755,0.2516171932220459,1609701716.4401615,1609701716.4455807,0.005419254302978516
6d4adfee063445e5a75dc53a82d9195b,k-means,warm,exec,queue,0.021955490112304688,2.384185791015625e-07,2.384185791015625e-07,1609701716.344323,1609701716.5154982,0.17117524147033691,1609701716.3973286,1609701716.405871,0.008542299270629883
5590cd85c5e64532946241ef718e46fe,k-means,warm,exec,queue,0.027554988861083984,4.76837158203125e-07,2.384185791015625e-07,1609701716.3459027,1609701716.517251,0.17134833335876465,1609701716.403682,1609701716.4102654,0.006583452224731445
f9eb8091ef53461b8bd6049304a18635,k-means,warm,exec,queue,0.032289743423461914,2.384185791015625e-07,0.0,1609701716.3474405,1609701716.5883815,0.24094104766845703,1609701716.4078279,1609701716.414373,0.006545066833496094
d97f103505bc418198ebc1cd292626d7,k-means,warm,exec,queue,0.03665590286254883,2.384185791015625e-07,0.0,1609701716.3490043,1609701716.7346535,0.3856492042541504,1609701716.4128003,1609701716.4192693,0.006469011306762695
975235008fbe4b5e95f7b6653b7f042a,k-means,warm,exec,queue,0.04145312309265137,2.384185791015625e-07,0.0,1609701716.3505502,1609701716.7385361,0.3879859447479248,1609701716.4193997,1609701716.4264557,0.007055997848510742
1fe38bd261f64cd3be400c5cb916f244,k-means,warm,exec,queue,0.0459287166595459,2.384185791015625e-07,0.0,1609701716.3524296,1609701716.512016,0.15958642959594727,1609701716.424519,1609701716.4292922,0.004773139953613281
f68797a45d1a44cb8d9265ede0df09ae,k-means,warm,exec,queue,0.01751232147216797,2.384185791015625e-07,2.384185791015625e-07,1609701716.3539724,1609701716.461192,0.10721945762634277,1609701716.3920279,1609701716.4007688,0.008740901947021484
5183f6f088cb48aa9d8e35a69439fe48,k-means,warm,exec,queue,0.012415885925292969,4.76837158203125e-07,0.0,1609701716.3555238,1609701716.4642982,0.10877442359924316,1609701716.3869658,1609701716.3956192,0.008653402328491211
009209fe556d4260a44729c9672105ea,k-means,warm,exec,queue,0.06119656562805176,4.76837158203125e-07,2.384185791015625e-07,1609701716.3570828,1609701716.513793,0.15671014785766602,1609701716.444451,1609701716.4506652,0.006214141845703125
e09cd6dfd12243378f2fba69e854d8f6,k-means,warm,exec,queue,0.06650805473327637,2.384185791015625e-07,0.0,1609701716.3587465,1609701716.595281,0.23653435707092285,1609701716.4512775,1609701716.4578476,0.006570100784301758
48a3012b1b854a4a8290e137ae7953b6,k-means,warm,exec,queue,0.0711216926574707,2.384185791015625e-07,2.384185791015625e-07,1609701716.3602903,1609701716.593633,0.23334264755249023,1609701716.4565547,1609701716.4611611,0.004606485366821289
e32c5ca589ba466d82fb19c85cf4d2a5,k-means,warm,exec,queue,0.0041387081146240234,2.384185791015625e-07,2.384185791015625e-07,1609701717.3199606,1609701717.4461288,0.12616825103759766,1609701717.3479033,1609701717.3567698,0.008866548538208008
a1e9f88b9dd94118914d8466434b7797,video,warm,exec,queue,0.02191901206970215,2.384185791015625e-07,0.0,1609701717.3238418,1609701717.5187943,0.19495248794555664,1609701717.3692002,1609701717.3862216,0.01702141761779785
06c01c615fb043a6abe878d8aa60d9d4,k-means,warm,exec,queue,0.007701873779296875,4.76837158203125e-07,2.384185791015625e-07,1609701717.3264499,1609701717.4442804,0.11783051490783691,1609701717.3533342,1609701717.3639498,0.01061558723449707
1c5255dc1d354125a5c15fe412ae1991,k-means,warm,exec,queue,0.012152910232543945,4.76837158203125e-07,4.76837158203125e-07,1609701717.3290818,1609701717.477956,0.14887428283691406,1609701717.3581939,1609701717.3680642,0.009870290756225586
e7ee28650a744d9f87d990b1a6970b37,k-means,warm,exec,queue,0.016665935516357422,2.384185791015625e-07,2.384185791015625e-07,1609701717.3316598,1609701717.47631,0.14465022087097168,1609701717.3675885,1609701717.3763907,0.008802175521850586
cd2d2743321d4ea58aa7536aaa205aba,k-means,warm,exec,queue,0.02102947235107422,4.76837158203125e-07,2.384185791015625e-07,1609701717.3336697,1609701717.5938509,0.260181188583374,1609701717.3676915,1609701717.3747227,0.00703120231628418
d423704bd78c4fadb8f96dce4a1090c9,k-means,warm,exec,queue,0.003264904022216797,4.76837158203125e-07,2.384185791015625e-07,1609701718.3419356,1609701718.5312994,0.18936371803283691,1609701718.4073617,1609701718.416048,0.008686304092407227
b5619cd66c34412e902f0e778b98fb39,k-means,warm,exec,queue,0.027178525924682617,2.384185791015625e-07,0.0,1609701718.346419,1609701718.739376,0.3929569721221924,1609701718.4249094,1609701718.431004,0.006094694137573242
dda9052f7c394d13b024eb7550c289e2,k-means,warm,exec,queue,0.03176403045654297,4.76837158203125e-07,2.384185791015625e-07,1609701718.3490183,1609701718.6511152,0.3020968437194824,1609701718.4297361,1609701718.436837,0.007100820541381836
74c4bdec36e7415288387b44a86a5070,k-means,warm,exec,queue,0.03701424598693848,2.384185791015625e-07,0.0,1609701718.3516028,1609701718.651694,0.3000912666320801,1609701718.4342632,1609701718.4407103,0.0064470767974853516
4881cb88bf364d1d8bdd67d46c209f3d,k-means,warm,exec,queue,0.041665077209472656,2.384185791015625e-07,0.0,1609701718.3545003,1609701718.8723164,0.5178160667419434,1609701718.4394176,1609701718.4445477,0.00513005256652832
8af9a676d7f84f9b80513283274c712e,k-means,warm,exec,queue,0.06102609634399414,4.76837158203125e-07,0.0,1609701718.3568404,1609701718.587911,0.23107051849365234,1609701718.4622922,1609701718.466768,0.004475831985473633
f82dcc19b4e84b7b9b5a7ab482c5a5db,k-means,warm,exec,queue,0.04654979705810547,4.76837158203125e-07,2.384185791015625e-07,1609701718.3583927,1609701718.6877768,0.32938408851623535,1609701718.4462416,1609701718.452651,0.006409406661987305
698a21c742ab4e38a9d450b3faab85b0,k-means,warm,exec,queue,0.051625967025756836,4.76837158203125e-07,2.384185791015625e-07,1609701718.3599427,1609701718.6505263,0.29058361053466797,1609701718.4509115,1609701718.4558394,0.004927873611450195
2e133353bbac4d19b8693a3776eb184d,k-means,warm,exec,queue,0.057000160217285156,4.76837158203125e-07,0.0,1609701718.361628,1609701718.9916587,0.630030632019043,1609701718.4583795,1609701718.4654162,0.007036685943603516
05c4f8a3b3a649c483118cb09b7f126d,k-means,warm,exec,queue,0.021463632583618164,2.384185791015625e-07,2.384185791015625e-07,1609701718.3631866,1609701718.5318785,0.16869187355041504,1609701718.4185348,1609701718.427945,0.00941014289855957
d2181b800cde431289fa9e51bfaba2f9,k-means,warm,exec,queue,0.01442408561706543,2.384185791015625e-07,2.384185791015625e-07,1609701718.3647523,1609701718.5283778,0.16362547874450684,1609701718.4074788,1609701718.416031,0.008552074432373047
71c39f36229a4c84b40dcd51821eddd9,k-means,warm,exec,queue,0.019306659698486328,4.76837158203125e-07,2.384185791015625e-07,1609701718.3663023,1609701718.6463728,0.28007054328918457,1609701718.4128003,1609701718.4227684,0.009968042373657227
a789bef8ec1f488c99a85a0db7e72dec,k-means,warm,exec,queue,0.0658271312713623,4.76837158203125e-07,0.0,1609701718.3679488,1609701718.9922986,0.62434983253479,1609701718.4673615,1609701718.473239,0.005877494812011719
d7c5dc2ebffa4a0ca54cdfcf4693f107,k-means,warm,exec,queue,0.07027482986450195,2.384185791015625e-07,2.384185791015625e-07,1609701718.3695047,1609701718.7121985,0.3426938056945801,1609701718.4728165,1609701718.478845,0.006028413772583008
1633ae39baba4dc7afcae6d9ca8edd24,k-means,warm,exec,queue,0.07493329048156738,2.384185791015625e-07,2.384185791015625e-07,1609701718.3710532,1609701718.6533892,0.2823359966278076,1609701718.4793751,1609701718.487183,0.00780797004699707
9ac7401adf254a43846171474ad25ec9,k-means,warm,exec,queue,0.07950615882873535,2.384185791015625e-07,2.384185791015625e-07,1609701718.37258,1609701718.8062487,0.4336686134338379,1609701718.485559,1609701718.4912963,0.0057373046875
8b8f59a0a45c4a15b0c1eeb9abfde70d,k-means,warm,exec,queue,0.08423233032226562,2.384185791015625e-07,2.384185791015625e-07,1609701718.3742032,1609701718.8043592,0.43015599250793457,1609701718.489138,1609701718.4956963,0.006558418273925781
710865416e6248bebc301a309a6af555,k-means,warm,exec,queue,0.08912825584411621,4.76837158203125e-07,2.384185791015625e-07,1609701718.3757184,1609701718.7399786,0.364260196685791,1609701718.4937966,1609701718.4998236,0.0060269832611083984
679666dce31f4ec5af638bb42dd341b7,k-means,warm,exec,queue,0.09409165382385254,2.384185791015625e-07,0.0,1609701718.3772745,1609701718.5861886,0.20891404151916504,1609701718.500387,1609701718.506453,0.006066083908081055
1000965e3cf64d8fb9b9e33344cc2311,k-means,warm,exec,queue,0.007653951644897461,2.384185791015625e-07,2.384185791015625e-07,1609701719.337498,1609701719.475234,0.13773608207702637,1609701719.3932014,1609701719.40013,0.006928682327270508
c5d0f70f8dd349eb90574a8828819f76,k-means,warm,exec,queue,0.05922818183898926,2.384185791015625e-07,2.384185791015625e-07,1609701719.3418436,1609701719.8255641,0.4837205410003662,1609701719.4492323,1609701719.455182,0.005949735641479492
7a1d130a8e6a406b9c779ef8633cdbee,k-means,warm,exec,queue,0.06393289566040039,2.384185791015625e-07,0.0,1609701719.3443847,1609701719.5931695,0.24878478050231934,1609701719.453538,1609701719.460003,0.006464958190917969
ea296507fc2c44d08fa0d5ef54d8adb6,k-means,warm,exec,queue,0.04013800621032715,2.384185791015625e-07,2.384185791015625e-07,1609701719.3468962,1609701719.657301,0.31040477752685547,1609701719.4253347,1609701719.4324954,0.007160663604736328
3cdd20c17ab7425ba35d9457a7b5be97,k-means,warm,exec,queue,0.04465532302856445,2.384185791015625e-07,2.384185791015625e-07,1609701719.3491075,1609701719.5937612,0.24465370178222656,1609701719.4323943,1609701719.4383793,0.0059850215911865234
18df1a4c77a644769ebae4c0a03fc98b,k-means,warm,exec,queue,0.04977273941040039,2.384185791015625e-07,2.384185791015625e-07,1609701719.3505588,1609701719.659143,0.30858421325683594,1609701719.4381993,1609701719.4448895,0.006690263748168945
3b0613b1be654470af20feae168ce731,k-means,warm,exec,queue,0.05526876449584961,2.384185791015625e-07,0.0,1609701719.352015,1609701719.5567439,0.2047288417816162,1609701719.4438992,1609701719.4505079,0.006608724594116211
792784c388e64cd4949486324804b47e,k-means,warm,exec,queue,0.034826040267944336,2.384185791015625e-07,2.384185791015625e-07,1609701719.3534794,1609701719.7526124,0.39913296699523926,1609701719.4205852,1609701719.4266686,0.006083488464355469
871ab8e14fa94388a0896edf63c35785,k-means,warm,exec,queue,0.029768943786621094,7.152557373046875e-07,2.384185791015625e-07,1609701719.3549514,1609701719.7539246,0.3989732265472412,1609701719.4206142,1609701719.4290483,0.008434057235717773
621415c7a1634ed983d3ec57200e0980,k-means,warm,exec,queue,0.020858049392700195,4.76837158203125e-07,2.384185791015625e-07,1609701719.356522,1609701719.749071,0.3925487995147705,1609701719.4155793,1609701719.4231255,0.007546186447143555
fcbf46de7dd04179b8b091c2fd09b9fe,k-means,warm,exec,queue,0.016190290451049805,4.76837158203125e-07,2.384185791015625e-07,1609701719.357969,1609701719.4725332,0.11456418037414551,1609701719.4002683,1609701719.4080942,0.007825851440429688
3514b97258254e53b6225b826c8e38ee,k-means,warm,exec,queue,0.011512041091918945,2.384185791015625e-07,4.76837158203125e-07,1609701719.3594117,1609701719.474651,0.11523938179016113,1609701719.3934858,1609701719.4002159,0.006730079650878906
d9181a6277e54f2caa4277e2a44af2b6,k-means,warm,exec,queue,0.0688931941986084,2.384185791015625e-07,2.384185791015625e-07,1609701719.360971,1609701719.8292828,0.46831178665161133,1609701719.458446,1609701719.4642541,0.005808115005493164
b062ab33b2d5495491cd2bfff3522805,k-means,warm,exec,queue,0.07343506813049316,2.384185791015625e-07,2.384185791015625e-07,1609701719.3624213,1609701719.708655,0.3462338447570801,1609701719.465152,1609701719.469996,0.004843950271606445
b24afe8ea5934c0ca4862b6a9a5e85bb,k-means,warm,exec,queue,0.07911825180053711,2.384185791015625e-07,2.384185791015625e-07,1609701719.363875,1609701719.595686,0.2318110466003418,1609701719.4698322,1609701719.4745662,0.004734039306640625
1550b75ef70f424ba6ea5242b182eac7,k-means,warm,exec,queue,0.08392930030822754,2.384185791015625e-07,2.384185791015625e-07,1609701719.3653295,1609701719.8286877,0.46335816383361816,1609701719.4770122,1609701719.4828951,0.005882978439331055
f5ee066f3e404e33a47346dfde288efb,k-means,warm,exec,queue,0.08877205848693848,2.384185791015625e-07,2.384185791015625e-07,1609701719.3671646,1609701719.615338,0.24817347526550293,1609701719.4805217,1609701719.4852667,0.004745006561279297
7510d1bb2ee8429eb9f8c87c853e1107,video,warm,exec,queue,0.01644134521484375,2.384185791015625e-07,2.384185791015625e-07,1609701719.3686144,1609701719.7520037,0.3833892345428467,1609701719.4195197,1609701719.435636,0.01611638069152832
e156430753c847c1897aa00e888d4177,k-means,warm,exec,queue,0.0060842037200927734,7.152557373046875e-07,2.384185791015625e-07,1609701720.331866,1609701720.4512868,0.11942076683044434,1609701720.3778837,1609701720.3854313,0.007547616958618164
963dac06f01f4b48b9f9eb47304cf76f,k-means,warm,exec,queue,0.010785818099975586,2.384185791015625e-07,0.0,1609701720.3359647,1609701720.5253327,0.18936800956726074,1609701720.3788564,1609701720.388612,0.009755611419677734
3e83b56849d6451cbbce16c9f5e191bf,k-means,warm,exec,queue,0.05109429359436035,2.384185791015625e-07,2.384185791015625e-07,1609701720.3385532,1609701720.6095037,0.2709505558013916,1609701720.4280555,1609701720.432628,0.004572391510009766
9448808ee0514f96993059cccabee0fd,k-means,warm,exec,queue,0.04733443260192871,2.384185791015625e-07,0.0,1609701720.3411489,1609701720.5756018,0.2344529628753662,1609701720.4230921,1609701720.4283712,0.005279064178466797
4dc6b50f330849c5a1c5dacae5c6564d,k-means,warm,exec,queue,0.04280853271484375,0.0,0.0,1609701720.3440049,1609701720.7019582,0.3579533100128174,1609701720.4178827,1609701720.422484,0.004601240158081055
3851e82c683b424390736c01ddb53b9e,k-means,warm,exec,queue,0.015426397323608398,4.76837158203125e-07,0.0,1609701720.3457627,1609701720.4531484,0.10738563537597656,1609701720.384526,1609701720.393427,0.008900880813598633
26dfa62c6d5f4386b422a8a3c9a90c34,k-means,warm,exec,queue,0.019840717315673828,4.76837158203125e-07,2.384185791015625e-07,1609701720.3473253,1609701720.644218,0.2968926429748535,1609701720.3893058,1609701720.3979456,0.008639812469482422
6335422a764841739695f43d9240a941,k-means,warm,exec,queue,0.025400638580322266,4.76837158203125e-07,4.76837158203125e-07,1609701720.348913,1609701720.5549388,0.2060258388519287,1609701720.3969674,1609701720.404401,0.007433652877807617
d7356304fffe47c1b3dc75d0d7c33380,k-means,warm,exec,queue,0.030518293380737305,2.384185791015625e-07,2.384185791015625e-07,1609701720.3504848,1609701720.7038903,0.3534054756164551,1609701720.3999345,1609701720.4064279,0.006493330001831055
6a99f01be5244da2b17e74af923f709e,k-means,warm,exec,queue,0.03581094741821289,2.384185791015625e-07,2.384185791015625e-07,1609701720.3521957,1609701720.4773855,0.12518978118896484,1609701720.406019,1609701720.4128585,0.0068395137786865234
5a5513d2a0aa4fda88df958e9b509510,k-means,warm,exec,queue,0.04012131690979004,2.384185791015625e-07,0.0,1609701720.3537552,1609701720.5543394,0.20058417320251465,1609701720.4134665,1609701720.418634,0.005167484283447266
ac302e94d5374d2788774f6e63b9c5a9,matmul,warm,exec,queue,0.01626276969909668,2.384185791015625e-07,2.384185791015625e-07,1609701720.3553352,1609701720.4756362,0.1203010082244873,1609701720.3976994,1609701720.4088094,0.011110067367553711
4c6a5130c7da44bfb23062f4805fef14,k-means,warm,exec,queue,0.0028786659240722656,4.76837158203125e-07,2.384185791015625e-07,1609701721.3259668,1609701721.4363012,0.11033439636230469,1609701721.358748,1609701721.3664656,0.007717609405517578
fc7855a0b7ca49ea9990c0f5d0ebf581,video,warm,exec,queue,0.014608383178710938,2.384185791015625e-07,0.0,1609701721.329929,1609701721.5446007,0.21467161178588867,1609701721.3779302,1609701721.395594,0.01766371726989746
f157bdc2dbef4b1da0ffa2693526af06,k-means,warm,exec,queue,0.029486894607543945,2.384185791015625e-07,2.384185791015625e-07,1609701721.3325632,1609701721.4864225,0.15385937690734863,1609701721.3905082,1609701721.3977277,0.007219552993774414
1af861db6b2349288925a0044d674ac8,k-means,warm,exec,queue,0.024720430374145508,2.384185791015625e-07,2.384185791015625e-07,1609701721.3351364,1609701721.4880607,0.1529242992401123,1609701721.3839474,1609701721.3916106,0.007663249969482422
a3f41e67311148dbabd40b690c33698c,k-means,warm,exec,queue,0.02020120620727539,2.384185791015625e-07,2.384185791015625e-07,1609701721.3377228,1609701721.5481296,0.21040678024291992,1609701721.3786368,1609701721.3834844,0.004847526550292969
9b4d98a4fe2747da8d381d54714f6520,k-means,warm,exec,queue,0.006650209426879883,2.384185791015625e-07,2.384185791015625e-07,1609701721.3406484,1609701721.438136,0.0974876880645752,1609701721.3618226,1609701721.3706088,0.008786201477050781
fc051931d53d4b23ac0b809ca9328d3b,k-means,warm,exec,queue,0.01154470443725586,2.384185791015625e-07,2.384185791015625e-07,1609701721.34223,1609701721.5464451,0.20421504974365234,1609701721.3681545,1609701721.3781128,0.009958267211914062
079307a229644016b439ee6abb054e47,k-means,warm,exec,queue,0.016179323196411133,2.384185791015625e-07,4.76837158203125e-07,1609701721.343805,1609701721.4605947,0.11678957939147949,1609701721.3753355,1609701721.3836918,0.008356332778930664
9cb6186ff07b45a88687e430333cdda0,k-means,warm,exec,queue,0.009484529495239258,2.384185791015625e-07,0.0,1609701722.335587,1609701722.479493,0.1439058780670166,1609701722.3823528,1609701722.3908782,0.008525371551513672
583ede35842840e6b9e8df091c545db9,k-means,warm,exec,queue,0.034586191177368164,2.384185791015625e-07,2.384185791015625e-07,1609701722.3399842,1609701722.5642524,0.22426819801330566,1609701722.4111717,1609701722.417771,0.00659942626953125
31ff70a0e6c84fe28fb0e817abc5d1f1,k-means,warm,exec,queue,0.02921605110168457,2.384185791015625e-07,0.0,1609701722.3426483,1609701722.7312186,0.38857030868530273,1609701722.4039905,1609701722.4088552,0.004864692687988281
5f5911868d0a4e9aa182a529a2f55835,k-means,warm,exec,queue,0.024730443954467773,4.76837158203125e-07,2.384185791015625e-07,1609701722.3452942,1609701722.5341554,0.18886113166809082,1609701722.3999908,1609701722.4049027,0.004911899566650391
700c998b2b4d49b8b20473b2a87a8a47,k-means,warm,exec,queue,0.01858663558959961,4.76837158203125e-07,2.384185791015625e-07,1609701722.3482366,1609701722.5335813,0.18534469604492188,1609701722.3941202,1609701722.4028795,0.008759260177612305
280034f5b0b04a0d8f563680bcd5141f,k-means,warm,exec,queue,0.013861656188964844,0.0,0.0,1609701722.349816,1609701722.5624948,0.2126786708831787,1609701722.3879483,1609701722.3967242,0.008775949478149414
84a71704408145a3a4018ddd1954c030,k-means,warm,exec,queue,0.03957056999206543,4.76837158203125e-07,2.384185791015625e-07,1609701722.3514025,1609701722.5291243,0.17772173881530762,1609701722.4159431,1609701722.420637,0.004693746566772461
0d9fdda96cd74451be06f9fe143e97c7,k-means,warm,exec,queue,0.06294369697570801,2.384185791015625e-07,2.384185791015625e-07,1609701722.353012,1609701722.5308607,0.17784857749938965,1609701722.4428475,1609701722.4490328,0.006185293197631836
11032e679b0f4ebda3c15b0f7867e7f7,k-means,warm,exec,queue,0.057601213455200195,4.76837158203125e-07,4.76837158203125e-07,1609701722.3546128,1609701722.6006289,0.2460160255432129,1609701722.436933,1609701722.44119,0.0042569637298583984
5da9eaeb017d47ac847050386e538c3d,k-means,warm,exec,queue,0.05307579040527344,2.384185791015625e-07,2.384185791015625e-07,1609701722.356332,1609701722.674443,0.31811094284057617,1609701722.4335718,1609701722.4406848,0.007112979888916016
ece74d2a0658421ebc2abee1c7dbe239,k-means,warm,exec,queue,0.0486147403717041,2.384185791015625e-07,0.0,1609701722.357915,1609701722.5989366,0.24102163314819336,1609701722.4266424,1609701722.4311683,0.004525899887084961
a3f529ec35d6423eab777712ae3adf10,k-means,warm,exec,queue,0.043996572494506836,2.384185791015625e-07,2.384185791015625e-07,1609701722.3595064,1609701722.598322,0.2388155460357666,1609701722.4225216,1609701722.427964,0.005442380905151367
59c9aeee8c39421aa80b59700cb23938,k-means,warm,exec,queue,0.06845545768737793,2.384185791015625e-07,2.384185791015625e-07,1609701722.3611045,1609701722.5955155,0.23441100120544434,1609701722.4489584,1609701722.4552217,0.006263256072998047
4cb379584ae1401ea8233ddccceb26c5,k-means,warm,exec,queue,7.367134094238281e-05,2.384185791015625e-07,2.384185791015625e-07,1609701723.3365831,1609701723.4648862,0.12830305099487305,1609701723.3865452,1609701723.39424,0.007694721221923828
78a9f44b7fdf4671baa0a079b360d788,k-means,warm,exec,queue,0.008309364318847656,7.152557373046875e-07,2.384185791015625e-07,1609701723.3406472,1609701723.4682913,0.12764406204223633,1609701723.3880043,1609701723.3967023,0.008697986602783203
06e979ad6c714af3bcd9c3d8755d4f4b,k-means,warm,exec,queue,0.013302087783813477,2.384185791015625e-07,2.384185791015625e-07,1609701723.3432026,1609701723.4676569,0.12445425987243652,1609701723.3919244,1609701723.4006834,0.008759021759033203
d9b2cc2562824b38b08b2eeaa4aebbe3,k-means,warm,exec,queue,0.017688274383544922,2.384185791015625e-07,2.384185791015625e-07,1609701723.3457553,1609701723.4989536,0.1531982421875,1609701723.3972986,1609701723.4062054,0.008906841278076172
80e2370c900244cbba23b2d63b6c0808,k-means,warm,exec,queue,0.024053096771240234,2.384185791015625e-07,2.384185791015625e-07,1609701723.3486056,1609701723.5658312,0.2172255516052246,1609701723.405941,1609701723.413064,0.007122993469238281
143c0fb1ea0f4c829111bbe19d611f62,k-means,warm,exec,queue,0.028541088104248047,2.384185791015625e-07,2.384185791015625e-07,1609701723.3511534,1609701723.6434867,0.29233336448669434,1609701723.408677,1609701723.4135532,0.004876136779785156
dbc72f6bc2274a97b8b53bfd9e59c968,k-means,warm,exec,queue,0.03367304801940918,4.76837158203125e-07,2.384185791015625e-07,1609701723.35315,1609701723.4973752,0.1442253589630127,1609701723.41429,1609701723.419476,0.0051860809326171875
137269f80cc24e42bb8a740010a7c2b6,k-means,warm,exec,queue,0.03801298141479492,2.384185791015625e-07,2.384185791015625e-07,1609701723.3547056,1609701723.608615,0.2539093494415283,1609701723.4203725,1609701723.4251819,0.004809379577636719
33b9f717f51e4738b5f1998cc8006ee2,k-means,warm,exec,queue,0.0425417423248291,2.384185791015625e-07,4.76837158203125e-07,1609701723.3562913,1609701723.6416347,0.2853434085845947,1609701723.4260473,1609701723.4329853,0.006937980651855469
4a48a975f7d14430b2334b91855831e1,k-means,warm,exec,queue,0.04692888259887695,2.384185791015625e-07,0.0,1609701723.3579917,1609701723.5222402,0.16424846649169922,1609701723.4322965,1609701723.4394102,0.00711369514465332
93895ce73f804b7ba171ae9aac2ac2d7,k-means,warm,exec,queue,0.05199599266052246,4.76837158203125e-07,2.384185791015625e-07,1609701723.3595583,1609701723.5238984,0.16434001922607422,1609701723.4353817,1609701723.441178,0.0057964324951171875
ff0a3e948fce4f808e168ad97696eac2,k-means,warm,exec,queue,0.057205915451049805,2.384185791015625e-07,2.384185791015625e-07,1609701723.3611367,1609701723.6092346,0.24809789657592773,1609701723.441438,1609701723.4463458,0.004907846450805664
596e3a41a3264bccb8607ec48fe9d858,video,warm,exec,queue,0.01578211784362793,4.76837158203125e-07,2.384185791015625e-07,1609701723.3627055,1609701723.6110861,0.2483806610107422,1609701723.407051,1609701723.4252536,0.018202543258666992
13a5713fe6424e3693c390463837b260,k-means,warm,exec,queue,8.654594421386719e-05,7.152557373046875e-07,2.384185791015625e-07,1609701724.3359733,1609701724.4533212,0.11734795570373535,1609701724.3815858,1609701724.3903482,0.008762359619140625
8989673c0c6e42b9b0cb015c5211a636,k-means,warm,exec,queue,0.006204843521118164,2.384185791015625e-07,0.0,1609701724.3402264,1609701724.4499924,0.10976600646972656,1609701724.3816504,1609701724.3903415,0.008691072463989258
aba1bdb6b7974dc3ae6fa5d63571dc79,k-means,warm,exec,queue,0.011460542678833008,2.384185791015625e-07,2.384185791015625e-07,1609701724.3427935,1609701724.4527664,0.10997295379638672,1609701724.3870127,1609701724.3959851,0.008972406387329102
f254242d47be424fbbd44d14d981bf39,k-means,warm,exec,queue,0.015903949737548828,4.76837158203125e-07,4.76837158203125e-07,1609701724.3454175,1609701724.4828632,0.13744568824768066,1609701724.3932672,1609701724.4019513,0.008684158325195312
60777f94831247f2866fe5d9e8b2a93c,k-means,warm,exec,queue,0.023528099060058594,4.76837158203125e-07,2.384185791015625e-07,1609701724.3483217,1609701724.5474718,0.19915008544921875,1609701724.4003668,1609701724.4075158,0.0071489810943603516
c328a4535ae74564bef388a799cc9cdf,k-means,warm,exec,queue,0.028504610061645508,4.76837158203125e-07,2.384185791015625e-07,1609701724.3499427,1609701724.5666132,0.21667051315307617,1609701724.4050455,1609701724.41063,0.0055844783782958984
42d3e151099341cca73744d5afac33a8,k-means,warm,exec,queue,0.03320026397705078,2.384185791015625e-07,4.76837158203125e-07,1609701724.3514986,1609701724.6181917,0.266693115234375,1609701724.4100578,1609701724.4166896,0.0066318511962890625
def118923c244e94ab0bc5de231bc255,k-means,warm,exec,queue,0.038491010665893555,2.384185791015625e-07,2.384185791015625e-07,1609701724.3530803,1609701724.709502,0.35642170906066895,1609701724.4167955,1609701724.4232347,0.006439208984375
30cf47934fd942ea949709d64d089a71,k-means,warm,exec,queue,0.043256282806396484,2.384185791015625e-07,2.384185791015625e-07,1609701724.3546503,1609701724.545806,0.19115567207336426,1609701724.4223325,1609701724.4297812,0.007448673248291016
442871f9251b4bd8b117989306d360e7,k-means,warm,exec,queue,0.04800891876220703,2.384185791015625e-07,0.0,1609701724.3563492,1609701724.542244,0.18589472770690918,1609701724.4260678,1609701724.4326015,0.006533622741699219
90eee9e4d4f84a1086e074c4e7f61bce,k-means,warm,exec,queue,0.052771806716918945,2.384185791015625e-07,2.384185791015625e-07,1609701724.3579078,1609701724.545198,0.18729019165039062,1609701724.4312167,1609701724.4360306,0.0048139095306396484
a61dddb9e81740f9b74d19af8d1c83c1,k-means,warm,exec,queue,0.0579833984375,2.384185791015625e-07,2.384185791015625e-07,1609701724.3594668,1609701724.6620345,0.302567720413208,1609701724.437963,1609701724.4444668,0.0065038204193115234
b9ced58209814fddb7523b7cf8d03c98,k-means,warm,exec,queue,0.0039052963256835938,4.76837158203125e-07,2.384185791015625e-07,1609701725.3398376,1609701725.477324,0.13748645782470703,1609701725.3898659,1609701725.3984535,0.00858759880065918
f9d72b0ba31243e8abe8b06c42b07e77,k-means,warm,exec,queue,0.062265872955322266,2.384185791015625e-07,2.384185791015625e-07,1609701725.344251,1609701725.6889517,0.34470081329345703,1609701725.448459,1609701725.4545784,0.006119489669799805
4614ad5104da4a009d9987879e86efd6,k-means,warm,exec,queue,0.05634760856628418,4.76837158203125e-07,2.384185791015625e-07,1609701725.346814,1609701725.6804428,0.33362889289855957,1609701725.4477417,1609701725.4548988,0.007157087326049805
10a86ab77abf4ccdb5003f5525f54c91,k-means,warm,exec,queue,0.04987192153930664,2.384185791015625e-07,2.384185791015625e-07,1609701725.349145,1609701725.5404866,0.19134163856506348,1609701725.4436085,1609701725.449182,0.0055735111236572266
bdfe1c51311f4915b8a35b8779c1e874,k-means,warm,exec,queue,0.04365277290344238,2.384185791015625e-07,2.384185791015625e-07,1609701725.3508716,1609701725.6885433,0.33767175674438477,1609701725.4280803,1609701725.4364343,0.008353948593139648
be20561a25be48e889183dcbb8f9ab63,k-means,warm,exec,queue,0.03832697868347168,2.384185791015625e-07,0.0,1609701725.3524206,1609701725.6873431,0.33492255210876465,1609701725.4215655,1609701725.4284086,0.006843090057373047
383255e169ba4fdf8f585a1f0ee8d79f,k-means,warm,exec,queue,0.03365969657897949,2.384185791015625e-07,2.384185791015625e-07,1609701725.3539572,1609701725.5354352,0.18147802352905273,1609701725.4197845,1609701725.4274657,0.007681131362915039
c258b2ab3e394f43966b64c9d738da3e,k-means,warm,exec,queue,0.02706122398376465,4.76837158203125e-07,2.384185791015625e-07,1609701725.3554893,1609701725.5372245,0.18173527717590332,1609701725.419379,1609701725.4282136,0.008834600448608398
fbe630bfd8f448d8bbba9f6d77fbfd6d,k-means,warm,exec,queue,0.011507272720336914,7.152557373046875e-07,0.0,1609701725.3570502,1609701725.7195005,0.36245036125183105,1609701725.389817,1609701725.3982706,0.008453607559204102
f19c00c6d3ef42389c7cae147b9a615c,k-means,warm,exec,queue,0.016332387924194336,4.76837158203125e-07,2.384185791015625e-07,1609701725.3587215,1609701725.5399532,0.18123173713684082,1609701725.394579,1609701725.4030416,0.008462667465209961
41ed0b33471c4a90b35f67d0ea097f02,k-means,warm,exec,queue,0.02081751823425293,4.76837158203125e-07,2.384185791015625e-07,1609701725.3602688,1609701725.5942988,0.23403000831604004,1609701725.4021702,1609701725.4108331,0.008662939071655273
2fe6c3e1b9444a97a44b09259f525547,video,warm,exec,queue,0.02603459358215332,2.384185791015625e-07,2.384185791015625e-07,1609701725.3618119,1609701725.687961,0.32614922523498535,1609701725.4196255,1609701725.4379013,0.018275737762451172
b73ba2756a1743618d998dd9aead7a92,matmul,warm,exec,queue,0.025776147842407227,0.0,4.76837158203125e-07,1609701725.3633566,1609701725.7211776,0.357820987701416,1609701725.4204626,1609701725.4324105,0.011947870254516602
a8b8b603a817409685e0f7a3e7f61657,map_reduce,warm,exec,queue,0.026324748992919922,2.384185791015625e-07,2.384185791015625e-07,1609701725.365033,1609701725.8248625,0.45982956886291504,1609701725.4203906,1609701725.505786,0.08539533615112305
2cf61c2b126e416591e4ba4764fc977f,k-means,warm,exec,queue,0.002976655960083008,4.76837158203125e-07,2.384185791015625e-07,1609701726.343707,1609701726.5755484,0.2318413257598877,1609701726.4015453,1609701726.4101567,0.008611440658569336
861817ce235f44788d7a4d4959bb45e8,k-means,warm,exec,queue,0.01908707618713379,2.384185791015625e-07,2.384185791015625e-07,1609701726.347928,1609701726.7431874,0.39525938034057617,1609701726.4121003,1609701726.4204803,0.008379936218261719
2a42f74f874e43bc804891c38b5a9d5e,k-means,warm,exec,queue,0.025051355361938477,4.76837158203125e-07,2.384185791015625e-07,1609701726.3505087,1609701726.538238,0.1877293586730957,1609701726.4219353,1609701726.4276896,0.005754232406616211
f341b6cd86ec4faf8b955727899e3ef3,k-means,warm,exec,queue,0.02957296371459961,2.384185791015625e-07,2.384185791015625e-07,1609701726.353065,1609701726.7437718,0.39070677757263184,1609701726.4228964,1609701726.4275305,0.00463414192199707
41fdaf1b63304aa8a0b70a424b0c5fb6,k-means,warm,exec,queue,0.03432893753051758,4.76837158203125e-07,2.384185791015625e-07,1609701726.355915,1609701726.6629708,0.3070557117462158,1609701726.4279299,1609701726.4342277,0.0062978267669677734
5bfe654713794f2bb1926469030cb40a,k-means,warm,exec,queue,0.040146827697753906,2.384185791015625e-07,2.384185791015625e-07,1609701726.3577204,1609701726.5739768,0.21625638008117676,1609701726.4356327,1609701726.4403474,0.0047147274017333984
f70a226965c94ab0900292f4ee616d50,k-means,warm,exec,queue,0.04471850395202637,2.384185791015625e-07,2.384185791015625e-07,1609701726.3592768,1609701726.5399954,0.18071866035461426,1609701726.4404159,1609701726.4467995,0.006383657455444336
34d7518e5660408aa12f608ff89baff5,k-means,warm,exec,queue,0.04935431480407715,4.76837158203125e-07,0.0,1609701726.3608406,1609701726.5365014,0.1756608486175537,1609701726.4450517,1609701726.451423,0.006371259689331055
7570c544b0db416ebf30077c1a170a04,k-means,warm,exec,queue,0.05483245849609375,2.384185791015625e-07,4.76837158203125e-07,1609701726.3624053,1609701726.6648896,0.30248427391052246,1609701726.4511225,1609701726.4575045,0.006381988525390625
9d5e3f33a16d4a0e8128adfa8e372bcf,k-means,warm,exec,queue,0.06033134460449219,2.384185791015625e-07,0.0,1609701726.3640928,1609701726.668191,0.30409812927246094,1609701726.457218,1609701726.4617105,0.004492521286010742
44785f89fa454bc6b6f1458d09489f31,k-means,warm,exec,queue,0.011554718017578125,4.76837158203125e-07,2.384185791015625e-07,1609701726.365661,1609701726.4947324,0.12907147407531738,1609701726.4017756,1609701726.4100976,0.008322000503540039
a7686f1388714384b35bd87026ffc007,k-means,warm,exec,queue,0.01669478416442871,4.76837158203125e-07,2.384185791015625e-07,1609701726.3672285,1609701726.4965248,0.12929630279541016,1609701726.4065127,1609701726.414657,0.008144378662109375
83ff4760b41b4d999fa45325ec7b22b5,k-means,warm,exec,queue,0.06474089622497559,4.76837158203125e-07,2.384185791015625e-07,1609701726.3687778,1609701726.5734127,0.2046349048614502,1609701726.4628644,1609701726.4681246,0.0052602291107177734
279d011646cd4eb590d8ce57c4f42ee1,k-means,warm,exec,queue,0.0691523551940918,2.384185791015625e-07,0.0,1609701726.3704197,1609701726.5704947,0.2000749111175537,1609701726.467639,1609701726.4734979,0.005858898162841797
0c09a57ef4f14fd1a2e620e91a60a4da,k-means,warm,exec,queue,0.07395052909851074,4.76837158203125e-07,2.384185791015625e-07,1609701726.3719451,1609701726.8692532,0.49730801582336426,1609701726.473161,1609701726.477935,0.0047740936279296875
237f906dd3824d02933baa60da909d74,k-means,warm,exec,queue,0.0785219669342041,4.76837158203125e-07,2.384185791015625e-07,1609701726.3734932,1609701726.6675928,0.2940995693206787,1609701726.4778764,1609701726.4837546,0.0058782100677490234
a81eb757ca624469a1231b07cabb3294,k-means,warm,exec,queue,0.08386802673339844,2.384185791015625e-07,0.0,1609701726.3752098,1609701726.7054071,0.3301973342895508,1609701726.4838161,1609701726.4915621,0.007745981216430664
a03ef90f010d4d7da47fdccd62d1a934,k-means,warm,exec,queue,0.004151105880737305,2.384185791015625e-07,2.384185791015625e-07,1609701727.3302388,1609701727.4455862,0.11534738540649414,1609701727.3581262,1609701727.3666248,0.008498668670654297
0bb03c8efb174f4b86725a2c1e339bec,video,warm,exec,queue,0.018871545791625977,2.384185791015625e-07,0.0,1609701727.3341637,1609701727.530172,0.19600844383239746,1609701727.379546,1609701727.397644,0.018098115921020508
6a24b566ad524d049dc8cf93d95e3371,k-means,warm,exec,queue,0.021885395050048828,2.384185791015625e-07,2.384185791015625e-07,1609701727.3368306,1609701727.5284905,0.19165992736816406,1609701727.3799846,1609701727.3870733,0.007088661193847656
c327c57d4af84e0a928723c7cb29e90b,k-means,warm,exec,queue,0.008422374725341797,4.76837158203125e-07,2.384185791015625e-07,1609701727.3394194,1609701727.4487987,0.10937929153442383,1609701727.3628554,1609701727.37165,0.008794546127319336
ecde6996aecc4eb1832029144879af07,k-means,warm,exec,queue,0.01296377182006836,2.384185791015625e-07,2.384185791015625e-07,1609701727.3420086,1609701727.4482393,0.1062307357788086,1609701727.368415,1609701727.3765092,0.008094072341918945
475cbb6cf08f479dbd3e9b5d732dfca5,k-means,warm,exec,queue,0.017478227615356445,4.76837158203125e-07,2.384185791015625e-07,1609701727.344706,1609701727.4782865,0.13358044624328613,1609701727.378082,1609701727.386665,0.00858306884765625
28a4414670764e528e9db33b41655b62,k-means,warm,exec,queue,0.0009548664093017578,4.76837158203125e-07,0.0,1609701728.348715,1609701728.517364,0.16864895820617676,1609701728.4072232,1609701728.4155738,0.008350610733032227
4f9d491ea965490784b489462cf3d272,k-means,warm,exec,queue,0.014168262481689453,4.76837158203125e-07,2.384185791015625e-07,1609701728.353104,1609701728.515997,0.16289281845092773,1609701728.412771,1609701728.4213748,0.008603811264038086
c56e13ed283744dd86f1dc37c8eb1741,k-means,warm,exec,queue,0.018470048904418945,0.0,4.76837158203125e-07,1609701728.3556857,1609701728.5131493,0.15746355056762695,1609701728.41753,1609701728.4250653,0.007535219192504883
98f6dc65d0e243978f4729284b201119,k-means,warm,exec,queue,0.012134313583374023,2.384185791015625e-07,0.0,1609701728.3582642,1609701728.5154839,0.15721964836120605,1609701728.407207,1609701728.4155977,0.008390665054321289
6d2bce3a37004097ac9d9a1c075068ed,k-means,warm,exec,queue,0.030006885528564453,2.384185791015625e-07,1.6450881958007812e-05,1609701728.3609834,1609701728.6207488,0.2597653865814209,1609701728.4308982,1609701728.437163,0.006264925003051758
7e58371f4e494cc1ad536b372c993e1b,k-means,warm,exec,queue,0.03483867645263672,2.384185791015625e-07,0.0,1609701728.3625302,1609701728.5291505,0.16662025451660156,1609701728.435789,1609701728.4422095,0.0064203739166259766
914d385cd29d4f938baf2f2a66b26c39,k-means,warm,exec,queue,0.03950691223144531,2.384185791015625e-07,2.384185791015625e-07,1609701728.3640842,1609701728.7215486,0.3574643135070801,1609701728.43967,1609701728.44633,0.006659984588623047
b3470c6a670f43c98792f72a140fa9bd,k-means,warm,exec,queue,0.04436516761779785,7.152557373046875e-07,2.384185791015625e-07,1609701728.3656576,1609701728.7226427,0.35698509216308594,1609701728.4453232,1609701728.45005,0.004726886749267578
79ad3f9b2ee44c87a708cd2ee59c9b10,k-means,warm,exec,queue,0.04922032356262207,2.384185791015625e-07,2.384185791015625e-07,1609701728.3672137,1609701728.6213589,0.25414514541625977,1609701728.4516053,1609701728.458292,0.006686687469482422
efd2bdf47f2a4f149e9adbf6ec6910b7,k-means,warm,exec,queue,0.054292917251586914,2.384185791015625e-07,4.76837158203125e-07,1609701728.3689094,1609701728.6219049,0.25299549102783203,1609701728.455985,1609701728.4605858,0.0046007633209228516
d1e924e6fdc6422d827247b7b4c8003c,k-means,warm,exec,queue,0.059851884841918945,2.384185791015625e-07,2.384185791015625e-07,1609701728.370464,1609701728.724797,0.35433292388916016,1609701728.4629283,1609701728.4694912,0.006562948226928711
d0b910462e454b4b9c3a2211bcdf2542,k-means,warm,exec,queue,0.02499079704284668,2.384185791015625e-07,2.384185791015625e-07,1609701728.3720207,1609701728.6243458,0.25232505798339844,1609701728.4237711,1609701728.4302533,0.006482124328613281
85b7918fe9ae4b7e962b4c34a7b537c0,k-means,warm,exec,queue,0.06484460830688477,4.76837158203125e-07,2.384185791015625e-07,1609701728.3736932,1609701728.7164724,0.34277915954589844,1609701728.4674299,1609701728.4716127,0.0041828155517578125
38843d18e06d46c8a4a952fb804393d4,k-means,warm,exec,queue,0.07021379470825195,4.76837158203125e-07,2.384185791015625e-07,1609701728.3752506,1609701728.5798907,0.20464015007019043,1609701728.4755049,1609701728.4821677,0.006662845611572266
1df6bc196fdb48e2aaa338dfdd78542d,k-means,warm,exec,queue,0.0751795768737793,4.76837158203125e-07,4.76837158203125e-07,1609701728.3767989,1609701728.7232063,0.346407413482666,1609701728.4790359,1609701728.4832623,0.0042264461517333984
ebecb0667c494fa19406f7cb5d94a359,k-means,warm,exec,queue,0.07995033264160156,4.76837158203125e-07,4.76837158203125e-07,1609701728.3783257,1609701728.722108,0.3437821865081787,1609701728.485489,1609701728.492916,0.007427215576171875
0c89022b8cee47398f31d21fb18b4934,k-means,warm,exec,queue,0.08482122421264648,7.152557373046875e-07,2.384185791015625e-07,1609701728.379952,1609701728.6156332,0.23568129539489746,1609701728.4912026,1609701728.4970884,0.0058858394622802734
85c2d67c0cab41f4ac0d053b949ecd2c,k-means,warm,exec,queue,0.09024453163146973,2.384185791015625e-07,2.384185791015625e-07,1609701728.3814878,1609701728.6224663,0.24097847938537598,1609701728.495505,1609701728.5000126,0.004507541656494141
e0635175aac8432ca252d684c7e85fc6,k-means,warm,exec,queue,0.0027980804443359375,2.384185791015625e-07,0.0,1609701729.3329797,1609701729.5245447,0.19156503677368164,1609701729.3636575,1609701729.3723655,0.008708000183105469
defc305ad0184b6994b6a78abab91490,video,warm,exec,queue,0.016682147979736328,4.76837158203125e-07,2.384185791015625e-07,1609701729.3369617,1609701729.6157494,0.27878761291503906,1609701729.385902,1609701729.4040694,0.018167495727539062
111794583d6e429c827df50ba43339cd,k-means,warm,exec,queue,0.024868011474609375,2.384185791015625e-07,2.384185791015625e-07,1609701729.3395607,1609701729.640665,0.3011043071746826,1609701729.3867683,1609701729.3931391,0.0063707828521728516
a341499b95df45448c23eadcfdcaa81b,k-means,warm,exec,queue,0.020537853240966797,2.384185791015625e-07,2.384185791015625e-07,1609701729.3421834,1609701729.766076,0.4238927364349365,1609701729.3850186,1609701729.3930128,0.00799417495727539
027d7a0c61d144238ca615815ec62fdc,k-means,warm,exec,queue,0.00672602653503418,2.384185791015625e-07,0.0,1609701729.3446102,1609701729.527351,0.1827406883239746,1609701729.3650312,1609701729.3726413,0.0076100826263427734
3f29f4a07a524e4095b87907810ef7e5,k-means,warm,exec,queue,0.011246204376220703,2.384185791015625e-07,2.384185791015625e-07,1609701729.3463838,1609701729.5279362,0.18155241012573242,1609701729.3698745,1609701729.378047,0.00817251205444336
e013cdc6b23d4bc49a5d16fc55e62760,k-means,warm,exec,queue,0.015937089920043945,4.76837158203125e-07,2.384185791015625e-07,1609701729.3479576,1609701729.716506,0.3685483932495117,1609701729.3759122,1609701729.3844388,0.00852656364440918
5c52744d9fa94664b98e216dec1cde86,k-means,warm,exec,queue,0.006555318832397461,2.384185791015625e-07,2.384185791015625e-07,1609701730.3442159,1609701730.4675012,0.12328529357910156,1609701730.3923168,1609701730.4008794,0.008562564849853516
6c45a6346e604abd82d002c6a253bb68,k-means,warm,exec,queue,0.047145843505859375,2.384185791015625e-07,2.384185791015625e-07,1609701730.3485842,1609701730.551219,0.2026348114013672,1609701730.4369066,1609701730.44326,0.0063533782958984375
d1ce94518d7b482a8a4df59d2dabe48d,k-means,warm,exec,queue,0.05260324478149414,4.76837158203125e-07,2.384185791015625e-07,1609701730.3512018,1609701730.8021502,0.45094847679138184,1609701730.4439893,1609701730.4485228,0.004533529281616211
056d0a083089481b8998396998ebc2a4,k-means,warm,exec,queue,0.05717897415161133,2.384185791015625e-07,2.384185791015625e-07,1609701730.3538084,1609701730.6782591,0.3244507312774658,1609701730.4490705,1609701730.455283,0.006212472915649414
71c59d142f374597a4d96de59a8c2147,k-means,warm,exec,queue,0.025165081024169922,2.384185791015625e-07,0.0,1609701730.3565958,1609701730.5108597,0.15426397323608398,1609701730.4110193,1609701730.4157863,0.004766941070556641
0a2e0b7eaca6401782e75bbfef496462,k-means,warm,exec,queue,0.029494285583496094,2.384185791015625e-07,0.0,1609701730.3581858,1609701730.7449853,0.38679957389831543,1609701730.41575,1609701730.4223244,0.006574392318725586
94e49ec5ded14868996bb9105e0c6338,k-means,warm,exec,queue,0.034676551818847656,4.76837158203125e-07,0.0,1609701730.3597574,1609701730.5125732,0.1528158187866211,1609701730.4214725,1609701730.4279473,0.006474733352661133
afd90592a5b8422a9b8561b519073769,k-means,warm,exec,queue,0.03923463821411133,2.384185791015625e-07,0.0,1609701730.3613493,1609701730.5965087,0.23515939712524414,1609701730.429078,1609701730.4349258,0.0058476924896240234
a499c236b1944ac18eb852cea3711701,k-means,warm,exec,queue,0.04407668113708496,4.76837158203125e-07,2.384185791015625e-07,1609701730.362942,1609701730.5929368,0.2299947738647461,1609701730.433045,1609701730.4395258,0.0064809322357177734
17bb961e7aae4c039a21ad58e1c28207,k-means,warm,exec,queue,0.01974797248840332,4.76837158203125e-07,2.384185791015625e-07,1609701730.3646653,1609701730.5958788,0.23121356964111328,1609701730.4059622,1609701730.4141014,0.00813913345336914
a617b0c4499f4a0690a7e57921fb5548,k-means,warm,exec,queue,0.015248775482177734,4.76837158203125e-07,2.384185791015625e-07,1609701730.3662465,1609701730.5091171,0.14287066459655762,1609701730.400735,1609701730.4091864,0.008451461791992188
365479a915e543928420356bbd46262c,k-means,warm,exec,queue,0.01080775260925293,2.384185791015625e-07,0.0,1609701730.367835,1609701730.5531702,0.1853351593017578,1609701730.3952093,1609701730.4036748,0.00846552848815918
cbcbd3a139ac48a9bb03bc2a3f6f1678,k-means,warm,exec,queue,0.06179952621459961,2.384185791015625e-07,2.384185791015625e-07,1609701730.3694932,1609701730.6360085,0.26651525497436523,1609701730.454638,1609701730.4615116,0.006873607635498047
6b81e935e0fc4e0b98bdd12ecc39f1be,matmul,warm,exec,queue,0.01575016975402832,2.384185791015625e-07,0.0,1609701730.3712022,1609701730.634344,0.2631418704986572,1609701730.4114347,1609701730.4219363,0.010501623153686523
d0082f481c834afebda2f848bbb0f078,k-means,warm,exec,queue,0.00476837158203125,2.384185791015625e-07,2.384185791015625e-07,1609701731.3467755,1609701731.4611073,0.11433172225952148,1609701731.3982441,1609701731.406615,0.00837087631225586
e1d745c1e9e049dd95a82142406a8828,k-means,warm,exec,queue,0.03822135925292969,4.76837158203125e-07,4.76837158203125e-07,1609701731.3509474,1609701731.6145432,0.2635958194732666,1609701731.4337223,1609701731.440975,0.007252693176269531
c0d7d8aff9b041bdacb9710cfabb98ce,k-means,warm,exec,queue,0.043268442153930664,2.384185791015625e-07,2.384185791015625e-07,1609701731.3535562,1609701731.816538,0.4629819393157959,1609701731.438029,1609701731.4451878,0.007158756256103516
652e3faa508d47048bc2d5c434b4d80d,k-means,warm,exec,queue,0.047940731048583984,2.384185791015625e-07,2.384185791015625e-07,1609701731.356108,1609701731.5900447,0.23393678665161133,1609701731.4425354,1609701731.4488878,0.006352424621582031
675e6882bc014ed7bd201c85eb35b4d2,k-means,warm,exec,queue,0.05344867706298828,2.384185791015625e-07,2.384185791015625e-07,1609701731.3590064,1609701731.6151154,0.25610899925231934,1609701731.447875,1609701731.454116,0.0062410831451416016
b54fdf340c984ca1b6acc6f8a97beed5,k-means,warm,exec,queue,0.05835366249084473,2.384185791015625e-07,0.0,1609701731.3612041,1609701731.8147936,0.45358943939208984,1609701731.454397,1609701731.4603205,0.00592350959777832
6c40dbc7ac7f4732a00af1cfa43f5d51,k-means,warm,exec,queue,0.01452946662902832,2.384185791015625e-07,2.384185791015625e-07,1609701731.3627613,1609701731.4867616,0.12400031089782715,1609701731.4039185,1609701731.4122722,0.008353710174560547
c392093211dd4648b3567befe9703526,k-means,warm,exec,queue,0.019995927810668945,2.384185791015625e-07,0.0,1609701731.3643425,1609701731.6119227,0.24758028984069824,1609701731.4098294,1609701731.4181187,0.008289337158203125
9ef131f3544e41a7a907de8054e37d46,k-means,warm,exec,queue,0.026190996170043945,2.384185791015625e-07,2.384185791015625e-07,1609701731.3659048,1609701731.6998003,0.3338954448699951,1609701731.4194427,1609701731.4263878,0.006945133209228516
ba04f67a95d04b21ad13c58cd54aaa04,k-means,warm,exec,queue,0.03054022789001465,2.384185791015625e-07,2.384185791015625e-07,1609701731.367601,1609701731.4885166,0.12091565132141113,1609701731.4209542,1609701731.4258986,0.004944324493408203
20f5af43036449e9bc8fe0837bddb1ea,k-means,warm,exec,queue,0.03547263145446777,2.384185791015625e-07,0.0,1609701731.369163,1609701731.8128498,0.44368672370910645,1609701731.4256647,1609701731.432349,0.006684303283691406
858be31af46a4c338a9f0b33dc5fbb35,k-means,warm,exec,queue,0.009623527526855469,2.384185791015625e-07,2.384185791015625e-07,1609701731.3707142,1609701731.527842,0.15712785720825195,1609701731.3987472,1609701731.4072294,0.008482217788696289
c7f90076f10c4a338e831086ae1bdb2d,k-means,warm,exec,queue,0.06300091743469238,2.384185791015625e-07,2.384185791015625e-07,1609701731.3722744,1609701731.5925717,0.22029733657836914,1609701731.4597757,1609701731.466145,0.006369352340698242
123c532c8ef242b3b485bd4d25e054a7,k-means,warm,exec,queue,0.06785416603088379,4.76837158203125e-07,0.0,1609701731.3739529,1609701731.5894554,0.21550250053405762,1609701731.46515,1609701731.4710324,0.00588226318359375
142d2c0b25db4a3ea49cb5dfd0de54cf,video,warm,exec,queue,0.01645350456237793,4.76837158203125e-07,2.384185791015625e-07,1609701731.375491,1609701731.6369421,0.26145124435424805,1609701731.42041,1609701731.4381127,0.017702817916870117
887c578b4e71485d87a0ef81569d5f70,k-means,warm,exec,queue,8.20159912109375e-05,7.152557373046875e-07,2.384185791015625e-07,1609701732.3463573,1609701732.5094945,0.16313719749450684,1609701732.3941424,1609701732.4027848,0.008642435073852539
bd0e4f3ce5474a2591e9098d43d05840,k-means,warm,exec,queue,0.006274700164794922,2.384185791015625e-07,2.384185791015625e-07,1609701732.3508053,1609701732.5089085,0.15810322761535645,1609701732.394189,1609701732.4026995,0.008510589599609375
be99a4c9261a4865aa27a13f102efbbe,k-means,warm,exec,queue,0.011455774307250977,2.384185791015625e-07,7.152557373046875e-07,1609701732.3534613,1609701732.5121398,0.15867853164672852,1609701732.3993204,1609701732.4078896,0.00856924057006836
f7fbd238ea6b481f966cb4e4e96c6033,k-means,warm,exec,queue,0.015932321548461914,2.384185791015625e-07,2.384185791015625e-07,1609701732.35608,1609701732.570931,0.21485090255737305,1609701732.4048128,1609701732.4134483,0.008635520935058594
604a72d03c8f4c64a091a0eee3d37d24,k-means,warm,exec,queue,0.02131199836730957,2.384185791015625e-07,0.0,1609701732.3590052,1609701732.512736,0.1537308692932129,1609701732.4106662,1609701732.4170687,0.006402492523193359
ba61acfbc0b14090becf80bb285ff5cd,k-means,warm,exec,queue,0.026618480682373047,2.384185791015625e-07,2.384185791015625e-07,1609701732.3611255,1609701732.568879,0.20775341987609863,1609701732.4151769,1609701732.4199555,0.004778623580932617
2fcd037f7ed34b3b9145d1dbb6de5766,k-means,warm,exec,queue,0.03151535987854004,2.384185791015625e-07,0.0,1609701732.3627143,1609701732.6864045,0.32369017601013184,1609701732.4220836,1609701732.4272766,0.005192995071411133
e3f86fd799814d26aa89edd2c3fe3488,k-means,warm,exec,queue,0.036424875259399414,2.384185791015625e-07,2.384185791015625e-07,1609701732.3643143,1609701732.5713863,0.20707201957702637,1609701732.4256809,1609701732.4319975,0.006316661834716797
27d0a1c706a54b878fb2048e31803816,k-means,warm,exec,queue,0.042015790939331055,2.384185791015625e-07,0.0,1609701732.3659048,1609701732.5639107,0.19800591468811035,1609701732.4332237,1609701732.4399614,0.006737709045410156
c06374536adf44169d03e659fa6eb8f9,k-means,warm,exec,queue,0.047414541244506836,2.384185791015625e-07,2.384185791015625e-07,1609701732.3676138,1609701732.5060503,0.13843655586242676,1609701732.43767,1609701732.4436362,0.0059661865234375
45cb2dfb201d4514a96da3e847dadc3e,k-means,warm,exec,queue,0.052152156829833984,4.76837158203125e-07,4.76837158203125e-07,1609701732.369215,1609701732.568388,0.1991729736328125,1609701732.4433825,1609701732.4488366,0.005454063415527344
015949b1392e493cbb73758d4cd1ffae,k-means,warm,exec,queue,0.05697035789489746,2.384185791015625e-07,0.0,1609701732.3707972,1609701732.5656998,0.19490265846252441,1609701732.449092,1609701732.4553776,0.006285667419433594
5af9f705f5ed455baad4bd02e6d0de57,k-means,warm,exec,queue,0.061563730239868164,2.384185791015625e-07,2.384185791015625e-07,1609701732.3723862,1609701732.6154196,0.24303340911865234,1609701732.4542816,1609701732.4606993,0.006417751312255859
05a5eb998db942d99367902b051cc1e2,k-means,warm,exec,queue,0.0076940059661865234,7.152557373046875e-07,2.384185791015625e-07,1609701733.3539228,1609701733.4937866,0.1398637294769287,1609701733.4170988,1609701733.4253964,0.00829768180847168
9c67ac7003f7458eae1cb0a024c88b7c,k-means,warm,exec,queue,0.05634808540344238,2.384185791015625e-07,2.384185791015625e-07,1609701733.3583543,1609701733.5616715,0.20331716537475586,1609701733.4680073,1609701733.4742277,0.006220340728759766
799d0fd15cee49ecb49da0432ebadeb4,k-means,warm,exec,queue,0.02294301986694336,4.76837158203125e-07,2.384185791015625e-07,1609701733.3609474,1609701733.563906,0.2029585838317871,1609701733.4286532,1609701733.4370704,0.008417129516601562
82ca18fde01c42bda7aa03b4c5338627,k-means,warm,exec,queue,0.028615713119506836,2.384185791015625e-07,0.0,1609701733.363517,1609701733.5237658,0.1602487564086914,1609701733.438701,1609701733.445904,0.007203102111816406
e84a736a02b34cf99e5e88e8c9113a88,k-means,warm,exec,queue,0.061807870864868164,4.76837158203125e-07,0.0,1609701733.3664768,1609701733.641039,0.27456212043762207,1609701733.4739518,1609701733.4799418,0.005990028381347656
7e0459e1ca22482e98595eeba9cd0da5,k-means,warm,exec,queue,0.03380131721496582,4.76837158203125e-07,2.384185791015625e-07,1609701733.3688517,1609701733.5572324,0.18838071823120117,1609701733.4408095,1609701733.447238,0.00642848014831543
ae27fabc59b24c3bae6e6793254ff12a,k-means,warm,exec,queue,0.03845667839050293,2.384185791015625e-07,2.384185791015625e-07,1609701733.3704119,1609701733.5589466,0.18853473663330078,1609701733.4450321,1609701733.4515,0.0064678192138671875
3c8922d4d81940a0b3fe3701137e2ffd,k-means,warm,exec,queue,0.04373478889465332,2.384185791015625e-07,2.384185791015625e-07,1609701733.3719645,1609701733.6576023,0.28563785552978516,1609701733.453214,1609701733.4599059,0.006691932678222656
f6092e9ff8fb4be4a4e8317d6a429232,k-means,warm,exec,queue,0.048697710037231445,2.384185791015625e-07,2.384185791015625e-07,1609701733.373661,1609701733.7104127,0.33675169944763184,1609701733.4577594,1609701733.464704,0.0069446563720703125
b601dbe5cf7940b1bc7f23c2fa83f45e,k-means,warm,exec,queue,0.05410456657409668,4.76837158203125e-07,2.384185791015625e-07,1609701733.375213,1609701733.7751148,0.3999018669128418,1609701733.4645522,1609701733.47099,0.006437778472900391
eb9a31487293416abcea7dd5bc2aa80e,k-means,warm,exec,queue,0.017571210861206055,2.384185791015625e-07,0.0,1609701733.3767753,1609701733.562267,0.18549180030822754,1609701733.4226484,1609701733.4323065,0.009658098220825195
f29341ff86974d77a9cf48a9de161748,k-means,warm,exec,queue,0.012880086898803711,2.384185791015625e-07,2.384185791015625e-07,1609701733.3783257,1609701733.4918232,0.11349749565124512,1609701733.417345,1609701733.4256313,0.008286237716674805
fa20b6d6567249dfb037c20591e0ea44,k-means,warm,exec,queue,0.06714725494384766,2.384185791015625e-07,0.0,1609701733.3799875,1609701733.6439707,0.26398324966430664,1609701733.4798615,1609701733.4863956,0.006534099578857422
c92e614e7f2444b6b69470379db37be5,k-means,warm,exec,queue,0.07274651527404785,2.384185791015625e-07,2.384185791015625e-07,1609701733.3815577,1609701733.893785,0.5122272968292236,1609701733.4875178,1609701733.4933276,0.005809783935546875
15f8ddbc69814e4a8a703289f1ee32db,k-means,warm,exec,queue,0.07781195640563965,4.76837158203125e-07,2.384185791015625e-07,1609701733.383099,1609701733.7525256,0.3694264888763428,1609701733.4948726,1609701733.5022292,0.0073566436767578125
96bde6caf47348b599cc197601fb3b4a,k-means,warm,exec,queue,0.0826411247253418,2.384185791015625e-07,0.0,1609701733.3846476,1609701733.7546194,0.36997175216674805,1609701733.4980311,1609701733.5028002,0.004769086837768555
5d966aacd8e54358a604ed3149cdcb24,k-means,warm,exec,queue,0.08752918243408203,2.384185791015625e-07,2.384185791015625e-07,1609701733.3862698,1609701733.8516517,0.4653818607330322,1609701733.5019472,1609701733.5065846,0.004637479782104492
ca59d49b350a40d3bd1962e6bc0f390b,video,warm,exec,queue,0.01682448387145996,2.384185791015625e-07,0.0,1609701733.3877993,1609701733.6445951,0.25679588317871094,1609701733.43961,1609701733.4576094,0.01799941062927246
39dc0f0df98842389e3c6949973a9fa7,disk,warm,exec,queue,0.02058887481689453,2.384185791015625e-07,2.384185791015625e-07,1609701733.389374,1609701733.525468,0.1360940933227539,1609701733.441072,1609701733.4503992,0.009327173233032227
bf90ed82274c4ca58e644e73e0e8ea76,k-means,warm,exec,queue,0.004362583160400391,2.384185791015625e-07,2.384185791015625e-07,1609701734.3432074,1609701734.644441,0.30123353004455566,1609701734.3880951,1609701734.3966513,0.008556127548217773
d6409b3d5172410a9ce8de672d12a2e9,disk,warm,exec,queue,0.019956111907958984,2.384185791015625e-07,0.0,1609701734.347397,1609701734.7443159,0.39691877365112305,1609701734.4114323,1609701734.4194305,0.007998228073120117
19a365c1916c49e3be2248eef7570650,k-means,warm,exec,queue,0.047321319580078125,4.76837158203125e-07,2.384185791015625e-07,1609701734.3500478,1609701734.839215,0.4891672134399414,1609701734.4327166,1609701734.4395237,0.006807088851928711
069c197135f74ef89b75b7f937a2793f,k-means,warm,exec,queue,0.04267168045043945,2.384185791015625e-07,0.0,1609701734.3526719,1609701734.8371665,0.484494686126709,1609701734.4280944,1609701734.4355578,0.0074634552001953125
6601eca075a54ed1891557f7e29cb890,k-means,warm,exec,queue,0.03773903846740723,2.384185791015625e-07,0.0,1609701734.35574,1609701734.6955812,0.3398411273956299,1609701734.422032,1609701734.4298425,0.007810354232788086
2a521fadd2274a0ca20a98f5d0ff94d2,k-means,warm,exec,queue,0.03286933898925781,4.76837158203125e-07,4.76837158203125e-07,1609701734.3576891,1609701734.59387,0.23618078231811523,1609701734.4166038,1609701734.4233844,0.0067806243896484375
e1833540a251451cad32cb5c05754a78,k-means,warm,exec,queue,0.008155345916748047,7.152557373046875e-07,2.384185791015625e-07,1609701734.3592758,1609701734.552758,0.1934821605682373,1609701734.3876307,1609701734.3963437,0.008713006973266602
0db5335eac794f5dba376ea0b0c0e853,k-means,warm,exec,queue,0.012980222702026367,2.384185791015625e-07,4.76837158203125e-07,1609701734.3608932,1609701734.554521,0.19362783432006836,1609701734.3920655,1609701734.4004657,0.008400201797485352
c0ffa9780b134fa7a3278de15acea17b,k-means,warm,exec,queue,0.017386913299560547,2.384185791015625e-07,4.76837158203125e-07,1609701734.3624585,1609701734.745985,0.3835265636444092,1609701734.396934,1609701734.4056337,0.008699655532836914
b57bd218ab604177a72deceb7371e2e8,k-means,warm,exec,queue,0.022643089294433594,4.76837158203125e-07,2.384185791015625e-07,1609701734.3641312,1609701734.8780587,0.5139274597167969,1609701734.4102492,1609701734.4185884,0.008339166641235352
517a273329ab4cfa88c0b27eaf707082,k-means,warm,exec,queue,0.030108928680419922,2.384185791015625e-07,2.384185791015625e-07,1609701734.3657029,1609701734.710542,0.34483909606933594,1609701734.4156127,1609701734.4220235,0.006410837173461914
80bc766188d14127b68c343f4a230ebb,k-means,warm,exec,queue,0.0012450218200683594,4.76837158203125e-07,2.384185791015625e-07,1609701735.3541114,1609701735.5059042,0.1517927646636963,1609701735.416141,1609701735.4243,0.00815892219543457
bae5668509424f8788e1b6a2f1419ca9,k-means,warm,exec,queue,0.057447195053100586,4.76837158203125e-07,2.384185791015625e-07,1609701735.358341,1609701736.537485,1.1791439056396484,1609701735.473002,1609701735.4796367,0.006634712219238281
a8addcf7f8d843e1be1fdc0c46f2f3c8,k-means,warm,exec,queue,0.06287050247192383,4.76837158203125e-07,4.76837158203125e-07,1609701735.3609111,1609701736.2762191,0.9153079986572266,1609701735.4797058,1609701735.488154,0.008448123931884766
fdc00580a8c848409f90720c66f3a65b,k-means,warm,exec,queue,0.06763625144958496,2.384185791015625e-07,2.384185791015625e-07,1609701735.3634586,1609701735.9009135,0.5374548435211182,1609701735.4866695,1609701735.493397,0.006727457046508789
1c8857be6c5d41429a33f4ee5b93ffe4,k-means,warm,exec,queue,0.07233977317810059,0.0,0.0,1609701735.3654943,1609701736.5369146,1.1714203357696533,1609701735.4892297,1609701735.4951446,0.005914926528930664
0e242fde3a0a460795abc570d31bdde2,k-means,warm,exec,queue,0.00922393798828125,4.76837158203125e-07,2.384185791015625e-07,1609701735.367012,1609701735.5047958,0.13778376579284668,1609701735.4174364,1609701735.4252152,0.00777888298034668
606ba2f137b647a48013ba11ac7c49bb,k-means,warm,exec,queue,0.013497352600097656,2.384185791015625e-07,0.0,1609701735.3685572,1609701736.471991,1.1034338474273682,1609701735.4194684,1609701735.427987,0.008518695831298828
a89d7166b10b435f9337fbb9d06cfb97,k-means,warm,exec,queue,0.018922805786132812,4.76837158203125e-07,2.384185791015625e-07,1609701735.3700862,1609701735.794638,0.42455172538757324,1609701735.42643,1609701735.4345968,0.008166790008544922
8ea8005b6b4745fa9f36f34f4b78e8f8,k-means,warm,exec,queue,0.024081707000732422,2.384185791015625e-07,4.76837158203125e-07,1609701735.3717535,1609701736.5336478,1.1618943214416504,1609701735.4408302,1609701735.4491076,0.008277416229248047
dc13c4a691ee4d8c88ec9e9f32183319,k-means,warm,exec,queue,0.031491756439208984,2.384185791015625e-07,2.384185791015625e-07,1609701735.3733065,1609701736.5972636,1.2239570617675781,1609701735.4444687,1609701735.4519808,0.007512092590332031
53ef3fb976b34619824bcb28f7d839e6,k-means,warm,exec,queue,0.0386960506439209,2.384185791015625e-07,0.0,1609701735.3748467,1609701736.5991232,1.2242765426635742,1609701735.4466913,1609701735.4535081,0.006816864013671875
7bbcca271c3149dea367930dac49e34f,k-means,warm,exec,queue,0.043271541595458984,2.384185791015625e-07,2.384185791015625e-07,1609701735.3764005,1609701735.792858,0.4164574146270752,1609701735.4508183,1609701735.4585295,0.007711172103881836
abec0fadd7494a999c020e1001c682a8,k-means,warm,exec,queue,0.04979062080383301,7.152557373046875e-07,2.384185791015625e-07,1609701735.3780742,1609701736.2778647,0.8997905254364014,1609701735.4683554,1609701735.476097,0.007741689682006836
f73c11a279734326b82e87f81fb52044,k-means,warm,exec,queue,0.05730295181274414,4.76837158203125e-07,2.384185791015625e-07,1609701735.3796072,1609701736.5342574,1.1546502113342285,1609701735.4720588,1609701735.478658,0.0065991878509521484
47e2587e04f643c191fa7c08a09444c9,video,warm,exec,queue,0.024544477462768555,2.384185791015625e-07,0.0,1609701735.3811638,1609701736.5305886,1.1494247913360596,1609701735.445021,1609701735.4633055,0.01828455924987793
20386d3162d341e885b02059190088fa,matmul,warm,exec,queue,0.025074005126953125,2.384185791015625e-07,2.384185791015625e-07,1609701735.3827097,1609701736.3866267,1.0039169788360596,1609701735.4446309,1609701735.4550443,0.010413408279418945
624ff61f987642698c8806e8a19dd3b8,map_reduce,warm,exec,queue,0.029482364654541016,2.384185791015625e-07,2.384185791015625e-07,1609701735.3843765,1609701736.388424,1.0040473937988281,1609701735.446143,1609701735.5311546,0.08501172065734863
c6e27eea98b54e3f90a50174e8b0c6c6,image,cold,exec,create,0.03212141990661621,4.543444395065308,4.76837158203125e-07,1609701735.3859203,1609701740.0788429,4.692922592163086,1609701739.989088,1609701740.01246,0.02337193489074707
9191111a2f9349c8abd12dbdbd687880,linpack,cold,exec,create,0.04326510429382324,5.030275821685791,2.384185791015625e-07,1609701735.3874538,1609701740.8414645,5.454010725021362,1609701740.4864182,1609701740.5292838,0.04286551475524902
8a2fff58a81e41759352751926ffc62d,k-means,warm,exec,queue,7.486343383789062e-05,4.76837158203125e-07,0.0,1609701736.3446634,1609701737.2680533,0.9233899116516113,1609701736.3894777,1609701736.3976119,0.008134126663208008
c9848b079f814c06970f47dc45e9157d,k-means,warm,exec,queue,0.0071964263916015625,4.76837158203125e-07,2.384185791015625e-07,1609701736.3488467,1609701737.6985145,1.3496677875518799,1609701736.389457,1609701736.3967519,0.007294893264770508
4f4269075ddf4edfa6d9b1c67b4bb838,k-means,warm,exec,queue,0.012168169021606445,2.384185791015625e-07,2.384185791015625e-07,1609701736.3514495,1609701737.7727973,1.4213478565216064,1609701736.392306,1609701736.3997486,0.007442474365234375
99bddba8051b4331840516d6ccc29e68,k-means,warm,exec,queue,0.01649165153503418,2.384185791015625e-07,2.384185791015625e-07,1609701736.3545415,1609701737.4190774,1.0645358562469482,1609701736.3976367,1609701736.407192,0.009555339813232422
9dd3bf2eb0144f8a811d5fc3c15192c6,k-means,warm,exec,queue,0.0215606689453125,2.384185791015625e-07,0.0,1609701736.3568451,1609701737.6461954,1.2893502712249756,1609701736.4075475,1609701736.4152935,0.007745981216430664
8fa471d91d4c4417b3511b2c35f7c4c0,k-means,warm,exec,queue,0.026731014251708984,2.384185791015625e-07,2.384185791015625e-07,1609701736.3583553,1609701737.6962597,1.337904453277588,1609701736.4084795,1609701736.4144065,0.005927085876464844
d9598ddfcdc8455aaf27779e7755fa95,k-means,warm,exec,queue,0.03188180923461914,4.76837158203125e-07,2.384185791015625e-07,1609701736.359883,1609701737.5186853,1.1588022708892822,1609701736.4156697,1609701736.4227762,0.0071065425872802734
744504a82a6c4622b8cea0ba893a3ee9,k-means,warm,exec,queue,0.03647756576538086,4.76837158203125e-07,4.76837158203125e-07,1609701736.3615248,1609701737.7734337,1.4119088649749756,1609701736.4231339,1609701736.4304438,0.007309913635253906
0291565d333e4f128abcf0684ee5d350,k-means,warm,exec,queue,0.04174685478210449,2.384185791015625e-07,2.384185791015625e-07,1609701736.36305,1609701737.5862923,1.2232422828674316,1609701736.425318,1609701736.4305308,0.0052127838134765625
44d650ca1d0b457ba4db0211556c5d64,k-means,warm,exec,queue,0.04662013053894043,2.384185791015625e-07,2.384185791015625e-07,1609701736.3645668,1609701737.692912,1.3283452987670898,1609701736.4305592,1609701736.4364278,0.005868673324584961
79b96440cc164feda9f0a16c680a641a,k-means,warm,exec,queue,0.05148887634277344,4.76837158203125e-07,2.384185791015625e-07,1609701736.3661444,1609701737.5205867,1.154442310333252,1609701736.4371736,1609701736.443082,0.005908489227294922
03a104197f3744d9ac4d6e51ab9c71a8,k-means,warm,exec,queue,0.004555940628051758,7.152557373046875e-07,2.384185791015625e-07,1609701737.3508217,1609701737.8237412,0.4729194641113281,1609701737.3769555,1609701737.384859,0.007903575897216797
0e3255e4f2bf4a3fba4611beafd08896,k-means,warm,exec,queue,0.01820540428161621,2.384185791015625e-07,2.384185791015625e-07,1609701737.3559005,1609701737.6911302,0.33522963523864746,1609701737.4014192,1609701737.4101117,0.008692502975463867
4e946aa4187949a79839d0341f6a2a14,k-means,warm,exec,queue,0.00792074203491211,7.152557373046875e-07,2.384185791015625e-07,1609701737.3585649,1609701737.5884006,0.22983574867248535,1609701737.3817766,1609701737.3898942,0.00811767578125
59d0e6c432bc4566b906e1d21d618bd8,k-means,warm,exec,queue,0.01298975944519043,2.384185791015625e-07,2.384185791015625e-07,1609701737.361204,1609701738.4654486,1.1042447090148926,1609701737.3873363,1609701737.3953135,0.00797724723815918
2275e534a34c404aaae128c480c8e295,k-means,warm,exec,queue,0.010721445083618164,2.384185791015625e-07,0.0,1609701737.3660052,1609701738.0591714,0.6931662559509277,1609701737.4029768,1609701737.4103377,0.007360935211181641
51c3fe2e5b4f4e488eef21338b10dd07,k-means,warm,exec,queue,0.024726390838623047,7.152557373046875e-07,0.0,1609701737.3689172,1609701738.467268,1.0983507633209229,1609701737.4212976,1609701737.4283428,0.007045269012451172
365f6e3454f34a808edda4b9df77c67e,k-means,warm,exec,queue,0.029888629913330078,4.76837158203125e-07,2.384185791015625e-07,1609701737.3704593,1609701737.6956272,0.3251678943634033,1609701737.4266884,1609701737.4337132,0.0070247650146484375
5ae848655ee1471090fbab4257524ec5,k-means,warm,exec,queue,0.035352230072021484,4.76837158203125e-07,2.384185791015625e-07,1609701737.37198,1609701737.8220603,0.45008039474487305,1609701737.4304295,1609701737.4367063,0.006276845932006836
adcbab19af7941eeba69ae3080627fba,k-means,warm,exec,queue,0.04083871841430664,2.384185791015625e-07,4.76837158203125e-07,1609701737.374708,1609701737.8203223,0.4456143379211426,1609701737.436124,1609701737.4422004,0.006076335906982422
deba08ad4a4141ee87d128d5af30d949,k-means,warm,exec,queue,0.04556393623352051,4.76837158203125e-07,2.384185791015625e-07,1609701737.376239,1609701738.4676256,1.0913865566253662,1609701737.442816,1609701737.4481556,0.005339622497558594
0a8af0403e074cfabd3c387994b5b795,k-means,warm,exec,queue,0.014283180236816406,2.384185791015625e-07,0.0,1609701737.377743,1609701738.0585868,0.6808438301086426,1609701737.4046092,1609701737.4113464,0.006737232208251953
0c4516ce26884edd9c1785a5c0f6f01e,k-means,warm,exec,queue,0.019768476486206055,2.384185791015625e-07,0.0,1609701737.3792717,1609701738.0555565,0.6762847900390625,1609701737.4117134,1609701737.4198472,0.008133888244628906
14358c6fee0c4032b928f5fa95f428c5,video,warm,exec,queue,0.005561351776123047,2.384185791015625e-07,2.384185791015625e-07,1609701737.3809261,1609701737.698115,0.31718897819519043,1609701737.4031718,1609701737.4213161,0.01814436912536621
57f0936181b242d198275bb10a233f7b,k-means,warm,exec,queue,8.153915405273438e-05,2.384185791015625e-07,2.384185791015625e-07,1609701738.3515441,1609701738.5146916,0.1631474494934082,1609701738.3979328,1609701738.4055793,0.0076465606689453125
c29aa4b3a5d641f3a6350fd8c256177f,k-means,warm,exec,queue,0.007210493087768555,2.384185791015625e-07,0.0,1609701738.3554442,1609701738.5158179,0.16037368774414062,1609701738.3976536,1609701738.4051883,0.00753474235534668
8cacfa161e7a46afae27ac23ec9e793c,k-means,warm,exec,queue,0.01159811019897461,2.384185791015625e-07,4.76837158203125e-07,1609701738.3578527,1609701738.9518142,0.5939614772796631,1609701738.4024827,1609701738.411101,0.008618354797363281
58ed63dc716241d8b44d769bedee22a0,k-means,warm,exec,queue,0.015925168991088867,2.384185791015625e-07,2.384185791015625e-07,1609701738.3602278,1609701738.5168512,0.15662336349487305,1609701738.4069695,1609701738.4142654,0.007295846939086914
07403b8b806248a2a9a094d413a3b0d0,k-means,warm,exec,queue,0.020670413970947266,2.384185791015625e-07,0.0,1609701738.3620563,1609701738.9569983,0.5949420928955078,1609701738.4130573,1609701738.4193938,0.0063364505767822266
5a65583f2efd4bc3a1819b5ff2a251f1,k-means,warm,exec,queue,0.025754213333129883,2.384185791015625e-07,0.0,1609701738.3635292,1609701738.7047193,0.3411900997161865,1609701738.4188673,1609701738.4235294,0.004662036895751953
d0c0385acd9c4b31a33e0d38795793c4,k-means,warm,exec,queue,0.03064584732055664,2.384185791015625e-07,0.0,1609701738.3650367,1609701738.7010257,0.33598899841308594,1609701738.4242876,1609701738.431103,0.006815433502197266
136b21f79566426594a30eef921daea4,k-means,warm,exec,queue,0.03563857078552246,4.76837158203125e-07,4.76837158203125e-07,1609701738.366509,1609701738.7040803,0.337571382522583,1609701738.4294546,1609701738.4355755,0.006120920181274414
dc94992829344b89b47c14b7c325a3af,k-means,warm,exec,queue,0.04047417640686035,2.384185791015625e-07,0.0,1609701738.3679793,1609701738.751095,0.3831157684326172,1609701738.4334605,1609701738.4379234,0.0044629573822021484
9ca219ae750f4afcb325613cd801dd05,k-means,warm,exec,queue,0.045554399490356445,2.384185791015625e-07,0.0,1609701738.3696156,1609701738.8625214,0.492905855178833,1609701738.4402308,1609701738.4465334,0.006302595138549805
6f67caad78e547e69a5b551598bbc423,k-means,warm,exec,queue,0.05094027519226074,4.76837158203125e-07,2.384185791015625e-07,1609701738.3710916,1609701738.954803,0.5837113857269287,1609701738.445133,1609701738.4496922,0.00455927848815918
67e1749c63284c92973f027f93987657,k-means,warm,exec,queue,0.05553293228149414,4.76837158203125e-07,2.384185791015625e-07,1609701738.3726063,1609701738.9553862,0.5827798843383789,1609701738.451423,1609701738.458073,0.006649971008300781
96d1123abebc4d9aae9c8e6fef727011,k-means,warm,exec,queue,0.06044960021972656,2.384185791015625e-07,2.384185791015625e-07,1609701738.3740745,1609701738.859477,0.48540258407592773,1609701738.455285,1609701738.4594576,0.004172563552856445
2295f4c804a340d38a99c36171bfda36,k-means,warm,exec,queue,0.06599688529968262,2.384185791015625e-07,2.384185791015625e-07,1609701738.3756337,1609701738.863081,0.48744726181030273,1609701738.4644985,1609701738.471426,0.006927490234375
7c04acb8ae1c438ca0ef9d7867aec055,k-means,warm,exec,queue,0.00740814208984375,2.384185791015625e-07,2.384185791015625e-07,1609701739.348609,1609701739.4594393,0.11083030700683594,1609701739.3868403,1609701739.3945277,0.00768733024597168
4210da07b55c44e5bf1d20cf488b4e55,k-means,warm,exec,queue,0.030081987380981445,2.384185791015625e-07,0.0,1609701739.3526835,1609701739.4946547,0.14197111129760742,1609701739.4152346,1609701739.42263,0.007395505905151367
d144872ff7854f429c7595400661a47f,k-means,warm,exec,queue,0.03459763526916504,2.384185791015625e-07,0.0,1609701739.3552215,1609701739.733599,0.37837743759155273,1609701739.418218,1609701739.4225533,0.0043354034423828125
78c21d79042a4d1cbbcaedc49dec05e9,k-means,warm,exec,queue,0.040026187896728516,2.384185791015625e-07,0.0,1609701739.3572705,1609701739.598015,0.24074459075927734,1609701739.4258025,1609701739.4327114,0.006908893585205078
7350ab3f04d64862b50240a3ac0ee55b,k-means,warm,exec,queue,0.04504132270812988,2.384185791015625e-07,2.384185791015625e-07,1609701739.3588655,1609701739.597482,0.2386164665222168,1609701739.4296463,1609701739.4358327,0.006186485290527344
9b7908a2fbcc4742a2dd26dbe9af7eac,k-means,warm,exec,queue,0.0506284236907959,4.76837158203125e-07,2.384185791015625e-07,1609701739.3603077,1609701739.6363027,0.27599501609802246,1609701739.43607,1609701739.4420502,0.005980253219604492
92bc06dab07d4d239fdc51696ce869bb,k-means,warm,exec,queue,0.0562443733215332,2.384185791015625e-07,0.0,1609701739.3617387,1609701739.6381164,0.27637767791748047,1609701739.4415915,1609701739.4472327,0.00564122200012207
234d626f10ba4740bc5153333b0569a3,k-means,warm,exec,queue,0.02494502067565918,2.384185791015625e-07,2.384185791015625e-07,1609701739.3631556,1609701739.599442,0.23628640174865723,1609701739.407241,1609701739.41248,0.005239009857177734
aa8e9d0331764f9fa2d97e9208ba4c91,k-means,warm,exec,queue,0.020279407501220703,2.384185791015625e-07,2.384185791015625e-07,1609701739.3645928,1609701739.5947053,0.23011255264282227,1609701739.403201,1609701739.4093783,0.006177186965942383
f63767e17ce249599797e25f774d751d,k-means,warm,exec,queue,0.014909029006958008,2.384185791015625e-07,2.384185791015625e-07,1609701739.3661265,1609701739.4986575,0.13253092765808105,1609701739.3970988,1609701739.4048815,0.007782697677612305
67af1b3e2f0342e4bbfaf432ccf4d2b2,k-means,warm,exec,queue,0.011146783828735352,2.384185791015625e-07,0.0,1609701739.3675442,1609701739.499493,0.13194870948791504,1609701739.3920977,1609701739.3989604,0.006862640380859375
156202d444ae4759b6d5b2033b429a0b,video,warm,exec,queue,0.01964592933654785,2.384185791015625e-07,2.384185791015625e-07,1609701739.3689945,1609701739.5359964,0.16700196266174316,1609701739.402922,1609701739.4195364,0.016614437103271484
0c90e3db9175426d8651d210b2e6dbf3,k-means,warm,exec,queue,7.748603820800781e-05,4.76837158203125e-07,2.384185791015625e-07,1609701740.349217,1609701740.48942,0.14020299911499023,1609701740.3913777,1609701740.3980057,0.0066280364990234375
be90aa78f842496d9eec594df93578c7,k-means,warm,exec,queue,0.009193897247314453,4.76837158203125e-07,2.384185791015625e-07,1609701740.3525755,1609701740.5416014,0.18902587890625,1609701740.3923109,1609701740.4011815,0.008870601654052734
5aaa78e562d04983bbe608eda375031e,matmul,warm,exec,queue,0.027760982513427734,7.152557373046875e-07,2.384185791015625e-07,1609701740.354037,1609701740.5824869,0.22844982147216797,1609701740.4198968,1609701740.4304843,0.010587453842163086
535eac42bbde496c8e55578b88c38c48,k-means,warm,exec,queue,0.021824359893798828,7.152557373046875e-07,2.384185791015625e-07,1609701740.355472,1609701740.6240563,0.2685842514038086,1609701740.420469,1609701740.4294946,0.00902557373046875
e94485de19ab424aab5a07f22355e015,k-means,warm,exec,queue,0.029647111892700195,9.5367431640625e-07,2.384185791015625e-07,1609701740.3570967,1609701740.5397377,0.18264102935791016,1609701740.4211566,1609701740.4267395,0.0055828094482421875
b2a16dd0b50542fb8e2ee1c02f1e6675,k-means,warm,exec,queue,0.035466670989990234,4.76837158203125e-07,4.76837158203125e-07,1609701740.3585267,1609701740.625873,0.2673463821411133,1609701740.422255,1609701740.428975,0.006720066070556641
08a51d860ac443d0b5c36af8e4b71f44,k-means,warm,exec,queue,0.039757728576660156,4.76837158203125e-07,2.384185791015625e-07,1609701740.3599544,1609701740.5844398,0.2244853973388672,1609701740.4269638,1609701740.4338026,0.006838798522949219
8daf803472f04867a673d26f56796462,k-means,warm,exec,queue,0.04490995407104492,7.152557373046875e-07,2.384185791015625e-07,1609701740.3613977,1609701740.737174,0.3757762908935547,1609701740.446166,1609701740.4537306,0.007564544677734375
e333ebe4f3ae4fdc886e8a2441308986,k-means,warm,exec,queue,0.04972076416015625,4.76837158203125e-07,4.76837158203125e-07,1609701740.3628323,1609701740.8431938,0.4803614616394043,1609701740.4523563,1609701740.4589891,0.006632804870605469
e4b79cc7a83646bab4753b685041a11f,k-means,warm,exec,queue,0.05817985534667969,4.76837158203125e-07,7.152557373046875e-07,1609701740.364397,1609701740.7350671,0.3706700801849365,1609701740.4531906,1609701740.4599218,0.006731271743774414
c2ea676021da4ab196104470123dee62,k-means,warm,exec,queue,0.06307053565979004,4.76837158203125e-07,2.384185791015625e-07,1609701740.365827,1609701740.7355962,0.3697690963745117,1609701740.4535017,1609701740.4590917,0.005589962005615234
03e85a9022584e3d8e023a22376b9e8e,k-means,warm,exec,queue,0.006929159164428711,2.384185791015625e-07,2.384185791015625e-07,1609701741.344244,1609701741.46161,0.11736607551574707,1609701741.3780441,1609701741.3852894,0.007245302200317383
e1845dad2b0f4dc99d7a40d9c761cc6a,video,warm,exec,queue,0.017789840698242188,2.384185791015625e-07,0.0,1609701741.3475776,1609701741.5535853,0.206007719039917,1609701741.3940468,1609701741.4102786,0.016231775283813477
efdf695cc55647e89fb15661549da120,k-means,warm,exec,queue,0.024972915649414062,2.384185791015625e-07,4.76837158203125e-07,1609701741.3490512,1609701741.5266917,0.17764043807983398,1609701741.3990357,1609701741.40406,0.0050241947174072266
6934e25689f445119df2b8f1222f23b0,k-means,warm,exec,queue,0.030099868774414062,4.76837158203125e-07,4.76837158203125e-07,1609701741.3504734,1609701741.5313811,0.1809077262878418,1609701741.4091563,1609701741.4150543,0.005897998809814453
868a27abc3624bfbbd49e90338da7d2a,k-means,warm,exec,queue,0.03448200225830078,2.384185791015625e-07,2.384185791015625e-07,1609701741.3520813,1609701741.5308428,0.17876148223876953,1609701741.4102418,1609701741.4160218,0.00577998161315918
25cba4189b424a1da1892d7d2b2a7458,k-means,warm,exec,queue,0.039507389068603516,2.384185791015625e-07,2.384185791015625e-07,1609701741.3537164,1609701741.5283425,0.17462611198425293,1609701741.416933,1609701741.4235876,0.006654500961303711
c8623c487be24ae49e849435ea580860,k-means,warm,exec,queue,0.04448056221008301,2.384185791015625e-07,0.0,1609701741.3553321,1609701741.494972,0.13963985443115234,1609701741.42164,1609701741.426325,0.004685163497924805
0b2a7d357982463fb08431cec61c1109,k-means,warm,exec,queue,0.05016374588012695,2.384185791015625e-07,0.0,1609701741.3569412,1609701741.5509531,0.19401192665100098,1609701741.426787,1609701741.4324827,0.005695819854736328
8df5fe3bc9274d5b80c643d9e65bfbd2,k-means,warm,exec,queue,0.020506620407104492,4.76837158203125e-07,2.384185791015625e-07,1609701741.3583589,1609701741.5522861,0.19392728805541992,1609701741.3940837,1609701741.4006054,0.006521701812744141
6c685e8f4c1d49c89c2e0128de2fe1b2,k-means,warm,exec,queue,0.010717630386352539,2.384185791015625e-07,0.0,1609701741.3598895,1609701741.459828,0.09993839263916016,1609701741.3831391,1609701741.390882,0.007742881774902344
a329b1cae0d74122826d88601f6eefd7,k-means,warm,exec,queue,0.015191078186035156,4.76837158203125e-07,2.384185791015625e-07,1609701741.3613188,1609701741.4933314,0.13201260566711426,1609701741.3886206,1609701741.3962543,0.007633686065673828
e24ec43ae98d487ab15162ef7417be76,k-means,warm,exec,queue,0.010755777359008789,2.384185791015625e-07,2.384185791015625e-07,1609701742.3556428,1609701742.482007,0.12636423110961914,1609701742.4014614,1609701742.4089177,0.007456302642822266
9a3fd5552b0a4bc5b7e5294782c0a65b,k-means,warm,exec,queue,0.024637937545776367,4.76837158203125e-07,2.384185791015625e-07,1609701742.359682,1609701742.5238967,0.1642146110534668,1609701742.419448,1609701742.424946,0.005498170852661133
724fbe0ec8414481b13bafa220be04de,k-means,warm,exec,queue,0.02958059310913086,7.152557373046875e-07,4.76837158203125e-07,1609701742.3611717,1609701742.6004815,0.23930978775024414,1609701742.4250698,1609701742.430332,0.005262136459350586
0c5dfda8da4b45969ef2e7ce08fd66e9,k-means,warm,exec,queue,0.034363508224487305,2.384185791015625e-07,2.384185791015625e-07,1609701742.362606,1609701742.5245023,0.1618962287902832,1609701742.4280968,1609701742.434402,0.006305217742919922
9596308d284946e68b34cdd7a65856ca,k-means,warm,exec,queue,0.03962087631225586,4.76837158203125e-07,0.0,1609701742.3642554,1609701742.5468779,0.18262243270874023,1609701742.4349484,1609701742.4408195,0.0058710575103759766
263aff6453cb4fa58400ba19126070b7,k-means,warm,exec,queue,0.044507741928100586,2.384185791015625e-07,2.384185791015625e-07,1609701742.3658235,1609701742.5982616,0.2324380874633789,1609701742.440221,1609701742.4458902,0.005669116973876953
bbd590c77e774fecac591d9aead6e335,k-means,warm,exec,queue,0.04969334602355957,2.384185791015625e-07,2.384185791015625e-07,1609701742.3673859,1609701742.6921887,0.32480287551879883,1609701742.446924,1609701742.453352,0.0064280033111572266
90b3517b489e4f30beb6daec2ace8d3b,k-means,warm,exec,queue,0.05437517166137695,7.152557373046875e-07,2.384185791015625e-07,1609701742.3689272,1609701742.5452752,0.17634797096252441,1609701742.4517913,1609701742.4577098,0.0059185028076171875
3da6f2aec8954fd681d04ca5c1820811,k-means,warm,exec,queue,0.05900859832763672,4.76837158203125e-07,2.384185791015625e-07,1609701742.37038,1609701742.550024,0.17964410781860352,1609701742.4558182,1609701742.4615936,0.00577545166015625
48de40ea2673409ea42aec753c59f41e,k-means,warm,exec,queue,0.0642085075378418,2.384185791015625e-07,0.0,1609701742.3719304,1609701742.548462,0.17653155326843262,1609701742.463156,1609701742.4696212,0.00646519660949707
80e2d5566a2f496484068f9aa06deb7a,k-means,warm,exec,queue,0.014727115631103516,2.384185791015625e-07,2.384185791015625e-07,1609701742.3733752,1609701742.4803836,0.10700845718383789,1609701742.4062893,1609701742.4139135,0.007624149322509766
d468105621cb4bd0b282cac121013c98,k-means,warm,exec,queue,0.01976299285888672,2.384185791015625e-07,2.384185791015625e-07,1609701742.3748085,1609701742.5212321,0.1464235782623291,1609701742.4122488,1609701742.419329,0.007080078125
13f3e016968043cf87e113737d34d442,k-means,warm,exec,queue,0.06931519508361816,2.384185791015625e-07,2.384185791015625e-07,1609701742.3762662,1609701742.6916993,0.3154330253601074,1609701742.467746,1609701742.4722733,0.00452733039855957
ddfd35d4cc524b44837334c3330a57ea,k-means,warm,exec,queue,0.07461738586425781,4.76837158203125e-07,0.0,1609701742.377788,1609701742.6486998,0.27091169357299805,1609701742.4756017,1609701742.4820707,0.006469011306762695
9e1e0e0d6b684c60a664c24b60d00476,k-means,warm,exec,queue,0.07969808578491211,4.76837158203125e-07,4.76837158203125e-07,1609701742.3792322,1609701742.7327802,0.3535480499267578,1609701742.4820373,1609701742.4890106,0.0069732666015625
e30989fbc5004150af4659f6801d5ac5,k-means,warm,exec,queue,0.00360107421875,2.384185791015625e-07,2.384185791015625e-07,1609701743.3514516,1609701743.4904244,0.13897275924682617,1609701743.3890982,1609701743.3967867,0.0076885223388671875
710e367e4849460ca3564a169c187f7d,video,warm,exec,queue,0.01672816276550293,2.384185791015625e-07,4.76837158203125e-07,1609701743.3549204,1609701743.7575965,0.4026761054992676,1609701743.4142704,1609701743.4297178,0.015447378158569336
4223fd28937b402abd927fad9a992451,k-means,warm,exec,queue,0.04972648620605469,4.76837158203125e-07,2.384185791015625e-07,1609701743.3564212,1609701743.615617,0.25919580459594727,1609701743.4372604,1609701743.4429448,0.005684375762939453
02a3f7c16e944cd59c8821b353695b0a,k-means,warm,exec,queue,0.044913530349731445,2.384185791015625e-07,0.0,1609701743.3578854,1609701743.5143173,0.1564319133758545,1609701743.430736,1609701743.4363265,0.0055904388427734375
f9dcf10e55334384b64a699743b003fa,k-means,warm,exec,queue,0.03968167304992676,2.384185791015625e-07,0.0,1609701743.3595235,1609701743.5693133,0.20978975296020508,1609701743.4255702,1609701743.432466,0.006895780563354492
a97d81d18fb24370b1f3ac2f0dc81eb3,k-means,warm,exec,queue,0.03443098068237305,2.384185791015625e-07,0.0,1609701743.3610127,1609701743.701587,0.3405742645263672,1609701743.4186442,1609701743.4243054,0.0056612491607666016
119ac2a7e885401e9e0c7ade3fa4382b,k-means,warm,exec,queue,0.02947378158569336,9.5367431640625e-07,4.76837158203125e-07,1609701743.362476,1609701743.49221,0.12973380088806152,1609701743.416416,1609701743.4234738,0.007057905197143555
6e01e84ecbb14a3781abad270dfbb8a6,k-means,warm,exec,queue,0.00899505615234375,4.76837158203125e-07,0.0,1609701743.3639135,1609701743.493802,0.12988853454589844,1609701743.389292,1609701743.3969698,0.007677793502807617
e3757b54fc914e40b3ec9999b8799f93,k-means,warm,exec,queue,0.013813972473144531,2.384185791015625e-07,0.0,1609701743.365381,1609701743.5687327,0.20335173606872559,1609701743.3937144,1609701743.400231,0.006516456604003906
c584ac81a42b4181829ef507aa0484c6,k-means,warm,exec,queue,0.019004344940185547,2.384185791015625e-07,2.384185791015625e-07,1609701743.366934,1609701743.5658412,0.19890713691711426,1609701743.4004333,1609701743.4079545,0.007521152496337891
f56f4c8f22b74f2ebc5652d35180eee4,k-means,warm,exec,queue,0.026340723037719727,2.384185791015625e-07,2.384185791015625e-07,1609701743.368392,1609701743.5934181,0.22502613067626953,1609701743.4144025,1609701743.4219031,0.007500648498535156
15252df78b7f434d944aa3e2df1c5c36,k-means,warm,exec,queue,8.392333984375e-05,4.76837158203125e-07,2.384185791015625e-07,1609701744.3535075,1609701744.4691212,0.11561369895935059,1609701744.3923028,1609701744.4005182,0.00821542739868164
7b6c91ab614c45dabbf7c7cac5fecf02,matmul,warm,exec,queue,0.020954370498657227,2.384185791015625e-07,0.0,1609701744.3579478,1609701744.4920056,0.13405776023864746,1609701744.4118905,1609701744.4231288,0.011238336563110352
9567fa4298b34a7daade5f88113b1662,k-means,warm,exec,queue,0.0040645599365234375,2.384185791015625e-07,0.0,1609701744.3606825,1609701744.4674935,0.1068110466003418,1609701744.3928652,1609701744.4013338,0.0084686279296875
a30517b1a02942aab051336094225d30,k-means,warm,exec,queue,0.009047508239746094,4.76837158203125e-07,2.384185791015625e-07,1609701744.3624036,1609701744.601144,0.2387404441833496,1609701744.3982875,1609701744.4068468,0.008559226989746094
d1b6a18190964a318cdb78c5f2f67a36,k-means,warm,exec,queue,0.013983011245727539,7.152557373046875e-07,2.384185791015625e-07,1609701744.364137,1609701744.5288785,0.16474151611328125,1609701744.4032996,1609701744.4118545,0.008554935455322266
12ca65a74d4b4cea9b06a80baf525a58,k-means,warm,exec,queue,0.020572423934936523,4.76837158203125e-07,0.0,1609701744.366067,1609701744.550517,0.1844501495361328,1609701744.4112911,1609701744.417995,0.006703853607177734
14d21a77ab4d4b00a500bad5f6a23e7e,k-means,warm,exec,queue,0.026137828826904297,2.384185791015625e-07,2.384185791015625e-07,1609701744.3677945,1609701744.5259461,0.15815162658691406,1609701744.4153779,1609701744.4206774,0.005299568176269531
ba6aa8efac3e4773a958aa8affd2859b,k-means,warm,exec,queue,0.031032562255859375,4.76837158203125e-07,2.384185791015625e-07,1609701744.369552,1609701744.6029863,0.23343443870544434,1609701744.420877,1609701744.4274776,0.006600618362426758
1df334878a1a4b14942c23986da92326,k-means,warm,exec,queue,0.035660505294799805,2.384185791015625e-07,2.384185791015625e-07,1609701744.3712964,1609701744.625911,0.25461459159851074,1609701744.428204,1609701744.4343684,0.0061643123626708984
fc14ec57e314447bbfbccb33937020d6,k-means,warm,exec,queue,0.04049539566040039,4.76837158203125e-07,2.384185791015625e-07,1609701744.373163,1609701744.529467,0.15630412101745605,1609701744.432213,1609701744.4385743,0.006361246109008789
3a77a7397da54676b6ca61a5877e4de0,k-means,warm,exec,queue,0.002859354019165039,4.76837158203125e-07,0.0,1609701745.3605952,1609701745.5101833,0.14958810806274414,1609701745.4211874,1609701745.4288464,0.007658958435058594
5e0afb03bb7146e1add7af4873e73bab,k-means,warm,exec,queue,0.03677487373352051,4.76837158203125e-07,2.384185791015625e-07,1609701745.3650644,1609701745.6610198,0.2959554195404053,1609701745.4492726,1609701745.4551466,0.005873918533325195
3cd9c7a40d9e45bdbe61683fcff348a3,k-means,warm,exec,queue,0.041521310806274414,4.76837158203125e-07,2.384185791015625e-07,1609701745.3677583,1609701745.9423552,0.5745968818664551,1609701745.4547374,1609701745.4619904,0.007252931594848633
41191abc76804d0eb97856a2e5118478,k-means,warm,exec,queue,0.046447038650512695,2.384185791015625e-07,7.152557373046875e-07,1609701745.3704693,1609701745.663644,0.29317474365234375,1609701745.4641998,1609701745.4709764,0.006776571273803711
9c698a17bdb544fd82940625b1cd0757,k-means,warm,exec,queue,0.05101966857910156,2.384185791015625e-07,4.76837158203125e-07,1609701745.3729615,1609701745.662264,0.2893025875091553,1609701745.4651759,1609701745.4714491,0.0062732696533203125
0a798b600b3443a48d90118d35964662,k-means,warm,exec,queue,0.055779218673706055,4.76837158203125e-07,4.76837158203125e-07,1609701745.3744981,1609701745.6648774,0.29037928581237793,1609701745.4704735,1609701745.4763978,0.005924224853515625
5cf27bc2492f4cc6a289f895827a3015,k-means,warm,exec,queue,0.060987234115600586,2.384185791015625e-07,0.0,1609701745.3760478,1609701745.6288853,0.2528374195098877,1609701745.4786687,1609701745.4872632,0.008594512939453125
d9dae53ea4924a64a2345dead24726a7,k-means,warm,exec,queue,0.03231239318847656,2.384185791015625e-07,0.0,1609701745.3776138,1609701745.6275132,0.24989938735961914,1609701745.4489422,1609701745.456453,0.0075109004974365234
6bceb3738bb2434b9a159f87cc0a9e2b,k-means,warm,exec,queue,0.027591943740844727,4.76837158203125e-07,2.384185791015625e-07,1609701745.37927,1609701745.74032,0.3610498905181885,1609701745.4447603,1609701745.4515412,0.006780862808227539
c544db03d7724066860c7ed6a3e6f858,k-means,warm,exec,queue,0.0217130184173584,2.384185791015625e-07,0.0,1609701745.3808382,1609701745.5534809,0.17264270782470703,1609701745.4328315,1609701745.4406672,0.007835626602172852
740f16fa12d947398ff0f4154a056201,k-means,warm,exec,queue,0.013471126556396484,2.384185791015625e-07,2.384185791015625e-07,1609701745.3823912,1609701745.5546548,0.17226362228393555,1609701745.4212654,1609701745.4290895,0.007824182510375977
4a763ea6875747ecb668b0fa6441295f,k-means,warm,exec,queue,0.018196582794189453,2.384185791015625e-07,0.0,1609701745.3839412,1609701745.5521982,0.1682569980621338,1609701745.4262998,1609701745.4341967,0.007896900177001953
66068d08924b427485f00f3e7e983e20,k-means,warm,exec,queue,0.06539726257324219,4.76837158203125e-07,4.76837158203125e-07,1609701745.3856056,1609701745.9251404,0.5395348072052002,1609701745.482046,1609701745.4892719,0.007225990295410156
7aaa1e64044141318aff99365e67899a,k-means,warm,exec,queue,0.06950783729553223,2.384185791015625e-07,2.384185791015625e-07,1609701745.3871574,1609701745.8401437,0.4529862403869629,1609701745.4876735,1609701745.4939122,0.006238698959350586
ece54a9005204d9c94f8927a8f1ad9dc,k-means,warm,exec,queue,0.07392764091491699,4.76837158203125e-07,2.384185791015625e-07,1609701745.388715,1609701745.9283845,0.5396695137023926,1609701745.4965737,1609701745.503656,0.007082223892211914
201717efbbbf41d08b70d4cfa9ee2207,k-means,warm,exec,queue,0.07868337631225586,2.384185791015625e-07,2.384185791015625e-07,1609701745.3902574,1609701745.7384713,0.34821391105651855,1609701745.498601,1609701745.5039165,0.005315542221069336
6c2e46ea861e4b7299ba49a5abf65f8e,video,warm,exec,queue,0.01681804656982422,4.76837158203125e-07,2.384185791015625e-07,1609701745.3918927,1609701745.941042,0.5491492748260498,1609701745.4457488,1609701745.4627392,0.01699042320251465
29496ca090f3496ebd2b8f00b8194486,map_reduce,warm,exec,queue,0.02154231071472168,4.76837158203125e-07,2.384185791015625e-07,1609701745.3934805,1609701745.9278681,0.5343875885009766,1609701745.4490874,1609701745.5337808,0.08469343185424805
ba21b152e4bf43018b2531264f2f2d12,k-means,warm,exec,queue,0.008463144302368164,4.76837158203125e-07,2.384185791015625e-07,1609701746.3572268,1609701746.5098407,0.15261387825012207,1609701746.4019413,1609701746.409355,0.007413625717163086
9cd2e7b17cd84eeb8505586343b6ad1c,k-means,warm,exec,queue,0.04158473014831543,2.384185791015625e-07,2.384185791015625e-07,1609701746.3613448,1609701746.6299753,0.2686305046081543,1609701746.4392679,1609701746.444153,0.004885196685791016
1fe73755f9f84cc7b6e7840f3b08407a,k-means,warm,exec,queue,0.04636693000793457,2.384185791015625e-07,2.384185791015625e-07,1609701746.363827,1609701746.6303935,0.26656651496887207,1609701746.445792,1609701746.4518085,0.00601649284362793
988d403c1a9945339812f90e90a5f2d7,k-means,warm,exec,queue,0.0512547492980957,2.384185791015625e-07,2.384185791015625e-07,1609701746.3663192,1609701746.6585186,0.29219937324523926,1609701746.449866,1609701746.4555826,0.005716562271118164
3c1ae20e786e44cf83a61957edbdf21f,k-means,warm,exec,queue,0.05684208869934082,4.76837158203125e-07,2.384185791015625e-07,1609701746.368911,1609701746.737833,0.36892199516296387,1609701746.4550116,1609701746.4615388,0.0065271854400634766
10b9bc72d18c41999c1b09fb28656066,k-means,warm,exec,queue,0.061716318130493164,4.76837158203125e-07,0.0,1609701746.370338,1609701746.627867,0.25752902030944824,1609701746.4614089,1609701746.4672704,0.005861520767211914
11f52d531e63404fbdaf739ff66f80ce,k-means,warm,exec,queue,0.03672075271606445,2.384185791015625e-07,2.384185791015625e-07,1609701746.3717632,1609701746.5357633,0.1640000343322754,1609701746.4349627,1609701746.440723,0.00576019287109375
87db2b3e88734522a9141f22f9821411,k-means,warm,exec,queue,0.03212237358093262,4.76837158203125e-07,2.384185791015625e-07,1609701746.3731947,1609701746.626057,0.25286221504211426,1609701746.4280908,1609701746.4336636,0.005572795867919922
67b730e961404c5e8525458156086ea4,k-means,warm,exec,queue,0.027568340301513672,4.76837158203125e-07,2.384185791015625e-07,1609701746.3746133,1609701746.5751595,0.2005462646484375,1609701746.4227831,1609701746.428284,0.00550079345703125
5571c83ed17b4dd08d1e37610c5b4f56,k-means,warm,exec,queue,0.02323126792907715,4.76837158203125e-07,2.384185791015625e-07,1609701746.3761404,1609701746.532327,0.15618658065795898,1609701746.4217036,1609701746.4265358,0.004832267761230469
334dbb982a6c43e88c03ee89c43dd3a0,k-means,warm,exec,queue,0.012912988662719727,4.76837158203125e-07,2.384185791015625e-07,1609701746.3775694,1609701746.5077088,0.13013935089111328,1609701746.4067805,1609701746.41422,0.007439613342285156
dade9c380bb24529842e411566323848,k-means,warm,exec,queue,0.01822686195373535,4.76837158203125e-07,2.384185791015625e-07,1609701746.378989,1609701746.5341043,0.15511536598205566,1609701746.412787,1609701746.4203365,0.0075495243072509766
b6404740c124489f84e6a6aeefd81fa4,k-means,warm,exec,queue,0.0669260025024414,2.384185791015625e-07,2.384185791015625e-07,1609701746.380422,1609701746.7611094,0.38068723678588867,1609701746.4672186,1609701746.4726455,0.005426883697509766
fca5176ae73547938a45d43cf7dc88cc,video,warm,exec,queue,0.01564311981201172,2.384185791015625e-07,2.384185791015625e-07,1609701746.3819454,1609701746.75959,0.37764453887939453,1609701746.422625,1609701746.4394321,0.016807079315185547
54d49216e3444dc88ff3f7fa68918a61,k-means,warm,exec,queue,8.225440979003906e-05,4.76837158203125e-07,2.384185791015625e-07,1609701747.3590086,1609701747.714561,0.35555243492126465,1609701747.4064686,1609701747.4144561,0.007987499237060547
57f6ff48f3c54ccd8023474423dd19cb,k-means,warm,exec,queue,0.007139921188354492,2.384185791015625e-07,2.384185791015625e-07,1609701747.3633893,1609701747.8951852,0.5317959785461426,1609701747.4063044,1609701747.4145176,0.008213281631469727
30b4ec047165474ba720bdaeb71522ed,k-means,warm,exec,queue,0.012025594711303711,4.76837158203125e-07,2.384185791015625e-07,1609701747.3660157,1609701748.2713711,0.9053554534912109,1609701747.4116292,1609701747.419691,0.008061885833740234
533fbf7c918a404d8ed540ccbf0c514a,k-means,warm,exec,queue,0.01649618148803711,2.384185791015625e-07,2.384185791015625e-07,1609701747.368502,1609701748.2728782,0.9043762683868408,1609701747.4177449,1609701747.4250638,0.007318973541259766
2cf6c542a00e45cdba48a1a874568a58,k-means,warm,exec,queue,0.02100086212158203,2.384185791015625e-07,2.384185791015625e-07,1609701747.3702037,1609701748.0211563,0.6509525775909424,1609701747.4221742,1609701747.4282382,0.006063938140869141
a8b962aba78d4bff9bbc72844ae46e22,k-means,warm,exec,queue,0.026248931884765625,2.384185791015625e-07,2.384185791015625e-07,1609701747.371699,1609701747.7118661,0.3401670455932617,1609701747.4265726,1609701747.431144,0.004571437835693359
1935fb7cf4de46eba5ef97d7e5c2739e,k-means,warm,exec,queue,0.031287193298339844,4.76837158203125e-07,0.0,1609701747.3732152,1609701748.1046047,0.7313895225524902,1609701747.4335425,1609701747.4394555,0.0059130191802978516
101abb8de5184f259b7f71c7da1673b8,k-means,warm,exec,queue,0.036010026931762695,2.384185791015625e-07,2.384185791015625e-07,1609701747.3747241,1609701748.2741632,0.8994390964508057,1609701747.4374726,1609701747.4417853,0.004312753677368164
1dd84c5c1ca24bd2b5ba7779e7951dc2,k-means,warm,exec,queue,0.04106879234313965,4.76837158203125e-07,4.76837158203125e-07,1609701747.3762348,1609701748.454271,1.0780363082885742,1609701747.443995,1609701747.44991,0.005914926528930664
7268133d408b4e9f8fd6f6d463635639,k-means,warm,exec,queue,0.04640793800354004,4.76837158203125e-07,2.384185791015625e-07,1609701747.377845,1609701748.4559472,1.0781021118164062,1609701747.4485292,1609701747.4542468,0.00571751594543457
0a4ad31f43c94686883e9e5319b041cf,k-means,warm,exec,queue,0.051141977310180664,4.76837158203125e-07,2.384185791015625e-07,1609701747.3793344,1609701748.5070217,1.1276872158050537,1609701747.4553232,1609701747.461055,0.005731821060180664
d8c11df844c44b66abeada92c54e126b,k-means,warm,exec,queue,0.0569918155670166,2.384185791015625e-07,2.384185791015625e-07,1609701747.3808444,1609701747.8970096,0.5161652565002441,1609701747.4607008,1609701747.464974,0.004273176193237305
3a658627595141e3828aedd6e6f4d8d0,k-means,warm,exec,queue,0.06232810020446777,2.384185791015625e-07,0.0,1609701747.3823657,1609701748.5051494,1.1227836608886719,1609701747.4676118,1609701747.4734967,0.005884885787963867
4b8caf2fb9d24b0e9b47d02f97e25461,k-means,warm,exec,queue,0.06720113754272461,2.384185791015625e-07,2.384185791015625e-07,1609701747.3839593,1609701747.7141316,0.3301723003387451,1609701747.472082,1609701747.4763305,0.004248619079589844
c51cd95477a64c3192e5d456e1910d8b,k-means,warm,exec,queue,7.772445678710938e-05,9.5367431640625e-07,2.384185791015625e-07,1609701748.3569226,1609701748.7351654,0.37824273109436035,1609701748.4232872,1609701748.4315937,0.008306503295898438
28297dbe859b43a7b605c8dc3ff091b1,k-means,warm,exec,queue,0.00746917724609375,2.384185791015625e-07,2.384185791015625e-07,1609701748.3609052,1609701748.5711737,0.21026849746704102,1609701748.424108,1609701748.431466,0.007358074188232422
245579e5d83b452996b757f50464d9bf,k-means,warm,exec,queue,0.030574560165405273,2.384185791015625e-07,0.0,1609701748.3634524,1609701748.5553854,0.19193291664123535,1609701748.4249678,1609701748.4330869,0.00811910629272461
d50a657d74644e808f2a3c9e35101499,k-means,warm,exec,queue,0.035454511642456055,2.384185791015625e-07,0.0,1609701748.3660405,1609701748.7073944,0.3413538932800293,1609701748.4298134,1609701748.4380386,0.008225202560424805
824e7c01ffe44c7299c901b52b8b28e5,k-means,warm,exec,queue,0.04062914848327637,2.384185791015625e-07,2.384185791015625e-07,1609701748.369025,1609701748.6313074,0.2622823715209961,1609701748.4349582,1609701748.4423842,0.007426023483276367
38adc0c65ae5408d99fdcbed3bb75959,k-means,warm,exec,queue,0.046004533767700195,2.384185791015625e-07,2.384185791015625e-07,1609701748.371565,1609701748.55662,0.18505477905273438,1609701748.4412148,1609701748.4472814,0.006066560745239258
fb1bfc9adc2f41f59b9d47d8d89286ef,k-means,warm,exec,queue,0.0505223274230957,2.384185791015625e-07,0.0,1609701748.3733294,1609701748.7356963,0.3623669147491455,1609701748.4472144,1609701748.4522996,0.0050852298736572266
8e7ded5ebdf04f72a58a7e5c273863d6,k-means,warm,exec,queue,0.05497574806213379,2.384185791015625e-07,0.0,1609701748.374827,1609701748.669465,0.29463815689086914,1609701748.4521532,1609701748.4581683,0.00601506233215332
1fc55bf333bf46ab9253b0e4babeeb79,k-means,warm,exec,queue,0.05948448181152344,2.384185791015625e-07,0.0,1609701748.3763413,1609701748.668824,0.2924826145172119,1609701748.4589014,1609701748.4656053,0.006703853607177734
b820bd3666c243d78dfff8c7fe76f7a5,k-means,warm,exec,queue,0.06380128860473633,2.384185791015625e-07,2.384185791015625e-07,1609701748.3779478,1609701748.7946613,0.4167134761810303,1609701748.4626431,1609701748.4678917,0.005248546600341797
634102bac08e4c39bffa02b2027762a7,k-means,warm,exec,queue,0.06805658340454102,7.152557373046875e-07,2.384185791015625e-07,1609701748.379422,1609701748.7971754,0.4177534580230713,1609701748.4666321,1609701748.472561,0.005928754806518555
773e299119074d21a62ea47e01156aa4,video,warm,exec,queue,0.0031800270080566406,4.76837158203125e-07,2.384185791015625e-07,1609701749.3389816,1609701749.4339764,0.09499478340148926,1609701749.3526704,1609701749.3700967,0.017426252365112305
661497c1e5a241f19710d070ddb41649,matmul,warm,exec,queue,0.0031516551971435547,4.76837158203125e-07,2.384185791015625e-07,1609701750.3408735,1609701750.41062,0.06974649429321289,1609701750.3538456,1609701750.3637588,0.009913206100463867
2bdc1bc1ae8e4af880081c14b2e8af90,video,warm,exec,queue,0.004179716110229492,4.76837158203125e-07,2.384185791015625e-07,1609701751.3417659,1609701751.4357085,0.09394264221191406,1609701751.356235,1609701751.3731058,0.016870737075805664
8617c923b4d749bba3db0d1410647833,video,warm,exec,queue,0.0021805763244628906,7.152557373046875e-07,4.76837158203125e-07,1609701753.3448098,1609701753.4813578,0.13654804229736328,1609701753.3573916,1609701753.3745987,0.01720714569091797
601f9329119b4e3c90351edee9a43252,k-means,warm,exec,queue,0.001188039779663086,4.76837158203125e-07,2.384185791015625e-07,1609701754.378402,1609701754.5156536,0.137251615524292,1609701754.4272244,1609701754.4352121,0.007987737655639648
a0bb33d01c6844b8b4676d4bf7c95af1,k-means,warm,exec,queue,6.341934204101562e-05,2.384185791015625e-07,2.384185791015625e-07,1609701754.382883,1609701754.5789347,0.19605159759521484,1609701754.4457343,1609701754.4534466,0.007712364196777344
f36029d6e73e4169b73b9fb42d271066,k-means,warm,exec,queue,0.011000871658325195,2.384185791015625e-07,2.384185791015625e-07,1609701754.3855217,1609701754.5773494,0.19182777404785156,1609701754.4468076,1609701754.4542115,0.007403850555419922
dd78a1e22f4943c68675ef78a21bf799,k-means,warm,exec,queue,0.01641368865966797,2.384185791015625e-07,0.0,1609701754.3871882,1609701754.7745602,0.3873720169067383,1609701754.4497547,1609701754.4560084,0.006253719329833984
e6d182125bf0476fbfc34b0da2ee9998,k-means,warm,exec,queue,0.02187657356262207,2.384185791015625e-07,2.384185791015625e-07,1609701754.3889198,1609701754.5739884,0.18506860733032227,1609701754.4567993,1609701754.463331,0.006531715393066406
8a942a900b6c4494a04ec1e443a4b1f9,k-means,warm,exec,queue,0.027895212173461914,2.384185791015625e-07,2.384185791015625e-07,1609701754.390449,1609701754.770493,0.38004398345947266,1609701754.4636974,1609701754.469345,0.0056476593017578125
d7cde4f6f3224f9592133f65b69b5f0e,k-means,warm,exec,queue,0.032989501953125,2.384185791015625e-07,2.384185791015625e-07,1609701754.3919806,1609701754.615995,0.2240142822265625,1609701754.4697814,1609701754.4770172,0.00723576545715332
01e76aa4b14e438793af26a498745bcd,k-means,warm,exec,queue,0.03845977783203125,4.76837158203125e-07,2.384185791015625e-07,1609701754.3935242,1609701754.6515422,0.25801801681518555,1609701754.47475,1609701754.4802897,0.005539655685424805
96cea1216b1d4c0a8b35d08996002b34,k-means,warm,exec,queue,0.043906450271606445,4.76837158203125e-07,2.384185791015625e-07,1609701754.395038,1609701754.5767722,0.18173432350158691,1609701754.47962,1609701754.486579,0.006958961486816406
2d04300d59c74c2ca726bd5a68e2a7ec,k-means,warm,exec,queue,0.04844212532043457,2.384185791015625e-07,2.384185791015625e-07,1609701754.3966866,1609701754.8369472,0.440260648727417,1609701754.4877033,1609701754.4946952,0.006991863250732422
b8020cb30ff14f65858323b5062dc430,k-means,warm,exec,queue,0.05393862724304199,2.384185791015625e-07,0.0,1609701754.3981938,1609701754.886941,0.48874711990356445,1609701754.491961,1609701754.4980564,0.006095409393310547
b1761bcb962142bb915e444a3a8c4f64,k-means,warm,exec,queue,0.005012035369873047,2.384185791015625e-07,0.0,1609701754.3997004,1609701754.7739666,0.3742661476135254,1609701754.4464254,1609701754.4537575,0.0073320865631103516
aae26845203a405b89c3f6e45b470f52,k-means,warm,exec,queue,0.05952596664428711,2.384185791015625e-07,0.0,1609701754.4024153,1609701754.8863502,0.4839348793029785,1609701754.4966598,1609701754.5023193,0.005659580230712891
5dc3bd32a2554ea48826e53bbd4c3ebc,k-means,warm,exec,queue,0.06238746643066406,2.384185791015625e-07,2.384185791015625e-07,1609701754.40391,1609701754.6497476,0.24583768844604492,1609701754.5038433,1609701754.5098388,0.005995512008666992
f03d66f1ad89430aa2143f4d071120ac,k-means,warm,exec,queue,0.0682072639465332,2.384185791015625e-07,2.384185791015625e-07,1609701754.4054224,1609701754.8375154,0.43209290504455566,1609701754.5084321,1609701754.513963,0.005530834197998047
ed8df79eff674db98d66fefee18dca40,k-means,warm,exec,queue,0.07310843467712402,2.384185791015625e-07,2.384185791015625e-07,1609701754.4069111,1609701754.849789,0.44287776947021484,1609701754.516354,1609701754.5229664,0.006612300872802734
06bd3b9386d14e1a9b725408222415cb,k-means,warm,exec,queue,0.0785210132598877,2.384185791015625e-07,2.384185791015625e-07,1609701754.4085424,1609701754.654325,0.24578261375427246,1609701754.5194163,1609701754.5248175,0.005401134490966797
fddff1ef3c1f4fd791156893d06b42c9,k-means,warm,exec,queue,0.08416604995727539,2.384185791015625e-07,2.384185791015625e-07,1609701754.4100373,1609701754.8511965,0.4411592483520508,1609701754.5253665,1609701754.531612,0.00624537467956543
ce706865f99644e8ba672ef6f2799ea6,k-means,warm,exec,queue,0.08873748779296875,4.76837158203125e-07,4.76837158203125e-07,1609701754.4115396,1609701754.8340867,0.4225471019744873,1609701754.5307693,1609701754.5362196,0.005450248718261719
ccd7392924d740bf80834cf8112d941b,k-means,warm,exec,queue,0.09371399879455566,4.76837158203125e-07,0.0,1609701754.4131362,1609701754.8835866,0.47045040130615234,1609701754.5377162,1609701754.5441952,0.006479024887084961
54d813335a1d425d97f2f1a3075e0a2c,k-means,warm,exec,queue,0.09903979301452637,4.76837158203125e-07,2.384185791015625e-07,1609701754.4146228,1609701754.9443634,0.529740571975708,1609701754.5423954,1609701754.5477517,0.005356311798095703
f1aab08aea6e4e7f87e979df7ed84417,k-means,warm,exec,queue,0.10441064834594727,4.76837158203125e-07,4.76837158203125e-07,1609701754.4160993,1609701754.654928,0.2388286590576172,1609701754.54886,1609701754.5554361,0.006576061248779297
598ac67fd1354d9dae862464e5f9d8c1,k-means,warm,exec,queue,0.10962176322937012,2.384185791015625e-07,0.0,1609701754.4175851,1609701754.9425457,0.5249605178833008,1609701754.5532618,1609701754.5587494,0.005487680435180664
4abcd3ea797f4d6a823fde8f2e55a3c3,k-means,warm,exec,queue,7.2479248046875e-05,7.152557373046875e-07,2.384185791015625e-07,1609701755.3598332,1609701755.4683607,0.10852742195129395,1609701755.3927453,1609701755.4014027,0.008657455444335938
916dacbff2af49f1bff5276b9f927b8c,map_reduce,warm,exec,queue,0.025667905807495117,2.384185791015625e-07,2.384185791015625e-07,1609701755.363835,1609701755.601996,0.2381608486175537,1609701755.4176757,1609701755.5034125,0.08573675155639648
f043a24d6ec84eedb58d06ce04a913b0,k-means,warm,exec,queue,0.0037245750427246094,4.76837158203125e-07,0.0,1609701755.3664958,1609701755.4932675,0.1267716884613037,1609701755.3928072,1609701755.4018283,0.00902104377746582
3ecb812a1e5847c497cec5a7810739c5,k-means,warm,exec,queue,0.008563518524169922,4.76837158203125e-07,2.384185791015625e-07,1609701755.369149,1609701755.4949944,0.12584543228149414,1609701755.398003,1609701755.4066014,0.00859832763671875
37b7c2305a7543889884bc9766347186,k-means,warm,exec,queue,0.013234138488769531,4.76837158203125e-07,2.384185791015625e-07,1609701755.3717582,1609701755.5270233,0.15526509284973145,1609701755.4036798,1609701755.4110847,0.007404804229736328
b964bffca20f4926aa8c73900e8cc42d,video,warm,exec,queue,0.017467260360717773,4.76837158203125e-07,0.0,1609701755.3739173,1609701755.585472,0.21155476570129395,1609701755.4165344,1609701755.435596,0.019061565399169922
e6df72f0cfa5457ca0bcc24a755820fb,matmul,warm,exec,queue,0.01951456069946289,2.384185791015625e-07,0.0,1609701755.3755195,1609701755.5873964,0.21187686920166016,1609701755.418353,1609701755.4313169,0.01296377182006836
8dc3a84aacbf492094e8f9ce559a68c6,k-means,warm,exec,queue,0.0050029754638671875,2.384185791015625e-07,2.384185791015625e-07,1609701756.3674622,1609701756.5051656,0.13770341873168945,1609701756.433069,1609701756.4415977,0.008528709411621094
0020d92bb25941f38ba42e9a942e0885,k-means,warm,exec,queue,0.056345224380493164,2.384185791015625e-07,9.5367431640625e-07,1609701756.371639,1609701756.6137183,0.2420792579650879,1609701756.4899476,1609701756.4962091,0.006261587142944336
7afff2c3d1174366ad0b73ce3a72241a,k-means,warm,exec,queue,0.05180954933166504,2.384185791015625e-07,2.384185791015625e-07,1609701756.3742144,1609701756.6971617,0.32294726371765137,1609701756.4821713,1609701756.48989,0.007718801498413086
22297b5001664d8c83c1ece120d60371,k-means,warm,exec,queue,0.046515703201293945,2.384185791015625e-07,2.384185791015625e-07,1609701756.3767593,1609701756.5822759,0.20551657676696777,1609701756.4758835,1609701756.4800053,0.0041217803955078125
92ad07c70a0741f7b8af1ae4ee5f4f30,k-means,warm,exec,queue,0.042083024978637695,2.384185791015625e-07,0.0,1609701756.3796117,1609701756.5851648,0.2055530548095703,1609701756.4731307,1609701756.4793775,0.006246805191040039
f15f954990fc41879da07e8595e59824,k-means,warm,exec,queue,0.03682112693786621,2.384185791015625e-07,2.384185791015625e-07,1609701756.3815398,1609701756.5383568,0.15681695938110352,1609701756.464846,1609701756.4688005,0.003954648971557617
5146c1fbfa7540c296eee2b0f649ec30,k-means,warm,exec,queue,0.009790897369384766,2.384185791015625e-07,2.384185791015625e-07,1609701756.383007,1609701756.506921,0.12391400337219238,1609701756.4332771,1609701756.441129,0.007851839065551758
cb90b3a50320421389e7fb1f1cfb5709,k-means,warm,exec,queue,0.014670133590698242,2.384185791015625e-07,0.0,1609701756.3844907,1609701756.5857396,0.2012488842010498,1609701756.4382486,1609701756.4464428,0.008194208145141602
127cbb7c9967436883d4c9d74cf65ec8,k-means,warm,exec,queue,0.01990032196044922,7.152557373046875e-07,2.384185791015625e-07,1609701756.385958,1609701756.5401065,0.15414857864379883,1609701756.4454603,1609701756.4536545,0.008194208145141602
af3f1a3b48344ab0989a4b61e15189ad,k-means,warm,exec,queue,0.02530527114868164,4.76837158203125e-07,2.384185791015625e-07,1609701756.4077668,1609701756.6965938,0.28882694244384766,1609701756.4495406,1609701756.4543073,0.004766702651977539
28ff85faefd849208b172fe04fcd8046,k-means,warm,exec,queue,0.029712677001953125,2.384185791015625e-07,0.0,1609701756.4092886,1609701756.5801022,0.17081356048583984,1609701756.4542797,1609701756.4591446,0.004864931106567383
75b062f9a56741b5a2af5d144048840e,k-means,warm,exec,queue,0.03439068794250488,2.384185791015625e-07,0.0,1609701756.4107506,1609701756.6959183,0.2851676940917969,1609701756.4608366,1609701756.4670956,0.006258964538574219
b6abca91076947709fd37ba0b2062d34,k-means,warm,exec,queue,0.0041086673736572266,4.76837158203125e-07,2.384185791015625e-07,1609701757.3513117,1609701757.5818007,0.23048901557922363,1609701757.3685098,1609701757.3764653,0.007955551147460938
1065b88305e64a25ac5d60617e314902,video,warm,exec,queue,0.008527278900146484,2.384185791015625e-07,2.384185791015625e-07,1609701757.3552458,1609701757.5150292,0.15978336334228516,1609701757.3733552,1609701757.391138,0.017782926559448242
26b2415a9c1f42d789d02b6c97fd4611,k-means,warm,exec,queue,0.0008146762847900391,4.76837158203125e-07,2.384185791015625e-07,1609701758.3768263,1609701758.5777085,0.2008821964263916,1609701758.435732,1609701758.4442194,0.008487462997436523
25eaaf3e995c4e98949ddf8bd1ed0292,k-means,warm,exec,queue,0.06548619270324707,2.384185791015625e-07,2.384185791015625e-07,1609701758.3815486,1609701758.672321,0.2907724380493164,1609701758.5005996,1609701758.5060253,0.005425691604614258
64298b1d43ce4cdc90ee4e1cb6eb98e4,k-means,warm,exec,queue,0.07114171981811523,2.384185791015625e-07,0.0,1609701758.384162,1609701758.6768937,0.29273176193237305,1609701758.5060198,1609701758.5124958,0.006475925445556641
7540e7039d0a4aee9df687d943c51e5b,k-means,warm,exec,queue,0.07599663734436035,2.384185791015625e-07,0.0,1609701758.3867788,1609701758.7334743,0.3466954231262207,1609701758.5128741,1609701758.51936,0.006485939025878906
b1b6ce4d7fdb48f48f02eb3b28465a47,k-means,warm,exec,queue,0.08085942268371582,4.76837158203125e-07,2.384185791015625e-07,1609701758.389309,1609701758.8834763,0.4941673278808594,1609701758.5179946,1609701758.5243893,0.006394624710083008
ebd5504c0eb14dc6868e2648372ea82f,k-means,warm,exec,queue,0.008731365203857422,4.76837158203125e-07,4.76837158203125e-07,1609701758.3908794,1609701758.5793872,0.1885077953338623,1609701758.4358873,1609701758.444555,0.008667707443237305
dd334a48b9434f3c87f53bbaaa9e0c46,k-means,warm,exec,queue,0.013356924057006836,4.76837158203125e-07,2.384185791015625e-07,1609701758.3924549,1609701758.5770946,0.18463969230651855,1609701758.4390936,1609701758.447008,0.007914304733276367
cec67a62890b4bfcace018332417d3d1,k-means,warm,exec,queue,0.017801523208618164,2.384185791015625e-07,2.384185791015625e-07,1609701758.3940246,1609701758.5742137,0.1801891326904297,1609701758.4444752,1609701758.4525943,0.00811910629272461
56fed07482ec434ab2a1fa594d15483e,k-means,warm,exec,queue,0.023102760314941406,2.384185791015625e-07,0.0,1609701758.3957167,1609701758.6711478,0.27543115615844727,1609701758.4547148,1609701758.4633133,0.008598566055297852
6597215e993e4d05ad67a1161c48806c,k-means,warm,exec,queue,0.027692317962646484,2.384185791015625e-07,2.384185791015625e-07,1609701758.3973064,1609701758.6773562,0.28004980087280273,1609701758.4547036,1609701758.4595258,0.004822254180908203
3fd684033db84ac4a9c06905994baf6d,k-means,warm,exec,queue,0.032686710357666016,2.384185791015625e-07,2.384185791015625e-07,1609701758.3988693,1609701758.6782694,0.279400110244751,1609701758.460078,1609701758.4654806,0.005402565002441406
af907a7e92a04ecaaf0adeb31c1f80d3,k-means,warm,exec,queue,0.03735923767089844,2.384185791015625e-07,0.0,1609701758.4004438,1609701758.6717558,0.27131199836730957,1609701758.4653914,1609701758.4704342,0.0050427913665771484
dabcbe6c19484c3f84fc4ac30c3e09da,k-means,warm,exec,queue,0.04270529747009277,2.384185791015625e-07,2.384185791015625e-07,1609701758.402127,1609701758.6778116,0.2756845951080322,1609701758.4715405,1609701758.4776008,0.006060361862182617
84780ead50834a48b7a9189386725aba,k-means,warm,exec,queue,0.047852277755737305,4.76837158203125e-07,4.76837158203125e-07,1609701758.4036825,1609701758.6918664,0.28818392753601074,1609701758.4773824,1609701758.4820046,0.004622220993041992
dfe2abcd7b4049b78fe571d2c977c7c9,k-means,warm,exec,queue,0.053118228912353516,2.384185791015625e-07,0.0,1609701758.405237,1609701758.6671479,0.26191091537475586,1609701758.483211,1609701758.4893112,0.006100177764892578
c06c4436b0294416b3b687c6636f5a44,k-means,warm,exec,queue,0.05765414237976074,7.152557373046875e-07,2.384185791015625e-07,1609701758.4067883,1609701758.7761242,0.3693358898162842,1609701758.49026,1609701758.495223,0.0049631595611572266
e31833c3c5d74e058b795b0f82fc1f0f,k-means,warm,exec,queue,0.06188631057739258,7.152557373046875e-07,4.76837158203125e-07,1609701758.4084396,1609701758.7350867,0.3266470432281494,1609701758.4970202,1609701758.5036922,0.006671905517578125
d209169c5d1b497b8d5d9fcf9c7ae7e2,k-means,warm,exec,queue,0.002185344696044922,4.76837158203125e-07,2.384185791015625e-07,1609701759.3768969,1609701759.4933217,0.1164247989654541,1609701759.426334,1609701759.4341424,0.0078084468841552734
adaf16e417694860bf8e99e87c45e96d,k-means,warm,exec,queue,0.005315065383911133,2.384185791015625e-07,0.0,1609701759.3809862,1609701759.5555298,0.1745436191558838,1609701759.4301748,1609701759.4383533,0.008178472518920898
ac4d32a357d04185ba85edcd7973183b,k-means,warm,exec,queue,0.056859493255615234,4.76837158203125e-07,2.384185791015625e-07,1609701759.3835666,1609701759.6914246,0.3078579902648926,1609701759.4885783,1609701759.4967985,0.008220195770263672
a8b20bcb03614ce09d1a19d605c9d3a7,k-means,warm,exec,queue,0.046605825424194336,2.384185791015625e-07,0.0,1609701759.3861547,1609701759.8109822,0.42482757568359375,1609701759.47459,1609701759.4809253,0.006335258483886719
3217505100a3481297e88cda2bd60209,k-means,warm,exec,queue,0.00885152816772461,2.384185791015625e-07,0.0,1609701759.3890896,1609701759.496574,0.10748434066772461,1609701759.431976,1609701759.4399767,0.008000612258911133
220b03c0da8e445c9bba555143ab8a55,k-means,warm,exec,queue,0.014091253280639648,2.384185791015625e-07,2.384185791015625e-07,1609701759.3917038,1609701759.495951,0.1042470932006836,1609701759.4376478,1609701759.4454367,0.007788896560668945
46fb074376cb487b86d7880f253b674f,k-means,warm,exec,queue,0.0183870792388916,2.384185791015625e-07,2.384185791015625e-07,1609701759.3935575,1609701759.551854,0.1582963466644287,1609701759.4429224,1609701759.450749,0.007826566696166992
f6faec3f356e4e7998fddd092a5811e0,k-means,warm,exec,queue,0.023450613021850586,2.384185791015625e-07,2.384185791015625e-07,1609701759.3951101,1609701759.6108134,0.21570324897766113,1609701759.4476278,1609701759.4538808,0.00625300407409668
4c7e4c3959fc4f53b6b03374832ebe9f,k-means,warm,exec,queue,0.028457164764404297,2.384185791015625e-07,2.384185791015625e-07,1609701759.3966687,1609701759.8150785,0.4184098243713379,1609701759.4535363,1609701759.4596832,0.006146907806396484
906332d0520546d382ce8870ff16f033,k-means,warm,exec,queue,0.033338069915771484,7.152557373046875e-07,0.0,1609701759.398333,1609701759.5589755,0.16064238548278809,1609701759.4596674,1609701759.4662592,0.006591796875
f1aa9fe2833f4a038d199873b5db0b08,k-means,warm,exec,queue,0.03817582130432129,4.76837158203125e-07,0.0,1609701759.3998837,1609701759.8144577,0.41457390785217285,1609701759.4659777,1609701759.4723186,0.006340980529785156
993524999e8b4d35a4542a052387a01b,k-means,warm,exec,queue,0.05127406120300293,2.384185791015625e-07,0.0,1609701759.401937,1609701759.6920898,0.29015278816223145,1609701759.4804478,1609701759.4880722,0.007624387741088867
02d85d16b2e44d799f264e10f180fd17,k-means,warm,exec,queue,0.043067216873168945,2.384185791015625e-07,2.384185791015625e-07,1609701759.4039488,1609701759.5548732,0.1509244441986084,1609701759.469075,1609701759.475385,0.006309986114501953
bcea0da7c43848afa626f40608fcb2ba,k-means,warm,exec,queue,0.061593055725097656,4.76837158203125e-07,2.384185791015625e-07,1609701759.4058435,1609701759.744221,0.3383774757385254,1609701759.4920506,1609701759.4991558,0.007105112075805664
d64f8e225a684bd681e1718048cefc95,k-means,warm,exec,queue,0.06657624244689941,2.384185791015625e-07,2.384185791015625e-07,1609701759.4074066,1609701759.5757675,0.16836094856262207,1609701759.496995,1609701759.5038304,0.006835460662841797
6069639b0a3e46fb906b7ed8b86772e8,video,warm,exec,queue,0.009898185729980469,0.0,2.384185791015625e-07,1609701759.4089758,1609701759.5583107,0.14933490753173828,1609701759.4431822,1609701759.4594827,0.016300439834594727
1c78a590ebe445bcac03a160188cc90d,k-means,warm,exec,queue,0.0050961971282958984,2.384185791015625e-07,0.0,1609701760.369941,1609701760.4954834,0.12554240226745605,1609701760.4086192,1609701760.417341,0.00872182846069336
93bb603d66a74d74a5ec33291bc66e92,matmul,warm,exec,queue,0.023778915405273438,2.384185791015625e-07,2.384185791015625e-07,1609701760.3743095,1609701760.6895192,0.31520962715148926,1609701760.4267526,1609701760.4377837,0.011031150817871094
f1fc595b5e0e4606aa06ea16b2e848cc,k-means,warm,exec,queue,0.035039424896240234,2.384185791015625e-07,2.384185791015625e-07,1609701760.3770478,1609701760.5382013,0.16115355491638184,1609701760.4438498,1609701760.4497254,0.005875587463378906
449280f84fba4ae788badd5b90e05215,k-means,warm,exec,queue,0.03033161163330078,2.384185791015625e-07,0.0,1609701760.379703,1609701760.7800398,0.40033674240112305,1609701760.4377787,1609701760.4457712,0.00799250602722168
66449d0d16e04547b176820ebd9d0ebb,k-means,warm,exec,queue,0.008829116821289062,7.152557373046875e-07,2.384185791015625e-07,1609701760.3816664,1609701760.4973865,0.11572003364562988,1609701760.4122827,1609701760.422517,0.010234355926513672
f7f5852591ac45f88c96e7a66c2f473d,k-means,warm,exec,queue,0.013840198516845703,2.384185791015625e-07,0.0,1609701760.383493,1609701760.5810225,0.19752955436706543,1609701760.4183044,1609701760.42793,0.009625673294067383
5a1cde5183e64c14a1388bfc05a10d1a,k-means,warm,exec,queue,0.018486499786376953,4.76837158203125e-07,2.384185791015625e-07,1609701760.3851252,1609701760.5834484,0.19832324981689453,1609701760.425675,1609701760.4343295,0.008654594421386719
4c93d69d191648a39dd8a06e8ba29a88,k-means,warm,exec,queue,0.022873878479003906,2.384185791015625e-07,2.384185791015625e-07,1609701760.386746,1609701760.581576,0.19483017921447754,1609701760.4280455,1609701760.4339857,0.00594019889831543
5e709605211c49d2877b437dee3d4369,k-means,warm,exec,queue,0.027676105499267578,2.384185791015625e-07,2.384185791015625e-07,1609701760.3883824,1609701760.5365624,0.1481800079345703,1609701760.4333498,1609701760.4410982,0.00774836540222168
d70f44ff358d4cc49f2b575776f59266,k-means,warm,exec,queue,0.03965616226196289,2.384185791015625e-07,0.0,1609701760.3903153,1609701760.691371,0.3010556697845459,1609701760.448257,1609701760.4537506,0.005493640899658203
f926c3a4da684a789d1af1ef9e8c42cd,k-means,warm,exec,queue,0.0028820037841796875,4.76837158203125e-07,2.384185791015625e-07,1609701761.3770118,1609701761.5056183,0.12860655784606934,1609701761.4305825,1609701761.4403596,0.009777069091796875
5263a8faa66443d88372b41477204859,k-means,warm,exec,queue,0.041535377502441406,4.76837158203125e-07,0.0,1609701761.3813806,1609701761.5847507,0.2033700942993164,1609701761.4694247,1609701761.475934,0.006509304046630859
3a7ef9f7f8ed4273a5a8263d6dfd8cd5,k-means,warm,exec,queue,0.046027421951293945,2.384185791015625e-07,2.384185791015625e-07,1609701761.3839464,1609701761.7235603,0.3396139144897461,1609701761.471761,1609701761.478385,0.006623983383178711
027993460d394ffda35b338f7cc7a3c6,k-means,warm,exec,queue,0.051203012466430664,2.384185791015625e-07,2.384185791015625e-07,1609701761.386527,1609701761.5887303,0.20220327377319336,1609701761.4776232,1609701761.4850557,0.007432460784912109
146a7b2a5eef4b6fb4fd6be488211386,k-means,warm,exec,queue,0.055761098861694336,9.5367431640625e-07,4.76837158203125e-07,1609701761.3893933,1609701761.5875404,0.19814705848693848,1609701761.4836907,1609701761.4914505,0.007759809494018555
58d4f8ebaa11462a95959a79ed99d5f0,k-means,warm,exec,queue,0.06109476089477539,2.384185791015625e-07,0.0,1609701761.391929,1609701761.7768707,0.38494181632995605,1609701761.4888244,1609701761.495421,0.006596565246582031
5c291d45480844c28baf1767b1ae8ce7,k-means,warm,exec,queue,0.03695535659790039,2.384185791015625e-07,0.0,1609701761.3937097,1609701761.6311738,0.23746418952941895,1609701761.4598505,1609701761.4662702,0.006419658660888672
13b896d4a963461683c7614ec3d39d00,k-means,warm,exec,queue,0.03148508071899414,2.384185791015625e-07,2.384185791015625e-07,1609701761.3952062,1609701761.773566,0.3783597946166992,1609701761.4558568,1609701761.4612265,0.005369663238525391
229f811b0b1e487f9d22447348acb09b,k-means,warm,exec,queue,0.02632761001586914,4.76837158203125e-07,2.384185791015625e-07,1609701761.3967474,1609701761.5842605,0.18751311302185059,1609701761.4536996,1609701761.4622922,0.008592605590820312
8b36a2679cd64b22873074272e2b3cc0,k-means,warm,exec,queue,0.01871204376220703,2.384185791015625e-07,2.384185791015625e-07,1609701761.3983638,1609701761.5077813,0.10941743850708008,1609701761.4411623,1609701761.4493852,0.008222818374633789
e3b22da3516744c4a9cc34bae2efe70e,k-means,warm,exec,queue,0.010304927825927734,2.384185791015625e-07,0.0,1609701761.3998592,1609701761.5082414,0.1083822250366211,1609701761.4303665,1609701761.438646,0.008279561996459961
88f0e401ffea476d84d798de3948d243,k-means,warm,exec,queue,0.015612363815307617,4.76837158203125e-07,2.384185791015625e-07,1609701761.4013648,1609701761.6082222,0.20685744285583496,1609701761.4365363,1609701761.4461453,0.009608983993530273
631f716138904658a63614f04e745184,k-means,warm,exec,queue,0.06555747985839844,2.384185791015625e-07,0.0,1609701761.402862,1609701761.587015,0.18415284156799316,1609701761.4919314,1609701761.4970539,0.00512242317199707
7ea954161d304456a23c65d8609c14bb,k-means,warm,exec,queue,0.07098650932312012,2.384185791015625e-07,4.76837158203125e-07,1609701761.4044728,1609701761.775192,0.37071919441223145,1609701761.4980793,1609701761.503174,0.005094766616821289
ab54df5a4f7c42389a0791b20d44f958,video,warm,exec,queue,0.01758265495300293,2.384185791015625e-07,2.384185791015625e-07,1609701761.4059665,1609701761.5817463,0.1757798194885254,1609701761.4539294,1609701761.4720204,0.01809096336364746
d3a8f0c20c43498f98437b800519d2ed,k-means,warm,exec,queue,0.004433631896972656,4.76837158203125e-07,2.384185791015625e-07,1609701762.3707383,1609701762.4754343,0.10469603538513184,1609701762.4066637,1609701762.4154403,0.008776664733886719
b54f7beb05bc43d5b3f18047fed1a0f5,k-means,warm,exec,queue,0.04627871513366699,2.384185791015625e-07,2.384185791015625e-07,1609701762.3745153,1609701762.5939586,0.21944332122802734,1609701762.451338,1609701762.4580035,0.006665468215942383
1febe19e2cec4fb8b09eeb8dc40d4808,k-means,warm,exec,queue,0.041394710540771484,2.384185791015625e-07,2.384185791015625e-07,1609701762.376061,1609701762.6571374,0.28107643127441406,1609701762.447256,1609701762.4525928,0.005336761474609375
70b22d3dd01d48239f64fb4664804419,k-means,warm,exec,queue,0.03674745559692383,2.384185791015625e-07,2.384185791015625e-07,1609701762.3776414,1609701762.6559544,0.27831292152404785,1609701762.441387,1609701762.4485474,0.0071604251861572266
55e27662b9174fbbb6b161fe7db05320,k-means,warm,exec,queue,0.03212428092956543,2.384185791015625e-07,2.384185791015625e-07,1609701762.379203,1609701762.5090878,0.1298847198486328,1609701762.43574,1609701762.4410186,0.005278587341308594
945974dfa4f74c57943c919afad20486,k-means,warm,exec,queue,0.008133172988891602,2.384185791015625e-07,2.384185791015625e-07,1609701762.3809643,1609701762.5917118,0.21074748039245605,1609701762.4073637,1609701762.4159904,0.008626699447631836
e13bca52de384b35b77270e0d3e8b879,k-means,warm,exec,queue,0.012982606887817383,4.76837158203125e-07,4.76837158203125e-07,1609701762.38253,1609701762.70942,0.3268899917602539,1609701762.4123437,1609701762.4196382,0.007294416427612305
f96297eda79b451da809a0f98adfd76f,k-means,warm,exec,queue,0.017874717712402344,4.76837158203125e-07,2.384185791015625e-07,1609701762.384059,1609701762.5125844,0.1285254955291748,1609701762.4199996,1609701762.4289706,0.008970975875854492
ff7fc1121902433cbe06ac78700f82a9,k-means,warm,exec,queue,0.02382683753967285,4.76837158203125e-07,7.152557373046875e-07,1609701762.3856266,1609701762.513267,0.1276404857635498,1609701762.4301727,1609701762.4375584,0.007385730743408203
41a6d41e11e2426cb1808a245ea6e4e7,k-means,warm,exec,queue,0.0299985408782959,4.76837158203125e-07,2.384185791015625e-07,1609701762.3872716,1609701762.6565602,0.2692885398864746,1609701762.4314523,1609701762.4388351,0.007382869720458984
610f17d81bfe4f14a83ddac0f643f640,k-means,warm,exec,queue,0.002151966094970703,2.384185791015625e-07,2.384185791015625e-07,1609701763.3814995,1609701763.5020146,0.12051510810852051,1609701763.4417186,1609701763.4504714,0.008752822875976562
1f4b6ccf6ed24b0e933c236f73732bc9,k-means,warm,exec,queue,0.043935537338256836,2.384185791015625e-07,2.384185791015625e-07,1609701763.385836,1609701763.6779146,0.29207873344421387,1609701763.4827223,1609701763.4911351,0.008412837982177734
623344722f404d89a65161008cdd270b,k-means,warm,exec,queue,0.04869794845581055,2.384185791015625e-07,0.0,1609701763.3886573,1609701763.8595638,0.47090649604797363,1609701763.488796,1609701763.495473,0.006676912307739258
be3ca01220954071acb13aced1fd68b6,k-means,warm,exec,queue,0.05439424514770508,4.76837158203125e-07,2.384185791015625e-07,1609701763.391445,1609701763.6538503,0.2624053955078125,1609701763.4945118,1609701763.5016184,0.0071065425872802734
672c4e0c151f4459af21c4bcbea71981,k-means,warm,exec,queue,0.020461559295654297,7.152557373046875e-07,4.76837158203125e-07,1609701763.3945463,1609701763.8552995,0.4607532024383545,1609701763.4547076,1609701763.4628756,0.00816798210144043
898a082aef7e4d78b5f9142f7402ebee,k-means,warm,exec,queue,0.0265653133392334,4.76837158203125e-07,0.0,1609701763.3970942,1609701763.8063374,0.409243106842041,1609701763.4620447,1609701763.4686832,0.006638526916503906
b18274fe889640ef8cf105b9cd9b7c86,k-means,warm,exec,queue,0.03200697898864746,2.384185791015625e-07,2.384185791015625e-07,1609701763.398786,1609701763.526177,0.12739086151123047,1609701763.4651814,1609701763.4718492,0.0066678524017333984
31b0f869ddbb4600aa6c58ad9374c1f9,k-means,warm,exec,queue,0.03681063652038574,2.384185791015625e-07,0.0,1609701763.400488,1609701763.8589168,0.45842885971069336,1609701763.4707327,1609701763.4767845,0.006051778793334961
f53e6e5350f0425e9cb548c4e61d53cd,k-means,warm,exec,queue,0.04168248176574707,2.384185791015625e-07,0.0,1609701763.4021876,1609701763.803472,0.40128445625305176,1609701763.477666,1609701763.4852648,0.007598876953125
df11530074f04b4a8cf5e6a6c9649c59,k-means,warm,exec,queue,0.015661239624023438,4.76837158203125e-07,2.384185791015625e-07,1609701763.4039986,1609701763.6285307,0.2245321273803711,1609701763.4492388,1609701763.4579344,0.008695602416992188
4cb6f63cb92c4249a87986b4e199e891,k-means,warm,exec,queue,0.010489702224731445,2.384185791015625e-07,2.384185791015625e-07,1609701763.4057274,1609701763.5034096,0.09768223762512207,1609701763.4420707,1609701763.450181,0.008110284805297852
715a42e0391c427fb9887e66dac383ef,k-means,warm,exec,queue,0.007660865783691406,4.76837158203125e-07,0.0,1609701763.4074314,1609701763.560052,0.15262055397033691,1609701763.4424095,1609701763.4509382,0.008528709411621094
b55e1c1b8d5c4146826fe6571af781fd,k-means,warm,exec,queue,0.0594789981842041,2.384185791015625e-07,0.0,1609701763.409158,1609701763.8535511,0.4443931579589844,1609701763.4981866,1609701763.5053911,0.007204532623291016
6a3bbfb19ab748bfb44b83928867f0a4,k-means,warm,exec,queue,0.0645911693572998,2.384185791015625e-07,2.384185791015625e-07,1609701763.4109826,1609701763.703619,0.2926363945007324,1609701763.5040505,1609701763.5105612,0.006510734558105469
9e991fe948b1421bbe1367ba1ae1f03a,k-means,warm,exec,queue,0.0697486400604248,2.384185791015625e-07,2.384185791015625e-07,1609701763.4126804,1609701763.7534654,0.34078502655029297,1609701763.5104635,1609701763.516717,0.006253480911254883
79ac86a602044358a885188adff7e9d2,video,warm,exec,queue,0.016648292541503906,2.384185791015625e-07,2.384185791015625e-07,1609701763.4143655,1609701763.562043,0.14767742156982422,1609701763.4627955,1609701763.4801068,0.01731133460998535
5d9d1c76cdac47339a287669d18e210a,k-means,warm,exec,queue,0.002159595489501953,4.76837158203125e-07,2.384185791015625e-07,1609701764.370551,1609701764.5079613,0.13741016387939453,1609701764.4065335,1609701764.4154785,0.008944988250732422
293ed8218d3a466899a840e6d66fd9e0,k-means,warm,exec,queue,0.035326480865478516,2.384185791015625e-07,0.0,1609701764.3745425,1609701764.5373702,0.162827730178833,1609701764.4414577,1609701764.4472163,0.005758523941040039
bffeb95ca56d487bb00add07c6fe40b4,k-means,warm,exec,queue,0.030241966247558594,2.384185791015625e-07,2.384185791015625e-07,1609701764.3771696,1609701764.589706,0.21253633499145508,1609701764.4343364,1609701764.441052,0.006715536117553711
6661499bd16349f78a3b4846921c0c7d,k-means,warm,exec,queue,0.025182723999023438,2.384185791015625e-07,0.0,1609701764.3797486,1609701764.6244185,0.24466991424560547,1609701764.4288177,1609701764.4347544,0.005936622619628906
6ff4a12887124fe8996351e08fb79de6,k-means,warm,exec,queue,0.01997232437133789,2.384185791015625e-07,2.384185791015625e-07,1609701764.3823483,1609701764.646662,0.2643136978149414,1609701764.4249625,1609701764.432793,0.007830381393432617
146eb95f48074e298744e021e8a1b830,k-means,warm,exec,queue,0.014265775680541992,4.76837158203125e-07,2.384185791015625e-07,1609701764.3849978,1609701764.5878406,0.20284271240234375,1609701764.417408,1609701764.426264,0.008856058120727539
50fa6eb0e4194a44ae0a353b4b30a553,k-means,warm,exec,queue,0.006911039352416992,2.384185791015625e-07,0.0,1609701764.3865755,1609701764.5059767,0.11940121650695801,1609701764.4063177,1609701764.414862,0.008544206619262695
37318410776f44bfa9bc2cf716e4ee09,k-means,warm,exec,queue,0.011835575103759766,2.384185791015625e-07,2.384185791015625e-07,1609701764.3881583,1609701764.7153718,0.3272135257720947,1609701764.4121346,1609701764.4208505,0.00871586799621582
a0be4da7bb434e92b371e80d8b7ec7d3,k-means,warm,exec,queue,0.00012922286987304688,2.384185791015625e-07,2.384185791015625e-07,1609701765.3850887,1609701765.526808,0.14171934127807617,1609701765.4473424,1609701765.4554293,0.008086919784545898
95b1d33c3a2441a58926b31db79abf72,k-means,warm,exec,queue,0.010259151458740234,2.384185791015625e-07,0.0,1609701765.3895247,1609701765.5255709,0.1360461711883545,1609701765.4486132,1609701765.4567754,0.008162260055541992
eb95af423da74669b75b60067a27d9d4,k-means,warm,exec,queue,0.015094280242919922,4.76837158203125e-07,2.384185791015625e-07,1609701765.3920634,1609701766.5891173,1.1970539093017578,1609701765.452567,1609701765.4604506,0.007883548736572266
c42bb589debe46b98a1e737ca2a73c28,k-means,warm,exec,queue,0.019627809524536133,4.76837158203125e-07,2.384185791015625e-07,1609701765.3946037,1609701766.5931327,1.1985290050506592,1609701765.459944,1609701765.4674873,0.007543325424194336
17108cb082014ee29aea650b4cbd0509,k-means,warm,exec,queue,0.0279691219329834,2.384185791015625e-07,2.384185791015625e-07,1609701765.397124,1609701767.030984,1.6338598728179932,1609701765.4783497,1609701765.4851859,0.0068361759185791016
8676babe6a7d43b48dc0ea12e294593b,k-means,warm,exec,queue,0.03402829170227051,2.384185791015625e-07,2.384185791015625e-07,1609701765.3985791,1609701766.593753,1.195173978805542,1609701765.4794242,1609701765.487102,0.007677793502807617
1dc9b7f86ec24542a19bece122bbc7a9,k-means,warm,exec,queue,0.03852534294128418,4.76837158203125e-07,2.384185791015625e-07,1609701765.400037,1609701766.0771174,0.6770803928375244,1609701765.4805768,1609701765.488611,0.008034229278564453
e9c5c33750db46c7948e923ece6e58aa,k-means,warm,exec,queue,0.04385948181152344,7.152557373046875e-07,0.0,1609701765.4015114,1609701766.5856328,1.1841213703155518,1609701765.4853616,1609701765.494818,0.009456396102905273
0c7fcc8f99674495bd8beb258125620f,k-means,warm,exec,queue,0.04859304428100586,9.5367431640625e-07,4.76837158203125e-07,1609701765.4030838,1609701768.8178196,3.414735794067383,1609701765.5074122,1609701765.5142431,0.006830930709838867
83e1fe25c84f4c21acd29b7102aae101,k-means,warm,exec,queue,0.061188459396362305,2.384185791015625e-07,2.384185791015625e-07,1609701765.4045541,1609701766.8710284,1.4664742946624756,1609701765.5090437,1609701765.5153897,0.006345987319946289
83408f91d4054e2a88bdb2f5a9a49be4,k-means,warm,exec,queue,0.0710756778717041,4.76837158203125e-07,4.76837158203125e-07,1609701765.4060147,1609701768.8171866,3.4111719131469727,1609701765.5161536,1609701765.52464,0.008486509323120117
53bfba55b9b84a77892d082570d14134,k-means,warm,exec,queue,0.06604862213134766,2.384185791015625e-07,0.0,1609701765.4074762,1609701768.8194363,3.4119601249694824,1609701765.508591,1609701765.5154326,0.0068416595458984375
ad22223d6bfe4a68ac5485bfe65d7673,k-means,warm,exec,queue,0.07631134986877441,7.152557373046875e-07,2.384185791015625e-07,1609701765.4090505,1609701766.9728355,1.5637850761413574,1609701765.5276105,1609701765.535587,0.007976531982421875
1fe1f4433a0d42888b6c40445b3dead0,k-means,warm,exec,queue,0.08229327201843262,2.384185791015625e-07,0.0,1609701765.4105084,1609701766.868087,1.4575786590576172,1609701765.5286534,1609701765.5360804,0.0074269771575927734
f4e47332afea43e58fbfcfd9434602aa,k-means,warm,exec,queue,0.08737945556640625,4.76837158203125e-07,0.0,1609701765.4119687,1609701767.030401,1.6184322834014893,1609701765.5312903,1609701765.5373607,0.006070375442504883
7fc543b69555481789c55d296a52320b,k-means,warm,exec,queue,0.9601869583129883,7.152557373046875e-07,2.384185791015625e-07,1609701765.4134362,1609701767.0351436,1.6217074394226074,1609701766.410092,1609701766.419286,0.009193897247314453
671f39da7a724a88b5b080a8659783c9,video,warm,exec,queue,0.017885446548461914,4.76837158203125e-07,2.384185791015625e-07,1609701765.414999,1609701766.871619,1.4566199779510498,1609701765.4782324,1609701765.4943647,0.016132354736328125
8ccd62b31adc4ae68524c6ad93dd9914,matmul,warm,exec,queue,0.02435898780822754,2.384185791015625e-07,0.0,1609701765.416488,1609701766.589723,1.1732351779937744,1609701765.4797714,1609701765.4912844,0.011512994766235352
f492a2a5a5384f46bc2f3f17ef463b2e,map_reduce,warm,exec,queue,0.02514481544494629,2.384185791015625e-07,2.384185791015625e-07,1609701765.417967,1609701768.814353,3.396385908126831,1609701765.4806905,1609701765.5676143,0.08692383766174316
08b47930d48b46a0b744f83b7fb2a1a7,disk,cold,exec,create,0.03008866310119629,5.5106401443481445,2.384185791015625e-07,1609701765.4194403,1609701771.0641453,5.644705057144165,1609701770.9883652,1609701771.0080938,0.019728660583496094
3db1e138bec240bab862de0a0194386f,k-means,warm,exec,queue,0.008701086044311523,2.384185791015625e-07,2.384185791015625e-07,1609701766.374662,1609701767.5334415,1.1587796211242676,1609701766.4113712,1609701766.419151,0.007779836654663086
99b8cd74b0bf4cb5b98b0ba59810d393,k-means,warm,exec,queue,1.0273525714874268,4.76837158203125e-07,2.384185791015625e-07,1609701766.3789437,1609701768.544074,2.165130376815796,1609701767.4429626,1609701767.4492722,0.00630950927734375
3505ff351810458996e7668583e926db,k-means,warm,exec,queue,0.034194231033325195,2.384185791015625e-07,0.0,1609701766.381621,1609701767.532924,1.1513030529022217,1609701766.4434333,1609701766.450482,0.007048606872558594
e5e18e7f43c34fe294ed9198d7b009c8,k-means,warm,exec,queue,0.029515981674194336,2.384185791015625e-07,2.384185791015625e-07,1609701766.3842566,1609701766.9711466,0.5868899822235107,1609701766.4367259,1609701766.4417157,0.0049898624420166016
5732b81ab54a4ead850a7614c805d108,k-means,warm,exec,queue,0.01255035400390625,7.152557373046875e-07,2.384185791015625e-07,1609701766.387269,1609701767.5297458,1.1424767971038818,1609701766.417137,1609701766.4252028,0.008065938949584961
f6b53e0e93964e61b82967332f607851,k-means,warm,exec,queue,0.017291784286499023,2.384185791015625e-07,2.384185791015625e-07,1609701766.3892903,1609701767.0357356,0.6464452743530273,1609701766.4215589,1609701766.4296393,0.008080482482910156
f1b04ad2eac2444aaaab31f631afb9ba,k-means,warm,exec,queue,0.021910429000854492,2.384185791015625e-07,2.384185791015625e-07,1609701766.390886,1609701768.0449123,1.6540262699127197,1609701766.4271357,1609701766.433832,0.006696224212646484
58e74dcb3aa34a86b04b19c2e86a871d,k-means,warm,exec,queue,0.02660369873046875,2.384185791015625e-07,2.384185791015625e-07,1609701766.3924963,1609701767.0024886,0.609992265701294,1609701766.431195,1609701766.4373803,0.006185293197631836
7a770ba292b945c8a6383733c8908f81,k-means,warm,exec,queue,0.013576269149780273,2.384185791015625e-07,2.384185791015625e-07,1609701767.3862534,1609701768.4560003,1.069746971130371,1609701767.4437802,1609701767.4514349,0.007654666900634766
cf23a42590a2461898e042e537005522,k-means,warm,exec,queue,0.05468010902404785,4.76837158203125e-07,2.384185791015625e-07,1609701767.3905284,1609701768.9277282,1.5371997356414795,1609701767.498639,1609701767.5038486,0.005209445953369141
96a86a49a2f0401bba94aab332069b58,k-means,warm,exec,queue,0.05910992622375488,7.152557373046875e-07,7.152557373046875e-07,1609701767.3931944,1609701768.6687074,1.275512933731079,1609701767.499269,1609701767.5039823,0.004713296890258789
140751049b1b40d585312b0f540dcf6b,k-means,warm,exec,queue,0.06448101997375488,2.384185791015625e-07,2.384185791015625e-07,1609701767.3958,1609701768.0588887,0.6630885601043701,1609701767.5061555,1609701767.512665,0.006509542465209961
6256e7fe4185479fb4d7924302a0e3e4,k-means,warm,exec,queue,0.0281527042388916,4.76837158203125e-07,2.384185791015625e-07,1609701767.3990724,1609701768.6659238,1.2668514251708984,1609701767.466197,1609701767.4724,0.0062029361724853516
97a29c6270984171adcf531f4d664d00,k-means,warm,exec,queue,0.0327150821685791,2.384185791015625e-07,0.0,1609701767.4012904,1609701768.39343,0.9921395778656006,1609701767.4666727,1609701767.4722228,0.0055501461029052734
a2a9220c4ae74e45b4fad1ae57ea2cb4,k-means,warm,exec,queue,0.03789663314819336,2.384185791015625e-07,2.384185791015625e-07,1609701767.4028437,1609701768.9247022,1.5218584537506104,1609701767.4730682,1609701767.4797592,0.00669097900390625
9e63d17e5812469fab78e1f4a0fdcd19,k-means,warm,exec,queue,0.042523860931396484,2.384185791015625e-07,2.384185791015625e-07,1609701767.404417,1609701768.5423005,1.1378834247589111,1609701767.479369,1609701767.4853947,0.006025791168212891
d013f745b3fa4b739395b09e04335369,k-means,warm,exec,queue,0.0472559928894043,4.76837158203125e-07,2.384185791015625e-07,1609701767.4060855,1609701768.66381,1.2577245235443115,1609701767.482419,1609701767.489672,0.007252931594848633
cca5e4d462a04df797a3289a16c7e3c3,k-means,warm,exec,queue,0.052484989166259766,7.152557373046875e-07,4.76837158203125e-07,1609701767.4076486,1609701768.6693203,1.261671781539917,1609701767.494703,1609701767.500723,0.0060198307037353516
02cfbfad67fd4418b8a120ea1d650890,k-means,warm,exec,queue,0.022428512573242188,2.384185791015625e-07,2.384185791015625e-07,1609701767.409224,1609701769.0683372,1.6591131687164307,1609701767.4611366,1609701767.46733,0.006193399429321289
d1c4d1a4bbb04cf296f67d13dd13853f,k-means,warm,exec,queue,0.017205238342285156,2.384185791015625e-07,0.0,1609701767.410767,1609701769.066909,1.656141996383667,1609701767.448429,1609701767.455785,0.007355928421020508
16c638818db64d00901339192561289f,k-means,warm,exec,queue,0.06938505172729492,2.384185791015625e-07,0.0,1609701767.4124355,1609701768.0608613,0.648425817489624,1609701767.5106995,1609701767.5164301,0.005730628967285156
3abfbbf5fdb74cce9984ec38e20168ef,k-means,warm,exec,queue,0.07497644424438477,2.384185791015625e-07,0.0,1609701767.413987,1609701769.355958,1.9419710636138916,1609701767.5159042,1609701767.5219834,0.006079196929931641
bba32d8ab1394e5cb5a3052fd4794cb1,k-means,warm,exec,queue,0.9627072811126709,4.76837158203125e-07,0.0,1609701767.415512,1609701768.928327,1.512814998626709,1609701768.4066415,1609701768.41439,0.007748603820800781
8c8d1ab600144ca1a6a3ff466706bc9d,video,warm,exec,queue,0.014616727828979492,2.384185791015625e-07,0.0,1609701767.4183826,1609701768.4549088,1.0365262031555176,1609701767.4630046,1609701767.4798236,0.016819000244140625
c6254b676a3d47048fc6a22b640755c4,k-means,warm,exec,queue,0.00971531867980957,4.76837158203125e-07,2.384185791015625e-07,1609701768.374825,1609701768.542771,0.16794610023498535,1609701768.4111185,1609701768.4188268,0.007708311080932617
c3df60aecf58484692bf8a9f07fa118f,k-means,warm,exec,queue,1.004021406173706,7.152557373046875e-07,4.76837158203125e-07,1609701768.3789382,1609701769.581106,1.2021677494049072,1609701769.423505,1609701769.4305613,0.007056236267089844
9dd8c5285619452ca71a25866ca9688d,k-means,warm,exec,queue,0.03661751747131348,4.76837158203125e-07,2.384185791015625e-07,1609701768.3810918,1609701769.303614,0.9225220680236816,1609701768.443135,1609701768.449359,0.006223917007446289
b7ce35d220a24c2881ccf1615f017dbd,k-means,warm,exec,queue,0.014028549194335938,2.384185791015625e-07,2.384185791015625e-07,1609701768.3832161,1609701768.5396438,0.15642762184143066,1609701768.416675,1609701768.4239771,0.007302045822143555
d254c56d0be64a03a9416df756d85cdb,k-means,warm,exec,queue,0.01850295066833496,2.384185791015625e-07,4.76837158203125e-07,1609701768.385358,1609701769.6244595,1.2391014099121094,1609701768.4209187,1609701768.4276974,0.006778717041015625
ef8b7dac568c45919201823872df6f18,k-means,warm,exec,queue,0.023381471633911133,7.152557373046875e-07,7.152557373046875e-07,1609701768.3879507,1609701769.6217315,1.233780860900879,1609701768.426392,1609701768.430926,0.004534006118774414
3504f3adae7f4e698a59be68d20df093,k-means,warm,exec,queue,0.028493881225585938,2.384185791015625e-07,2.384185791015625e-07,1609701768.3896465,1609701769.625019,1.235372543334961,1609701768.434013,1609701768.441209,0.007196187973022461
c6e23f2f0f754712a541228f31d006c3,k-means,warm,exec,queue,0.03346991539001465,2.384185791015625e-07,2.384185791015625e-07,1609701768.3911939,1609701769.1706593,0.7794654369354248,1609701768.43749,1609701768.4417634,0.004273414611816406
5cbd1e1aaba14d68a1334c8cb7e3c7a5,k-means,warm,exec,queue,0.011304616928100586,4.76837158203125e-07,2.384185791015625e-07,1609701769.3794692,1609701769.7827141,0.4032449722290039,1609701769.4240565,1609701769.4319036,0.007847070693969727
4f0b7557bfbc4baa897e62c13e7798f9,k-means,warm,exec,queue,0.01381063461303711,2.384185791015625e-07,2.384185791015625e-07,1609701769.383314,1609701769.7319014,0.3485875129699707,1609701769.42956,1609701769.4364903,0.006930351257324219
c159b79a8f8c49088db098e510ea3589,k-means,warm,exec,queue,0.019036054611206055,4.76837158203125e-07,2.384185791015625e-07,1609701769.3858678,1609701769.5797377,0.19386982917785645,1609701769.4412959,1609701769.4491158,0.007819890975952148
18bcbdfd49504cfcb297213bb924aed3,k-means,warm,exec,queue,0.02355480194091797,2.384185791015625e-07,0.0,1609701769.388388,1609701769.9239526,0.535564661026001,1609701769.4445117,1609701769.4510152,0.006503582000732422
20bd84ca43834ff1ad8b928577dbfb95,k-means,warm,exec,queue,0.028352022171020508,4.76837158203125e-07,2.384185791015625e-07,1609701769.390642,1609701769.6898007,0.29915881156921387,1609701769.4452653,1609701769.4516482,0.006382942199707031
328253acad2a4b009e7d1fcc5d490324,k-means,warm,exec,queue,0.03329730033874512,2.384185791015625e-07,2.384185791015625e-07,1609701769.392308,1609701769.977631,0.5853230953216553,1609701769.4510524,1609701769.458052,0.006999492645263672
f1f820f6565349d3b80de05749b34e69,k-means,warm,exec,queue,0.03988456726074219,4.76837158203125e-07,4.76837158203125e-07,1609701769.393771,1609701769.9760962,0.5823252201080322,1609701769.4646108,1609701769.4707096,0.006098747253417969
ce8a8b2a8a1d45aea734c81666a95f04,k-means,warm,exec,queue,0.04537200927734375,2.384185791015625e-07,2.384185791015625e-07,1609701769.395219,1609701769.8836012,0.48838210105895996,1609701769.4661102,1609701769.4731715,0.0070612430572509766
ea456b422a324020851b1756fd727b5e,k-means,warm,exec,queue,0.0500791072845459,2.384185791015625e-07,0.0,1609701769.3967037,1609701769.8071399,0.41043615341186523,1609701769.4691663,1609701769.475374,0.006207704544067383
0eb699574fe74aeba65455061410a55c,k-means,warm,exec,queue,0.0552821159362793,2.384185791015625e-07,2.384185791015625e-07,1609701769.3982825,1609701769.974526,0.5762434005737305,1609701769.4768732,1609701769.4837415,0.0068683624267578125
e402e10db211485eba4ba0d40cc3dbc5,k-means,warm,exec,queue,0.9995577335357666,4.76837158203125e-07,2.384185791015625e-07,1609701769.3997264,1609701770.543099,1.1433725357055664,1609701770.4268827,1609701770.434385,0.007502317428588867
d189cc5f7d46432389347b9ad0ada0f5,video,warm,exec,queue,0.015612125396728516,2.384185791015625e-07,2.384185791015625e-07,1609701769.40136,1609701769.8824437,0.48108363151550293,1609701769.444811,1609701769.4609046,0.01609349250793457
8b3f750d343244c78945829162dbc438,k-means,warm,exec,queue,0.010490655899047852,4.76837158203125e-07,2.384185791015625e-07,1609701770.3827343,1609701770.6312044,0.24847006797790527,1609701770.427408,1609701770.4352038,0.007795810699462891
0fa4e7891b904d91b0aee9b7c9217e91,k-means,warm,exec,queue,0.029913902282714844,2.384185791015625e-07,0.0,1609701770.38685,1609701770.62878,0.2419297695159912,1609701770.4481442,1609701770.454499,0.006354808807373047
a4ac9c6a230b4230a1ef34772dbe13e9,k-means,warm,exec,queue,0.03536725044250488,2.384185791015625e-07,2.384185791015625e-07,1609701770.3890548,1609701770.5967686,0.20771384239196777,1609701770.455504,1609701770.4617314,0.0062274932861328125
51116654d49445d68cfd483ee3044280,k-means,warm,exec,queue,0.040741920471191406,2.384185791015625e-07,2.384185791015625e-07,1609701770.390507,1609701770.816408,0.425900936126709,1609701770.4600942,1609701770.4653165,0.005222320556640625
27f123ce704c4887be828f25b2792ddc,k-means,warm,exec,queue,0.04613447189331055,4.76837158203125e-07,2.384185791015625e-07,1609701770.3921473,1609701770.5981758,0.20602846145629883,1609701770.4680197,1609701770.4746764,0.006656646728515625
dabf318d3400445d8098e8c361136094,k-means,warm,exec,queue,0.024763107299804688,2.384185791015625e-07,2.384185791015625e-07,1609701770.393631,1609701770.6317146,0.2380836009979248,1609701770.4450705,1609701770.4495463,0.004475831985473633
d7a9fa5540974043a48882ccb7bc6322,k-means,warm,exec,queue,0.019966602325439453,4.76837158203125e-07,0.0,1609701770.395151,1609701770.719732,0.3245811462402344,1609701770.4386303,1609701770.4453561,0.006725788116455078
053d1279980841f29431f601023f42c6,k-means,warm,exec,queue,0.014678001403808594,2.384185791015625e-07,2.384185791015625e-07,1609701770.3966503,1609701770.5441616,0.14751124382019043,1609701770.431917,1609701770.4395704,0.007653474807739258
8c0ded07ec214fb28ef18a538ba0f170,k-means,warm,exec,queue,0.06476664543151855,4.76837158203125e-07,2.384185791015625e-07,1609701770.3981729,1609701770.8170307,0.4188578128814697,1609701770.490443,1609701770.496845,0.006402015686035156
d8f389cb31cd4251ae78dcfb87b462d4,k-means,warm,exec,queue,0.05990958213806152,2.384185791015625e-07,2.384185791015625e-07,1609701770.3998814,1609701770.8175535,0.41767215728759766,1609701770.4840786,1609701770.4911659,0.007087230682373047
77d70fb4f37248f0a7b2af6498aa2d7b,k-means,warm,exec,queue,0.05478692054748535,7.152557373046875e-07,2.384185791015625e-07,1609701770.4013538,1609701770.8409276,0.4395737648010254,1609701770.4800801,1609701770.4882796,0.008199453353881836
773ec771e4014b15be198bfdb56090cf,k-means,warm,exec,queue,0.04943060874938965,2.384185791015625e-07,0.0,1609701770.4027917,1609701770.6600568,0.2572650909423828,1609701770.4720137,1609701770.4777865,0.005772829055786133
a9bc912f6da8472a8c0a1e886b277b0b,k-means,warm,exec,queue,0.9973077774047852,4.76837158203125e-07,0.0,1609701770.4042475,1609701771.527979,1.1237313747406006,1609701771.4329023,1609701771.4388332,0.005930900573730469
0fc12985b3cc45ebbc44f594f71e570c,matmul,warm,exec,queue,0.015318870544433594,2.384185791015625e-07,2.384185791015625e-07,1609701770.405795,1609701770.628306,0.22251081466674805,1609701770.444696,1609701770.4527833,0.008087396621704102
b225bf6dee46430a9f4bbcb738433956,k-means,warm,exec,queue,0.012806177139282227,2.384185791015625e-07,0.0,1609701771.384597,1609701771.6282876,0.24369049072265625,1609701771.4340725,1609701771.441737,0.00766444206237793
e21f7fb0a3134ecfa0d54109b1d44142,k-means,warm,exec,queue,0.032442331314086914,2.384185791015625e-07,2.384185791015625e-07,1609701771.3888426,1609701771.6288006,0.2399580478668213,1609701771.4615614,1609701771.4691043,0.007542848587036133
c910d97d9dc24071812b5f0ad7fa11eb,k-means,warm,exec,queue,0.03676939010620117,7.152557373046875e-07,7.152557373046875e-07,1609701771.3913548,1609701771.6874323,0.2960774898529053,1609701771.4651017,1609701771.470995,0.005893230438232422
7da5837879764935b951b7ec165c6c3c,k-means,warm,exec,queue,0.04137396812438965,2.384185791015625e-07,2.384185791015625e-07,1609701771.394005,1609701771.6863089,0.29230380058288574,1609701771.4722877,1609701771.4815836,0.009295940399169922
7440f3cbce5041ce8e2398b38cdff160,k-means,warm,exec,queue,0.04609274864196777,2.384185791015625e-07,2.384185791015625e-07,1609701771.3966842,1609701771.8409324,0.4442481994628906,1609701771.4780278,1609701771.483825,0.005797147750854492
e156c2d92bea456eaa29c83eefdc22c2,k-means,warm,exec,queue,0.05168867111206055,4.76837158203125e-07,2.384185791015625e-07,1609701771.3981223,1609701771.630143,0.23202061653137207,1609701771.4830072,1609701771.4903207,0.00731348991394043
44d6ffda32554781b6a7d9478571cafe,k-means,warm,exec,queue,0.058371543884277344,2.384185791015625e-07,0.0,1609701771.3995428,1609701771.9381518,0.5386090278625488,1609701771.4908001,1609701771.4983385,0.007538318634033203
606e6e8fedc844c2ba89f05f6bb4a77f,k-means,warm,exec,queue,0.06393122673034668,2.384185791015625e-07,2.384185791015625e-07,1609701771.4011064,1609701771.685168,0.2840616703033447,1609701771.496228,1609701771.5012407,0.0050127506256103516
ffc7ff35bd4b436abd2833404c29065d,k-means,warm,exec,queue,0.029162883758544922,4.76837158203125e-07,4.76837158203125e-07,1609701771.4025311,1609701771.5771508,0.1746196746826172,1609701771.4550927,1609701771.461743,0.006650447845458984
5d8a361ed9bd474699e051f440fe87a2,k-means,warm,exec,queue,0.02509021759033203,2.384185791015625e-07,2.384185791015625e-07,1609701771.4043262,1609701771.5790308,0.17470455169677734,1609701771.451971,1609701771.4581566,0.0061855316162109375
365e0d7cdd18442aa329ae1ded7e4e7c,k-means,warm,exec,queue,0.01661849021911621,7.152557373046875e-07,2.384185791015625e-07,1609701771.405781,1609701771.526012,0.12023091316223145,1609701771.4388611,1609701771.4465356,0.007674455642700195
984896aee2344e1d9711b8803bc6db81,k-means,warm,exec,queue,0.021558046340942383,2.384185791015625e-07,4.76837158203125e-07,1609701771.4071956,1609701771.7286842,0.321488618850708,1609701771.4497845,1609701771.4561067,0.006322145462036133
95e6687b77e64e068d2f529333054ad3,k-means,warm,exec,queue,0.9914562702178955,7.152557373046875e-07,0.0,1609701771.4087036,1609701773.0500727,1.641369104385376,1609701772.4360602,1609701772.4442225,0.008162260055541992
9e63743ec5094ba48874f12c935ac688,video,warm,exec,queue,0.014169692993164062,2.384185791015625e-07,0.0,1609701771.410216,1609701771.8403225,0.43010640144348145,1609701771.4508803,1609701771.4665189,0.01563858985900879
9a49e142804848a7a6a9c2426424aa79,k-means,warm,exec,queue,0.011093854904174805,4.76837158203125e-07,0.0,1609701772.3875902,1609701773.051853,0.6642627716064453,1609701772.4354193,1609701772.4430168,0.007597446441650391
a2fd3f77aaa24fb797549dc8828e485b,k-means,warm,exec,queue,0.013538122177124023,4.76837158203125e-07,2.384185791015625e-07,1609701772.39192,1609701772.989982,0.5980618000030518,1609701772.4408884,1609701772.448602,0.0077135562896728516
1554eb4fc0ba415d9f61ba79c3a895c9,k-means,warm,exec,queue,0.01891303062438965,4.76837158203125e-07,2.384185791015625e-07,1609701772.394575,1609701772.9932942,0.5987191200256348,1609701772.4470873,1609701772.4547703,0.0076830387115478516
c4d2e2e31e924828adf9f5f9260bd0ee,k-means,warm,exec,queue,0.024207115173339844,9.5367431640625e-07,4.76837158203125e-07,1609701772.3968697,1609701773.1082127,0.7113430500030518,1609701772.4583695,1609701772.463597,0.005227565765380859
b0b6abca34e1417cb6bbfc47184931a8,k-means,warm,exec,queue,0.028814315795898438,2.384185791015625e-07,2.384185791015625e-07,1609701772.3986428,1609701773.2204173,0.8217744827270508,1609701772.4618182,1609701772.4677784,0.005960226058959961
583d60e9fc0f46e2a6f1cb0d9b6df5c4,k-means,warm,exec,queue,0.033210039138793945,2.384185791015625e-07,2.384185791015625e-07,1609701772.400227,1609701772.995801,0.595573902130127,1609701772.462841,1609701772.4688191,0.005978107452392578
7d16f409bac745b183d248c7ee5d31ac,k-means,warm,exec,queue,0.038083553314208984,2.384185791015625e-07,2.384185791015625e-07,1609701772.4018002,1609701772.9963992,0.5945990085601807,1609701772.4693696,1609701772.4766896,0.007319927215576172
ae9b81d603e44797a471a9b128c4e23b,k-means,warm,exec,queue,0.0424191951751709,2.384185791015625e-07,2.384185791015625e-07,1609701772.4033625,1609701772.9926953,0.5893328189849854,1609701772.474505,1609701772.4791422,0.004637241363525391
0a611e42ea73445687a504d3e74f867a,k-means,warm,exec,queue,0.04685497283935547,2.384185791015625e-07,2.384185791015625e-07,1609701772.404953,1609701773.2183356,0.813382625579834,1609701772.4778035,1609701772.4826686,0.004865169525146484
afa64be18feb409b9af3d61e74bd5b64,k-means,warm,exec,queue,0.05198335647583008,2.384185791015625e-07,0.0,1609701772.4066577,1609701773.3104138,0.9037561416625977,1609701772.4857512,1609701772.492012,0.006260871887207031
fc6377103c984946a6e58a25384d757f,k-means,warm,exec,queue,0.05818915367126465,4.76837158203125e-07,4.76837158203125e-07,1609701772.4082606,1609701773.1488907,0.7406301498413086,1609701772.491688,1609701772.4977157,0.006027698516845703
aa0dc359f2c241f3af688cec6cfeea15,k-means,warm,exec,queue,0.06366205215454102,2.384185791015625e-07,2.384185791015625e-07,1609701772.409836,1609701773.3090882,0.89925217628479,1609701772.497442,1609701772.5031345,0.005692481994628906
cef11db86a6f4d54947d97847337bb9a,k-means,warm,exec,queue,0.0689096450805664,2.384185791015625e-07,2.384185791015625e-07,1609701772.41138,1609701773.2232056,0.8118255138397217,1609701772.5030556,1609701772.509937,0.0068814754486083984
de115bbf6a5b46dfbc48d62af95920e8,k-means,cold,exec,create,-6.938765287399292,7.260058403015137,4.76837158203125e-07,1609701772.4130473,1609701773.2208772,0.8078298568725586,1609701772.755566,1609701772.7662199,0.010653972625732422
f86ec89230824ab4bcd6dde724d1780d,k-means,warm,exec,queue,0.005026817321777344,4.76837158203125e-07,2.384185791015625e-07,1609701773.380608,1609701773.5107539,0.13014578819274902,1609701773.4229324,1609701773.430509,0.007576704025268555
916eae1ae9a54e25bcc20b69921bac97,k-means,warm,exec,queue,0.058330535888671875,2.384185791015625e-07,2.384185791015625e-07,1609701773.3868,1609701773.7048585,0.31805849075317383,1609701773.4819558,1609701773.4898145,0.007858753204345703
d8e9989147a44e7d954b8939cb3e3e16,k-means,warm,exec,queue,0.05333375930786133,2.384185791015625e-07,2.384185791015625e-07,1609701773.3889353,1609701773.5866501,0.19771480560302734,1609701773.4756677,1609701773.4820461,0.0063784122467041016
6b51f13f27304134888463a4b19b2f26,k-means,warm,exec,queue,0.048624515533447266,2.384185791015625e-07,2.384185791015625e-07,1609701773.3903646,1609701773.703384,0.3130192756652832,1609701773.470134,1609701773.4757226,0.005588531494140625
553ce9ba7b2a4d36a2a74aaf4c55cd66,k-means,warm,exec,queue,0.043465375900268555,4.76837158203125e-07,2.384185791015625e-07,1609701773.3917823,1609701773.8126693,0.4208869934082031,1609701773.4654393,1609701773.4725964,0.007157087326049805
8612641e96324ba0b2e489785af41d2f,k-means,warm,exec,queue,0.037618160247802734,2.384185791015625e-07,2.384185791015625e-07,1609701773.3934464,1609701773.589592,0.19614553451538086,1609701773.4586287,1609701773.4637012,0.005072593688964844
489fb56d80af46029580af0a4b2b0ca0,k-means,warm,exec,queue,0.008820056915283203,2.384185791015625e-07,4.76837158203125e-07,1609701773.394867,1609701773.5123296,0.1174626350402832,1609701773.4246197,1609701773.4319375,0.007317781448364258
94525e9b01954e51955b02e76def1baf,k-means,warm,exec,queue,0.013190984725952148,2.384185791015625e-07,2.384185791015625e-07,1609701773.3962996,1609701773.630093,0.2337934970855713,1609701773.4290607,1609701773.4354622,0.006401538848876953
a6c171d4ead24508a0cbc46806f8bdfa,k-means,warm,exec,queue,0.01850581169128418,4.76837158203125e-07,4.76837158203125e-07,1609701773.3977199,1609701773.6283495,0.23062968254089355,1609701773.4407823,1609701773.4483733,0.0075910091400146484
bed5524eafa544f3ae1a1ab2d38e6d25,k-means,warm,exec,queue,0.02388143539428711,2.384185791015625e-07,0.0,1609701773.3991444,1609701773.589043,0.18989849090576172,1609701773.4425268,1609701773.4493344,0.006807565689086914
5d33e438e6e64db58b8b592792363273,k-means,warm,exec,queue,0.0284574031829834,2.384185791015625e-07,2.384185791015625e-07,1609701773.400684,1609701773.7417305,0.3410463333129883,1609701773.4462137,1609701773.4521155,0.005901813507080078
4da4f59d86734d778d457d6ed09fcbda,k-means,warm,exec,queue,0.03369402885437012,2.384185791015625e-07,2.384185791015625e-07,1609701773.4021018,1609701773.740055,0.3379533290863037,1609701773.4558237,1609701773.4630535,0.007229804992675781
1bd06fbc8735433c9f548a5245eb2b6c,video,warm,exec,queue,0.014913082122802734,2.384185791015625e-07,0.0,1609701773.4035225,1609701773.8143756,0.41085314750671387,1609701773.4421206,1609701773.458172,0.016051530838012695
6ba2410b189a4af984aa42a57c6e8536,k-means,warm,exec,queue,8.082389831542969e-05,4.76837158203125e-07,2.384185791015625e-07,1609701774.3761594,1609701774.9879925,0.6118330955505371,1609701774.409761,1609701774.4175932,0.00783228874206543
e18fde82468041688b3f55e1f67b10c8,k-means,warm,exec,queue,0.004591703414916992,2.384185791015625e-07,2.384185791015625e-07,1609701774.3802447,1609701774.8109303,0.43068552017211914,1609701774.4101439,1609701774.4183593,0.00821542739868164
4a041377bee94cb0a217ab6615aa3b93,k-means,warm,exec,queue,0.009315729141235352,2.384185791015625e-07,2.384185791015625e-07,1609701774.3828156,1609701774.8081021,0.42528653144836426,1609701774.414059,1609701774.4222667,0.00820779800415039
cde8ec86bc6a44de8cdcd4d7001b5b32,k-means,warm,exec,queue,0.014232397079467773,2.384185791015625e-07,2.384185791015625e-07,1609701774.3854132,1609701775.0611532,0.6757400035858154,1609701774.4197054,1609701774.427689,0.007983684539794922
78edf47657fc4844853aded5f8fdcd5d,k-means,warm,exec,queue,0.01815056800842285,2.384185791015625e-07,2.384185791015625e-07,1609701774.387965,1609701774.985523,0.5975580215454102,1609701774.430087,1609701774.4371538,0.0070667266845703125
7fae78e28fac43d5834992979720e9fa,k-means,warm,exec,queue,0.02425098419189453,4.76837158203125e-07,4.76837158203125e-07,1609701774.3898656,1609701774.8093345,0.41946887969970703,1609701774.4309711,1609701774.435835,0.004863739013671875
92e85d9d0ed14699814103ad8aa02859,k-means,warm,exec,queue,0.028900861740112305,2.384185791015625e-07,0.0,1609701774.3914087,1609701775.0596044,0.6681957244873047,1609701774.4352949,1609701774.440644,0.005349159240722656
8c9263977d904ef89b0e70ec9284883a,k-means,warm,exec,queue,0.0006647109985351562,2.384185791015625e-07,2.384185791015625e-07,1609701775.385774,1609701775.5299807,0.14420676231384277,1609701775.4338388,1609701775.441394,0.007555246353149414
07b84f9af4e64ea79c05f53051de3703,video,warm,exec,queue,0.018405437469482422,2.384185791015625e-07,2.384185791015625e-07,1609701775.389869,1609701775.5800776,0.19020867347717285,1609701775.4585714,1609701775.4754553,0.01688385009765625
cd0ff34afc2c4efa90dde81ec4d6f89d,k-means,warm,exec,queue,0.014699459075927734,2.384185791015625e-07,0.0,1609701775.392424,1609701775.7490318,0.35660767555236816,1609701775.4456878,1609701775.4530993,0.007411479949951172
cf63998b9a8b499e988136472cb732d8,k-means,warm,exec,queue,0.019222497940063477,2.384185791015625e-07,2.384185791015625e-07,1609701775.3949156,1609701775.585005,0.19008946418762207,1609701775.4577167,1609701775.4638255,0.006108760833740234
3da9f9e78f0147878ee7a18fe1cb5acf,k-means,warm,exec,queue,0.025194644927978516,4.76837158203125e-07,2.384185791015625e-07,1609701775.3976905,1609701775.6827009,0.28501033782958984,1609701775.4606667,1609701775.4675908,0.006924152374267578
98736c934e2b48419f1ad8e098151680,k-means,warm,exec,queue,0.029575347900390625,2.384185791015625e-07,0.0,1609701775.400193,1609701775.6862752,0.28608226776123047,1609701775.4622169,1609701775.4680576,0.005840778350830078
ca7fe249e88e41b68c4b42279b9112ba,k-means,warm,exec,queue,0.03452277183532715,2.384185791015625e-07,0.0,1609701775.4017227,1609701775.7475567,0.34583401679992676,1609701775.467101,1609701775.4738488,0.006747722625732422
f412747d9b0b450d891961f7574e1a7f,k-means,warm,exec,queue,0.039484262466430664,2.384185791015625e-07,0.0,1609701775.4031684,1609701775.7908204,0.3876519203186035,1609701775.4758596,1609701775.4824855,0.0066258907318115234
b1a58b41be9c41fd9537ed29929fdd4e,k-means,warm,exec,queue,0.0033676624298095703,2.384185791015625e-07,2.384185791015625e-07,1609701775.4046202,1609701775.5833676,0.17874741554260254,1609701775.4343746,1609701775.442201,0.00782632827758789
1b577670ea5d432db4b2193c5a660834,k-means,warm,exec,queue,0.008951902389526367,2.384185791015625e-07,0.0,1609701775.4063282,1609701775.630514,0.22418570518493652,1609701775.434633,1609701775.4423187,0.007685661315917969
4efde12e05574a24973cfc119b27e8dd,k-means,warm,exec,queue,0.013844728469848633,2.384185791015625e-07,2.384185791015625e-07,1609701775.4077744,1609701775.5827925,0.1750180721282959,1609701775.4394455,1609701775.4472585,0.007812976837158203
6126da03d84e4c749a0306e04e0c39ce,matmul,warm,exec,queue,0.027458667755126953,2.384185791015625e-07,2.384185791015625e-07,1609701775.4092402,1609701775.792463,0.3832228183746338,1609701775.460881,1609701775.470697,0.00981593132019043
152813a23e0a4d3291b0103b0963a27d,map_reduce,warm,exec,queue,0.028112173080444336,2.384185791015625e-07,2.384185791015625e-07,1609701775.4106958,1609701775.6857197,0.2750239372253418,1609701775.4613333,1609701775.546576,0.08524274826049805
33595c4ed80745228e3decaf189c0992,k-means,warm,exec,queue,6.198883056640625e-05,4.76837158203125e-07,2.384185791015625e-07,1609701776.3844304,1609701776.515671,0.1312406063079834,1609701776.4205642,1609701776.428307,0.007742881774902344
353429da2395493f9f407ace81b31afb,k-means,warm,exec,queue,0.0037505626678466797,0.0,0.0,1609701776.388406,1609701776.5191886,0.1307826042175293,1609701776.420769,1609701776.428421,0.0076520442962646484
33941782e7094f13bc30ae09970c70b0,k-means,warm,exec,queue,0.00866842269897461,4.76837158203125e-07,2.384185791015625e-07,1609701776.3909612,1609701776.52071,0.12974882125854492,1609701776.425811,1609701776.4335706,0.007759571075439453
8125498415794d18a958dde23736d144,k-means,warm,exec,queue,0.01353907585144043,2.384185791015625e-07,4.76837158203125e-07,1609701776.393484,1609701776.5195677,0.1260836124420166,1609701776.4317112,1609701776.439545,0.007833719253540039
5da182d0ccc34c7da91736e0ceac0d24,k-means,warm,exec,queue,0.018425464630126953,4.76837158203125e-07,2.384185791015625e-07,1609701776.3960655,1609701776.6164997,0.22043418884277344,1609701776.4366503,1609701776.441691,0.005040645599365234
0bd97a0d468b4d90b7ff611b45c8710b,k-means,warm,exec,queue,0.02327275276184082,2.384185791015625e-07,2.384185791015625e-07,1609701776.3978457,1609701776.6106117,0.21276593208312988,1609701776.4411998,1609701776.447283,0.006083250045776367
9c836b9a8b1046ccafc5715ab174c29d,k-means,warm,exec,queue,0.02829885482788086,2.384185791015625e-07,0.0,1609701776.3993268,1609701776.6154513,0.2161245346069336,1609701776.446657,1609701776.4510503,0.004393339157104492
c57a5f7fdde0499cb26e3560350a09e5,k-means,warm,exec,queue,0.03374934196472168,4.76837158203125e-07,0.0,1609701776.400787,1609701776.6159906,0.21520352363586426,1609701776.4533832,1609701776.4599829,0.0065996646881103516
82734c74961542188babbfa186f7d89b,k-means,warm,exec,queue,0.03833508491516113,2.384185791015625e-07,2.384185791015625e-07,1609701776.4022427,1609701776.6112063,0.20896363258361816,1609701776.4565418,1609701776.46066,0.004118204116821289
45330901b3da4ad69e3b23c4e5947ebf,k-means,warm,exec,queue,0.04392385482788086,4.76837158203125e-07,2.384185791015625e-07,1609701776.4037864,1609701776.6170015,0.21321511268615723,1609701776.4628432,1609701776.4694839,0.00664067268371582
845d646389394598807ecd817e43a284,k-means,warm,exec,queue,0.0006153583526611328,2.384185791015625e-07,2.384185791015625e-07,1609701777.3982718,1609701777.5605197,0.162247896194458,1609701777.460384,1609701777.468354,0.007970094680786133
707b974519994c22a285e6ceeff6631b,k-means,warm,exec,queue,0.05496525764465332,2.384185791015625e-07,2.384185791015625e-07,1609701777.4026945,1609701777.8416476,0.438953161239624,1609701777.512051,1609701777.517821,0.005769968032836914
5913a7ea604b43f581013439b16f9166,k-means,warm,exec,queue,0.050328969955444336,4.76837158203125e-07,2.384185791015625e-07,1609701777.4053137,1609701777.71847,0.3131563663482666,1609701777.5086582,1609701777.514679,0.006020784378051758
0eaa36a7ed974e39815b996b1a8fcde9,k-means,warm,exec,queue,0.0450289249420166,4.76837158203125e-07,2.384185791015625e-07,1609701777.4079454,1609701777.647224,0.23927855491638184,1609701777.5002372,1609701777.5059714,0.00573420524597168
4d9206b87da34f939ea041494c1c4ab7,k-means,warm,exec,queue,0.03978610038757324,4.76837158203125e-07,2.384185791015625e-07,1609701777.410858,1609701777.7752595,0.36440157890319824,1609701777.4950562,1609701777.502039,0.0069828033447265625
0c7e2d66810640beb32c89f986d0309a,k-means,warm,exec,queue,0.004139900207519531,2.384185791015625e-07,0.0,1609701777.413082,1609701777.5592713,0.14618945121765137,1609701777.4611428,1609701777.4688754,0.0077326297760009766
31c70516e5c84d2c8fd50becc2d62325,k-means,warm,exec,queue,0.010137557983398438,2.384185791015625e-07,0.0,1609701777.414616,1609701777.556319,0.14170289039611816,1609701777.4612396,1609701777.4688148,0.007575273513793945
ebc76ccd533e46cfa7cdd477cd5ce1d3,k-means,warm,exec,queue,0.01485133171081543,2.384185791015625e-07,2.384185791015625e-07,1609701777.4161723,1609701777.5588586,0.1426863670349121,1609701777.4661968,1609701777.4740365,0.007839679718017578
b7bef3c2947d4bc39f76a74661f51944,k-means,warm,exec,queue,0.020198583602905273,4.76837158203125e-07,0.0,1609701777.4179022,1609701777.614371,0.19646883010864258,1609701777.4723535,1609701777.4799447,0.00759124755859375
a7077514676b4bcba1bf97587253fd7c,k-means,warm,exec,queue,0.02556586265563965,2.384185791015625e-07,2.384185791015625e-07,1609701777.4194589,1609701777.616472,0.19701313972473145,1609701777.4830625,1609701777.4911234,0.008060932159423828
74770b0b4bc84da490da77d98a9b09b3,k-means,warm,exec,queue,0.03148007392883301,2.384185791015625e-07,2.384185791015625e-07,1609701777.4210362,1609701777.8470428,0.426006555557251,1609701777.4864235,1609701777.4927046,0.006281137466430664
92ab24f1bdf44651b21e5343f81cb898,k-means,warm,exec,queue,0.03647327423095703,4.76837158203125e-07,2.384185791015625e-07,1609701777.4226313,1609701777.7163844,0.29375314712524414,1609701777.4906,1609701777.4974837,0.0068836212158203125
47d44cfbeea94567a083527f7606d596,k-means,warm,exec,queue,0.05956721305847168,2.384185791015625e-07,2.384185791015625e-07,1609701777.424301,1609701777.616965,0.19266414642333984,1609701777.516263,1609701777.5214114,0.005148410797119141
47e4d0fe12204265b3e646516efea706,k-means,warm,exec,queue,0.06441187858581543,2.384185791015625e-07,2.384185791015625e-07,1609701777.4258463,1609701777.7766218,0.35077548027038574,1609701777.522451,1609701777.5278773,0.0054264068603515625
35ccad567d464dc9a68199f002532247,k-means,warm,exec,queue,0.06956720352172852,4.76837158203125e-07,2.384185791015625e-07,1609701777.4274242,1609701777.8466718,0.4192476272583008,1609701777.5269997,1609701777.5316455,0.004645824432373047
b0a1ca3ab616480ea1179de8cbe835b1,k-means,warm,exec,queue,0.0744938850402832,4.76837158203125e-07,0.0,1609701777.4289503,1609701777.718127,0.28917670249938965,1609701777.5338163,1609701777.538886,0.005069732666015625
c4ccfff3ea644e1ab5b8cea231b67cd4,k-means,warm,exec,queue,0.08007431030273438,2.384185791015625e-07,0.0,1609701777.4305685,1609701777.7738533,0.34328484535217285,1609701777.5383189,1609701777.5436096,0.0052907466888427734
aa2e70f8cb024f3aaa1f7ee3372fbae2,k-means,warm,exec,queue,0.08478617668151855,2.384185791015625e-07,0.0,1609701777.4321368,1609701777.916339,0.48420214653015137,1609701777.5450583,1609701777.5505326,0.0054743289947509766
d503dd7c4f0a4434ae4cc4a7e4305eae,video,warm,exec,queue,0.01551675796508789,2.384185791015625e-07,2.384185791015625e-07,1609701777.4336936,1609701777.8442643,0.4105706214904785,1609701777.4834938,1609701777.5010374,0.017543554306030273
6d3e752f84fa49d09e35b95357592552,k-means,warm,exec,queue,0.004499197006225586,4.76837158203125e-07,2.384185791015625e-07,1609701778.3878303,1609701778.495886,0.10805583000183105,1609701778.4316978,1609701778.4403808,0.008682966232299805
9ca402320b7e413bbe00589bd78be9da,k-means,warm,exec,queue,0.05226755142211914,2.384185791015625e-07,2.384185791015625e-07,1609701778.3920064,1609701778.8031504,0.4111440181732178,1609701778.4851117,1609701778.4921117,0.006999969482421875
3bd327a083274102abcded4245cf2462,k-means,warm,exec,queue,0.046645402908325195,2.384185791015625e-07,2.384185791015625e-07,1609701778.3946073,1609701778.633715,0.23910760879516602,1609701778.4753375,1609701778.479639,0.004301548004150391
5d4969eaa234408490af8d503e619acf,k-means,warm,exec,queue,0.04204702377319336,7.152557373046875e-07,2.384185791015625e-07,1609701778.3972638,1609701778.7462914,0.3490276336669922,1609701778.4703872,1609701778.476611,0.0062236785888671875
02432496c89041acb1b7bc52ab89fd7c,k-means,warm,exec,queue,0.03723859786987305,4.76837158203125e-07,2.384185791015625e-07,1609701778.4001331,1609701778.7451792,0.3450460433959961,1609701778.4651594,1609701778.4696612,0.004501819610595703
5fcea094dd324177a9cadf2828c3ab6c,k-means,warm,exec,queue,0.032360076904296875,2.384185791015625e-07,2.384185791015625e-07,1609701778.4019005,1609701778.8638422,0.4619417190551758,1609701778.4598424,1609701778.464611,0.0047686100006103516
cbe0798a9a3a4f1e985262c5c3b41be7,k-means,warm,exec,queue,0.008336782455444336,4.76837158203125e-07,2.384185791015625e-07,1609701778.4034967,1609701778.494049,0.09055233001708984,1609701778.4319162,1609701778.4404814,0.008565187454223633
ab4b4b0b5a54469fbfba0cf005e96f4f,k-means,warm,exec,queue,0.013495683670043945,4.76837158203125e-07,0.0,1609701778.4051268,1609701778.5263915,0.12126469612121582,1609701778.437247,1609701778.4461157,0.008868694305419922
2cbca60f623742e9abd2c1ae20daf8fd,k-means,warm,exec,queue,0.018848419189453125,4.76837158203125e-07,0.0,1609701778.4067218,1609701778.5537353,0.14701342582702637,1609701778.4434273,1609701778.451873,0.00844573974609375
dd6e9a2ad1ac49bb98c23c1f043bcc79,k-means,warm,exec,queue,0.025057554244995117,7.152557373046875e-07,2.384185791015625e-07,1609701778.4084928,1609701778.55199,0.14349722862243652,1609701778.4492526,1609701778.45388,0.0046274662017822266
f36391be3ef043378f04e2e548f75a03,k-means,warm,exec,queue,0.029805660247802734,2.384185791015625e-07,0.0,1609701778.4100885,1609701778.8621316,0.4520430564880371,1609701778.4544542,1609701778.4592257,0.00477147102355957
a65b89c37f3c4fdaa453c77c5fc85b8a,k-means,warm,exec,queue,0.0023992061614990234,4.76837158203125e-07,0.0,1609701779.387222,1609701779.533217,0.1459949016571045,1609701779.4364846,1609701779.4452136,0.008728981018066406
cd919099acc64d21b0d224e4b8f1b7e3,k-means,warm,exec,queue,0.037102699279785156,2.384185791015625e-07,2.384185791015625e-07,1609701779.391316,1609701779.6004176,0.20910167694091797,1609701779.467414,1609701779.474207,0.006793022155761719
7bf281ec74f24eff8b32a0f585adfbf9,k-means,warm,exec,queue,0.041863441467285156,2.384185791015625e-07,2.384185791015625e-07,1609701779.393851,1609701779.658474,0.26462292671203613,1609701779.4730775,1609701779.4806554,0.0075778961181640625
0fe946cdd72e4e58b3451c7b606e04bd,k-means,warm,exec,queue,0.046761512756347656,4.76837158203125e-07,4.76837158203125e-07,1609701779.3964045,1609701779.6571834,0.26077890396118164,1609701779.4826968,1609701779.4905508,0.007853984832763672
e12e6d1440ce4a0cba9ff50ad6ff8dd7,k-means,warm,exec,queue,0.05159735679626465,4.76837158203125e-07,2.384185791015625e-07,1609701779.3992312,1609701779.7174015,0.31817030906677246,1609701779.4837892,1609701779.4909496,0.0071604251861572266
58c5604c0c6f4ff6bbd4dd36b3465519,k-means,warm,exec,queue,0.032346487045288086,2.384185791015625e-07,0.0,1609701779.4012222,1609701779.5643833,0.163161039352417,1609701779.464718,1609701779.4715073,0.006789207458496094
1aa4f7ce34c04dd88eb598baf6c24aa6,k-means,warm,exec,queue,0.02725839614868164,2.384185791015625e-07,2.384185791015625e-07,1609701779.4027183,1609701779.598939,0.19622063636779785,1609701779.4637833,1609701779.4696884,0.0059051513671875
975aa66683dd4f559cc8d04b78e088bd,k-means,warm,exec,queue,0.02202582359313965,2.384185791015625e-07,2.384185791015625e-07,1609701779.4042208,1609701779.56566,0.1614391803741455,1609701779.4618454,1609701779.4697278,0.007882356643676758
3d4f8d0c2f0c485d8de9158fce4c1c77,k-means,warm,exec,queue,0.017326831817626953,2.384185791015625e-07,2.384185791015625e-07,1609701779.4057412,1609701779.5349107,0.12916946411132812,1609701779.446334,1609701779.4546998,0.008365869522094727
791bfb307eec4fbb9d43ddc6394afb55,k-means,warm,exec,queue,0.009394168853759766,7.152557373046875e-07,2.384185791015625e-07,1609701779.4073641,1609701779.5313761,0.12401199340820312,1609701779.436363,1609701779.4449563,0.008593320846557617
7fed935ff4b34b98929e5c1153726fe6,k-means,warm,exec,queue,0.013916015625,2.384185791015625e-07,4.76837158203125e-07,1609701779.4088838,1609701779.5974612,0.18857741355895996,1609701779.4405575,1609701779.4488637,0.008306264877319336
4b398550db2644d783b04161126715b1,k-means,warm,exec,queue,0.057834625244140625,9.5367431640625e-07,4.76837158203125e-07,1609701779.4103847,1609701779.718051,0.3076663017272949,1609701779.4927845,1609701779.4996972,0.006912708282470703
ad12dd4b191247e0af7cd6931c8be7ba,k-means,warm,exec,queue,0.06233644485473633,2.384185791015625e-07,4.76837158203125e-07,1609701779.4118822,1609701779.7198713,0.30798912048339844,1609701779.5013022,1609701779.5091124,0.007810115814208984
709f7418091b495d92a8d41119cf5e88,video,warm,exec,queue,0.019954204559326172,2.384185791015625e-07,2.384185791015625e-07,1609701779.4135141,1609701779.7822018,0.36868762969970703,1609701779.4644938,1609701779.4821784,0.0176846981048584
5137e0e404b8421ab959250b725b711c,k-means,warm,exec,queue,0.009740591049194336,2.384185791015625e-07,0.0,1609701780.394297,1609701780.5354726,0.1411757469177246,1609701780.4432478,1609701780.4521337,0.008885860443115234
d31a0245cc7b4b20b6641d57154df274,k-means,warm,exec,queue,0.02367877960205078,2.384185791015625e-07,2.384185791015625e-07,1609701780.3986847,1609701780.5771987,0.1785140037536621,1609701780.464874,1609701780.4736018,0.008727788925170898
4b2e600597ee44bc96429e99ac2a104d,k-means,warm,exec,queue,0.028113126754760742,4.76837158203125e-07,2.384185791015625e-07,1609701780.401319,1609701780.5751646,0.17384552955627441,1609701780.464763,1609701780.4698734,0.005110502243041992
e6a26203343a4a7f8530780a48c98d46,k-means,warm,exec,queue,0.032810211181640625,2.384185791015625e-07,2.384185791015625e-07,1609701780.4039342,1609701780.6760437,0.2721095085144043,1609701780.4679894,1609701780.472957,0.004967451095581055
917cb004c05d43a78a30b085fb37af9b,k-means,warm,exec,queue,0.03809690475463867,2.384185791015625e-07,2.384185791015625e-07,1609701780.406881,1609701780.6509988,0.24411773681640625,1609701780.4756832,1609701780.4820392,0.006356000900268555
70e5afd46bb04ecebf4edc757b661b41,k-means,warm,exec,queue,0.04246234893798828,2.384185791015625e-07,0.0,1609701780.4091861,1609701780.6180782,0.2088921070098877,1609701780.4811845,1609701780.4869905,0.00580596923828125
28baf0242c854fdea9a1de265bae81ea,k-means,warm,exec,queue,0.04722881317138672,2.384185791015625e-07,0.0,1609701780.410773,1609701780.8224826,0.4117095470428467,1609701780.4858713,1609701780.4932177,0.007346391677856445
cdb5072e54e14d9883d8fa1a26fa2707,k-means,warm,exec,queue,0.052434682846069336,2.384185791015625e-07,2.384185791015625e-07,1609701780.4123805,1609701780.7505465,0.3381659984588623,1609701780.4917355,1609701780.4966269,0.004891395568847656
32249313e99a4efab8d0242384409990,k-means,warm,exec,queue,0.05714249610900879,2.384185791015625e-07,2.384185791015625e-07,1609701780.4139674,1609701780.8192937,0.40532636642456055,1609701780.495696,1609701780.500713,0.00501704216003418
572b42ee45d3420da9e65cc53b00a034,k-means,warm,exec,queue,0.06203889846801758,2.384185791015625e-07,0.0,1609701780.4156792,1609701780.8219094,0.40623021125793457,1609701780.50258,1609701780.5090342,0.0064542293548583984
6bb213535f69449897f6122c82e12fc0,k-means,warm,exec,queue,0.013660430908203125,7.152557373046875e-07,2.384185791015625e-07,1609701780.4172888,1609701780.5332644,0.11597561836242676,1609701780.4477866,1609701780.456381,0.008594512939453125
2a05599c56924414af4f7019030f1727,k-means,warm,exec,queue,0.018384695053100586,2.384185791015625e-07,0.0,1609701780.4188716,1609701780.8175652,0.3986935615539551,1609701780.452756,1609701780.461164,0.008408069610595703
8f46ed4ab3fd4b68bc52701ef4b2ecaf,matmul,warm,exec,queue,0.02000284194946289,2.384185791015625e-07,0.0,1609701780.4204805,1609701780.6186628,0.1981823444366455,1609701780.4658446,1609701780.4768744,0.011029720306396484
937e0923d31e4c4ab50be47d2d30bc46,k-means,warm,exec,queue,0.0017173290252685547,4.76837158203125e-07,0.0,1609701781.3906922,1609701781.5121057,0.1214134693145752,1609701781.4358778,1609701781.44386,0.007982254028320312
0770d5aae4f449bca2a3646bde95293e,k-means,warm,exec,queue,0.03203296661376953,2.384185791015625e-07,0.0,1609701781.3950367,1609701781.6610045,0.26596784591674805,1609701781.464967,1609701781.470986,0.006018877029418945
a3fb217856fd4462aa0bcccc0d474e9c,video,warm,exec,queue,0.017908811569213867,4.76837158203125e-07,2.384185791015625e-07,1609701781.397746,1609701781.7364962,0.33875012397766113,1609701781.458742,1609701781.4763148,0.017572879791259766
d9cb0b0c84a4482c8de50b6e408cbbef,k-means,warm,exec,queue,0.03582429885864258,2.384185791015625e-07,2.384185791015625e-07,1609701781.400417,1609701781.8077934,0.4073762893676758,1609701781.470741,1609701781.4770398,0.00629878044128418
1ec9debcbae14bdc9ca4b3f8ff9ef3c9,k-means,warm,exec,queue,0.04115152359008789,2.384185791015625e-07,2.384185791015625e-07,1609701781.4022746,1609701781.6355662,0.2332916259765625,1609701781.4761136,1609701781.4810371,0.004923582077026367
fd0a8acbf85846b2936662b44bfec35b,k-means,warm,exec,queue,0.013189554214477539,2.384185791015625e-07,0.0,1609701781.4038515,1609701781.8039944,0.4001429080963135,1609701781.4406328,1609701781.4489734,0.008340597152709961
0a6c8ced85574c24869aaa405d43922f,k-means,warm,exec,queue,0.018369436264038086,2.384185791015625e-07,2.384185791015625e-07,1609701781.4054408,1609701781.57974,0.1742992401123047,1609701781.4491456,1609701781.458411,0.009265422821044922
408ff11908154cc7bf47fdbce81aef80,k-means,warm,exec,queue,0.024904727935791016,2.384185791015625e-07,0.0,1609701781.4070241,1609701781.8060403,0.3990161418914795,1609701781.4579144,1609701781.4645457,0.006631374359130859
f0c91186f69d458d90fb8309c798a2a0,k-means,warm,exec,queue,0.030367374420166016,2.384185791015625e-07,0.0,1609701781.4086275,1609701781.551408,0.14278054237365723,1609701781.4589047,1609701781.4640212,0.005116462707519531
d1377c10b8e44c72871c6890f4ed6bfc,k-means,warm,exec,queue,0.008739471435546875,2.384185791015625e-07,2.384185791015625e-07,1609701781.410321,1609701781.5779805,0.16765952110290527,1609701781.4367719,1609701781.4445324,0.007760524749755859
4467bc4d355d44968a555e10a756699a,k-means,warm,exec,queue,0.006445407867431641,4.76837158203125e-07,2.384185791015625e-07,1609701781.4119008,1609701781.510372,0.09847116470336914,1609701781.4365804,1609701781.444476,0.007895469665527344
a1768017534645f49c249f794d1cc96f,k-means,warm,exec,queue,0.009669065475463867,2.384185791015625e-07,0.0,1609701782.3961608,1609701782.5382998,0.14213895797729492,1609701782.4435084,1609701782.4519491,0.008440732955932617
348a9a3dd2c24448bff815c02534f7a3,k-means,warm,exec,queue,0.0357058048248291,2.384185791015625e-07,2.384185791015625e-07,1609701782.4005663,1609701782.5820081,0.1814417839050293,1609701782.479177,1609701782.4866352,0.007458209991455078
62813c8c497d4211a5e12cccb2422f71,k-means,warm,exec,queue,0.04160428047180176,2.384185791015625e-07,0.0,1609701782.4031093,1609701782.7468934,0.3437840938568115,1609701782.4815195,1609701782.4882321,0.006712675094604492
03ea3bb427a3483391c66127405989d9,k-means,warm,exec,queue,0.04637265205383301,2.384185791015625e-07,0.0,1609701782.4056492,1609701782.7928085,0.3871593475341797,1609701782.486688,1609701782.4932282,0.0065402984619140625
d33dfe211abe4a3da3fb935e9be5e85c,k-means,warm,exec,queue,0.05088233947753906,4.76837158203125e-07,4.76837158203125e-07,1609701782.4084675,1609701782.6975276,0.289060115814209,1609701782.493325,1609701782.5007348,0.007409811019897461
0109cd2f849d4ee48bab47f2d7ec03c9,k-means,warm,exec,queue,0.056217193603515625,2.384185791015625e-07,0.0,1609701782.409947,1609701782.7933977,0.3834507465362549,1609701782.4966972,1609701782.5014653,0.0047681331634521484
3b8917020de245499e25fbf73216359b,k-means,warm,exec,queue,0.06095409393310547,2.384185791015625e-07,2.384185791015625e-07,1609701782.4114187,1609701782.6992583,0.2878396511077881,1609701782.5012736,1609701782.5073364,0.006062746047973633
3cc021b381ec458d9be8de830d56dd7a,k-means,warm,exec,queue,0.030704259872436523,2.384185791015625e-07,2.384185791015625e-07,1609701782.4129183,1609701782.621253,0.20833468437194824,1609701782.4691072,1609701782.475694,0.006586790084838867
590f4f3854064ec28ca2d1391c79e03a,k-means,warm,exec,queue,0.026269912719726562,2.384185791015625e-07,0.0,1609701782.414389,1609701782.5825987,0.16820979118347168,1609701782.464562,1609701782.4716525,0.007090568542480469
e6e701869ea1430f800613dd266deae4,k-means,warm,exec,queue,0.021951913833618164,4.76837158203125e-07,0.0,1609701782.4159644,1609701782.623024,0.20705962181091309,1609701782.4599829,1609701782.4683728,0.008389949798583984
cf514bcf216446799bf1cf914942f2fb,k-means,warm,exec,queue,0.01335287094116211,2.384185791015625e-07,0.0,1609701782.4174461,1609701782.5400877,0.12264156341552734,1609701782.4486911,1609701782.456949,0.008257865905761719
3915204ff6334472876ecd6b8c88a7e6,k-means,warm,exec,queue,0.017698287963867188,2.384185791015625e-07,0.0,1609701782.4189308,1609701782.5792303,0.16029953956604004,1609701782.4536,1609701782.46194,0.008340120315551758
38435f477d6444d2aac7d12b25fae861,k-means,warm,exec,queue,0.06595921516418457,2.384185791015625e-07,0.0,1609701782.4204078,1609701782.6738806,0.25347280502319336,1609701782.5084147,1609701782.5143728,0.005958080291748047
73d766e8868f450480f0d634bc4b0605,k-means,warm,exec,queue,0.07058167457580566,2.384185791015625e-07,0.0,1609701782.422211,1609701782.6744826,0.2522716522216797,1609701782.5129492,1609701782.5174391,0.004489898681640625
c4bfde4112bc438c887b1244cc761157,k-means,warm,exec,queue,0.006076812744140625,7.152557373046875e-07,2.384185791015625e-07,1609701783.3942103,1609701783.5065048,0.11229443550109863,1609701783.4349833,1609701783.4438498,0.008866548538208008
3ef0e1d1c82f4eb089d82087fa250942,video,warm,exec,queue,0.01734304428100586,2.384185791015625e-07,2.384185791015625e-07,1609701783.3983138,1609701783.5644348,0.1661210060119629,1609701783.4537597,1609701783.4714928,0.017733097076416016
57ae5a61aaf24c26bc834de436224f8d,k-means,warm,exec,queue,0.04155468940734863,2.384185791015625e-07,2.384185791015625e-07,1609701783.4009366,1609701783.591943,0.19100642204284668,1609701783.478444,1609701783.4869218,0.00847768783569336
3399630a7bf44ecf818bbf56bc320371,k-means,warm,exec,queue,0.04696083068847656,2.384185791015625e-07,2.384185791015625e-07,1609701783.4034882,1609701783.593997,0.19050884246826172,1609701783.4816227,1609701783.4871175,0.005494832992553711
314f0403377146028a70b57570499de1,k-means,warm,exec,queue,0.01471257209777832,2.384185791015625e-07,2.384185791015625e-07,1609701783.4063814,1609701783.6150737,0.20869231224060059,1609701783.4447355,1609701783.4536107,0.008875131607055664
8456b63b92134b4f9078026013d4abac,k-means,warm,exec,queue,0.019218921661376953,2.384185791015625e-07,0.0,1609701783.4087012,1609701783.6167665,0.20806527137756348,1609701783.4536972,1609701783.4629643,0.009267091751098633
014d7fcab5f34a908aee9cd11963fb2f,k-means,warm,exec,queue,0.02381610870361328,4.76837158203125e-07,4.76837158203125e-07,1609701783.410278,1609701783.5334425,0.12316441535949707,1609701783.4555078,1609701783.4612346,0.005726814270019531
2fbe1ee5cdc54585b3ef5d960edab7e9,k-means,warm,exec,queue,0.028468608856201172,2.384185791015625e-07,0.0,1609701783.4118512,1609701783.6183603,0.20650911331176758,1609701783.4607646,1609701783.4669724,0.006207704544067383
7f6c75a530394869acea8bfa99053389,k-means,warm,exec,queue,0.03302931785583496,2.384185791015625e-07,2.384185791015625e-07,1609701783.4134533,1609701783.5340223,0.12056899070739746,1609701783.4647517,1609701783.472107,0.007355213165283203
4cf7c445025e43c4bd0360cfa633790e,k-means,warm,exec,queue,0.03838467597961426,2.384185791015625e-07,2.384185791015625e-07,1609701783.4151568,1609701783.530713,0.11555624008178711,1609701783.4703896,1609701783.4753692,0.004979610443115234
a15d62237cc040daad80cdff79ba8988,k-means,warm,exec,queue,0.009888887405395508,2.384185791015625e-07,4.76837158203125e-07,1609701783.416745,1609701783.508356,0.09161114692687988,1609701783.439623,1609701783.448731,0.009107828140258789
aff25b67edf34a0ca8988af4d284fbca,k-means,warm,exec,queue,0.0037250518798828125,7.152557373046875e-07,2.384185791015625e-07,1609701784.391883,1609701784.5091012,0.1172182559967041,1609701784.4306624,1609701784.439438,0.008775711059570312
b2212c158d3643dba2a83923b45df5c3,k-means,warm,exec,queue,0.04041624069213867,2.384185791015625e-07,0.0,1609701784.3960485,1609701784.5365794,0.14053082466125488,1609701784.468352,1609701784.472799,0.004446983337402344
ced0a814c42543eb9562269aabc596bf,k-means,warm,exec,queue,0.03504300117492676,2.384185791015625e-07,2.384185791015625e-07,1609701784.3986654,1609701784.535951,0.13728547096252441,1609701784.4626658,1609701784.4673364,0.004670619964599609
010a6367f3384a04bf8d590b03420e81,k-means,warm,exec,queue,0.03009176254272461,2.384185791015625e-07,2.384185791015625e-07,1609701784.4013162,1609701784.620286,0.21896982192993164,1609701784.4571426,1609701784.462184,0.005041360855102539
d31434ec4ccf4e2d974a645ad8336c98,k-means,warm,exec,queue,0.025528430938720703,4.76837158203125e-07,2.384185791015625e-07,1609701784.4039001,1609701784.6173358,0.21343564987182617,1609701784.4518876,1609701784.456794,0.004906415939331055
c8406a581ccc4d1baf8d6c8aad00c37d,k-means,warm,exec,queue,0.007720470428466797,2.384185791015625e-07,4.76837158203125e-07,1609701784.4059422,1609701784.5110059,0.10506367683410645,1609701784.4303386,1609701784.4394197,0.009081125259399414
622c77f7556a44309edfc2b6c020032f,k-means,warm,exec,queue,0.01265859603881836,2.384185791015625e-07,0.0,1609701784.4075341,1609701784.6208987,0.2133646011352539,1609701784.435894,1609701784.4448574,0.008963346481323242
85494ca020a746be8624a622db63afcb,k-means,warm,exec,queue,0.017308712005615234,2.384185791015625e-07,2.384185791015625e-07,1609701784.4091387,1609701784.6957023,0.2865636348724365,1609701784.4411764,1609701784.4501448,0.008968353271484375
bf7f86826fc042168442b66570091b45,k-means,warm,exec,queue,0.02292656898498535,4.76837158203125e-07,2.384185791015625e-07,1609701784.4107287,1609701784.5332096,0.12248086929321289,1609701784.4478018,1609701784.455176,0.007374286651611328
4b6d6835fe22481ba672513395e288f8,k-means,warm,exec,queue,0.008370637893676758,9.5367431640625e-07,2.384185791015625e-07,1609701785.4037592,1609701785.529947,0.12618780136108398,1609701785.4618657,1609701785.470637,0.008771419525146484
d73f859e1e4242ebbee6fa1e1e9b3a2d,k-means,warm,exec,queue,0.06189537048339844,4.76837158203125e-07,2.384185791015625e-07,1609701785.4082553,1609701785.8073235,0.39906811714172363,1609701785.5187669,1609701785.5264971,0.007730245590209961
3d9bcc57cf394fe8a8453b91e65374a0,k-means,warm,exec,queue,0.06658768653869629,4.76837158203125e-07,4.76837158203125e-07,1609701785.4108474,1609701785.6782532,0.26740574836730957,1609701785.5258863,1609701785.5344777,0.008591413497924805
ec5933477e2741e0bae3ae56f5fce39a,k-means,warm,exec,queue,0.01645207405090332,4.76837158203125e-07,4.76837158203125e-07,1609701785.4134557,1609701785.5516565,0.1382007598876953,1609701785.4665895,1609701785.474799,0.008209466934204102
0eaca81b8c074800bf62fd833e60ea44,k-means,warm,exec,queue,0.021023273468017578,4.76837158203125e-07,2.384185791015625e-07,1609701785.4163387,1609701785.5533192,0.13698053359985352,1609701785.47376,1609701785.482346,0.00858616828918457
09c10e92d9e74735ab2f251807092d9d,k-means,warm,exec,queue,0.029781579971313477,2.384185791015625e-07,2.384185791015625e-07,1609701785.4180303,1609701785.5858834,0.16785311698913574,1609701785.4940894,1609701785.502115,0.008025646209716797
27591988f6474ee49be952219371d7bb,k-means,warm,exec,queue,0.03674054145812988,4.76837158203125e-07,4.76837158203125e-07,1609701785.4195788,1609701785.6271465,0.20756769180297852,1609701785.4948628,1609701785.5014775,0.00661468505859375
5853468041894abcbf05aaa5e84d1b14,k-means,warm,exec,queue,0.04115748405456543,4.76837158203125e-07,4.76837158203125e-07,1609701785.4211442,1609701785.6937954,0.27265119552612305,1609701785.4961271,1609701785.5045013,0.008374214172363281
f78d2a99cac440208a555a74fbb0c4b3,k-means,warm,exec,queue,0.0455327033996582,2.384185791015625e-07,2.384185791015625e-07,1609701785.4226866,1609701785.6729121,0.2502255439758301,1609701785.4987698,1609701785.506766,0.007996320724487305
d1990482be1b4fd389ed3233febf1dfa,k-means,warm,exec,queue,0.050826072692871094,7.152557373046875e-07,2.384185791015625e-07,1609701785.4243727,1609701785.5876193,0.16324663162231445,1609701785.5143404,1609701785.5213459,0.007005453109741211
c322155c0b994e30a6af151188857248,k-means,warm,exec,queue,0.0571596622467041,4.76837158203125e-07,2.384185791015625e-07,1609701785.425928,1609701785.6775947,0.2516665458679199,1609701785.517945,1609701785.525087,0.007142066955566406
95c1ddf0e7bc47f2ab03fcfc054f9433,k-means,warm,exec,queue,0.011607885360717773,2.384185791015625e-07,2.384185791015625e-07,1609701785.4274762,1609701785.6769648,0.24948859214782715,1609701785.4621737,1609701785.470797,0.008623361587524414
699830efdcd84c2285d289c7c4c61ecb,k-means,warm,exec,queue,0.07106208801269531,2.384185791015625e-07,0.0,1609701785.4291792,1609701785.8567135,0.4275343418121338,1609701785.534569,1609701785.5416474,0.007078409194946289
694da43ab6624bf9a318fb99a6f09162,k-means,warm,exec,queue,0.07617402076721191,7.152557373046875e-07,2.384185791015625e-07,1609701785.4307084,1609701785.6734836,0.24277520179748535,1609701785.5351126,1609701785.541288,0.00617527961730957
a610bf93deb840628b5a5292072f5f1d,video,warm,exec,queue,0.018134355545043945,2.384185791015625e-07,2.384185791015625e-07,1609701785.4322526,1609701785.6699681,0.237715482711792,1609701785.493744,1609701785.5106115,0.016867637634277344
707ce645fb1a4cdeaf23803451a1667f,matmul,warm,exec,queue,0.024712800979614258,2.384185791015625e-07,2.384185791015625e-07,1609701785.4337938,1609701785.6950967,0.2613029479980469,1609701785.4954638,1609701785.506304,0.010840177536010742
86adfcfdfd864ccd9161bc812c6a86cc,map_reduce,warm,exec,queue,0.025484085083007812,2.384185791015625e-07,2.384185791015625e-07,1609701785.4354286,1609701785.8093529,0.37392425537109375,1609701785.4952273,1609701785.5802445,0.08501720428466797
9db03ee866c94bd991acb5c6dc5d6fbc,k-means,warm,exec,queue,0.0072824954986572266,4.76837158203125e-07,0.0,1609701786.3994563,1609701786.5188842,0.11942791938781738,1609701786.4501574,1609701786.4588077,0.00865030288696289
4bebce35083843e8854340b20ce6ff61,k-means,warm,exec,queue,0.04717087745666504,2.384185791015625e-07,2.384185791015625e-07,1609701786.4039161,1609701786.6143358,0.2104196548461914,1609701786.495088,1609701786.5018795,0.006791353225708008
a0289398a9db4a3bb42d664d855ffbd1,k-means,warm,exec,queue,0.05159950256347656,0.0,0.0,1609701786.4065764,1609701786.6160185,0.209442138671875,1609701786.4975986,1609701786.5025384,0.0049397945404052734
b258eecc493a47e2aa6ab9956f2dad30,k-means,warm,exec,queue,0.05616426467895508,2.384185791015625e-07,2.384185791015625e-07,1609701786.4091887,1609701786.6984382,0.2892494201660156,1609701786.5028317,1609701786.508038,0.00520634651184082
a95b21da2347482e8f751335df897e41,k-means,warm,exec,queue,0.02061748504638672,2.384185791015625e-07,4.76837158203125e-07,1609701786.4121354,1609701786.7734506,0.3613152503967285,1609701786.4607422,1609701786.4695964,0.008854150772094727
bae71e35c03045c5bae2ba72101108c6,k-means,warm,exec,queue,0.026256561279296875,2.384185791015625e-07,2.384185791015625e-07,1609701786.4139247,1609701786.7229214,0.30899667739868164,1609701786.4670994,1609701786.4722831,0.005183696746826172
47b1f41a5edc4f54bbb39caf916f6d3b,k-means,warm,exec,queue,0.031180143356323242,2.384185791015625e-07,0.0,1609701786.4155197,1609701786.610942,0.19542217254638672,1609701786.4713948,1609701786.4781747,0.006779909133911133
3a30bddbd364492bbf761f75e19530b9,k-means,warm,exec,queue,0.03571438789367676,2.384185791015625e-07,0.0,1609701786.4171138,1609701786.6137428,0.19662904739379883,1609701786.4777124,1609701786.4851692,0.007456779479980469
c91918985a784163ba1ea6b286180a91,k-means,warm,exec,queue,0.04024314880371094,2.384185791015625e-07,2.384185791015625e-07,1609701786.4187005,1609701786.7214127,0.30271220207214355,1609701786.4827795,1609701786.4895446,0.006765127182006836
b94067b301034fe4838735e75146faa1,k-means,warm,exec,queue,0.04473257064819336,2.384185791015625e-07,2.384185791015625e-07,1609701786.4204268,1609701786.7740624,0.3536355495452881,1609701786.4890614,1609701786.4947126,0.005651235580444336
c3eae05982f84999a525f7a90b72ca7a,k-means,warm,exec,queue,0.01616954803466797,2.384185791015625e-07,2.384185791015625e-07,1609701786.4219975,1609701786.5523112,0.13031363487243652,1609701786.4552593,1609701786.4643075,0.009048223495483398
53c6c897958c4f09b3bbb730378cd825,k-means,warm,exec,queue,0.01098942756652832,2.384185791015625e-07,0.0,1609701786.4235764,1609701786.5207536,0.09717726707458496,1609701786.4500718,1609701786.4588892,0.008817434310913086
76ad72fadd01463a8d60574a3b002566,k-means,warm,exec,queue,0.06132054328918457,2.384185791015625e-07,2.384185791015625e-07,1609701786.4251957,1609701786.8142717,0.38907599449157715,1609701786.5087874,1609701786.5134435,0.004656076431274414
3eb4c23ff8ba4c25be14cae9b852c682,k-means,warm,exec,queue,7.43865966796875e-05,7.152557373046875e-07,2.384185791015625e-07,1609701787.4042623,1609701787.5686076,0.16434526443481445,1609701787.458629,1609701787.4668767,0.008247852325439453
1309b30cfd8349f8b78c7d910fe4b313,k-means,warm,exec,queue,0.008106470108032227,2.384185791015625e-07,4.76837158203125e-07,1609701787.408502,1609701787.5703788,0.16187667846679688,1609701787.4593852,1609701787.466502,0.007116794586181641
f883a0338e734207971eaf4a2aec6faf,k-means,warm,exec,queue,0.012827634811401367,2.384185791015625e-07,2.384185791015625e-07,1609701787.4110498,1609701787.5965762,0.18552637100219727,1609701787.4647987,1609701787.4733975,0.008598804473876953
dff38a9d47004d69a2f47cff66a66bb2,k-means,warm,exec,queue,0.017170429229736328,2.384185791015625e-07,2.384185791015625e-07,1609701787.413595,1609701787.654663,0.24106812477111816,1609701787.4698255,1609701787.4784794,0.008653879165649414
5c2cccf827c44613adc2a96401cbe76a,k-means,warm,exec,queue,0.022965192794799805,2.384185791015625e-07,2.384185791015625e-07,1609701787.4163737,1609701787.7433634,0.32698965072631836,1609701787.4765048,1609701787.4833167,0.006811857223510742
5a31ba8a81074528b0c56417b80de1e1,k-means,warm,exec,queue,0.02773761749267578,0.0,2.384185791015625e-07,1609701787.417881,1609701787.593311,0.1754300594329834,1609701787.4812756,1609701787.4879966,0.006721019744873047
6aeabdcf085e4501bb98e8258ffc0455,k-means,warm,exec,queue,0.0333104133605957,2.384185791015625e-07,2.384185791015625e-07,1609701787.4193923,1609701787.654093,0.23470067977905273,1609701787.4899976,1609701787.49646,0.0064623355865478516
989431c4c8894cd6909707561260baec,k-means,warm,exec,queue,0.03788447380065918,4.76837158203125e-07,4.76837158203125e-07,1609701787.4209495,1609701787.7124317,0.29148221015930176,1609701787.4943237,1609701787.501385,0.0070612430572509766
43a608b94476403ba390cbff21743e4b,k-means,warm,exec,queue,0.0433809757232666,4.76837158203125e-07,2.384185791015625e-07,1609701787.4224777,1609701787.7120128,0.2895350456237793,1609701787.4977443,1609701787.504453,0.006708621978759766
556cc7f68555487b892465c159d92021,k-means,warm,exec,queue,0.048271894454956055,2.384185791015625e-07,0.0,1609701787.4241352,1609701787.6572766,0.23314142227172852,1609701787.502851,1609701787.5094326,0.006581544876098633
442a25e7b80443ddb26b2b012b1b8c98,k-means,warm,exec,queue,0.05369138717651367,2.384185791015625e-07,2.384185791015625e-07,1609701787.4256697,1609701787.8305688,0.40489912033081055,1609701787.5096917,1609701787.5152864,0.005594730377197266
ec6b6224bcfa46e9a4d7c4c8f574f4c4,k-means,warm,exec,queue,0.058484792709350586,7.152557373046875e-07,2.384185791015625e-07,1609701787.4271953,1609701787.7138872,0.28669190406799316,1609701787.5150652,1609701787.5214663,0.00640106201171875
c7de2c8b333440c2a70233b35180359f,k-means,warm,exec,queue,0.06317901611328125,2.384185791015625e-07,2.384185791015625e-07,1609701787.4287326,1609701787.6578581,0.2291254997253418,1609701787.5200748,1609701787.5264995,0.006424665451049805
dc15f1bea987415789835a4cd3eb50f9,k-means,warm,exec,queue,0.06758427619934082,7.152557373046875e-07,2.384185791015625e-07,1609701787.4303708,1609701787.5949411,0.16457033157348633,1609701787.5238936,1609701787.5285213,0.004627704620361328
8fe6e3f3690a4479b2754db83852d9f1,k-means,warm,exec,queue,0.07263469696044922,4.76837158203125e-07,2.384185791015625e-07,1609701787.4318783,1609701787.894266,0.4623875617980957,1609701787.531071,1609701787.5365376,0.0054666996002197266
8538124c4b4a4a5a9e8e89809790af98,k-means,warm,exec,queue,0.07784795761108398,2.384185791015625e-07,2.384185791015625e-07,1609701787.4334347,1609701787.651381,0.21794629096984863,1609701787.5352652,1609701787.5398254,0.004560232162475586
9c403f4e4d8740f9a541d48bdbdd205c,video,warm,exec,queue,0.014786481857299805,2.384185791015625e-07,0.0,1609701787.4350655,1609701787.8962033,0.4611377716064453,1609701787.4775121,1609701787.4943771,0.016865015029907227
e3d431ad58234cb2beb370e0747f252d,k-means,warm,exec,queue,7.796287536621094e-05,4.76837158203125e-07,4.76837158203125e-07,1609701788.384621,1609701788.48203,0.09740900993347168,1609701788.4045146,1609701788.4130256,0.008511066436767578
05aa26f005fb46c7aff478c93b641a79,k-means,warm,exec,queue,0.006649971008300781,4.76837158203125e-07,2.384185791015625e-07,1609701788.3885386,1609701788.478594,0.09005546569824219,1609701788.4123108,1609701788.4213285,0.009017705917358398
6440db38ec234ea78b9fa455a76a3902,k-means,warm,exec,queue,0.0019321441650390625,2.384185791015625e-07,2.384185791015625e-07,1609701788.3911524,1609701788.481447,0.09029459953308105,1609701788.4060133,1609701788.4146075,0.008594274520874023
4e016819c36945dc8ca033beefa4bb8a,k-means,warm,exec,queue,7.295608520507812e-05,7.152557373046875e-07,2.384185791015625e-07,1609701789.3996904,1609701789.5377402,0.13804984092712402,1609701789.4447434,1609701789.4528635,0.008120059967041016
086f07c1d44b46a8ad02d9b6c056e88f,k-means,warm,exec,queue,0.007590532302856445,4.76837158203125e-07,2.384185791015625e-07,1609701789.403829,1609701789.5395029,0.13567376136779785,1609701789.4457839,1609701789.4538383,0.008054494857788086
a03a6d64375d4abc9496ebe1a7ac36d2,k-means,warm,exec,queue,0.01276850700378418,4.76837158203125e-07,2.384185791015625e-07,1609701789.4063756,1609701789.6564825,0.2501068115234375,1609701789.4497662,1609701789.4579568,0.008190631866455078
349cbc899abc4d3cb005df86b954ec43,k-means,warm,exec,queue,0.017225027084350586,2.384185791015625e-07,2.384185791015625e-07,1609701789.4088964,1609701790.2230964,0.8141999244689941,1609701789.4547803,1609701789.4626405,0.007860183715820312
5450d480e0e6403c857a642bf6278a31,k-means,warm,exec,queue,0.024582386016845703,2.384185791015625e-07,0.0,1609701789.4116924,1609701789.6546931,0.24300074577331543,1609701789.4667625,1609701789.4734802,0.006717681884765625
edd670190a5b4e2fa447fa9284f9c061,k-means,warm,exec,queue,0.02938699722290039,2.384185791015625e-07,0.0,1609701789.4133532,1609701790.1484675,0.735114336013794,1609701789.4694788,1609701789.476071,0.0065920352935791016
e8cd1c42ba4541dea96b64393080f378,k-means,warm,exec,queue,0.033834218978881836,2.384185791015625e-07,0.0,1609701789.4147866,1609701790.2261822,0.8113956451416016,1609701789.472444,1609701789.4788804,0.006436347961425781
fcc52cd13da642fdae475fb76adde600,k-means,warm,exec,queue,0.03896975517272949,2.384185791015625e-07,2.384185791015625e-07,1609701789.4162343,1609701790.1537764,0.7375421524047852,1609701789.4822435,1609701789.4908812,0.008637666702270508
0f4b151b098848389b2f076dc9964b67,k-means,warm,exec,queue,0.04353833198547363,2.384185791015625e-07,0.0,1609701789.4176707,1609701790.153218,0.7355473041534424,1609701789.4867394,1609701789.4931679,0.00642848014831543
c6519e6ab8f444788f83bce55b7d4458,k-means,warm,exec,queue,0.04827070236206055,2.384185791015625e-07,2.384185791015625e-07,1609701789.4192061,1609701790.1526265,0.7334203720092773,1609701789.4916227,1609701789.4975429,0.0059201717376708984
e91fd7a7ba3f443782e3b0a28c6eb696,k-means,warm,exec,queue,0.0531160831451416,2.384185791015625e-07,0.0,1609701789.4206524,1609701790.2267673,0.806114912033081,1609701789.4976115,1609701789.5047143,0.0071027278900146484
a26321f981d34ee489a60835018b06fb,video,warm,exec,queue,0.016933679580688477,2.384185791015625e-07,2.384185791015625e-07,1609701789.4220765,1609701789.562617,0.14054059982299805,1609701789.4676158,1609701789.4851837,0.017567873001098633
de53cd772c734928b2f619ad3b3222c8,k-means,warm,exec,queue,0.0057713985443115234,2.384185791015625e-07,2.384185791015625e-07,1609701790.3996627,1609701790.5068157,0.10715293884277344,1609701790.4403403,1609701790.4490306,0.008690357208251953
970862928e644b0ab15fa435cb78d1c7,matmul,warm,exec,queue,0.017022371292114258,2.384185791015625e-07,2.384185791015625e-07,1609701790.4037366,1609701790.6649864,0.2612497806549072,1609701790.458414,1609701790.4700089,0.011594772338867188
655024f0f97d4f89a417c532554f7ca9,k-means,warm,exec,queue,0.04180502891540527,2.384185791015625e-07,2.384185791015625e-07,1609701790.4063878,1609701790.7327118,0.3263239860534668,1609701790.481961,1609701790.4897776,0.007816553115844727
68b62129e9144427b5af91044c8d63d8,k-means,warm,exec,queue,0.04689908027648926,2.384185791015625e-07,0.0,1609701790.4089866,1609701790.644385,0.235398530960083,1609701790.4902303,1609701790.4955077,0.005277395248413086
96c05242af554359a5bbdd271bcb5f8a,k-means,warm,exec,queue,0.019137859344482422,4.76837158203125e-07,2.384185791015625e-07,1609701790.4118414,1609701790.5729535,0.16111207008361816,1609701790.4572132,1609701790.4655542,0.008341073989868164
044cdfeb5bc14c508b9494f34780fe7d,k-means,warm,exec,queue,0.0236513614654541,2.384185791015625e-07,2.384185791015625e-07,1609701790.4137018,1609701790.5568857,0.14318394660949707,1609701790.4604266,1609701790.4676547,0.00722813606262207
59c3bb87d3604897b5287af2dec2cc1a,k-means,warm,exec,queue,0.028948068618774414,2.384185791015625e-07,2.384185791015625e-07,1609701790.4152482,1609701790.5613172,0.14606904983520508,1609701790.464407,1609701790.4693954,0.004988431930541992
0f61e5ea469d4c8c96d4d27700f967ed,k-means,warm,exec,queue,0.034416913986206055,2.384185791015625e-07,2.384185791015625e-07,1609701790.416813,1609701790.5618417,0.14502882957458496,1609701790.472969,1609701790.4798996,0.00693058967590332
2659fecb97a348b68690b8a8e3af8785,k-means,warm,exec,queue,0.039498329162597656,2.384185791015625e-07,2.384185791015625e-07,1609701790.4183595,1609701790.558623,0.14026355743408203,1609701790.4771671,1609701790.4819672,0.004800081253051758
5b184772577449578987bf234cf171b9,k-means,warm,exec,queue,0.014667034149169922,2.384185791015625e-07,4.76837158203125e-07,1609701790.4202495,1609701790.645001,0.22475147247314453,1609701790.4492483,1609701790.458323,0.009074687957763672
0dc649672e4a4eb28eafad5618bef29b,k-means,warm,exec,queue,0.009579658508300781,2.384185791015625e-07,0.0,1609701790.4218009,1609701790.508522,0.08672118186950684,1609701790.443961,1609701790.4525404,0.008579492568969727
88af8496c2b74cd8b33d3e8737f608cc,k-means,warm,exec,queue,0.007495403289794922,4.76837158203125e-07,2.384185791015625e-07,1609701791.4016128,1609701791.5257792,0.12416648864746094,1609701791.44335,1609701791.4520512,0.008701086044311523
90d6882307ca449dafd07689f2658925,video,warm,exec,queue,0.017342090606689453,4.76837158203125e-07,0.0,1609701791.4057326,1609701791.860152,0.4544193744659424,1609701791.463258,1609701791.4807675,0.01750946044921875
46abcfb798704cb9ac2f792ff2ebdf17,k-means,warm,exec,queue,0.04744553565979004,4.76837158203125e-07,2.384185791015625e-07,1609701791.4083672,1609701791.8619447,0.45357751846313477,1609701791.4918807,1609701791.499551,0.007670402526855469
b9c94b588bc84256b159b285c09481d4,k-means,warm,exec,queue,0.04239940643310547,4.76837158203125e-07,2.384185791015625e-07,1609701791.4109383,1609701791.5775301,0.16659188270568848,1609701791.48505,1609701791.4919538,0.006903886795043945
34dc328413cf4cd39bf132dfd3f03de0,k-means,warm,exec,queue,0.03757500648498535,2.384185791015625e-07,2.384185791015625e-07,1609701791.4138572,1609701791.7094536,0.2955963611602783,1609701791.4774306,1609701791.4850514,0.007620811462402344
c40305a771e74973a1e146a880822edf,k-means,warm,exec,queue,0.03330039978027344,2.384185791015625e-07,0.0,1609701791.4164276,1609701791.683871,0.2674434185028076,1609701791.4723642,1609701791.4793777,0.007013559341430664
310ef7e1d96c4efab3b08989c13a3521,k-means,warm,exec,queue,0.02856922149658203,7.152557373046875e-07,2.384185791015625e-07,1609701791.417999,1609701791.5757577,0.1577587127685547,1609701791.4674575,1609701791.4739087,0.006451129913330078
12336286fc7646cab5765dd2b53ec850,k-means,warm,exec,queue,0.023389816284179688,4.76837158203125e-07,2.384185791015625e-07,1609701791.4195752,1609701791.5809357,0.161360502243042,1609701791.4637444,1609701791.4708514,0.0071070194244384766
b70f95d10bc94c9f83f842cb1384bdf1,k-means,warm,exec,queue,0.011464595794677734,4.76837158203125e-07,2.384185791015625e-07,1609701791.4211743,1609701791.6171582,0.19598388671875,1609701791.449216,1609701791.4576614,0.008445501327514648
7bd6941463654139ac3f90ed704357c6,k-means,warm,exec,queue,0.016427993774414062,2.384185791015625e-07,2.384185791015625e-07,1609701791.4228764,1609701791.5792227,0.15634632110595703,1609701791.4543989,1609701791.4652715,0.010872602462768555
ba0f9e3abee4417f99e9306bf27e2b5f,k-means,warm,exec,queue,0.051285743713378906,7.152557373046875e-07,2.384185791015625e-07,1609701791.424458,1609701791.6599457,0.235487699508667,1609701791.4944413,1609701791.499651,0.005209684371948242
a7801d5779bb46d2a98ba36fbcf4f0cd,k-means,warm,exec,queue,0.007175922393798828,4.76837158203125e-07,0.0,1609701792.405335,1609701792.5563822,0.1510472297668457,1609701792.4566605,1609701792.465414,0.008753538131713867
defb66862282480ea41a68fa8bc40b8e,k-means,warm,exec,queue,0.04815506935119629,4.76837158203125e-07,2.384185791015625e-07,1609701792.409395,1609701792.7195168,0.3101217746734619,1609701792.5015607,1609701792.5072224,0.005661725997924805
84239f7c2d8b41ae97ae2911f821241f,k-means,warm,exec,queue,0.052672386169433594,2.384185791015625e-07,2.384185791015625e-07,1609701792.4119663,1609701792.7173018,0.30533552169799805,1609701792.5054517,1609701792.5120902,0.006638526916503906
61311815c4d44b10bac47aa482d769c3,k-means,warm,exec,queue,0.05774998664855957,4.76837158203125e-07,2.384185791015625e-07,1609701792.4145536,1609701792.677836,0.26328229904174805,1609701792.5126324,1609701792.5196698,0.00703740119934082
b1fa372d40ee4aa68b8035f0ca5dbdde,k-means,warm,exec,queue,0.025394439697265625,4.76837158203125e-07,2.384185791015625e-07,1609701792.4173884,1609701792.7178507,0.3004622459411621,1609701792.4753528,1609701792.485223,0.009870290756225586
830a1087c7c24804ab9eba9af851848b,k-means,warm,exec,queue,0.030123472213745117,2.384185791015625e-07,0.0,1609701792.4199615,1609701792.7126284,0.2926669120788574,1609701792.4784245,1609701792.4852307,0.006806135177612305
11e5554e9524426d8da084317f79c156,k-means,warm,exec,queue,0.035151004791259766,2.384185791015625e-07,0.0,1609701792.4217544,1609701792.646529,0.22477459907531738,1609701792.4835835,1609701792.4909787,0.007395267486572266
babba554195a4e8aaca9af7b443d8f7c,k-means,warm,exec,queue,0.040457725524902344,2.384185791015625e-07,2.384185791015625e-07,1609701792.4233289,1609701792.6109536,0.18762469291687012,1609701792.4892166,1609701792.4962025,0.006985902786254883
2db1a6e3abe04186a2b2454611561f5c,k-means,warm,exec,queue,0.045617103576660156,2.384185791015625e-07,0.0,1609701792.4249215,1609701792.6486893,0.22376775741577148,1609701792.4959269,1609701792.5027618,0.006834983825683594
6d2fe486367e4a398b576885f1378ce3,k-means,warm,exec,queue,0.020928144454956055,2.384185791015625e-07,4.76837158203125e-07,1609701792.42662,1609701792.7167175,0.2900974750518799,1609701792.467569,1609701792.4765966,0.009027481079101562
a6684fb504204ae59eb3e2472b7e21b7,k-means,warm,exec,queue,0.01652073860168457,2.384185791015625e-07,0.0,1609701792.4281948,1609701792.5528293,0.1246345043182373,1609701792.4621613,1609701792.4709976,0.00883626937866211
742dbb65c2cb4407a37b2d335a38eb82,k-means,warm,exec,queue,0.011361122131347656,4.76837158203125e-07,4.76837158203125e-07,1609701792.4297638,1609701792.555741,0.1259772777557373,1609701792.4568613,1609701792.4654129,0.008551597595214844
40adc1af2d18464e8f0ea042da550c4b,k-means,warm,exec,queue,0.06239581108093262,4.76837158203125e-07,2.384185791015625e-07,1609701792.4313426,1609701792.6127245,0.1813819408416748,1609701792.5176,1609701792.5221043,0.004504203796386719
95ae3859850448b79118ea14ee62cb4b,k-means,warm,exec,queue,0.008097410202026367,4.76837158203125e-07,2.384185791015625e-07,1609701793.4093826,1609701793.628879,0.219496488571167,1609701793.4682345,1609701793.4763732,0.008138656616210938
24eddbd6112247018085e7e013310a76,k-means,warm,exec,queue,0.055828094482421875,4.76837158203125e-07,2.384185791015625e-07,1609701793.4135957,1609701793.6571655,0.24356985092163086,1609701793.5205348,1609701793.5260615,0.00552678108215332
814464d425b845b585ce10f8720c26c0,k-means,warm,exec,queue,0.06050825119018555,2.384185791015625e-07,0.0,1609701793.4161503,1609701793.7554855,0.33933520317077637,1609701793.5250206,1609701793.5321374,0.007116794586181641
87388a4df47e4a44bb0e16ae2eab2a63,k-means,warm,exec,queue,0.028786182403564453,4.76837158203125e-07,2.384185791015625e-07,1609701793.418713,1609701793.6539516,0.23523855209350586,1609701793.4936376,1609701793.5002193,0.006581783294677734
53f03dc87a7743b893ca1858ff8897b1,k-means,warm,exec,queue,0.0331730842590332,2.384185791015625e-07,2.384185791015625e-07,1609701793.4215577,1609701793.800113,0.3785552978515625,1609701793.4967232,1609701793.5044308,0.0077075958251953125
d869522545fa4c24adce55550dc34f48,k-means,warm,exec,queue,0.03786492347717285,4.76837158203125e-07,2.384185791015625e-07,1609701793.424096,1609701793.658769,0.23467278480529785,1609701793.497397,1609701793.5027385,0.005341529846191406
03f2823a50f244b3b7c3a1898dded087,k-means,warm,exec,queue,0.042463064193725586,2.384185791015625e-07,2.384185791015625e-07,1609701793.425765,1609701793.630509,0.2047438621520996,1609701793.5035594,1609701793.5122883,0.008728981018066406
7e45768de2a4404ca782c95bf36a5884,k-means,warm,exec,queue,0.047136783599853516,2.384185791015625e-07,2.384185791015625e-07,1609701793.427303,1609701793.688672,0.261368989944458,1609701793.5145254,1609701793.522052,0.0075266361236572266
7ae929c6dee54da099e2e2feea7b8186,k-means,warm,exec,queue,0.05378150939941406,4.76837158203125e-07,2.384185791015625e-07,1609701793.428867,1609701793.8023033,0.37343621253967285,1609701793.515564,1609701793.5238316,0.008267641067504883
1696ed38184444d1abf0080920c19270,k-means,warm,exec,queue,0.02187514305114746,7.152557373046875e-07,2.384185791015625e-07,1609701793.430538,1609701793.587657,0.1571190357208252,1609701793.4912143,1609701793.5002258,0.009011507034301758
0b6cfdd0e57e49d29120f09506c53171,k-means,warm,exec,queue,0.017163515090942383,4.76837158203125e-07,2.384185791015625e-07,1609701793.4320767,1609701793.589451,0.15737438201904297,1609701793.4748602,1609701793.4832466,0.008386373519897461
91a3d07e782d4578b1fc764d0ccad3a5,k-means,warm,exec,queue,0.012428998947143555,2.384185791015625e-07,2.384185791015625e-07,1609701793.433628,1609701793.5480394,0.1144113540649414,1609701793.4680142,1609701793.475135,0.007120847702026367
7adaad47c4cf42ca97f70eb938d4893b,k-means,warm,exec,queue,0.06524109840393066,2.384185791015625e-07,2.384185791015625e-07,1609701793.4351866,1609701793.922624,0.48743748664855957,1609701793.5305696,1609701793.5370474,0.006477832794189453
d7e975ff1f8249719b6328394f53a8e1,k-means,warm,exec,queue,0.07053613662719727,2.384185791015625e-07,0.0,1609701793.4368284,1609701794.0748096,0.6379811763763428,1609701793.535769,1609701793.541261,0.005491971969604492
b54b9cbaecee44afbe633b2ed82037d5,k-means,warm,exec,queue,0.0761420726776123,2.384185791015625e-07,0.0,1609701793.438355,1609701794.073097,0.634742021560669,1609701793.5432444,1609701793.5490363,0.005791902542114258
0babe07f2ab941e0907dd8abd1c2f196,k-means,warm,exec,queue,0.08145403861999512,4.76837158203125e-07,2.384185791015625e-07,1609701793.4398992,1609701793.656604,0.2167048454284668,1609701793.5486841,1609701793.553589,0.004904985427856445
00d115a16e464221b4331f71e2da3f6f,video,warm,exec,queue,0.015430927276611328,2.384185791015625e-07,2.384185791015625e-07,1609701793.4415638,1609701793.8392153,0.39765143394470215,1609701793.4944184,1609701793.5139453,0.019526958465576172
2918fb37230e439f84ba20154c35c19f,k-means,warm,exec,queue,0.005953073501586914,2.384185791015625e-07,0.0,1609701794.4004943,1609701794.5266302,0.12613582611083984,1609701794.4355116,1609701794.4444036,0.008892059326171875
c6c4e0052eaa400c8df9700359e7d6cc,k-means,warm,exec,queue,0.04023003578186035,2.384185791015625e-07,2.384185791015625e-07,1609701794.4045417,1609701794.6831274,0.27858567237854004,1609701794.4730725,1609701794.477708,0.00463557243347168
260a266917cc462b814d26e02e0151ad,k-means,warm,exec,queue,0.03536677360534668,2.384185791015625e-07,2.384185791015625e-07,1609701794.4071312,1609701794.6200707,0.21293950080871582,1609701794.4687529,1609701794.473605,0.0048520565032958984
c633a034ad8549fd80489bbf2fb2278e,k-means,warm,exec,queue,0.030270099639892578,2.384185791015625e-07,2.384185791015625e-07,1609701794.4097006,1609701794.5507398,0.14103913307189941,1609701794.4620452,1609701794.4668345,0.0047893524169921875
6f0ec8b6a63b46b0bfdcf489d5015c52,k-means,warm,exec,queue,0.025626420974731445,4.76837158203125e-07,4.76837158203125e-07,1609701794.4122784,1609701794.6194682,0.20718979835510254,1609701794.4567266,1609701794.4615374,0.004810810089111328
de5fdba460f3422d88924c176bd1c117,k-means,warm,exec,queue,0.01988959312438965,2.384185791015625e-07,2.384185791015625e-07,1609701794.414187,1609701794.5490158,0.13482880592346191,1609701794.4529316,1609701794.4617667,0.008835077285766602
f46aacfa77dd4398ba3cdc6f37b6c1bb,k-means,warm,exec,queue,0.015238761901855469,4.76837158203125e-07,2.384185791015625e-07,1609701794.4157453,1609701794.622203,0.20645785331726074,1609701794.446581,1609701794.4556,0.009019136428833008
93ed37b45aa74d2a9c75a037238d5fd7,k-means,warm,exec,queue,0.01049947738647461,4.76837158203125e-07,2.384185791015625e-07,1609701794.417321,1609701794.5247138,0.10739278793334961,1609701794.4409778,1609701794.4496932,0.008715391159057617
a10e762b968d459a97551d9f839e93de,k-means,warm,exec,queue,0.045121192932128906,4.76837158203125e-07,2.384185791015625e-07,1609701794.4188855,1609701794.6408827,0.22199726104736328,1609701794.480292,1609701794.4869893,0.006697177886962891
248b5629493a4d228ca5c2acc43edd3c,k-means,warm,exec,queue,7.367134094238281e-05,4.76837158203125e-07,2.384185791015625e-07,1609701795.4175858,1609701795.580383,0.162797212600708,1609701795.4901447,1609701795.4982603,0.008115530014038086
299b92d22ec34d3fac908638c807112a,k-means,warm,exec,queue,0.006396293640136719,4.76837158203125e-07,2.384185791015625e-07,1609701795.4218485,1609701795.5779343,0.15608572959899902,1609701795.4918873,1609701795.500331,0.008443593978881836
eeb2103c48dc46e18bb11f1ba20b0c0e,k-means,warm,exec,queue,0.013626575469970703,4.76837158203125e-07,0.0,1609701795.4244173,1609701795.5808773,0.15646004676818848,1609701795.4919848,1609701795.500427,0.008442163467407227
1e667aff41cd4bbb861cac6b06a90f20,k-means,warm,exec,queue,0.018395423889160156,2.384185791015625e-07,2.384185791015625e-07,1609701795.426953,1609701796.4690752,1.0421221256256104,1609701795.4962268,1609701795.5049324,0.008705615997314453
fb91d34d1e33474ebfd8e1a6a1a96b28,k-means,warm,exec,queue,0.02280902862548828,2.384185791015625e-07,2.384185791015625e-07,1609701795.429807,1609701796.753337,1.3235299587249756,1609701795.501294,1609701795.509774,0.008480072021484375
edf47f9300ab4bcf9fe8d156d6dcfcb9,k-means,warm,exec,queue,0.02848196029663086,2.384185791015625e-07,2.384185791015625e-07,1609701795.4323626,1609701796.1130629,0.6807003021240234,1609701795.5191503,1609701795.5270634,0.00791311264038086
7676a9abe62446e19dd31f85e6b690c9,k-means,warm,exec,queue,0.03497195243835449,4.76837158203125e-07,2.384185791015625e-07,1609701795.434631,1609701797.8957076,2.461076498031616,1609701795.5246086,1609701795.531761,0.0071523189544677734
10d1c7e46f8a44f98e315f0ecb959550,k-means,warm,exec,queue,0.0400996208190918,4.76837158203125e-07,4.76837158203125e-07,1609701795.4372034,1609701796.9611938,1.5239903926849365,1609701795.5259244,1609701795.5344386,0.008514165878295898
824d711614ef450398ab9b70ed193cd2,k-means,warm,exec,queue,0.044779062271118164,2.384185791015625e-07,2.384185791015625e-07,1609701795.4389925,1609701796.4656973,1.0267047882080078,1609701795.5272424,1609701795.5356846,0.008442163467407227
381f4249f8db4e4ab0ab9d65a3fc56b2,k-means,warm,exec,queue,0.049623727798461914,7.152557373046875e-07,2.384185791015625e-07,1609701795.4410484,1609701797.8982081,2.4571597576141357,1609701795.5304923,1609701795.5384064,0.007914066314697266
75b86218aa1544749fc0fb31b71c551b,k-means,warm,exec,queue,0.054711341857910156,2.384185791015625e-07,2.384185791015625e-07,1609701795.443367,1609701797.8950293,2.451662302017212,1609701795.539229,1609701795.5480886,0.008859634399414062
ea11050944fb466b9349687cff81ee3e,k-means,warm,exec,queue,0.06148052215576172,2.384185791015625e-07,2.384185791015625e-07,1609701795.4449558,1609701796.95922,1.5142641067504883,1609701795.547519,1609701795.554513,0.006994009017944336
3c419e9946764b3ca6b70c40c958a5e6,k-means,warm,exec,queue,0.06440114974975586,2.384185791015625e-07,2.384185791015625e-07,1609701795.4466121,1609701797.077589,1.630976915359497,1609701795.548132,1609701795.5529146,0.004782676696777344
58c7881d8d9344d9b15aefda6dac6b34,k-means,warm,exec,queue,0.06918120384216309,2.384185791015625e-07,4.76837158203125e-07,1609701795.4481404,1609701796.7527497,1.3046092987060547,1609701795.5547166,1609701795.5612547,0.0065381526947021484
3d0b986e10864965ba07b0937a851080,k-means,warm,exec,queue,0.07407236099243164,2.384185791015625e-07,0.0,1609701795.4496856,1609701796.3483195,0.8986339569091797,1609701795.5599167,1609701795.5652606,0.005343914031982422
bfcb288e2a7f4e89aca9b880d899e6ef,video,warm,exec,queue,0.01899576187133789,2.384185791015625e-07,2.384185791015625e-07,1609701795.4512215,1609701796.4686692,1.0174477100372314,1609701795.5195408,1609701795.5372121,0.01767134666442871
b786703b9b114427b0c68694bf7d3087,matmul,warm,exec,queue,0.024274826049804688,2.384185791015625e-07,2.384185791015625e-07,1609701795.4528909,1609701796.7497394,1.2968485355377197,1609701795.5247407,1609701795.5338895,0.009148836135864258
4f91a4751e894c4ca352220e7a696088,map_reduce,warm,exec,queue,0.025293827056884766,2.384185791015625e-07,2.384185791015625e-07,1609701795.454438,1609701796.4694545,1.0150165557861328,1609701795.5246413,1609701795.6111224,0.08648109436035156
54b384552d1a47f3b1f1b0e3ef5c71ac,disk,warm,exec,queue,0.03083348274230957,2.384185791015625e-07,0.0,1609701795.4559922,1609701796.3498783,0.8938860893249512,1609701795.5256412,1609701795.534979,0.009337902069091797
fde589738dab4db48b13845df32295f6,image,cold,exec,create,0.03550887107849121,6.247327566146851,2.384185791015625e-07,1609701795.4575508,1609701801.88537,6.42781925201416,1609701801.769909,1609701801.8001292,0.03022027015686035
1f5b99f1ad454388b6d7feed1f485e97,network,cold,exec,create,0.04483437538146973,6.496180057525635,0.0,1609701795.4591734,1609701802.0957959,6.636622428894043,1609701802.03086,1609701802.0486968,0.017836809158325195
1a4d2cae0f354dd6a474fbccdff3350d,k-means,warm,exec,queue,0.0008058547973632812,4.76837158203125e-07,4.76837158203125e-07,1609701796.4063904,1609701796.8921983,0.4858078956604004,1609701796.4476032,1609701796.4554718,0.007868528366088867
10e8fb0b97414e50852add964ab0bc32,k-means,warm,exec,queue,0.01491689682006836,4.76837158203125e-07,2.384185791015625e-07,1609701796.4097853,1609701797.0387473,0.6289620399475098,1609701796.4594707,1609701796.4683938,0.008923053741455078
7466bd617bbf45c48f8242af3d295ef3,k-means,warm,exec,queue,0.019191980361938477,2.384185791015625e-07,2.384185791015625e-07,1609701796.4119263,1609701797.8906698,1.478743553161621,1609701796.4689057,1609701796.4747062,0.005800485610961914
96962632b1c44860a7693926ef147cb8,k-means,warm,exec,queue,0.025652647018432617,4.76837158203125e-07,2.384185791015625e-07,1609701796.4141085,1609701799.1580768,2.7439682483673096,1609701796.471916,1609701796.478907,0.006991147994995117
ca50428511434c90af84ff5ec9c0e2ff,k-means,warm,exec,queue,0.03098464012145996,0.0,2.384185791015625e-07,1609701796.416724,1609701797.8963985,1.4796745777130127,1609701796.4756389,1609701796.4819467,0.006307840347290039
e96d85bb8ba74477b360e196179cb179,k-means,warm,exec,queue,0.03577423095703125,2.384185791015625e-07,2.384185791015625e-07,1609701796.418856,1609701798.515282,2.096426010131836,1609701796.4812849,1609701796.4884806,0.007195711135864258
cbdc68b75dc64900bccecd1519305183,k-means,warm,exec,queue,0.040580034255981445,2.384185791015625e-07,2.384185791015625e-07,1609701796.4207606,1609701799.8617766,3.4410159587860107,1609701796.4889112,1609701796.4938383,0.004927158355712891
aacceae0c1d04c1196391d47d0de2f74,k-means,warm,exec,queue,0.002432584762573242,4.76837158203125e-07,2.384185791015625e-07,1609701796.4221628,1609701799.8657048,3.443542003631592,1609701796.4490972,1609701796.4577677,0.008670568466186523
8d5a47b205c846b2aa063f4aaebf62d7,k-means,warm,exec,queue,0.00874018669128418,4.76837158203125e-07,2.384185791015625e-07,1609701796.4236739,1609701799.8628528,3.439178943634033,1609701796.4494934,1609701796.4582498,0.008756399154663086
f6fea378ae544d30b9575a102079d98c,k-means,warm,exec,queue,0.013322114944458008,4.76837158203125e-07,0.0,1609701796.4250913,1609701799.8623514,3.437260150909424,1609701796.453497,1609701796.4627998,0.009302854537963867
b04bd33404934c85a2bd3a6ad5837fe0,k-means,warm,exec,queue,0.0017888545989990234,4.76837158203125e-07,2.384185791015625e-07,1609701797.4143388,1609701799.3736846,1.959345817565918,1609701797.4947894,1609701797.5027933,0.008003950119018555
652decded0c044f680340fca5e3ae0cd,k-means,warm,exec,queue,0.03752923011779785,2.384185791015625e-07,2.384185791015625e-07,1609701797.4188633,1609701798.6124792,1.1936159133911133,1609701797.5236268,1609701797.5300364,0.006409645080566406
aa3b03048db34b04a4f5116b5227638d,k-means,warm,exec,queue,0.04256868362426758,2.384185791015625e-07,0.0,1609701797.4215596,1609701799.866355,2.4447953701019287,1609701797.528727,1609701797.5348094,0.006082296371459961
2a31494af76f4cf0854b670771ff5eb0,k-means,warm,exec,queue,0.04813385009765625,4.76837158203125e-07,2.384185791015625e-07,1609701797.4242094,1609701799.8563778,2.432168483734131,1609701797.5368612,1609701797.5425067,0.0056455135345458984
095904ffefc44869a4970d96227876bd,k-means,warm,exec,queue,0.05409812927246094,4.76837158203125e-07,2.384185791015625e-07,1609701797.4273005,1609701798.5125537,1.0852532386779785,1609701797.5408921,1609701797.546335,0.00544285774230957
63adbe1eae054c90aacb7e49b3222547,k-means,warm,exec,queue,0.05870985984802246,2.384185791015625e-07,2.384185791015625e-07,1609701797.4289262,1609701799.233338,1.8044118881225586,1609701797.5486257,1609701797.555707,0.007081270217895508
761b25173e984fa0af78388d4f511307,k-means,warm,exec,queue,0.06308555603027344,4.76837158203125e-07,4.76837158203125e-07,1609701797.4305255,1609701799.5644267,2.1339011192321777,1609701797.5520556,1609701797.5561166,0.004060983657836914
075503a320ad48cabf55450e1d338c6e,k-means,warm,exec,queue,0.015549898147583008,2.384185791015625e-07,2.384185791015625e-07,1609701797.43212,1609701799.8660474,2.433927297592163,1609701797.5001295,1609701797.5096972,0.009567737579345703
a029406577d649dcbe38b3a6a3ceed3d,k-means,warm,exec,queue,0.021033525466918945,4.76837158203125e-07,0.0,1609701797.4337585,1609701798.5158393,1.0820808410644531,1609701797.5054915,1609701797.513258,0.0077664852142333984
3394ca9d1e6c4fe88f776eecd9a61720,k-means,warm,exec,queue,0.028573274612426758,7.152557373046875e-07,2.384185791015625e-07,1609701797.4573336,1609701799.466038,2.008704423904419,1609701797.515034,1609701797.521634,0.006600141525268555
5cc384fe1f45413bb6f7e0499fde699e,k-means,warm,exec,queue,0.033214569091796875,4.76837158203125e-07,2.384185791015625e-07,1609701797.458866,1609701799.8633463,2.404480457305908,1609701797.5198073,1609701797.5266397,0.0068323612213134766
1b5eed6168fb4f2d82dae5ffd1c9ad3d,k-means,warm,exec,queue,0.012622594833374023,4.76837158203125e-07,2.384185791015625e-07,1609701797.4603999,1609701799.4581745,1.997774600982666,1609701797.495452,1609701797.5032613,0.00780940055847168
c10337f3c78c4b7fb4a115d2c8da29ba,k-means,warm,exec,queue,0.0684201717376709,2.384185791015625e-07,2.384185791015625e-07,1609701797.4620125,1609701799.4665437,2.004531145095825,1609701797.55866,1609701797.56496,0.0062999725341796875
25bbfdd9fa7c42b59972a21e361050f8,k-means,warm,exec,queue,0.07317543029785156,2.384185791015625e-07,0.0,1609701797.4635422,1609701799.2322423,1.768700122833252,1609701797.5641537,1609701797.5682943,0.004140615463256836
833b2b6005b94e3a86e70058304cae06,k-means,warm,exec,queue,0.077667236328125,2.384185791015625e-07,2.384185791015625e-07,1609701797.4650946,1609701799.3753855,1.9102909564971924,1609701797.5708687,1609701797.5773177,0.006448984146118164
05dbcd3881174de682b1e400a2e660d6,k-means,warm,exec,queue,0.08280086517333984,2.384185791015625e-07,2.384185791015625e-07,1609701797.466695,1609701799.375694,1.908998966217041,1609701797.5750887,1609701797.5791996,0.004110813140869141
ea582fd0277645c288cbec78295d390f,video,warm,exec,queue,0.016042232513427734,2.384185791015625e-07,2.384185791015625e-07,1609701797.4682066,1609701799.4675019,1.9992952346801758,1609701797.5154839,1609701797.5312269,0.015743017196655273
cb5b8e6d23e448e6a0ce1b33339499cc,k-means,warm,exec,queue,0.00013065338134765625,4.76837158203125e-07,2.384185791015625e-07,1609701798.4254665,1609701799.46195,1.0364835262298584,1609701798.4723105,1609701798.4805703,0.008259773254394531
e41acf33784f432298a7132dca9cd861,k-means,warm,exec,queue,0.007561922073364258,2.384185791015625e-07,0.0,1609701798.429056,1609701799.2310154,0.8019595146179199,1609701798.473292,1609701798.4818296,0.008537530899047852
9663907fcc504c28b5acc8e02dabacc0,k-means,warm,exec,queue,0.012465953826904297,2.384185791015625e-07,4.76837158203125e-07,1609701798.4312797,1609701798.9752219,0.5439422130584717,1609701798.4776497,1609701798.485183,0.00753331184387207
2e1c4505943a407a81bcc77c98ee1f68,k-means,warm,exec,queue,0.01680755615234375,2.384185791015625e-07,2.384185791015625e-07,1609701798.43353,1609701799.5603533,1.1268231868743896,1609701798.4834025,1609701798.4919133,0.008510828018188477
86d0382949064dd6b99ecaba4d9fa3f8,k-means,warm,exec,queue,0.022493600845336914,7.152557373046875e-07,2.384185791015625e-07,1609701798.4361243,1609701800.3572133,1.9210889339447021,1609701798.4939387,1609701798.5004864,0.006547689437866211
6407745bee3543f68e6c2317ab190322,k-means,warm,exec,queue,0.02735447883605957,4.76837158203125e-07,0.0,1609701798.438339,1609701799.4624746,1.0241355895996094,1609701798.494376,1609701798.5008307,0.0064547061920166016
d3c6a70d5ae04859b7a15734b60d4a39,k-means,warm,exec,queue,0.03259682655334473,2.384185791015625e-07,2.384185791015625e-07,1609701798.4405277,1609701800.36141,1.920882225036621,1609701798.5004885,1609701798.505857,0.005368471145629883
beafc2b2f6c845d5838bff8b7ea2f3a6,k-means,warm,exec,queue,0.037371158599853516,2.384185791015625e-07,2.384185791015625e-07,1609701798.4418745,1609701799.616603,1.1747283935546875,1609701798.5089264,1609701798.5180683,0.009141921997070312
3f4c47803e8d49fea583c7ba09e095e0,k-means,warm,exec,queue,0.04218554496765137,2.384185791015625e-07,0.0,1609701798.443313,1609701799.4614077,1.018094778060913,1609701798.5141773,1609701798.5197685,0.005591154098510742
20113120a81a45c688b5c0030f153402,k-means,warm,exec,queue,0.047020673751831055,2.384185791015625e-07,2.384185791015625e-07,1609701798.4447322,1609701799.6160855,1.1713533401489258,1609701798.515937,1609701798.520712,0.004774808883666992
f4b33f8e273142b380e543156746d30a,k-means,warm,exec,queue,0.05178332328796387,2.384185791015625e-07,0.0,1609701798.4460905,1609701799.4670367,1.0209462642669678,1609701798.5223296,1609701798.5301375,0.00780797004699707
950a084708e34058bd236d5dd496dce2,k-means,warm,exec,queue,0.057044029235839844,2.384185791015625e-07,2.384185791015625e-07,1609701798.4474962,1609701799.6114748,1.1639785766601562,1609701798.527034,1609701798.5315685,0.004534482955932617
a1650457985d42949a0953da9793bc88,k-means,warm,exec,queue,0.06227445602416992,2.384185791015625e-07,4.76837158203125e-07,1609701798.4489117,1609701799.5639706,1.1150588989257812,1609701798.5333917,1609701798.5394857,0.0060939788818359375
5f38e016ebef4745859aa93690065c4c,k-means,warm,exec,queue,0.06772255897521973,4.76837158203125e-07,2.384185791015625e-07,1609701798.4502578,1609701799.7793906,1.3291327953338623,1609701798.5388994,1609701798.5434682,0.004568815231323242
9744c681010c414db7e55deeb251398a,k-means,warm,exec,queue,7.009506225585938e-05,2.384185791015625e-07,4.76837158203125e-07,1609701799.404895,1609701800.3589237,0.9540286064147949,1609701799.4414725,1609701799.4497225,0.008249998092651367
dc8d4c1534b745718f16d88688ff39fa,k-means,warm,exec,queue,0.006392478942871094,7.152557373046875e-07,2.384185791015625e-07,1609701799.4083169,1609701800.039705,0.6313881874084473,1609701799.4411623,1609701799.4492514,0.008089065551757812
e5b1c80ae8604f52a6667e7a441864c2,video,warm,exec,queue,0.024066925048828125,4.76837158203125e-07,0.0,1609701799.4097872,1609701799.6170502,0.20726299285888672,1609701799.4673889,1609701799.4849584,0.017569541931152344
4b6ac15e39ff4408a48633369f2322bd,k-means,warm,exec,queue,0.010799884796142578,2.384185791015625e-07,2.384185791015625e-07,1609701799.411248,1609701800.3632765,0.9520285129547119,1609701799.4459255,1609701799.453842,0.007916450500488281
0ad3ccb4b3b04d6c9086e46ad4c7cb2c,k-means,warm,exec,queue,0.015407323837280273,2.384185791015625e-07,0.0,1609701799.4131036,1609701799.5618713,0.14876770973205566,1609701799.450498,1609701799.4589686,0.008470535278320312
38e4964691ff4748a008551b67417896,k-means,warm,exec,queue,0.0197601318359375,4.76837158203125e-07,2.384185791015625e-07,1609701799.414554,1609701800.168876,0.754321813583374,1609701799.4652228,1609701799.472287,0.007064104080200195
09f528cc35f5488495d638a8281edfe7,k-means,warm,exec,queue,0.029783248901367188,2.384185791015625e-07,2.384185791015625e-07,1609701799.4160132,1609701800.3619058,0.9458925724029541,1609701799.4681132,1609701799.475671,0.007557868957519531
36ca664094fa4608936aa233a830ea29,k-means,warm,exec,queue,0.03502202033996582,0.0,2.384185791015625e-07,1609701799.417471,1609701800.1707687,0.7532978057861328,1609701799.471826,1609701799.4781353,0.0063092708587646484
8befd8eb64f2425ba0805aa3ab1a059d,k-means,warm,exec,queue,0.03981733322143555,2.384185791015625e-07,0.0,1609701799.418921,1609701799.9780605,0.5591394901275635,1609701799.4785168,1609701799.4849339,0.006417036056518555
4c6c05f8a5f5491580b4225bf67e3c7d,k-means,warm,exec,queue,0.04499459266662598,4.76837158203125e-07,2.384185791015625e-07,1609701799.4205015,1609701799.6156373,0.19513583183288574,1609701799.485142,1609701799.4919622,0.006820201873779297
64d190a0cdc24d9d96db29f663bba548,k-means,warm,exec,queue,6.628036499023438e-05,2.384185791015625e-07,2.384185791015625e-07,1609701800.415701,1609701800.5944188,0.17871785163879395,1609701800.4698088,1609701800.4771323,0.007323503494262695
da097168095142a1b163cc139a9034cb,k-means,warm,exec,queue,0.008411407470703125,7.152557373046875e-07,0.0,1609701800.4213083,1609701800.5576808,0.13637256622314453,1609701800.4697804,1609701800.4767094,0.006928920745849609
2294f202711f467c97aa432cac3b179d,k-means,warm,exec,queue,0.013292074203491211,4.76837158203125e-07,2.384185791015625e-07,1609701800.4237707,1609701800.560533,0.13676238059997559,1609701800.4763594,1609701800.4834433,0.007083892822265625
920d0c8cc26343f096a10c36318bb757,k-means,warm,exec,queue,0.018055200576782227,9.5367431640625e-07,2.384185791015625e-07,1609701800.4262152,1609701800.5600247,0.13380956649780273,1609701800.4888322,1609701800.4964397,0.007607460021972656
855b90dcb06d4a53a787871294505bf8,k-means,warm,exec,queue,0.024573802947998047,2.384185791015625e-07,0.0,1609701800.4288197,1609701800.6245944,0.19577479362487793,1609701800.4931574,1609701800.5001354,0.006978034973144531
1c115a8948fe4d8e9804b9c3d620b7ca,k-means,warm,exec,queue,0.028985977172851562,2.384185791015625e-07,2.384185791015625e-07,1609701800.4303348,1609701800.6288147,0.19847989082336426,1609701800.493741,1609701800.4996774,0.005936384201049805
2addd1d29fa448e9b5b0f6549b20f9b5,k-means,warm,exec,queue,0.034149169921875,4.76837158203125e-07,2.384185791015625e-07,1609701800.4318376,1609701800.591346,0.15950846672058105,1609701800.5001397,1609701800.5070884,0.006948709487915039
1a1c3861a548405fabb8ec5149d94f59,k-means,warm,exec,queue,0.03890705108642578,2.384185791015625e-07,2.384185791015625e-07,1609701800.4333737,1609701800.59389,0.16051626205444336,1609701800.5097094,1609701800.5164857,0.006776332855224609
ca1c1bf1f486444f9b64a307ba8fb035,k-means,warm,exec,queue,0.043853759765625,4.76837158203125e-07,0.0,1609701800.4348767,1609701800.6961544,0.2612776756286621,1609701800.5099213,1609701800.5162241,0.006302833557128906
c592305d1fc34513a8862c6aad748976,k-means,warm,exec,queue,0.049028873443603516,2.384185791015625e-07,2.384185791015625e-07,1609701800.4368894,1609701800.7611969,0.3243074417114258,1609701800.5142527,1609701800.5200458,0.005793094635009766
da3f3e98c132451c87968bd888686b06,k-means,warm,exec,queue,0.0544431209564209,2.384185791015625e-07,2.384185791015625e-07,1609701800.4384055,1609701800.6293566,0.19095110893249512,1609701800.523641,1609701800.5310075,0.0073664188385009766
9a33e0008c7b4f78b4c996b3becafc1a,k-means,warm,exec,queue,0.06020236015319824,4.76837158203125e-07,2.384185791015625e-07,1609701800.4399385,1609701800.69908,0.2591414451599121,1609701800.5282142,1609701800.5339136,0.0056993961334228516
725d32bde13f4225a110f0b6b57b7c6c,k-means,warm,exec,queue,0.06525087356567383,4.76837158203125e-07,2.384185791015625e-07,1609701800.4414685,1609701800.8575234,0.41605496406555176,1609701800.5331564,1609701800.5394328,0.006276369094848633
4f4e1fc77cac45f29b4a915ef8274d8e,k-means,warm,exec,queue,0.06941032409667969,4.76837158203125e-07,2.384185791015625e-07,1609701800.4430943,1609701800.7630744,0.3199801445007324,1609701800.5388026,1609701800.5456326,0.006829977035522461
a038f8e6084f4914866933fb995ad836,k-means,warm,exec,queue,0.07416701316833496,4.76837158203125e-07,2.384185791015625e-07,1609701800.444621,1609701800.696702,0.25208091735839844,1609701800.5465088,1609701800.553183,0.006674289703369141
bfd3ace892cd4ee29e3b642693cc1bc8,matmul,warm,exec,queue,0.015518665313720703,2.384185791015625e-07,2.384185791015625e-07,1609701800.4461353,1609701800.6263611,0.18022584915161133,1609701800.4929852,1609701800.5032225,0.01023721694946289
098476cca9f44776b24c1977439e9ad2,k-means,warm,exec,queue,5.817413330078125e-05,4.76837158203125e-07,2.384185791015625e-07,1609701801.4096458,1609701801.5256426,0.1159968376159668,1609701801.4501252,1609701801.4567933,0.0066680908203125
11431f77bad04786986822f8f4d11409,video,warm,exec,queue,0.021327495574951172,2.384185791015625e-07,2.384185791015625e-07,1609701801.4137383,1609701801.559408,0.14566969871520996,1609701801.467631,1609701801.4850092,0.01737809181213379
a13d7786e25240acb1f79c2627609176,k-means,warm,exec,queue,0.007086992263793945,2.384185791015625e-07,0.0,1609701801.4163108,1609701801.602459,0.18614816665649414,1609701801.4504678,1609701801.457507,0.007039070129394531
c1c6c50790144d789e1cd9ccbce3ea63,k-means,warm,exec,queue,0.010453939437866211,2.384185791015625e-07,0.0,1609701801.418834,1609701801.5230126,0.10417866706848145,1609701801.4542055,1609701801.4620583,0.007852792739868164
a78797df4f334cb7999416e179211245,k-means,warm,exec,queue,0.016157865524291992,2.384185791015625e-07,2.384185791015625e-07,1609701801.421163,1609701801.5575585,0.13639545440673828,1609701801.4609406,1609701801.4682393,0.007298707962036133
05e2cfeb267f4e04bbcebe5aa9917b01,k-means,warm,exec,queue,0.020758390426635742,4.76837158203125e-07,0.0,1609701801.4226196,1609701801.6521382,0.22951865196228027,1609701801.4676929,1609701801.4748423,0.007149457931518555
6574c3eb81a94a878e1622d9deacd037,k-means,warm,exec,queue,0.02573680877685547,2.384185791015625e-07,2.384185791015625e-07,1609701801.4240594,1609701801.6030815,0.17902207374572754,1609701801.4707284,1609701801.4770162,0.006287813186645508
143d904ef66a4dfbbd85f6e35c20bbc6,k-means,warm,exec,queue,0.030357837677001953,2.384185791015625e-07,2.384185791015625e-07,1609701801.4255197,1609701801.6050591,0.17953944206237793,1609701801.4772608,1609701801.4836893,0.00642848014831543
8dbd2ff3a04d4da7ad032346c9433cfc,k-means,warm,exec,queue,0.03546762466430664,2.384185791015625e-07,2.384185791015625e-07,1609701801.426973,1609701801.649458,0.22248482704162598,1609701801.4854844,1609701801.4920335,0.00654911994934082
8db2c1d490484babb93c03e53bb649da,k-means,warm,exec,queue,0.04007768630981445,2.384185791015625e-07,2.384185791015625e-07,1609701801.428565,1609701801.6888351,0.2602701187133789,1609701801.4949286,1609701801.5024333,0.007504701614379883
8ca8fa0809924ccf91227a029238e6d4,k-means,warm,exec,queue,0.04677128791809082,2.384185791015625e-07,2.384185791015625e-07,1609701801.430004,1609701801.6527486,0.22274470329284668,1609701801.4952586,1609701801.5012455,0.005986928939819336
a70c91784204465da4f579c4ab85bd1d,k-means,warm,exec,queue,0.0028219223022460938,2.384185791015625e-07,2.384185791015625e-07,1609701802.4085748,1609701802.5382423,0.1296675205230713,1609701802.4461806,1609701802.4539466,0.007766008377075195
a01d1a8aa1854085825a5adc9536b849,k-means,warm,exec,queue,0.0464169979095459,4.76837158203125e-07,2.384185791015625e-07,1609701802.4126081,1609701802.7156248,0.30301666259765625,1609701802.4913836,1609701802.4967983,0.005414724349975586
b1b1ff4656aa461fbb6ca8b0c18112c9,k-means,warm,exec,queue,0.04033493995666504,2.384185791015625e-07,0.0,1609701802.4150946,1609701802.6798522,0.2647576332092285,1609701802.4834154,1609701802.4905722,0.007156848907470703
c78d37bfb45c4d638e7a157ca561a564,k-means,warm,exec,queue,0.03520345687866211,2.384185791015625e-07,2.384185791015625e-07,1609701802.4175906,1609701802.6816072,0.26401662826538086,1609701802.47807,1609701802.4829166,0.0048465728759765625
6b27440796694bf19bd3d970fac60f57,k-means,warm,exec,queue,0.029982566833496094,2.384185791015625e-07,2.384185791015625e-07,1609701802.4200678,1609701802.6483169,0.22824907302856445,1609701802.4724574,1609701802.4778194,0.005362033843994141
9eff9157c67046aba5d3b23049368488,k-means,warm,exec,queue,0.02453923225402832,4.76837158203125e-07,2.384185791015625e-07,1609701802.4218376,1609701802.6090147,0.18717718124389648,1609701802.4661338,1609701802.4710014,0.0048675537109375
755cf99829844ac68f1c5599fc6f1e90,k-means,warm,exec,queue,0.01984095573425293,2.384185791015625e-07,0.0,1609701802.4232574,1609701802.5795715,0.15631413459777832,1609701802.4621232,1609701802.4694448,0.007321596145629883
d34482552b1640ee9a9a337d6a3cca11,k-means,warm,exec,queue,0.00722813606262207,4.76837158203125e-07,0.0,1609701802.424681,1609701802.540395,0.11571407318115234,1609701802.4460478,1609701802.4531183,0.0070705413818359375
b860e9156cfd498a8461ac494c200203,k-means,warm,exec,queue,0.011626958847045898,4.76837158203125e-07,2.384185791015625e-07,1609701802.426114,1609701802.6055782,0.17946410179138184,1609701802.4518008,1609701802.4595969,0.007796049118041992
815232f239b34ca899db02a8fd51733b,k-means,warm,exec,queue,0.01637101173400879,4.76837158203125e-07,2.384185791015625e-07,1609701802.4276392,1609701802.608442,0.1808028221130371,1609701802.4572115,1609701802.4659328,0.008721351623535156
2ff34bef5bd84f5eba14bd741d8f9d9c,k-means,warm,exec,queue,6.890296936035156e-05,2.384185791015625e-07,0.0,1609701803.4119182,1609701803.5244613,0.11254310607910156,1609701803.4530497,1609701803.4597943,0.0067446231842041016
09025651a1b744ee843cbcdaeea45eb4,k-means,warm,exec,queue,0.00541377067565918,2.384185791015625e-07,2.384185791015625e-07,1609701803.4160564,1609701803.523378,0.10732150077819824,1609701803.4528356,1609701803.4604871,0.007651567459106445
54277ded88274aa9a9ff28d887266c69,k-means,warm,exec,queue,0.010404825210571289,4.76837158203125e-07,2.384185791015625e-07,1609701803.4185789,1609701803.624484,0.20590519905090332,1609701803.4583073,1609701803.4660907,0.007783412933349609
727b09f962c04082b1ab9bef2a4b7232,k-means,warm,exec,queue,0.01559591293334961,2.384185791015625e-07,0.0,1609701803.421067,1609701803.5511115,0.13004446029663086,1609701803.4689078,1609701803.4759905,0.007082700729370117
fe3c9e8a054d4268a8f02d59f53ca0d6,k-means,warm,exec,queue,0.02090907096862793,2.384185791015625e-07,4.76837158203125e-07,1609701803.42382,1609701804.7504604,1.3266403675079346,1609701803.4701424,1609701803.4769273,0.006784915924072266
56324e49fd46447f8eecd8a01ea989d9,k-means,warm,exec,queue,0.02579331398010254,2.384185791015625e-07,2.384185791015625e-07,1609701803.4255729,1609701803.6530576,0.22748470306396484,1609701803.474541,1609701803.4803815,0.0058405399322509766
b7e7f3a215574980ab085e891ae6dc88,k-means,warm,exec,queue,0.0313105583190918,4.76837158203125e-07,2.384185791015625e-07,1609701803.427,1609701803.5495043,0.12250423431396484,1609701803.4833033,1609701803.491086,0.007782697677612305
e84bcf12f9714ee894a5a801ddcd1953,k-means,warm,exec,queue,0.037441253662109375,2.384185791015625e-07,0.0,1609701803.428431,1609701804.7568796,1.3284485340118408,1609701803.4934847,1609701803.499827,0.006342172622680664
d95c3127c237467fb7ea3628116e814d,k-means,warm,exec,queue,0.04279351234436035,4.76837158203125e-07,2.384185791015625e-07,1609701803.429859,1609701803.77697,0.3471109867095947,1609701803.4950259,1609701803.5015697,0.006543874740600586
6e29b81b470c480bb84fb8c69d008e92,k-means,warm,exec,queue,0.04782438278198242,4.76837158203125e-07,2.384185791015625e-07,1609701803.4313977,1609701803.775215,0.34381723403930664,1609701803.4982958,1609701803.503976,0.0056803226470947266
b2826e4c06234cf4b730b8b96a26ef11,k-means,warm,exec,queue,0.05257534980773926,2.384185791015625e-07,4.76837158203125e-07,1609701803.4328444,1609701803.6744983,0.2416539192199707,1609701803.50535,1609701803.512033,0.006682872772216797
f5b7b5f2287f47bba617136a1e3c4853,video,warm,exec,queue,0.01451563835144043,2.384185791015625e-07,0.0,1609701803.4342728,1609701803.6537178,0.21944499015808105,1609701803.4692636,1609701803.4851081,0.01584458351135254
71280cab98e04132aa9cd801ac1e7b14,k-means,warm,exec,queue,0.003552675247192383,4.76837158203125e-07,0.0,1609701804.411431,1609701804.754943,0.34351181983947754,1609701804.4456227,1609701804.4533167,0.0076940059661865234
70fc9c649ec44e5b8d375d96d73dd974,k-means,warm,exec,queue,0.04578518867492676,7.152557373046875e-07,4.76837158203125e-07,1609701804.415273,1609701805.0857375,0.6704645156860352,1609701804.4929366,1609701804.4989665,0.006029844284057617
12ebba1e490e4c7b9b635aaa6bdf216b,k-means,warm,exec,queue,0.04011034965515137,2.384185791015625e-07,0.0,1609701804.4178205,1609701804.9450297,0.5272092819213867,1609701804.487777,1609701804.4953947,0.0076177120208740234
4753145d2724419491589426203c104d,k-means,warm,exec,queue,0.03537726402282715,4.76837158203125e-07,2.384185791015625e-07,1609701804.4202807,1609701805.0198512,0.5995705127716064,1609701804.4800103,1609701804.484867,0.00485682487487793
5f0406acc35e40758d4b6b11311980fc,k-means,warm,exec,queue,0.02967691421508789,0.0,2.384185791015625e-07,1609701804.4218721,1609701805.087486,0.6656138896942139,1609701804.475034,1609701804.480642,0.005608081817626953
7af4b9fe80da48fb9dce9e36d0a5eda7,k-means,warm,exec,queue,0.02476644515991211,2.384185791015625e-07,0.0,1609701804.4232986,1609701804.9433496,0.5200510025024414,1609701804.4685125,1609701804.4739103,0.005397796630859375
50d64e5b54c042c7bf858bc0beaa46d4,k-means,warm,exec,queue,0.0073506832122802734,2.384185791015625e-07,2.384185791015625e-07,1609701804.4247184,1609701804.7539496,0.32923126220703125,1609701804.4472232,1609701804.4548993,0.007676124572753906
65362eb62ae74383b93a7d39fbf8026e,k-means,warm,exec,queue,0.012540817260742188,2.384185791015625e-07,0.0,1609701804.4261394,1609701804.754464,0.328324556350708,1609701804.4534245,1609701804.461027,0.0076024532318115234
1e46913896824046981bc1443302fd1d,k-means,warm,exec,queue,0.016963481903076172,4.76837158203125e-07,2.384185791015625e-07,1609701804.4275563,1609701804.887593,0.4600367546081543,1609701804.4596002,1609701804.4673166,0.00771641731262207
9814b8ed1d80482285ac5a9aefb71471,k-means,warm,exec,queue,0.021526336669921875,2.384185791015625e-07,2.384185791015625e-07,1609701804.429347,1609701804.7572129,0.3278658390045166,1609701804.4626606,1609701804.4684002,0.005739688873291016
87cc872f6809416480234d70c1116fec,k-means,warm,exec,queue,6.890296936035156e-05,4.76837158203125e-07,0.0,1609701805.4191823,1609701805.5446973,0.12551498413085938,1609701805.4724598,1609701805.4801185,0.007658720016479492
d2158d6389df4c3d93c217b26bc1b260,k-means,warm,exec,queue,0.010056734085083008,4.76837158203125e-07,0.0,1609701805.423247,1609701805.714961,0.2917139530181885,1609701805.4731078,1609701805.4807723,0.00766444206237793
8b273741df794aba87dacdbe8ebe8433,k-means,warm,exec,queue,0.014643192291259766,2.384185791015625e-07,4.76837158203125e-07,1609701805.4258676,1609701805.5894184,0.16355085372924805,1609701805.47808,1609701805.486592,0.008512020111083984
c7dc5a8805c94f31b21ebb5f962e0e11,k-means,warm,exec,queue,0.019982099533081055,4.76837158203125e-07,0.0,1609701805.4284465,1609701805.613408,0.18496155738830566,1609701805.4854631,1609701805.4930847,0.0076215267181396484
494f8701763b4329a11568609f240de7,k-means,warm,exec,queue,0.026505470275878906,4.76837158203125e-07,4.76837158203125e-07,1609701805.431284,1609701805.587567,0.15628314018249512,1609701805.5000198,1609701805.5064418,0.0064220428466796875
be3fc4a7fd2c409b8c44941b600c33f4,k-means,warm,exec,queue,0.032247304916381836,2.384185791015625e-07,2.384185791015625e-07,1609701805.4333532,1609701805.751618,0.3182647228240967,1609701805.502832,1609701805.5099375,0.007105588912963867
6e6808222c84482b8e0c2d93ad86cd61,k-means,warm,exec,queue,0.03788900375366211,2.384185791015625e-07,0.0,1609701805.4348733,1609701805.749251,0.3143775463104248,1609701805.5040019,1609701805.5105994,0.0065975189208984375
299dab30738a4adcb8c4e68c2a5adf14,k-means,warm,exec,queue,0.04286313056945801,2.384185791015625e-07,2.384185791015625e-07,1609701805.4364018,1609701805.614487,0.1780850887298584,1609701805.5097442,1609701805.516657,0.006912946701049805
4ebcae48794042ed8716caaaad8cab08,k-means,warm,exec,queue,0.04767322540283203,2.384185791015625e-07,2.384185791015625e-07,1609701805.4379299,1609701805.7476861,0.3097562789916992,1609701805.5195577,1609701805.52551,0.005952358245849609
346da675fc074dfbb60764baf26e6fc0,k-means,warm,exec,queue,0.052271127700805664,2.384185791015625e-07,0.0,1609701805.4395974,1609701805.7180398,0.2784423828125,1609701805.522551,1609701805.5289156,0.006364583969116211
e1a169513f2844f4a9b15b81ae9ed615,k-means,warm,exec,queue,0.056939125061035156,2.384185791015625e-07,2.384185791015625e-07,1609701805.4411697,1609701805.6121929,0.17102313041687012,1609701805.5253258,1609701805.5308568,0.0055310726165771484
a717095d3bdb48d89d798c8f99e875b8,k-means,warm,exec,queue,0.06207728385925293,2.384185791015625e-07,2.384185791015625e-07,1609701805.4427063,1609701805.6721404,0.22943401336669922,1609701805.5315905,1609701805.5374355,0.005845069885253906
0955841dc1a74113a44cf4897ea5f38d,video,warm,exec,queue,0.016648292541503906,2.384185791015625e-07,4.76837158203125e-07,1609701805.444254,1609701805.752123,0.30786919593811035,1609701805.5002184,1609701805.5160804,0.015861988067626953
c184b4f81db54f3ebb8dca5e1b484861,matmul,warm,exec,queue,0.023513317108154297,4.76837158203125e-07,2.384185791015625e-07,1609701805.445936,1609701805.7185853,0.27264928817749023,1609701805.503306,1609701805.5137048,0.01039886474609375
0057d785066c492798a25a8fc9705820,map_reduce,warm,exec,queue,0.027849435806274414,2.384185791015625e-07,2.384185791015625e-07,1609701805.4474666,1609701805.8253646,0.3778979778289795,1609701805.503578,1609701805.588254,0.08467602729797363
8b9bd7aa951b41da81c2b8b9f035cb43,k-means,warm,exec,queue,7.343292236328125e-05,4.76837158203125e-07,2.384185791015625e-07,1609701806.4187915,1609701806.6503198,0.23152828216552734,1609701806.4715977,1609701806.4797547,0.008157014846801758
030444940d08442795b29658a1ce6ce6,k-means,warm,exec,queue,0.06009507179260254,2.384185791015625e-07,0.0,1609701806.4229958,1609701806.7200136,0.29701781272888184,1609701806.527413,1609701806.53375,0.006337165832519531
19631439fa084434affbfcc721cbd367,k-means,warm,exec,queue,0.009388208389282227,7.152557373046875e-07,2.384185791015625e-07,1609701806.425536,1609701806.5462494,0.12071347236633301,1609701806.4712858,1609701806.47944,0.008154153823852539
7b72d6f091af4e42ad099e7cdc3e8613,k-means,warm,exec,queue,0.014089345932006836,2.384185791015625e-07,0.0,1609701806.4280264,1609701806.6497576,0.22173118591308594,1609701806.4754286,1609701806.4838111,0.008382558822631836
008f9a4d98a5409e81e84ee4008c2598,k-means,warm,exec,queue,0.019453048706054688,4.76837158203125e-07,2.384185791015625e-07,1609701806.4308279,1609701806.7206275,0.28979969024658203,1609701806.481637,1609701806.4914403,0.009803295135498047
0bd32836672c4434a4901941bab0aeef,k-means,warm,exec,queue,0.02431941032409668,4.76837158203125e-07,2.384185791015625e-07,1609701806.433013,1609701806.615507,0.1824939250946045,1609701806.4943392,1609701806.499861,0.0055217742919921875
f7751923a38646a785daa115e3cf12a4,k-means,warm,exec,queue,0.029652833938598633,4.76837158203125e-07,2.384185791015625e-07,1609701806.434442,1609701806.652833,0.21839094161987305,1609701806.4957616,1609701806.502866,0.007104396820068359
c15755b491204dc3a9821bbac65823eb,k-means,warm,exec,queue,0.03470730781555176,2.384185791015625e-07,2.384185791015625e-07,1609701806.4358778,1609701806.5716581,0.13578033447265625,1609701806.4975147,1609701806.5034432,0.005928516387939453
da2e4c083d9f43d19710ae45cdd40e17,k-means,warm,exec,queue,0.03992748260498047,7.152557373046875e-07,2.384185791015625e-07,1609701806.4373286,1609701806.6534097,0.2160811424255371,1609701806.5059457,1609701806.5125325,0.006586790084838867
e319c73a9712425bb2c52739d7cc46b7,k-means,warm,exec,queue,0.04507803916931152,2.384185791015625e-07,2.384185791015625e-07,1609701806.438878,1609701806.8347285,0.39585041999816895,1609701806.5102024,1609701806.5160837,0.005881309509277344
52536d71ee134428abdadf0e0597c1b9,k-means,warm,exec,queue,0.050359249114990234,4.76837158203125e-07,2.384185791015625e-07,1609701806.4403234,1609701806.8364508,0.39612746238708496,1609701806.5156212,1609701806.521051,0.005429744720458984
fb885c4f4ac24458818ee39a174da48f,k-means,warm,exec,queue,0.05488300323486328,2.384185791015625e-07,0.0,1609701806.4417546,1609701806.6138217,0.17206716537475586,1609701806.5218441,1609701806.527593,0.005748748779296875
017483c3b1ce4ba084752454912854db,k-means,warm,exec,queue,0.06547307968139648,2.384185791015625e-07,2.384185791015625e-07,1609701806.4431899,1609701806.6471207,0.20393085479736328,1609701806.5335069,1609701806.5387259,0.005218982696533203
00ed1e3fddff40d68f0cbd252375627d,k-means,warm,exec,queue,0.06996703147888184,4.76837158203125e-07,2.384185791015625e-07,1609701806.444735,1609701806.7170775,0.2723424434661865,1609701806.5398445,1609701806.5456924,0.005847930908203125
08231f090aee4bc190bb7599a098d7d8,k-means,warm,exec,queue,0.0747227668762207,2.384185791015625e-07,2.384185791015625e-07,1609701806.446174,1609701806.78384,0.33766603469848633,1609701806.5447938,1609701806.5518901,0.007096290588378906
e3cb39aa78834a89ad388e110128b42b,k-means,warm,exec,queue,0.0006556510925292969,4.76837158203125e-07,2.384185791015625e-07,1609701807.417978,1609701807.547782,0.12980389595031738,1609701807.4672158,1609701807.4756272,0.008411407470703125
df46676c0243476cacb326634c9a6c6c,k-means,warm,exec,queue,0.0313410758972168,2.384185791015625e-07,2.384185791015625e-07,1609701807.4222267,1609701807.7182026,0.295975923538208,1609701807.494943,1609701807.5010216,0.0060787200927734375
a18dee982f784c86b24a43647c96aab0,k-means,warm,exec,queue,0.03650403022766113,2.384185791015625e-07,2.384185791015625e-07,1609701807.424787,1609701807.7158923,0.2911052703857422,1609701807.5012465,1609701807.5085635,0.007317066192626953
3399cbe3b42e4eb9840cbf49f5b59862,k-means,warm,exec,queue,0.044492483139038086,4.76837158203125e-07,2.384185791015625e-07,1609701807.4273305,1609701807.7186472,0.2913167476654053,1609701807.5149305,1609701807.521617,0.00668644905090332
fe2c3b9dd9734c21b56ae8687df5c3cc,k-means,warm,exec,queue,0.05031323432922363,2.384185791015625e-07,2.384185791015625e-07,1609701807.430157,1609701807.6564147,0.2262578010559082,1609701807.5157864,1609701807.520282,0.0044956207275390625
5ce277b43d98411dad2cb564b678bbcc,k-means,warm,exec,queue,0.05595588684082031,4.76837158203125e-07,4.76837158203125e-07,1609701807.43251,1609701807.7998815,0.3673715591430664,1609701807.5223868,1609701807.5297344,0.007347583770751953
afbb295f84fd49e9ae1b862825e69d27,k-means,warm,exec,queue,0.06144976615905762,2.384185791015625e-07,2.384185791015625e-07,1609701807.433978,1609701807.6824055,0.2484273910522461,1609701807.5278409,1609701807.5338304,0.005989551544189453
faf3982f9fcb4c85bee40374a79960e2,k-means,warm,exec,queue,0.003912210464477539,2.384185791015625e-07,2.384185791015625e-07,1609701807.435439,1609701807.5513258,0.11588668823242188,1609701807.468379,1609701807.4768698,0.008490800857543945
f81d951574714b96b7f09194f2d6a177,k-means,warm,exec,queue,0.008351802825927734,2.384185791015625e-07,2.384185791015625e-07,1609701807.4369192,1609701807.5508714,0.1139521598815918,1609701807.4681935,1609701807.4752893,0.007095813751220703
0f5686bd60754b5087a3d35e3afc971d,k-means,warm,exec,queue,0.013280391693115234,2.384185791015625e-07,0.0,1609701807.4385118,1609701807.659045,0.22053313255310059,1609701807.4737997,1609701807.4817777,0.007977962493896484
736254c34d614f13908c215e6486e766,k-means,warm,exec,queue,0.01852703094482422,0.0,0.0,1609701807.4399743,1609701807.6596155,0.21964120864868164,1609701807.4795172,1609701807.4884503,0.008933067321777344
e2df4bfc6eec47adb29c23673d140094,k-means,warm,exec,queue,0.02361130714416504,2.384185791015625e-07,0.0,1609701807.4414566,1609701807.6806464,0.23918986320495605,1609701807.4920971,1609701807.500256,0.00815892219543457
957dd822a8364a0fb1d65a312e260715,k-means,warm,exec,queue,0.02850174903869629,4.76837158203125e-07,2.384185791015625e-07,1609701807.4429247,1609701807.5888505,0.14592576026916504,1609701807.492956,1609701807.5004377,0.007481813430786133
eb060520caed4b0ca262a9e070bfc62e,video,warm,exec,queue,0.019974946975708008,4.76837158203125e-07,2.384185791015625e-07,1609701807.444522,1609701807.7983003,0.3537783622741699,1609701807.4923644,1609701807.508448,0.016083478927612305
b273822a644d470eaa979dde4eeddc20,k-means,warm,exec,queue,9.989738464355469e-05,7.152557373046875e-07,2.384185791015625e-07,1609701808.412159,1609701808.5188851,0.10672616958618164,1609701808.4475505,1609701808.4561293,0.008578777313232422
f93f602bede446408262e420c1ab85da,k-means,warm,exec,queue,0.004115581512451172,4.76837158203125e-07,0.0,1609701808.4164295,1609701808.5170414,0.10061192512512207,1609701808.4467337,1609701808.4546933,0.007959604263305664
996f179e94eb4362aedaa6c7ca862015,k-means,warm,exec,queue,0.00922393798828125,4.76837158203125e-07,4.76837158203125e-07,1609701808.4190679,1609701808.6020525,0.1829845905303955,1609701808.4533737,1609701808.462353,0.008979320526123047
aa88f5c592a148be8a5d1872e79c3c69,k-means,warm,exec,queue,0.013984918594360352,4.76837158203125e-07,2.384185791015625e-07,1609701808.4216983,1609701808.5504847,0.12878632545471191,1609701808.459682,1609701808.4703524,0.01067042350769043
0264c538f57242e2b0be4cbc8e390c55,k-means,warm,exec,queue,0.018693923950195312,2.384185791015625e-07,4.76837158203125e-07,1609701808.424328,1609701808.5524228,0.12809467315673828,1609701808.4660861,1609701808.4735925,0.007506370544433594
d29b3e831524457ca565c88b61f0cb79,k-means,warm,exec,queue,0.02338266372680664,4.76837158203125e-07,2.384185791015625e-07,1609701808.4261813,1609701808.6284773,0.20229601860046387,1609701808.4705186,1609701808.4767363,0.0062177181243896484
1d7c74eec7954d4194ca60ceb5aada82,k-means,warm,exec,queue,0.02866363525390625,2.384185791015625e-07,0.0,1609701808.4277802,1609701808.6264489,0.1986687183380127,1609701808.4734535,1609701808.4786723,0.0052187442779541016
26f15bd4c01341d0b5554440974e4cb3,k-means,warm,exec,queue,0.03341937065124512,4.76837158203125e-07,2.384185791015625e-07,1609701808.4294,1609701808.6026385,0.17323851585388184,1609701808.4804578,1609701808.4898303,0.009372472763061523
b0f80c44e590411d86810de1bc4648bb,k-means,warm,exec,queue,0.0005855560302734375,2.384185791015625e-07,2.384185791015625e-07,1609701809.420266,1609701809.552323,0.13205718994140625,1609701809.464415,1609701809.4724839,0.00806879997253418
cc4cac618b414bfc880d02a23e6807ad,k-means,warm,exec,queue,0.03313088417053223,4.76837158203125e-07,2.384185791015625e-07,1609701809.4244022,1609701809.69466,0.27025771141052246,1609701809.4973888,1609701809.5041275,0.0067386627197265625
c44f384b33414c56b4e475605835b465,k-means,warm,exec,queue,0.03809714317321777,2.384185791015625e-07,2.384185791015625e-07,1609701809.4269166,1609701809.5856726,0.15875601768493652,1609701809.5059736,1609701809.5140183,0.008044719696044922
da9c86700cf246d3b21d4af5501300ca,k-means,warm,exec,queue,0.042739152908325195,2.384185791015625e-07,0.0,1609701809.4294634,1609701809.6941357,0.26467227935791016,1609701809.5060792,1609701809.5132062,0.007127046585083008
902c20b9ac564b0abad02f821dc79227,k-means,warm,exec,queue,0.04785299301147461,7.152557373046875e-07,0.0,1609701809.4322538,1609701809.753535,0.32128119468688965,1609701809.5174987,1609701809.524304,0.0068051815032958984
5d78455c04cc4ddd8c05b6e68ad97898,k-means,warm,exec,queue,0.05252671241760254,4.76837158203125e-07,2.384185791015625e-07,1609701809.4338977,1609701809.6935475,0.25964975357055664,1609701809.5237083,1609701809.5310504,0.007342100143432617
a1db5669260144579bff8213d1b7f58e,k-means,warm,exec,queue,0.05923867225646973,2.384185791015625e-07,4.76837158203125e-07,1609701809.43535,1609701809.6439908,0.20864081382751465,1609701809.5237684,1609701809.5294588,0.005690336227416992
ae847d7f0e9f46968f1e987646de04e9,k-means,warm,exec,queue,0.003339529037475586,2.384185791015625e-07,2.384185791015625e-07,1609701809.4368155,1609701809.5535977,0.11678218841552734,1609701809.4647372,1609701809.473165,0.008427858352661133
00af1c77a6fc4d709a49db41372464b1,k-means,warm,exec,queue,0.008766412734985352,2.384185791015625e-07,0.0,1609701809.438279,1609701809.6884668,0.25018787384033203,1609701809.4674423,1609701809.4756143,0.008172035217285156
2e1e598b6864481a9f6c6bb8d4c98fc5,k-means,warm,exec,queue,0.014165401458740234,2.384185791015625e-07,2.384185791015625e-07,1609701809.4398632,1609701809.6213343,0.1814711093902588,1609701809.472853,1609701809.4800985,0.007245540618896484
049c85dc6525497e824cebe8e28ced55,k-means,warm,exec,queue,0.01908564567565918,4.76837158203125e-07,2.384185791015625e-07,1609701809.4413419,1609701809.7553453,0.31400346755981445,1609701809.4890962,1609701809.4977403,0.00864410400390625
b7d00a67ca3c4cb192ea341714843885,k-means,warm,exec,queue,0.027087926864624023,4.76837158203125e-07,2.384185791015625e-07,1609701809.442809,1609701809.6199505,0.17714142799377441,1609701809.4969795,1609701809.5043662,0.007386684417724609
3862c390295349afa2b599e38721464e,video,warm,exec,queue,0.020406484603881836,2.384185791015625e-07,2.384185791015625e-07,1609701809.444286,1609701809.6890695,0.2447834014892578,1609701809.4955745,1609701809.5116253,0.01605081558227539
f6be66ac50664d3eab99962ad7be4fbf,k-means,warm,exec,queue,0.003604412078857422,4.76837158203125e-07,0.0,1609701810.4163816,1609701810.5233526,0.10697102546691895,1609701810.4532347,1609701810.4617443,0.008509635925292969
e5d5adbab01b46f294c5050bc0fd1ebf,matmul,warm,exec,queue,0.016590356826782227,2.384185791015625e-07,2.384185791015625e-07,1609701810.4206092,1609701810.6223273,0.20171809196472168,1609701810.4741335,1609701810.486191,0.01205754280090332
f18ea883b2204c73864245e65adae962,k-means,warm,exec,queue,0.036598920822143555,2.384185791015625e-07,0.0,1609701810.4232707,1609701810.8058803,0.38260960578918457,1609701810.4928057,1609701810.5004046,0.007598876953125
3ab836ecc38f4fbb9ef8587d2b0d2a5d,k-means,warm,exec,queue,0.031362295150756836,2.384185791015625e-07,0.0,1609701810.4254131,1609701810.6637256,0.2383124828338623,1609701810.4812307,1609701810.4892743,0.008043527603149414
5d7e4a8c193e4909b9a3a59db6c6fbc7,k-means,warm,exec,queue,0.02689218521118164,4.76837158203125e-07,2.384185791015625e-07,1609701810.427021,1609701810.55485,0.12782907485961914,1609701810.476911,1609701810.4821239,0.0052127838134765625
3ba5a932139a4348a216202ad458337a,k-means,warm,exec,queue,0.008005142211914062,2.384185791015625e-07,0.0,1609701810.428867,1609701810.521755,0.09288787841796875,1609701810.4533968,1609701810.4619038,0.008507013320922852
94d91c5d5efa47f68f54967eb9184b56,k-means,warm,exec,queue,0.01273655891418457,2.384185791015625e-07,2.384185791015625e-07,1609701810.4304738,1609701810.588656,0.15818214416503906,1609701810.458819,1609701810.4669876,0.008168697357177734
53cb9f2869ab4a70b74c8f1d4eaa19e7,k-means,warm,exec,queue,0.01726365089416504,2.384185791015625e-07,0.0,1609701810.4320745,1609701810.665597,0.2335224151611328,1609701810.4639473,1609701810.4720519,0.008104562759399414
9a7715bcbff7442284e97e2c326caf39,k-means,warm,exec,queue,0.023972272872924805,7.152557373046875e-07,2.384185791015625e-07,1609701810.4337244,1609701810.5564637,0.12273931503295898,1609701810.4729729,1609701810.480704,0.007731199264526367
fb8033867f54403699a187bcb202e437,k-means,warm,exec,queue,0.009261369705200195,2.384185791015625e-07,0.0,1609701811.4247622,1609701811.5349429,0.11018061637878418,1609701811.4708111,1609701811.478493,0.007681846618652344
a7d06d5dcc014b01aab3fec1f2025f20,k-means,warm,exec,queue,0.02864861488342285,4.76837158203125e-07,2.384185791015625e-07,1609701811.4289746,1609701811.8631053,0.4341306686401367,1609701811.4942548,1609701811.5002248,0.005970001220703125
866aff1b21d146968b13816046d31f17,k-means,warm,exec,queue,0.033514976501464844,4.76837158203125e-07,2.384185791015625e-07,1609701811.4315014,1609701811.863697,0.43219566345214844,1609701811.5002167,1609701811.5066042,0.006387472152709961
4c686bd6aee24891ae141969dbf31e96,k-means,warm,exec,queue,0.038619279861450195,2.384185791015625e-07,2.384185791015625e-07,1609701811.4340398,1609701811.8585541,0.4245142936706543,1609701811.5052648,1609701811.5113862,0.006121397018432617
0211c8ef4c7941b5a0af71cad295cc65,k-means,warm,exec,queue,0.04398393630981445,4.76837158203125e-07,2.384185791015625e-07,1609701811.4367807,1609701811.6572096,0.2204289436340332,1609701811.5184972,1609701811.524808,0.006310701370239258
d3efd7168a784116b7d1ce73096f3f94,k-means,warm,exec,queue,0.050081491470336914,2.384185791015625e-07,4.76837158203125e-07,1609701811.438279,1609701811.8653734,0.4270944595336914,1609701811.5191455,1609701811.5253038,0.006158351898193359
d12bcac077334b82952248899580be18,k-means,warm,exec,queue,0.05518960952758789,2.384185791015625e-07,2.384185791015625e-07,1609701811.4397728,1609701811.6252153,0.18544244766235352,1609701811.5225837,1609701811.527577,0.0049932003021240234
f7ff9d35192247a4b7762d677acdfd4a,k-means,warm,exec,queue,0.0607602596282959,7.152557373046875e-07,2.384185791015625e-07,1609701811.4412715,1609701811.6824486,0.24117708206176758,1609701811.5376084,1609701811.548092,0.010483503341674805
058257d2fec34de58c86a8e8b3d56f97,k-means,warm,exec,queue,0.06597256660461426,2.384185791015625e-07,0.0,1609701811.4427586,1609701811.6240196,0.1812610626220703,1609701811.5370924,1609701811.5425267,0.005434274673461914
305e4a48688247ecbac47a534a1ceb32,k-means,warm,exec,queue,0.013587713241577148,4.76837158203125e-07,4.76837158203125e-07,1609701811.4443805,1609701811.568552,0.12417149543762207,1609701811.4775956,1609701811.4863198,0.008724212646484375
f421a44382bc4082826045a45b5673c7,k-means,warm,exec,queue,0.017961502075195312,2.384185791015625e-07,0.0,1609701811.4458706,1609701811.8603692,0.41449856758117676,1609701811.482342,1609701811.4908836,0.008541584014892578
c4368ce7a912497dac060cc790e3273e,k-means,warm,exec,queue,0.023249149322509766,5.4836273193359375e-06,0.0,1609701811.447369,1609701811.5661335,0.11876440048217773,1609701811.4877977,1609701811.4938352,0.006037473678588867
8674b69fa37c4a809a4f79392024cce0,k-means,warm,exec,queue,0.07096314430236816,2.384185791015625e-07,4.76837158203125e-07,1609701811.4488537,1609701811.7350638,0.2862100601196289,1609701811.5399485,1609701811.544817,0.004868507385253906
6790aff26f5f4a9c977767afd8bfea29,video,warm,exec,queue,0.015386819839477539,2.384185791015625e-07,2.384185791015625e-07,1609701811.4504423,1609701811.65942,0.20897769927978516,1609701811.4891984,1609701811.5064101,0.0172116756439209
9bf0a2d1067f41d29e4576192d5e2c27,k-means,warm,exec,queue,0.005324125289916992,4.76837158203125e-07,2.384185791015625e-07,1609701812.4241343,1609701812.72236,0.29822564125061035,1609701812.477787,1609701812.4866552,0.008868217468261719
322595ca8ca04b23a1792c8671593c20,k-means,warm,exec,queue,0.061017751693725586,2.384185791015625e-07,0.0,1609701812.4283705,1609701812.771538,0.3431675434112549,1609701812.5336366,1609701812.538081,0.0044443607330322266
3159b37d6c1b4533b60ff881a49758c0,k-means,warm,exec,queue,0.055840492248535156,4.76837158203125e-07,4.76837158203125e-07,1609701812.4308667,1609701812.647792,0.21692538261413574,1609701812.5279067,1609701812.5323164,0.0044097900390625
de04fe8ffe204813bc1f62be311d0f62,k-means,warm,exec,queue,0.051230669021606445,2.384185791015625e-07,0.0,1609701812.4333725,1609701812.6102078,0.176835298538208,1609701812.5224357,1609701812.5267715,0.004335880279541016
239fe628fe644d8db5806c25636cf576,k-means,warm,exec,queue,0.04601788520812988,2.384185791015625e-07,0.0,1609701812.4361768,1609701812.6483295,0.21215271949768066,1609701812.5164897,1609701812.5208604,0.004370689392089844
a4609688cf5c4413afcb3600c4fe122c,k-means,warm,exec,queue,0.04139351844787598,2.384185791015625e-07,2.384185791015625e-07,1609701812.4377058,1609701812.822646,0.38494014739990234,1609701812.511111,1609701812.515583,0.004472017288208008
5b3c1b7dea7e4df494b5f2ee970f161c,k-means,warm,exec,queue,0.013238906860351562,2.384185791015625e-07,2.384185791015625e-07,1609701812.4391308,1609701812.5442898,0.10515904426574707,1609701812.4773524,1609701812.4852293,0.007876873016357422
6f1287d876ee4852823737e5f0b9bc5c,k-means,warm,exec,queue,0.01819896697998047,4.76837158203125e-07,2.384185791015625e-07,1609701812.440573,1609701812.7226865,0.28211355209350586,1609701812.4853582,1609701812.4931931,0.007834911346435547
5eeac21d12e04f6daa1966e882f1424b,k-means,warm,exec,queue,0.02382802963256836,4.76837158203125e-07,2.384185791015625e-07,1609701812.4420013,1609701812.7208605,0.27885913848876953,1609701812.4946685,1609701812.5027633,0.00809478759765625
27357f94f2374c31a20bb2b9d83c5311,k-means,warm,exec,queue,0.02912425994873047,2.384185791015625e-07,2.384185791015625e-07,1609701812.4435518,1609701812.6453474,0.2017955780029297,1609701812.4946132,1609701812.4996862,0.005073070526123047
7c741b6df43441898b22a2975856558e,k-means,warm,exec,queue,0.033916473388671875,2.384185791015625e-07,2.384185791015625e-07,1609701812.444999,1609701812.5680978,0.12309885025024414,1609701812.4996948,1609701812.5042567,0.004561901092529297
892aff292ece4bcb9c8692a16179af43,k-means,warm,exec,queue,0.03895425796508789,2.384185791015625e-07,0.0,1609701812.4464386,1609701812.7197113,0.2732727527618408,1609701812.505611,1609701812.5106292,0.0050182342529296875
b4417572819a4059bfbc73d74d2922b7,k-means,warm,exec,queue,0.06555461883544922,2.384185791015625e-07,0.0,1609701812.447872,1609701812.915682,0.46781015396118164,1609701812.5392776,1609701812.5438662,0.004588603973388672
e664cb083bbb45a9bacb5ee457ce3618,k-means,warm,exec,queue,0.06986737251281738,2.384185791015625e-07,0.0,1609701812.4494078,1609701812.8234062,0.37399840354919434,1609701812.5450435,1609701812.5499177,0.004874229431152344
d4cd8f29225c4c988669f95e16e727da,k-means,warm,exec,queue,0.07416629791259766,2.384185791015625e-07,2.384185791015625e-07,1609701812.4508324,1609701812.6439,0.1930675506591797,1609701812.5496116,1609701812.5545092,0.004897594451904297
571e7dc8dd014155b2311fb639a6aec8,k-means,warm,exec,queue,0.005979776382446289,4.76837158203125e-07,2.384185791015625e-07,1609701813.4293737,1609701813.5728254,0.14345169067382812,1609701813.4834418,1609701813.492632,0.009190082550048828
0893783a7a234eacb81ff88972504dbb,k-means,warm,exec,queue,0.05205082893371582,2.384185791015625e-07,0.0,1609701813.4335144,1609701813.6713877,0.23787331581115723,1609701813.5294838,1609701813.533804,0.0043201446533203125
d449f49cff814d1b86323c031f7b75a2,k-means,warm,exec,queue,0.05679917335510254,4.76837158203125e-07,2.384185791015625e-07,1609701813.4355326,1609701813.6506171,0.21508455276489258,1609701813.5350723,1609701813.54245,0.00737762451171875
23421e00e623409cbff90bcf9900b8a3,k-means,warm,exec,queue,0.06139683723449707,2.384185791015625e-07,0.0,1609701813.4375768,1609701813.6746051,0.2370283603668213,1609701813.5408916,1609701813.5456722,0.00478053092956543
f9bb982f16b1471d8e44c1d41eee94c4,k-means,warm,exec,queue,0.028316974639892578,2.384185791015625e-07,4.76837158203125e-07,1609701813.439834,1609701813.8231528,0.3833186626434326,1609701813.5022018,1609701813.5083878,0.006186008453369141
886bd41408a04cf68baeee68d32a9f22,k-means,warm,exec,queue,0.03345179557800293,2.384185791015625e-07,0.0,1609701813.4418647,1609701813.6147816,0.17291688919067383,1609701813.5063462,1609701813.511202,0.0048558712005615234
f73f17bcbcba472293f9bb9f5df1843e,k-means,warm,exec,queue,0.03881382942199707,2.384185791015625e-07,2.384185791015625e-07,1609701813.4438787,1609701813.6480465,0.20416784286499023,1609701813.5133884,1609701813.519931,0.006542682647705078
397c2d0d6ba245dcb414c82deb196214,k-means,warm,exec,queue,0.04417610168457031,2.384185791015625e-07,2.384185791015625e-07,1609701813.4456236,1609701813.6511579,0.2055342197418213,1609701813.5180695,1609701813.5227299,0.004660367965698242
b5df9ace948b4593b80b5b87f0e1ea31,k-means,warm,exec,queue,0.049561262130737305,7.152557373046875e-07,2.384185791015625e-07,1609701813.4471636,1609701813.6730134,0.22584986686706543,1609701813.5287337,1609701813.535687,0.006953239440917969
b64e91ab2bea4354bd3195bea9a7cf28,k-means,warm,exec,queue,0.021520614624023438,4.76837158203125e-07,2.384185791015625e-07,1609701813.4488413,1609701813.6464484,0.19760704040527344,1609701813.4954023,1609701813.5035167,0.008114337921142578
54aa0ef69e6748eabfaaaecc9080182e,k-means,warm,exec,queue,0.01702141761779785,4.76837158203125e-07,4.76837158203125e-07,1609701813.450366,1609701813.5732946,0.12292861938476562,1609701813.4904191,1609701813.498715,0.008295774459838867
e1661bbc5606400dab40c2fe78010d2b,k-means,warm,exec,queue,0.011137962341308594,2.384185791015625e-07,2.384185791015625e-07,1609701813.4518883,1609701813.5710244,0.11913609504699707,1609701813.483465,1609701813.4920964,0.008631467819213867
28c9da25faf345288957a7fedb29247d,k-means,warm,exec,queue,0.06593608856201172,4.76837158203125e-07,4.76837158203125e-07,1609701813.4534364,1609701813.8276052,0.37416887283325195,1609701813.5451963,1609701813.5517895,0.006593227386474609
49e65d11cc3d4048993a8d0f6264141d,k-means,warm,exec,queue,0.07059431076049805,2.384185791015625e-07,2.384185791015625e-07,1609701813.4550772,1609701813.8247106,0.36963343620300293,1609701813.5513034,1609701813.5574603,0.00615692138671875
871e2ecde2944b9fa0a14daf850b093d,k-means,warm,exec,queue,0.07507658004760742,2.384185791015625e-07,0.0,1609701813.4565969,1609701813.8270407,0.37044382095336914,1609701813.556619,1609701813.561972,0.005352973937988281
5f022a84552348008001d1e93302ab8a,video,warm,exec,queue,0.01781177520751953,2.384185791015625e-07,2.384185791015625e-07,1609701813.4581158,1609701813.6131723,0.15505647659301758,1609701813.5029576,1609701813.5200498,0.017092227935791016
5228fa264dd5462c82dd3d78743dd6e9,k-means,warm,exec,queue,8.153915405273438e-05,4.76837158203125e-07,2.384185791015625e-07,1609701814.4227917,1609701814.5508606,0.1280689239501953,1609701814.4667778,1609701814.4755173,0.008739471435546875
3c4483e61caa4e2189cfa38faf6fbd6d,k-means,warm,exec,queue,0.006570339202880859,2.384185791015625e-07,0.0,1609701814.4268448,1609701814.553586,0.1267411708831787,1609701814.4670122,1609701814.475766,0.008753776550292969
89c738cdae2c47d4b060b9b0bffd59d2,k-means,warm,exec,queue,0.017046689987182617,4.76837158203125e-07,2.384185791015625e-07,1609701814.4294722,1609701814.7598927,0.33042049407958984,1609701814.4782715,1609701814.4875896,0.009318113327026367
e2ec0f4083114683a423331850c941df,k-means,warm,exec,queue,0.022122859954833984,2.384185791015625e-07,2.384185791015625e-07,1609701814.432046,1609701814.5912182,0.15917229652404785,1609701814.487103,1609701814.4950497,0.00794672966003418
3d4e8bbf7d134d779b63059bf3aa2b49,k-means,warm,exec,queue,0.026947021484375,4.76837158203125e-07,4.76837158203125e-07,1609701814.4349737,1609701814.6267202,0.19174647331237793,1609701814.4895778,1609701814.495374,0.005796194076538086
58741664c84145bc97262a23607b0165,k-means,warm,exec,queue,0.03237032890319824,4.76837158203125e-07,2.384185791015625e-07,1609701814.4371147,1609701814.701599,0.264484167098999,1609701814.495462,1609701814.5020432,0.006581306457519531
789a6054b7ce419199cf3f68dfafb607,k-means,warm,exec,queue,0.03758406639099121,4.76837158203125e-07,2.384185791015625e-07,1609701814.4387038,1609701814.629704,0.19100022315979004,1609701814.5032225,1609701814.5112576,0.00803518295288086
d9ab8f2e384a4357bc5062c2d374af31,k-means,warm,exec,queue,0.04220223426818848,2.384185791015625e-07,0.0,1609701814.4402993,1609701814.6584053,0.21810603141784668,1609701814.5067217,1609701814.513562,0.006840229034423828
8fe6939e800d4f51a4f1a1143ba81278,k-means,warm,exec,queue,0.04772162437438965,2.384185791015625e-07,2.384185791015625e-07,1609701814.4418917,1609701814.835295,0.3934032917022705,1609701814.511615,1609701814.5182452,0.0066301822662353516
c5b5c146c14b4f7d82651d9a1a2dfac2,k-means,warm,exec,queue,0.05347704887390137,2.384185791015625e-07,2.384185791015625e-07,1609701814.4436042,1609701814.6598146,0.21621036529541016,1609701814.5190315,1609701814.5253692,0.006337642669677734
0ebc1f23924941e6b5658f76c86015bd,k-means,warm,exec,queue,0.011728048324584961,2.384185791015625e-07,4.76837158203125e-07,1609701814.4455254,1609701814.554221,0.10869550704956055,1609701814.4715893,1609701814.4792202,0.007630825042724609
f548e741596d4317b83ee3c81bd48d1d,k-means,warm,exec,queue,7.963180541992188e-05,7.152557373046875e-07,2.384185791015625e-07,1609701815.4230866,1609701815.5541942,0.13110756874084473,1609701815.4674551,1609701815.4759026,0.008447408676147461
fb8018580a98460b91de1cfde29802e8,matmul,warm,exec,queue,0.026807546615600586,2.384185791015625e-07,2.384185791015625e-07,1609701815.4272213,1609701815.607777,0.1805558204650879,1609701815.4995408,1609701815.5106044,0.011063575744628906
0f2a623414d643ca83cb226709329bc3,k-means,warm,exec,queue,0.0054090023040771484,2.384185791015625e-07,0.0,1609701815.4297152,1609701815.6965942,0.2668790817260742,1609701815.467797,1609701815.4759538,0.008156776428222656
ab286b9b43764633b4cd0ab44875a855,k-means,warm,exec,queue,0.01041865348815918,2.384185791015625e-07,0.0,1609701815.4321263,1609701815.6043994,0.1722731590270996,1609701815.4727936,1609701815.4808016,0.008008003234863281
fd3cf3491344462d96315362b3a16a4e,k-means,warm,exec,queue,0.015621423721313477,2.384185791015625e-07,2.384185791015625e-07,1609701815.4348254,1609701815.6094003,0.1745748519897461,1609701815.478622,1609701815.48738,0.008758068084716797
9bd270dc5ddd40cca74f5a9063ea704b,k-means,warm,exec,queue,0.02142643928527832,2.384185791015625e-07,0.0,1609701815.4369848,1609701815.6072242,0.17023944854736328,1609701815.4967794,1609701815.5040588,0.007279396057128906
2415e688ae764284bf4122d556da6257,k-means,warm,exec,queue,0.027155160903930664,4.76837158203125e-07,2.384185791015625e-07,1609701815.4385538,1609701815.817721,0.3791670799255371,1609701815.4988513,1609701815.5061717,0.007320404052734375
4437ba5b8fba4b3f9a3e93c24cfb0616,k-means,warm,exec,queue,0.033417463302612305,2.384185791015625e-07,0.0,1609701815.4401188,1609701815.7415464,0.30142760276794434,1609701815.4997096,1609701815.507199,0.007489442825317383
1420117199de407793a95d15e3ab3e9b,k-means,warm,exec,queue,0.03898954391479492,2.384185791015625e-07,2.384185791015625e-07,1609701815.441703,1609701815.7433493,0.30164623260498047,1609701815.503218,1609701815.510275,0.0070569515228271484
e670a8d1df05464b8225a72e45bf8cd1,k-means,warm,exec,queue,0.04425930976867676,2.384185791015625e-07,2.384185791015625e-07,1609701815.4435914,1609701815.874235,0.43064355850219727,1609701815.5131273,1609701815.5200894,0.0069620609283447266
d36ba205fecf4331bf7b21e27ac0bd65,video,warm,exec,queue,0.017200946807861328,2.384185791015625e-07,2.384185791015625e-07,1609701815.4451678,1609701815.8193533,0.37418556213378906,1609701815.4973783,1609701815.5146756,0.01729726791381836
edb9583b82444239975053c5ca2c0e45,map_reduce,warm,exec,queue,0.029870271682739258,2.384185791015625e-07,2.384185791015625e-07,1609701815.4467402,1609701815.8161972,0.3694570064544678,1609701815.5001624,1609701815.586244,0.08608174324035645
3adeba7f94b145bd96bf6390732d7575,k-means,warm,exec,queue,0.00012230873107910156,4.76837158203125e-07,2.384185791015625e-07,1609701816.4277413,1609701816.562612,0.1348707675933838,1609701816.4777894,1609701816.4863536,0.008564233779907227
fdcfa5b955034373a200c0e77a2145a3,k-means,warm,exec,queue,0.008895158767700195,4.76837158203125e-07,2.384185791015625e-07,1609701816.4321356,1609701816.7260067,0.2938711643218994,1609701816.4778662,1609701816.487345,0.00947880744934082
c1ee2c7a82024b639489677aa009ecaf,k-means,warm,exec,queue,0.05907130241394043,2.384185791015625e-07,0.0,1609701816.4347672,1609701816.6802266,0.24545931816101074,1609701816.5336583,1609701816.5383687,0.00471043586730957
50990e7d143a48d183073698827f8419,k-means,warm,exec,queue,0.014149904251098633,2.384185791015625e-07,2.384185791015625e-07,1609701816.4373896,1609701816.5637386,0.12634897232055664,1609701816.4831285,1609701816.492675,0.009546518325805664
0db54f21730a419fb0ea078bad6bd20e,k-means,warm,exec,queue,0.0185699462890625,2.384185791015625e-07,2.384185791015625e-07,1609701816.440302,1609701816.726341,0.2860391139984131,1609701816.4896028,1609701816.4978404,0.008237600326538086
1266e939af9846a08dfc5a4d2415105b,k-means,warm,exec,queue,0.024180889129638672,2.384185791015625e-07,4.76837158203125e-07,1609701816.441979,1609701816.6481504,0.20617151260375977,1609701816.4952486,1609701816.5017192,0.006470680236816406
0ae1ff0d32564600bd333d73ddc091cf,k-means,warm,exec,queue,0.02952122688293457,2.384185791015625e-07,0.0,1609701816.4435604,1609701816.6471555,0.20359516143798828,1609701816.4996252,1609701816.5045164,0.004891157150268555
186885f71cbe405493c747823c7c49c9,k-means,warm,exec,queue,0.03469204902648926,2.384185791015625e-07,2.384185791015625e-07,1609701816.4451582,1609701816.6040568,0.15889859199523926,1609701816.5069025,1609701816.5123215,0.005419015884399414
70e877e3d5c34ad1b00e2cc2fbc2402f,k-means,warm,exec,queue,0.03995013236999512,2.384185791015625e-07,0.0,1609701816.446736,1609701816.6055555,0.15881943702697754,1609701816.5114555,1609701816.516255,0.004799365997314453
604aba1d070042179fd902b849e1e6d8,k-means,warm,exec,queue,0.04471707344055176,4.76837158203125e-07,2.384185791015625e-07,1609701816.448483,1609701816.6817067,0.23322367668151855,1609701816.518264,1609701816.5255651,0.0073010921478271484
30d1a49de2dc4528b8ec49a438ae5cc3,k-means,warm,exec,queue,0.05005359649658203,4.76837158203125e-07,2.384185791015625e-07,1609701816.450062,1609701816.724257,0.27419495582580566,1609701816.5231597,1609701816.5276165,0.004456758499145508
b7526dc431954fd6ba64dde85a09506a,k-means,warm,exec,queue,0.054498910903930664,4.76837158203125e-07,2.384185791015625e-07,1609701816.4516397,1609701816.7274485,0.27580881118774414,1609701816.5285852,1609701816.5348053,0.006220102310180664
0923b3145050469aa616ada70bb52632,k-means,warm,exec,queue,0.0634315013885498,4.76837158203125e-07,0.0,1609701816.4532423,1609701816.6460574,0.19281506538391113,1609701816.5398188,1609701816.5461464,0.006327629089355469
3417598570d243949e9e1db1f4f7a091,k-means,warm,exec,queue,0.0057163238525390625,2.384185791015625e-07,2.384185791015625e-07,1609701817.419953,1609701817.519993,0.10003995895385742,1609701817.448664,1609701817.457104,0.008440017700195312
8206667c0480495486520880614d8828,video,warm,exec,queue,0.01876688003540039,7.152557373046875e-07,2.384185791015625e-07,1609701817.4227965,1609701817.7038658,0.281069278717041,1609701817.470205,1609701817.4877481,0.01754307746887207
e7255fdd458b411d8e55c0b59a2a0ae7,k-means,warm,exec,queue,0.03325390815734863,2.384185791015625e-07,0.0,1609701817.4244,1609701817.6465344,0.22213435173034668,1609701817.4792063,1609701817.4875743,0.00836801528930664
6c756c3c4d3747508bb6d639aa35d9ef,k-means,warm,exec,queue,0.02860403060913086,2.384185791015625e-07,0.0,1609701817.4259977,1609701817.5629716,0.13697385787963867,1609701817.4735775,1609701817.478758,0.0051805973052978516
136f6705ca3e4991ab452e716440426d,k-means,warm,exec,queue,0.02320408821105957,4.76837158203125e-07,2.384185791015625e-07,1609701817.4275358,1609701817.610904,0.18336820602416992,1609701817.4701798,1609701817.476948,0.006768226623535156
bc20132594ad4c6a99be3d1312a5e730,k-means,warm,exec,queue,0.009764432907104492,2.384185791015625e-07,0.0,1609701817.4292943,1609701817.5612667,0.1319723129272461,1609701817.4529288,1609701817.46174,0.008811235427856445
665349211add45429a65c5b266ad1e4b,k-means,warm,exec,queue,0.014135122299194336,2.384185791015625e-07,2.384185791015625e-07,1609701817.4308405,1609701817.5663254,0.13548493385314941,1609701817.4582853,1609701817.4666753,0.008389949798583984
0eaf210a524b444ca0bed43fb9bd2e31,k-means,warm,exec,queue,0.018741369247436523,2.384185791015625e-07,2.384185791015625e-07,1609701817.4324098,1609701817.5657134,0.13330364227294922,1609701817.4684284,1609701817.476709,0.008280515670776367
8a0635c9c7b74726a051fead3965ac91,k-means,warm,exec,queue,8.392333984375e-05,2.384185791015625e-07,2.384185791015625e-07,1609701818.439322,1609701818.6006267,0.16130471229553223,1609701818.5074294,1609701818.5162811,0.008851766586303711
2a2f4c27c4174d7f94f2c2afb03aa20b,k-means,warm,exec,queue,0.056067705154418945,2.384185791015625e-07,2.384185791015625e-07,1609701818.4437704,1609701818.7576945,0.31392407417297363,1609701818.5590694,1609701818.565227,0.006157636642456055
442ea30d30d047ebb75ab352f91d43d7,k-means,warm,exec,queue,0.05124402046203613,4.76837158203125e-07,4.76837158203125e-07,1609701818.4464104,1609701818.7031627,0.25675225257873535,1609701818.552668,1609701818.5589266,0.006258487701416016
0cf36280add4402392b6a8e9cefdbf78,k-means,warm,exec,queue,0.006812334060668945,2.384185791015625e-07,0.0,1609701818.449,1609701818.5970857,0.1480858325958252,1609701818.5082138,1609701818.5167398,0.008526086807250977
6d68c8fb85b34e5f93fba4553c6f36a3,k-means,warm,exec,queue,0.013041019439697266,2.384185791015625e-07,2.384185791015625e-07,1609701818.4518595,1609701818.601085,0.14922547340393066,1609701818.5083997,1609701818.5166855,0.008285760879516602
ddbe42d1904f440ab550e4b82d74672a,k-means,warm,exec,queue,0.018293380737304688,2.384185791015625e-07,2.384185791015625e-07,1609701818.453645,1609701818.6015022,0.1478571891784668,1609701818.513957,1609701818.5226429,0.008685827255249023
e38fa901a51546a4b4a8ba98d475be3c,k-means,warm,exec,queue,0.022819995880126953,2.384185791015625e-07,0.0,1609701818.4551861,1609701818.8028536,0.3476674556732178,1609701818.5189228,1609701818.5276859,0.00876307487487793
78f5f978776746baaa59e4f6d0e5a72f,k-means,warm,exec,queue,0.028352737426757812,2.384185791015625e-07,0.0,1609701818.4567375,1609701818.8552165,0.39847898483276367,1609701818.5296416,1609701818.5367718,0.007130146026611328
40ee0f6aa8c2450da24dd8a7985ee350,k-means,warm,exec,queue,0.03389573097229004,2.384185791015625e-07,2.384185791015625e-07,1609701818.4584234,1609701818.7544165,0.2959930896759033,1609701818.5314255,1609701818.5364814,0.005055904388427734
5a3d9f64bb8a4da68e2864975c7cac30,k-means,warm,exec,queue,0.03855586051940918,2.384185791015625e-07,2.384185791015625e-07,1609701818.4599726,1609701818.7025232,0.24255061149597168,1609701818.535745,1609701818.5409045,0.005159616470336914
47629fc303284b33b6cec6a2433fa3e3,k-means,warm,exec,queue,0.04348492622375488,2.384185791015625e-07,0.0,1609701818.461534,1609701818.6455834,0.18404936790466309,1609701818.5440636,1609701818.5511506,0.007086992263793945
6eea0dacf63444f4bf1414ce433e95c1,k-means,warm,exec,queue,0.04860568046569824,2.384185791015625e-07,2.384185791015625e-07,1609701818.4630735,1609701818.9446104,0.481536865234375,1609701818.5473702,1609701818.5538208,0.006450653076171875
087d2c37c26846e98dd6355dbb5541e9,k-means,warm,exec,queue,0.06050705909729004,2.384185791015625e-07,0.0,1609701818.4647543,1609701818.7037227,0.2389683723449707,1609701818.56437,1609701818.5702887,0.005918741226196289
97be397ac510440f8f2847215b89ca3d,k-means,warm,exec,queue,0.06526660919189453,2.384185791015625e-07,2.384185791015625e-07,1609701818.4662812,1609701818.9439938,0.47771263122558594,1609701818.5699866,1609701818.5770743,0.00708770751953125
a1f35f5477af404f91d0218e22dfa308,k-means,warm,exec,queue,0.06992387771606445,2.384185791015625e-07,2.384185791015625e-07,1609701818.4678094,1609701818.945175,0.47736549377441406,1609701818.573249,1609701818.5791595,0.005910396575927734
90a51eb0a2f54da29037fb645b919ba0,k-means,warm,exec,queue,0.07547783851623535,2.384185791015625e-07,2.384185791015625e-07,1609701818.4693563,1609701818.698279,0.22892260551452637,1609701818.579433,1609701818.585882,0.006448984146118164
a79dc21e2c6249bcad4a8cd9a7d4891e,k-means,warm,exec,queue,0.08071422576904297,2.384185791015625e-07,2.384185791015625e-07,1609701818.4709802,1609701818.8034601,0.33247995376586914,1609701818.5849843,1609701818.590813,0.0058286190032958984
5d407b738f6c4acf88facbbf0d20a035,k-means,warm,exec,queue,0.08557534217834473,2.384185791015625e-07,0.0,1609701818.4725125,1609701818.7995415,0.3270289897918701,1609701818.5918055,1609701818.5986938,0.006888389587402344
561a196c41634cbf961801d39ae2e831,k-means,warm,exec,queue,0.09088826179504395,7.152557373046875e-07,2.384185791015625e-07,1609701818.4740431,1609701818.7570863,0.28304314613342285,1609701818.5988193,1609701818.604843,0.0060236454010009766
a9527d345287497c9f500bdfdfbc80fb,k-means,warm,exec,queue,0.09618782997131348,4.76837158203125e-07,2.384185791015625e-07,1609701818.4755802,1609701818.939878,0.4642977714538574,1609701818.6040723,1609701818.6114354,0.007363080978393555
0bf7d14c608747d0800f38198c5dfbc5,k-means,warm,exec,queue,7.295608520507812e-05,4.76837158203125e-07,2.384185791015625e-07,1609701819.4277484,1609701819.8825407,0.4547922611236572,1609701819.4683366,1609701819.4764092,0.008072614669799805
9eed54bd7e0141ae9b817e64906c1b8a,video,warm,exec,queue,0.01995372772216797,0.0,0.0,1609701819.4319074,1609701820.1153271,0.6834197044372559,1609701819.4870443,1609701819.5042331,0.01718878746032715
dce2d0a7f4b84c9ab09309ef44f1cde0,k-means,warm,exec,queue,0.005059003829956055,2.384185791015625e-07,2.384185791015625e-07,1609701819.4344642,1609701819.88554,0.45107579231262207,1609701819.467735,1609701819.4742706,0.006535530090332031
28a6f510da6443929b605f26aa67d4e2,k-means,warm,exec,queue,0.010030269622802734,4.76837158203125e-07,4.76837158203125e-07,1609701819.4367335,1609701819.888836,0.4521024227142334,1609701819.4732306,1609701819.480813,0.007582426071166992
5606682cd4424f989aee4490c17b09db,k-means,warm,exec,queue,0.015403032302856445,2.384185791015625e-07,2.384185791015625e-07,1609701819.438346,1609701819.8861332,0.4477872848510742,1609701819.4865692,1609701819.4943385,0.007769346237182617
2e7233d84a2b4ff8ae5888de186915cc,k-means,warm,exec,queue,0.021682262420654297,2.384185791015625e-07,0.0,1609701819.4397807,1609701820.157108,0.717327356338501,1609701819.4921541,1609701819.499726,0.0075719356536865234
062b4bd0e6d24559ab2540cef79320cf,k-means,warm,exec,queue,0.02649068832397461,4.76837158203125e-07,0.0,1609701819.4412181,1609701820.1182995,0.6770813465118408,1609701819.4928353,1609701819.5002995,0.007464170455932617
30094882011a4eb2be3a9279e4b7e2db,k-means,warm,exec,queue,0.03212690353393555,2.384185791015625e-07,2.384185791015625e-07,1609701819.4426525,1609701820.232619,0.7899665832519531,1609701819.497131,1609701819.5035908,0.006459712982177734
cefc7a36f4c840938ac165d811cfd9f0,k-means,warm,exec,queue,0.03737950325012207,2.384185791015625e-07,0.0,1609701819.4440844,1609701819.8894227,0.44533824920654297,1609701819.5025797,1609701819.5086658,0.006086111068725586
3e35798c0f3448399b8d5396614f0500,k-means,warm,exec,queue,0.04271435737609863,4.76837158203125e-07,2.384185791015625e-07,1609701819.4456422,1609701820.118899,0.6732568740844727,1609701819.5103793,1609701819.5177574,0.007378101348876953
48bad8a69a01485fafbcc32b58aa5e7b,k-means,warm,exec,queue,0.04767417907714844,2.384185791015625e-07,2.384185791015625e-07,1609701819.447077,1609701820.0540724,0.6069953441619873,1609701819.5143902,1609701819.5201204,0.005730152130126953
4b73dc2adc864774b37f4b73fa2da36a,matmul,warm,exec,queue,0.017458677291870117,2.384185791015625e-07,2.384185791015625e-07,1609701819.4485235,1609701820.051876,0.6033525466918945,1609701819.491441,1609701819.500981,0.009540081024169922
02d91a0aa09d4bd392a6d22a29be98a3,k-means,warm,exec,queue,0.006899595260620117,4.76837158203125e-07,2.384185791015625e-07,1609701820.4290187,1609701820.5339694,0.1049506664276123,1609701820.472938,1609701820.480251,0.0073130130767822266
79acf968431945b0b8fee58552e1c510,k-means,warm,exec,queue,0.048107147216796875,2.384185791015625e-07,2.384185791015625e-07,1609701820.433058,1609701820.6778111,0.24475312232971191,1609701820.5222726,1609701820.5302424,0.007969856262207031
277fe86a9f34469b9fb220f4235576c4,k-means,warm,exec,queue,0.053076982498168945,7.152557373046875e-07,2.384185791015625e-07,1609701820.4356413,1609701820.6521597,0.21651840209960938,1609701820.5264544,1609701820.5314806,0.005026102066040039
73359991039c47c68337c945bb41fe49,k-means,warm,exec,queue,0.058129072189331055,7.152557373046875e-07,2.384185791015625e-07,1609701820.4382415,1609701820.6926165,0.25437498092651367,1609701820.531488,1609701820.5377693,0.006281375885009766
c690822928094226a55e07867412b33b,k-means,warm,exec,queue,0.020292282104492188,2.384185791015625e-07,0.0,1609701820.4411175,1609701820.6939013,0.25278377532958984,1609701820.489451,1609701820.496413,0.0069620609283447266
7f751992abbf4763a6ce93e7fb60377a,k-means,warm,exec,queue,0.026052236557006836,2.384185791015625e-07,2.384185791015625e-07,1609701820.4437022,1609701820.6009653,0.15726304054260254,1609701820.494206,1609701820.4987493,0.004543304443359375
cb745b9352354db78823ca6c90d02b02,k-means,warm,exec,queue,0.030684709548950195,4.76837158203125e-07,2.384185791015625e-07,1609701820.445566,1609701820.5690365,0.12347054481506348,1609701820.4987535,1609701820.5036929,0.00493931770324707
b0a3470ffe1b454aa1991e0ee60bcf52,k-means,warm,exec,queue,0.036087751388549805,2.384185791015625e-07,2.384185791015625e-07,1609701820.4471328,1609701820.6951458,0.24801301956176758,1609701820.5044954,1609701820.5108364,0.006340980529785156
1f4c61d714c546349f657b2a50601dcd,k-means,warm,exec,queue,0.040467262268066406,2.384185791015625e-07,2.384185791015625e-07,1609701820.4487188,1609701820.6037612,0.15504240989685059,1609701820.509679,1609701820.5159068,0.006227731704711914
122cca9b750e4133bfac9fd710bc8ccc,k-means,warm,exec,queue,0.045612335205078125,2.384185791015625e-07,2.384185791015625e-07,1609701820.4504304,1609701820.6043262,0.15389585494995117,1609701820.5168314,1609701820.523935,0.007103681564331055
f58f05d9add14413a620c151b601c6ce,k-means,warm,exec,queue,0.0149993896484375,2.384185791015625e-07,2.384185791015625e-07,1609701820.4520035,1609701820.6964068,0.24440336227416992,1609701820.482211,1609701820.4912431,0.009032011032104492
22a78fa21a034c59bccd00c17ea580fc,k-means,warm,exec,queue,0.01040506362915039,4.76837158203125e-07,2.384185791015625e-07,1609701820.4535882,1609701820.5672069,0.11361861228942871,1609701820.4769125,1609701820.4864454,0.009532928466796875
9920416c07254a93ad304eefde2262b4,k-means,warm,exec,queue,0.005938291549682617,2.384185791015625e-07,2.384185791015625e-07,1609701821.4304476,1609701821.5530815,0.1226339340209961,1609701821.4720266,1609701821.4804466,0.008419990539550781
9a0f8623040443dfa4ff2429852d0841,video,warm,exec,queue,0.018465518951416016,2.384185791015625e-07,2.384185791015625e-07,1609701821.434849,1609701821.8453963,0.41054725646972656,1609701821.4950054,1609701821.5126874,0.01768207550048828
2a530696b55d4cb781624f70c264e4f6,k-means,warm,exec,queue,0.04700446128845215,2.384185791015625e-07,2.384185791015625e-07,1609701821.437533,1609701821.7362802,0.29874730110168457,1609701821.5186086,1609701821.5242553,0.005646705627441406
bc90e9e01ddf4b919bf32c526ca84bc4,k-means,warm,exec,queue,0.039488792419433594,2.384185791015625e-07,0.0,1609701821.4401305,1609701821.7698166,0.32968616485595703,1609701821.5135128,1609701821.5220177,0.008504867553710938
83ee91b01953457fab4f77a7a54e1cca,k-means,warm,exec,queue,0.03489947319030762,2.384185791015625e-07,2.384185791015625e-07,1609701821.4430387,1609701821.796227,0.35318827629089355,1609701821.502729,1609701821.5097053,0.00697636604309082
93c61073bd78483ba795ec347f9ab243,k-means,warm,exec,queue,0.0300753116607666,2.384185791015625e-07,2.384185791015625e-07,1609701821.445177,1609701821.7137997,0.26862263679504395,1609701821.4986129,1609701821.5057883,0.007175445556640625
80d232ce6b2249b58a6b8fc69d1f7c71,k-means,warm,exec,queue,0.025311946868896484,2.384185791015625e-07,2.384185791015625e-07,1609701821.4467492,1609701821.6215694,0.1748201847076416,1609701821.4947393,1609701821.5024,0.007660627365112305
4410d851b2b74ff89bf53f0bd019a02f,k-means,warm,exec,queue,0.02005743980407715,2.384185791015625e-07,2.384185791015625e-07,1609701821.4483302,1609701821.6196353,0.17130517959594727,1609701821.4940083,1609701821.5026982,0.00868988037109375
1e9f3e1d1f774470bcefbfdf3f7cf995,k-means,warm,exec,queue,0.015566825866699219,4.76837158203125e-07,2.384185791015625e-07,1609701821.4499016,1609701821.5942612,0.14435958862304688,1609701821.4819968,1609701821.4915304,0.00953364372253418
0f3d33ce42004bb09cfc080f54a45171,k-means,warm,exec,queue,0.010282278060913086,4.76837158203125e-07,2.384185791015625e-07,1609701821.45161,1609701821.5548604,0.10325026512145996,1609701821.476915,1609701821.486352,0.009437084197998047
d48a5e25977f4a1d985803d46026029d,k-means,warm,exec,queue,0.04460883140563965,4.76837158203125e-07,2.384185791015625e-07,1609701821.4531994,1609701821.7714996,0.3183002471923828,1609701821.5149627,1609701821.5205069,0.005544185638427734
e098cdd142cd4b0ab4863b645c36fec7,k-means,warm,exec,queue,7.462501525878906e-05,4.76837158203125e-07,2.384185791015625e-07,1609701822.4259255,1609701822.5385106,0.11258506774902344,1609701822.461251,1609701822.469019,0.007767915725708008
18fe697c198f49589bbff73649dca6da,k-means,warm,exec,queue,0.004828214645385742,2.384185791015625e-07,2.384185791015625e-07,1609701822.4299328,1609701822.540402,0.11046910285949707,1609701822.4615254,1609701822.4700854,0.008559942245483398
eff958110d7e4aecb3baeb154334e7fb,k-means,warm,exec,queue,0.009634017944335938,4.76837158203125e-07,2.384185791015625e-07,1609701822.4325542,1609701822.587551,0.1549968719482422,1609701822.4670546,1609701822.4756048,0.008550167083740234
45fb680bbb1f4e70aae1d16685d8bf6b,k-means,warm,exec,queue,0.014363765716552734,4.76837158203125e-07,0.0,1609701822.4351172,1609701822.5893102,0.15419292449951172,1609701822.47257,1609701822.4813254,0.00875544548034668
ba04d0943000406eb067dd353da9a8c4,k-means,warm,exec,queue,0.01898956298828125,2.384185791015625e-07,0.0,1609701822.4377131,1609701822.6484873,0.21077418327331543,1609701822.4781244,1609701822.4850528,0.006928443908691406
7ee97a696dd345ed9750e6533a518e96,k-means,warm,exec,queue,0.0244905948638916,2.384185791015625e-07,2.384185791015625e-07,1609701822.440622,1609701822.646585,0.2059628963470459,1609701822.4827995,1609701822.4909928,0.008193254470825195
eb5d5f60d98a4ad88f05fc30aedf054c,k-means,warm,exec,queue,0.030652761459350586,2.384185791015625e-07,4.76837158203125e-07,1609701822.4422026,1609701822.622794,0.18059134483337402,1609701822.4926777,1609701822.4973605,0.004682779312133789
f589914344f7459590c43caa280c4f16,k-means,warm,exec,queue,0.036014556884765625,2.384185791015625e-07,2.384185791015625e-07,1609701822.4437582,1609701822.621082,0.1773238182067871,1609701822.497236,1609701822.5026977,0.005461692810058594
dd3da51b3e35409aa934b2b5c8923473,k-means,warm,exec,queue,7.724761962890625e-05,4.76837158203125e-07,2.384185791015625e-07,1609701823.445824,1609701823.7349367,0.28911280632019043,1609701823.5203235,1609701823.5283012,0.007977724075317383
d12d81cccbe94e94839650e64308c523,k-means,warm,exec,queue,0.05475115776062012,2.384185791015625e-07,2.384185791015625e-07,1609701823.45052,1609701823.8494475,0.3989274501800537,1609701823.5710452,1609701823.5772507,0.006205558776855469
7c8fb0c41de6440c8a3d501fce7f9490,k-means,warm,exec,queue,0.05039691925048828,4.76837158203125e-07,0.0,1609701823.4531476,1609701823.940412,0.48726439476013184,1609701823.5646498,1609701823.571186,0.006536245346069336
49467e7c961e4500bfef9b0eb5282d69,k-means,warm,exec,queue,0.04580283164978027,2.384185791015625e-07,0.0,1609701823.4557362,1609701823.9438295,0.48809337615966797,1609701823.5605574,1609701823.5667267,0.006169319152832031
1362feb7818849c8a89983980b111145,k-means,warm,exec,queue,0.04073190689086914,2.384185791015625e-07,4.76837158203125e-07,1609701823.4587104,1609701823.9939318,0.5352213382720947,1609701823.5554447,1609701823.5628812,0.007436513900756836
755d152a5ea345799e2d72d13779d855,k-means,warm,exec,queue,0.03541994094848633,2.384185791015625e-07,2.384185791015625e-07,1609701823.4610155,1609701823.8457656,0.3847501277923584,1609701823.5475736,1609701823.554066,0.0064923763275146484
5c68522082ed4b4d9df51d74ce6a3774,k-means,warm,exec,queue,0.030806303024291992,2.384185791015625e-07,0.0,1609701823.4625888,1609701824.051601,0.5890121459960938,1609701823.544075,1609701823.551702,0.007627010345458984
0f84e5e6e17e40c8b46ac9737401000a,k-means,warm,exec,queue,0.003083944320678711,2.384185791015625e-07,2.384185791015625e-07,1609701823.4641607,1609701823.8404708,0.3763101100921631,1609701823.5224795,1609701823.5310543,0.008574724197387695
712a31ee21aa46b29eecd9f0a1ce6fc8,k-means,warm,exec,queue,0.014053583145141602,2.384185791015625e-07,0.0,1609701823.465861,1609701823.7319865,0.2661254405975342,1609701823.522592,1609701823.5312545,0.00866246223449707
b312f5a406c64d69834a72b458f381a7,k-means,warm,exec,queue,0.019309520721435547,2.384185791015625e-07,2.384185791015625e-07,1609701823.4674292,1609701823.7372203,0.2697911262512207,1609701823.5277078,1609701823.5365722,0.008864402770996094
4de62205bc344960a407bf307f2f85a5,k-means,warm,exec,queue,0.02364516258239746,2.384185791015625e-07,2.384185791015625e-07,1609701823.4690242,1609701823.735528,0.26650381088256836,1609701823.5327978,1609701823.5404735,0.007675647735595703
f5d649c50c6d49f29d870abace3f83b1,k-means,warm,exec,queue,0.028052330017089844,4.76837158203125e-07,2.384185791015625e-07,1609701823.4705927,1609701823.7814102,0.3108174800872803,1609701823.5402265,1609701823.5483587,0.008132219314575195
5db4cbcb1ae649b9ad534d6c7d3c123c,k-means,warm,exec,queue,0.058693647384643555,2.384185791015625e-07,2.384185791015625e-07,1609701823.4722934,1609701823.8737924,0.40149903297424316,1609701823.5760698,1609701823.5815303,0.005460500717163086
4e5d70e553114e139b6e310ff5843a0b,k-means,warm,exec,queue,0.06335306167602539,2.384185791015625e-07,4.76837158203125e-07,1609701823.4738698,1609701823.8498294,0.3759596347808838,1609701823.5801125,1609701823.5862381,0.006125688552856445
72ada067a79d4c77b16cbe78ef2309a8,k-means,warm,exec,queue,0.06897091865539551,2.384185791015625e-07,2.384185791015625e-07,1609701823.475418,1609701823.9421253,0.4667072296142578,1609701823.5872614,1609701823.592631,0.005369663238525391
4859305270784bb78b8d155142225696,k-means,warm,exec,queue,0.07436060905456543,2.384185791015625e-07,2.384185791015625e-07,1609701823.4769962,1609701823.8421998,0.3652036190032959,1609701823.591923,1609701823.596421,0.004498004913330078
3ab4f89520f64d91bd3c414d79ef8247,k-means,warm,exec,queue,0.07919740676879883,2.384185791015625e-07,2.384185791015625e-07,1609701823.4786477,1609701824.049691,0.5710432529449463,1609701823.5986285,1609701823.6048133,0.006184816360473633
f9b626d3e3da4528b32f3a95e5e77923,k-means,warm,exec,queue,0.08453798294067383,2.384185791015625e-07,2.384185791015625e-07,1609701823.480206,1609701824.053315,0.5731089115142822,1609701823.6028569,1609701823.607222,0.004365205764770508
1cdddeea5b904856bb50607409f262eb,k-means,warm,exec,queue,0.09004831314086914,2.384185791015625e-07,0.0,1609701823.4817438,1609701823.8490472,0.36730337142944336,1609701823.611216,1609701823.6181657,0.006949663162231445
60021969b5be46c8b272aa1f160ea467,k-means,warm,exec,queue,0.09471774101257324,2.384185791015625e-07,4.76837158203125e-07,1609701823.4832845,1609701823.9960852,0.5128006935119629,1609701823.6141138,1609701823.6184492,0.0043354034423828125
163698f197e74334895bd22bcbf74705,video,warm,exec,queue,0.014403104782104492,2.384185791015625e-07,2.384185791015625e-07,1609701823.4862285,1609701823.845152,0.35892343521118164,1609701823.5360942,1609701823.5525413,0.016447067260742188
71f35db9fdf64c738bcd4ab1a26d16d5,k-means,warm,exec,queue,0.0011837482452392578,4.76837158203125e-07,2.384185791015625e-07,1609701824.413711,1609701824.483406,0.06969499588012695,1609701824.4249508,1609701824.4336202,0.008669376373291016
89d4de94301f45019efcaf316a0176af,k-means,warm,exec,queue,0.0011878013610839844,4.76837158203125e-07,2.384185791015625e-07,1609701825.4524264,1609701825.6350899,0.1826634407043457,1609701825.515704,1609701825.5233393,0.007635354995727539
d10422bfc41544b48c87572fc818f73b,k-means,warm,exec,queue,0.04036545753479004,2.384185791015625e-07,2.384185791015625e-07,1609701825.4569762,1609701825.777252,0.32027578353881836,1609701825.6001012,1609701825.607579,0.007477760314941406
f8e6f82606084dd7bb57a91eec05acd8,k-means,warm,exec,queue,0.045143842697143555,4.76837158203125e-07,2.384185791015625e-07,1609701825.4595027,1609701826.1752079,0.715705156326294,1609701825.6083894,1609701825.615604,0.007214546203613281
4a0949fed7ee4a029e1c5dae0676717c,k-means,warm,exec,queue,0.060372352600097656,7.152557373046875e-07,2.384185791015625e-07,1609701825.4623668,1609701826.0317786,0.5694117546081543,1609701825.6244528,1609701825.631452,0.00699925422668457
b6718e62e2104d7eac012fba2c48eb4c,k-means,warm,exec,queue,0.050014495849609375,2.384185791015625e-07,0.0,1609701825.464639,1609701825.7463863,0.28174734115600586,1609701825.6112564,1609701825.618512,0.00725555419921875
f4f957fc290a4dec956d71c1c8ac984b,k-means,warm,exec,queue,0.05575823783874512,2.384185791015625e-07,2.384185791015625e-07,1609701825.4660878,1609701825.7511463,0.28505849838256836,1609701825.6159945,1609701825.6224334,0.0064389705657958984
dea5bdf88dd348668404c6cad1d6e687,k-means,warm,exec,queue,0.039855241775512695,2.384185791015625e-07,0.0,1609701825.4675488,1609701825.6370637,0.16951489448547363,1609701825.5692136,1609701825.576353,0.007139444351196289
e7e8ed4bff944cfda62204de91683966,k-means,warm,exec,queue,0.044838666915893555,4.76837158203125e-07,2.384185791015625e-07,1609701825.4690206,1609701825.750765,0.28174448013305664,1609701825.5761335,1609701825.584268,0.008134603500366211
35b4ecaf1c5442569347d164c7a7dfb6,k-means,warm,exec,queue,0.04964423179626465,2.384185791015625e-07,0.0,1609701825.4705982,1609701825.7514977,0.2808995246887207,1609701825.5889785,1609701825.5970893,0.008110761642456055
3bf467952ab34f2c97e250e5a593e972,k-means,warm,exec,queue,0.055556297302246094,2.384185791015625e-07,2.384185791015625e-07,1609701825.4720528,1609701826.1836536,0.7116007804870605,1609701825.5927753,1609701825.6007922,0.008016824722290039
538aa99b7d5343f4b7e3d3edcc62b4f1,k-means,warm,exec,queue,0.06289315223693848,2.384185791015625e-07,2.384185791015625e-07,1609701825.4735243,1609701826.1787486,0.7052242755889893,1609701825.5964057,1609701825.6037204,0.0073146820068359375
5266ba567a8a40b38e2efa718e281e01,k-means,warm,exec,queue,0.002825021743774414,2.384185791015625e-07,2.384185791015625e-07,1609701825.4749725,1609701825.6773472,0.20237469673156738,1609701825.5692203,1609701825.5775692,0.008348941802978516
d4769ff4be5d482586797107975dd42d,k-means,warm,exec,queue,0.06522107124328613,4.76837158203125e-07,2.384185791015625e-07,1609701825.4765399,1609701825.9052541,0.4287142753601074,1609701825.6256912,1609701825.6324022,0.006711006164550781
70435794accc48079a628e179e1a89fc,k-means,warm,exec,queue,0.07069087028503418,4.76837158203125e-07,2.384185791015625e-07,1609701825.4780428,1609701826.1830308,0.7049880027770996,1609701825.6323752,1609701825.6386237,0.00624847412109375
7a453432e82a442fafd548937b95cc20,k-means,warm,exec,queue,0.07637143135070801,2.384185791015625e-07,2.384185791015625e-07,1609701825.479548,1609701826.178152,0.6986041069030762,1609701825.6417365,1609701825.6488264,0.007089853286743164
37d4d858ecf24554acaecec3e69c578e,k-means,warm,exec,queue,0.08105230331420898,2.384185791015625e-07,0.0,1609701825.4810758,1609701825.7518513,0.27077555656433105,1609701825.6432436,1609701825.6499321,0.006688594818115234
6f97f4395ad54fb3a25cd7c936785b74,k-means,warm,exec,queue,0.08669090270996094,2.384185791015625e-07,2.384185791015625e-07,1609701825.4827008,1609701825.86478,0.3820791244506836,1609701825.6494582,1609701825.655677,0.006218910217285156
f830bead6a664fe6aadbcf37224031e9,k-means,warm,exec,queue,0.09141683578491211,4.76837158203125e-07,2.384185791015625e-07,1609701825.4852157,1609701826.065459,0.5802433490753174,1609701825.6584349,1609701825.6659908,0.007555961608886719
f72c87f5be2143d59199c9bfbef1160a,k-means,warm,exec,queue,0.09611201286315918,2.384185791015625e-07,0.0,1609701825.4877295,1609701826.182446,0.6947164535522461,1609701825.6591096,1609701825.6658626,0.006752967834472656
1ed07bc406e145199662b19c21f549bd,k-means,warm,exec,queue,0.1015617847442627,2.384185791015625e-07,2.384185791015625e-07,1609701825.4904008,1609701825.863038,0.3726372718811035,1609701825.6659,1609701825.6727626,0.006862640380859375
c381afff93c9411c8afd60471d662f19,k-means,warm,exec,queue,0.10640478134155273,7.152557373046875e-07,2.384185791015625e-07,1609701825.492925,1609701826.1002674,0.6073424816131592,1609701825.6732042,1609701825.680668,0.007463932037353516
ebabf8acb8a3412b97908db496aa2ac8,video,warm,exec,queue,0.0022745132446289062,4.76837158203125e-07,2.384185791015625e-07,1609701825.4954515,1609701825.8613257,0.3658742904663086,1609701825.570366,1609701825.5890632,0.018697261810302734
16580573c21f42b18469a50d190079aa,matmul,warm,exec,queue,0.019161224365234375,4.76837158203125e-07,2.384185791015625e-07,1609701825.4980032,1609701826.033722,0.5357186794281006,1609701825.5927925,1609701825.6006277,0.007835149765014648
d710ae6adb4549fba660a828daa0a0ad,map_reduce,warm,exec,queue,0.023417949676513672,2.384185791015625e-07,0.0,1609701825.502289,1609701826.067352,0.5650629997253418,1609701825.594054,1609701825.6794841,0.08543014526367188
a0cceb87f61c490ebb74cc625a7d61a1,disk,warm,exec,queue,0.026175260543823242,4.76837158203125e-07,0.0,1609701825.5048816,1609701825.7470162,0.24213457107543945,1609701825.5973067,1609701825.60682,0.009513378143310547
a99e150fdee14d6399dad7aff22a6282,k-means,warm,exec,queue,7.748603820800781e-05,2.384185791015625e-07,4.76837158203125e-07,1609701826.4347558,1609701826.5632968,0.1285409927368164,1609701826.4786975,1609701826.4878957,0.009198188781738281
6ad1eae3f870444588161a7fbf78e683,k-means,warm,exec,queue,0.006627321243286133,2.384185791015625e-07,0.0,1609701826.4388595,1609701826.5651026,0.12624311447143555,1609701826.4789286,1609701826.4882097,0.009281158447265625
dd4649285ca74dc2a865491c7a54cc1e,k-means,warm,exec,queue,0.011670827865600586,4.76837158203125e-07,2.384185791015625e-07,1609701826.4414892,1609701826.5962503,0.15476107597351074,1609701826.4833043,1609701826.4921196,0.008815288543701172
edb8801b6d7f4f2980a774fa531a8eb0,k-means,warm,exec,queue,0.01698899269104004,4.76837158203125e-07,2.384185791015625e-07,1609701826.4440327,1609701826.6220906,0.17805790901184082,1609701826.4917417,1609701826.4998393,0.008097648620605469
d15b2e68fc7043b3a799e494c53d1ac6,k-means,warm,exec,queue,0.022674083709716797,7.152557373046875e-07,2.384185791015625e-07,1609701826.446946,1609701826.5979955,0.15104961395263672,1609701826.5003986,1609701826.5056918,0.005293130874633789
2900303e64344248a83b6fa6fc9cd755,k-means,warm,exec,queue,0.02781534194946289,2.384185791015625e-07,0.0,1609701826.449067,1609701826.6471522,0.19808506965637207,1609701826.5014246,1609701826.5086486,0.007224082946777344
827e60d162fb4e6a95eee8979f7976a6,k-means,warm,exec,queue,0.033048391342163086,2.384185791015625e-07,2.384185791015625e-07,1609701826.4506383,1609701826.708665,0.2580265998840332,1609701826.5084848,1609701826.5143924,0.005907535552978516
73e1f33161714f639b8eb71b8059e813,k-means,warm,exec,queue,0.03802847862243652,7.152557373046875e-07,4.76837158203125e-07,1609701826.4522223,1609701826.6490867,0.19686436653137207,1609701826.5147033,1609701826.5208156,0.006112337112426758
185f8d77b2244acbac9fce36a30ae08f,k-means,warm,exec,queue,0.04295158386230469,2.384185791015625e-07,2.384185791015625e-07,1609701826.4537992,1609701826.706855,0.2530558109283447,1609701826.5194833,1609701826.524962,0.005478620529174805
99155195082943ab8695b1191280c722,k-means,warm,exec,queue,0.04849433898925781,4.76837158203125e-07,2.384185791015625e-07,1609701826.4554992,1609701826.62399,0.16849088668823242,1609701826.5278718,1609701826.5342789,0.006407022476196289
4f3f19b0d47d451db63ee0f4b088878d,k-means,warm,exec,queue,0.0534055233001709,2.384185791015625e-07,2.384185791015625e-07,1609701826.4570913,1609701826.7103412,0.2532498836517334,1609701826.5313768,1609701826.536215,0.004838228225708008
93896345d3f8427d98a3fdd893cc2620,k-means,warm,exec,queue,0.008183479309082031,2.384185791015625e-07,2.384185791015625e-07,1609701827.435616,1609701827.5533576,0.11774158477783203,1609701827.4775314,1609701827.4871767,0.009645223617553711
a47a4566881e48f48b0319ca7f74ffc8,video,warm,exec,queue,0.027215957641601562,2.384185791015625e-07,4.76837158203125e-07,1609701827.4398878,1609701827.6650121,0.22512435913085938,1609701827.507501,1609701827.5252066,0.017705678939819336
4c894215ff0c4a569dff0718687be379,k-means,warm,exec,queue,0.02130126953125,4.76837158203125e-07,2.384185791015625e-07,1609701827.4425411,1609701827.8125737,0.37003254890441895,1609701827.5047674,1609701827.5136087,0.008841276168823242
54b2d7e22db64ecca51093081ca1613c,k-means,warm,exec,queue,0.029543161392211914,7.152557373046875e-07,2.384185791015625e-07,1609701827.4451628,1609701827.7211962,0.2760334014892578,1609701827.5071788,1609701827.5144918,0.0073130130767822266
737e6d5d99d5425ba819bfa07c4cae7c,k-means,warm,exec,queue,0.03542685508728027,2.384185791015625e-07,2.384185791015625e-07,1609701827.447739,1609701827.6632392,0.2155003547668457,1609701827.5080242,1609701827.51546,0.007435798645019531
dcc5039304714c4b94d1053fcfc771b2,k-means,warm,exec,queue,0.04007720947265625,4.76837158203125e-07,2.384185791015625e-07,1609701827.449788,1609701827.724475,0.2746868133544922,1609701827.515609,1609701827.5231674,0.007558345794677734
c5c8361f2e5442b7802fd2a8e6d72582,k-means,warm,exec,queue,0.04494762420654297,4.76837158203125e-07,2.384185791015625e-07,1609701827.451367,1609701827.6614952,0.2101283073425293,1609701827.526715,1609701827.5352986,0.008583545684814453
ab378b143ad94af8a5d2238c588195b2,k-means,warm,exec,queue,0.05136704444885254,2.384185791015625e-07,2.384185791015625e-07,1609701827.4529681,1609701827.8888981,0.4359300136566162,1609701827.5262578,1609701827.5335236,0.007265806198120117
ebfae040c3be4aa5acec706355ae38d7,k-means,warm,exec,queue,0.05635690689086914,2.384185791015625e-07,0.0,1609701827.454562,1609701827.787269,0.33270716667175293,1609701827.5313556,1609701827.5378203,0.006464719772338867
c4f78ef1a5e2485286a764631e8edeba,k-means,warm,exec,queue,0.012532949447631836,4.76837158203125e-07,2.384185791015625e-07,1609701827.456289,1609701827.7238913,0.26760220527648926,1609701827.482841,1609701827.4923866,0.009545564651489258
5caebbad9b3d4ed483939520001672c1,k-means,warm,exec,queue,0.01725482940673828,2.384185791015625e-07,0.0,1609701827.457874,1609701827.5551403,0.09726619720458984,1609701827.488854,1609701827.4984431,0.009589195251464844
4e3aaefcfff94ca8b2ae082528fa9387,k-means,warm,exec,queue,0.002152681350708008,4.76837158203125e-07,2.384185791015625e-07,1609701828.4373033,1609701828.5639517,0.1266484260559082,1609701828.4852848,1609701828.49365,0.008365154266357422
528ebcf199974146ac4ef790b178f90b,k-means,warm,exec,queue,0.04379844665527344,7.152557373046875e-07,4.76837158203125e-07,1609701828.4413047,1609701828.7271867,0.28588199615478516,1609701828.5297675,1609701828.5352721,0.005504608154296875
f8b1df3ab7de4e3c83fe9aadd9483cac,k-means,warm,exec,queue,0.04922318458557129,4.76837158203125e-07,2.384185791015625e-07,1609701828.4438696,1609701828.8004045,0.3565349578857422,1609701828.5322247,1609701828.5386884,0.006463766098022461
bb849959c0f348cf9f12d30ff2b9f009,k-means,warm,exec,queue,0.05436992645263672,2.384185791015625e-07,4.76837158203125e-07,1609701828.4464433,1609701828.6443758,0.19793248176574707,1609701828.5381796,1609701828.5443447,0.006165027618408203
35de9d5955fa420f9eda3275edc6f227,k-means,warm,exec,queue,0.009037256240844727,2.384185791015625e-07,2.384185791015625e-07,1609701828.44929,1609701828.6426413,0.19335126876831055,1609701828.4880228,1609701828.496872,0.008849143981933594
9541ac20f62d4ed7a50d67f0443423de,k-means,warm,exec,queue,0.013931512832641602,2.384185791015625e-07,4.76837158203125e-07,1609701828.4518752,1609701828.5984058,0.1465306282043457,1609701828.4920952,1609701828.500931,0.008835792541503906
4cb9a3f489f540d88fbcf745f2a14466,k-means,warm,exec,queue,0.01941990852355957,2.384185791015625e-07,2.384185791015625e-07,1609701828.4537575,1609701828.7250757,0.2713181972503662,1609701828.498517,1609701828.5079436,0.009426593780517578
2c2892fb7c914564a143f5af230f12f9,k-means,warm,exec,queue,0.02566981315612793,4.76837158203125e-07,2.384185791015625e-07,1609701828.4553187,1609701828.596708,0.1413893699645996,1609701828.5117767,1609701828.519002,0.0072252750396728516
7d05c3362b5f4bf9a08e7e760f78a09c,k-means,warm,exec,queue,0.03081822395324707,7.152557373046875e-07,2.384185791015625e-07,1609701828.4568965,1609701828.6420286,0.18513202667236328,1609701828.5144863,1609701828.521847,0.007360696792602539
0340a21f91c24ce8afdb154e1b04ab88,k-means,warm,exec,queue,0.036121368408203125,0.0,2.384185791015625e-07,1609701828.4586008,1609701828.6390352,0.1804344654083252,1609701828.515271,1609701828.5223446,0.007073640823364258
8ef5297f523b431f95c41c612210f594,k-means,warm,exec,queue,0.04068636894226074,2.384185791015625e-07,2.384185791015625e-07,1609701828.460188,1609701828.680706,0.2205181121826172,1609701828.5218644,1609701828.5290112,0.0071468353271484375
76fc20bb914d40cf836a20e49f24196a,k-means,warm,exec,queue,0.007007122039794922,2.384185791015625e-07,4.76837158203125e-07,1609701828.461824,1609701828.5658,0.10397601127624512,1609701828.485724,1609701828.4944766,0.008752584457397461
942eec67f5c4417da9241ba87b13cfc8,k-means,warm,exec,queue,0.0045549869537353516,4.76837158203125e-07,2.384185791015625e-07,1609701829.44037,1609701829.6155012,0.17513108253479004,1609701829.4929378,1609701829.5017283,0.00879049301147461
edd8f246f9664d6d86c23f6de63f1e0f,k-means,warm,exec,queue,0.012417078018188477,4.76837158203125e-07,2.384185791015625e-07,1609701829.4444275,1609701829.5824215,0.13799405097961426,1609701829.4927375,1609701829.5017467,0.009009122848510742
45f656fa919440d18d34189f1591cd6a,k-means,warm,exec,queue,0.05509352684020996,2.384185791015625e-07,2.384185791015625e-07,1609701829.4469974,1609701829.7947226,0.34772515296936035,1609701829.5525074,1609701829.5596206,0.007113218307495117
5cb358ed200c494c849848da52c79197,k-means,warm,exec,queue,0.0498042106628418,7.152557373046875e-07,2.384185791015625e-07,1609701829.449575,1609701829.8800468,0.43047189712524414,1609701829.5496836,1609701829.5575273,0.007843732833862305
36306bbc67534783883293d3f4e1f401,k-means,warm,exec,queue,0.0460355281829834,4.76837158203125e-07,0.0,1609701829.4524302,1609701829.69479,0.24235963821411133,1609701829.544814,1609701829.5531569,0.008342742919921875
c62983596d6d4a9aa01bf9b56a9e193a,k-means,warm,exec,queue,0.040654659271240234,2.384185791015625e-07,2.384185791015625e-07,1609701829.4549747,1609701829.879489,0.4245142936706543,1609701829.5268385,1609701829.534367,0.007528543472290039
3025b9ecff974dc8841ba76f539d942a,k-means,warm,exec,queue,0.036234140396118164,2.384185791015625e-07,0.0,1609701829.4571443,1609701829.6208076,0.16366338729858398,1609701829.525001,1609701829.5327146,0.0077135562896728516
ead25addde0b4242be8f69657b37017c,k-means,warm,exec,queue,0.03133034706115723,4.76837158203125e-07,4.76837158203125e-07,1609701829.4587219,1609701829.6201572,0.16143536567687988,1609701829.5234644,1609701829.5301642,0.006699800491333008
1f9a5a4c818c4fb7ab5ea79284492c9e,k-means,warm,exec,queue,0.02340984344482422,4.76837158203125e-07,4.76837158203125e-07,1609701829.4603105,1609701829.6941283,0.23381781578063965,1609701829.5218098,1609701829.5326004,0.010790586471557617
89641151b8624d14921c45a41ca12af3,k-means,warm,exec,queue,0.016906023025512695,2.384185791015625e-07,2.384185791015625e-07,1609701829.4620247,1609701829.6173456,0.1553208827972412,1609701829.4983306,1609701829.5071473,0.008816719055175781
6f0ea813552a47faadfc1253718c5e06,k-means,warm,exec,queue,0.02128911018371582,7.152557373046875e-07,2.384185791015625e-07,1609701829.4636004,1609701829.8764796,0.41287922859191895,1609701829.503054,1609701829.5124476,0.009393692016601562
124acc0ad269437a8f9b0488c548626d,k-means,warm,exec,queue,0.059258222579956055,4.76837158203125e-07,4.76837158203125e-07,1609701829.4652035,1609701829.691103,0.22589945793151855,1609701829.5529196,1609701829.5588107,0.005891084671020508
251f9c99d6404b4092d59f2c2756e9be,video,warm,exec,queue,0.03142237663269043,4.76837158203125e-07,4.76837158203125e-07,1609701829.466791,1609701829.7926667,0.32587575912475586,1609701829.5244915,1609701829.543822,0.019330501556396484
34180bff9e564bc4a16da0f062719f4f,k-means,warm,exec,queue,0.00504612922668457,4.76837158203125e-07,0.0,1609701830.4396896,1609701830.5515652,0.11187553405761719,1609701830.4804027,1609701830.489702,0.009299278259277344
d5ab2b82ab524f20a71e5f1d88ffd865,matmul,warm,exec,queue,0.016237974166870117,2.384185791015625e-07,0.0,1609701830.4439597,1609701830.7728033,0.3288435935974121,1609701830.5008469,1609701830.5114655,0.01061868667602539
ad40e3f469134ac4bcd6830292f2aacb,k-means,warm,exec,queue,0.04810166358947754,2.384185791015625e-07,0.0,1609701830.4465652,1609701830.6932936,0.24672842025756836,1609701830.5289705,1609701830.534945,0.005974531173706055
0078bf0a3dac4b4f8d4f65cb0ea22b29,k-means,warm,exec,queue,0.04271721839904785,2.384185791015625e-07,0.0,1609701830.4491346,1609701830.6683795,0.21924495697021484,1609701830.5223942,1609701830.5274837,0.005089521408081055
2b139483b29447ff896e20019f0cc0d0,k-means,warm,exec,queue,0.03760266304016113,2.384185791015625e-07,2.384185791015625e-07,1609701830.4519708,1609701830.6178226,0.16585183143615723,1609701830.5181518,1609701830.5228214,0.004669666290283203
ee04dabc798547b6833b91542c5fdeb0,k-means,warm,exec,queue,0.00968623161315918,4.76837158203125e-07,2.384185791015625e-07,1609701830.4535935,1609701830.5534036,0.09981012344360352,1609701830.4850445,1609701830.4924073,0.007362842559814453
a686178160fe4a029178be92dfbd41be,k-means,warm,exec,queue,0.014909744262695312,4.76837158203125e-07,4.76837158203125e-07,1609701830.4551058,1609701830.7721033,0.3169975280761719,1609701830.4893904,1609701830.4970152,0.00762486457824707
363a82f59ae745f993dad4fecbef6f8d,k-means,warm,exec,queue,0.0194854736328125,2.384185791015625e-07,2.384185791015625e-07,1609701830.4566152,1609701830.6719022,0.2152869701385498,1609701830.499754,1609701830.5084472,0.008693218231201172
0af79eace3e24dc285406ad6f2834fb4,k-means,warm,exec,queue,0.024552583694458008,2.384185791015625e-07,2.384185791015625e-07,1609701830.4581177,1609701830.6712892,0.21317148208618164,1609701830.4997253,1609701830.5058014,0.00607609748840332
a5a124c0588041e491fb4e0d5b6a4372,k-means,warm,exec,queue,0.029614925384521484,2.384185791015625e-07,2.384185791015625e-07,1609701830.4597254,1609701830.575672,0.11594653129577637,1609701830.5050547,1609701830.511204,0.0061492919921875
37b697f619bf4665b697237dcf3326c5,k-means,warm,exec,queue,0.03445577621459961,2.384185791015625e-07,2.384185791015625e-07,1609701830.4612286,1609701830.827081,0.36585235595703125,1609701830.513503,1609701830.5198634,0.006360292434692383
5b65a7ac271a4ec3ab8d8ac213d0770c,k-means,warm,exec,queue,0.007218122482299805,4.76837158203125e-07,2.384185791015625e-07,1609701831.4400046,1609701831.5532274,0.11322283744812012,1609701831.4851663,1609701831.4956167,0.010450363159179688
c972281a129e469ba0fe09a5fb82168b,k-means,warm,exec,queue,0.04053783416748047,2.384185791015625e-07,0.0,1609701831.4440947,1609701831.6215978,0.17750310897827148,1609701831.5281274,1609701831.5353982,0.00727081298828125
114d5b59b756448eb05d1ec536b50ed6,k-means,warm,exec,queue,0.04549074172973633,2.384185791015625e-07,2.384185791015625e-07,1609701831.4467022,1609701831.6198957,0.17319345474243164,1609701831.5291693,1609701831.5342164,0.0050470829010009766
514bce765c3644b49072e0954f366834,k-means,warm,exec,queue,0.05004596710205078,4.76837158203125e-07,2.384185791015625e-07,1609701831.4492705,1609701831.6553466,0.20607614517211914,1609701831.535072,1609701831.5408747,0.005802631378173828
87b1be0ee46641948972e16aa691d06b,k-means,warm,exec,queue,0.013709783554077148,4.76837158203125e-07,4.76837158203125e-07,1609701831.4521153,1609701831.7136586,0.26154327392578125,1609701831.4917076,1609701831.5004318,0.008724212646484375
ad4aac245a2b4c1c9bb74cf9502edfa8,k-means,warm,exec,queue,0.018296241760253906,4.76837158203125e-07,2.384185791015625e-07,1609701831.4538038,1609701831.5863144,0.13251066207885742,1609701831.4968507,1609701831.5055833,0.00873255729675293
a6074a6e76a649db9ab56a7a2ab69c90,k-means,warm,exec,queue,0.02276754379272461,2.384185791015625e-07,2.384185791015625e-07,1609701831.4553459,1609701831.5879674,0.13262152671813965,1609701831.509138,1609701831.517855,0.008716821670532227
0cfb9fe672f541acafe859aeed91671b,k-means,warm,exec,queue,0.02753591537475586,4.76837158203125e-07,0.0,1609701831.456906,1609701831.716997,0.26009082794189453,1609701831.5115879,1609701831.518813,0.00722503662109375
9e7712cc64914ca0b831d7250144f2ba,k-means,warm,exec,queue,0.033048391342163086,2.384185791015625e-07,4.76837158203125e-07,1609701831.4584565,1609701831.6535637,0.19510722160339355,1609701831.5137265,1609701831.5205677,0.006841182708740234
4945830ea0f94577a735d73c01137cbb,k-means,warm,exec,queue,0.037891387939453125,2.384185791015625e-07,2.384185791015625e-07,1609701831.4601405,1609701831.7393157,0.2791752815246582,1609701831.5181043,1609701831.52541,0.007305622100830078
0494154271774d12a97e76760f3c052f,k-means,warm,exec,queue,0.009192228317260742,4.76837158203125e-07,4.76837158203125e-07,1609701831.461698,1609701831.7153084,0.25361037254333496,1609701831.488979,1609701831.4993715,0.010392427444458008
9acb044721a646f6ab58a66228a5d13a,video,warm,exec,queue,0.028495073318481445,2.384185791015625e-07,2.384185791015625e-07,1609701831.46325,1609701831.7711449,0.3078949451446533,1609701831.5123086,1609701831.5289135,0.016604900360107422
46568ca0a4284ccdade22c860a298d96,k-means,warm,exec,queue,0.007468223571777344,2.384185791015625e-07,2.384185791015625e-07,1609701832.4416149,1609701832.5558007,0.11418581008911133,1609701832.486293,1609701832.494794,0.008500814437866211
865e9954cddf4642b084e096f20d6425,k-means,warm,exec,queue,0.03964519500732422,2.384185791015625e-07,0.0,1609701832.4457092,1609701832.692454,0.24674487113952637,1609701832.5226972,1609701832.5291796,0.006482362747192383
80b799340f5e47f8a655d35ff0ae6227,k-means,warm,exec,queue,0.0449068546295166,2.384185791015625e-07,2.384185791015625e-07,1609701832.4483387,1609701832.8479693,0.3996305465698242,1609701832.527027,1609701832.5330527,0.006025791168212891
29badbf71df94c90a8613e411729a559,k-means,warm,exec,queue,0.04985976219177246,4.76837158203125e-07,0.0,1609701832.4508996,1609701832.8983476,0.4474480152130127,1609701832.532678,1609701832.539091,0.00641322135925293
c768649934664035a4b7804cd3156cb6,k-means,warm,exec,queue,0.05509305000305176,2.384185791015625e-07,4.76837158203125e-07,1609701832.4537687,1609701832.9000127,0.4462440013885498,1609701832.5388846,1609701832.545325,0.006440401077270508
0fe23658ee424cb0806ee52b429db17b,k-means,warm,exec,queue,0.05991697311401367,2.384185791015625e-07,2.384185791015625e-07,1609701832.4563882,1609701832.6896968,0.2333085536956787,1609701832.5446036,1609701832.5504916,0.0058879852294921875
53ca1a64740b450b8f91d4c6e853c9d6,k-means,warm,exec,queue,0.03483176231384277,9.5367431640625e-07,4.76837158203125e-07,1609701832.4580233,1609701832.6309845,0.17296123504638672,1609701832.5185905,1609701832.525479,0.006888628005981445
9a7d836cb5ec41e0b1c49a5c99b54182,k-means,warm,exec,queue,0.03021836280822754,4.76837158203125e-07,2.384185791015625e-07,1609701832.4595878,1609701832.789634,0.3300461769104004,1609701832.5139625,1609701832.5202057,0.006243228912353516
963cfd7665b34352b0e236be915c9f1a,k-means,warm,exec,queue,0.025554656982421875,4.76837158203125e-07,2.384185791015625e-07,1609701832.4611785,1609701832.6930022,0.23182368278503418,1609701832.5088115,1609701832.5165267,0.0077152252197265625
050f5e31f1d94fad801cb467d1e90969,k-means,warm,exec,queue,0.020705699920654297,2.384185791015625e-07,2.384185791015625e-07,1609701832.4628844,1609701832.590595,0.12771058082580566,1609701832.5032678,1609701832.5108857,0.007617950439453125
2f2a6fcd897744ba91bb86571591b6e7,k-means,warm,exec,queue,0.011698246002197266,2.384185791015625e-07,2.384185791015625e-07,1609701832.4644651,1609701832.6329668,0.168501615524292,1609701832.4916034,1609701832.5006173,0.009013891220092773
9410ed9b36c44e97b39250e8bd9956c3,k-means,warm,exec,queue,0.016319990158081055,7.152557373046875e-07,0.0,1609701832.466044,1609701832.5888712,0.12282729148864746,1609701832.4959168,1609701832.5047371,0.008820295333862305
1bc4b97535c1478e9a3ac04a0f51fea7,k-means,warm,exec,queue,0.0024628639221191406,2.384185791015625e-07,2.384185791015625e-07,1609701833.431329,1609701833.543212,0.11188292503356934,1609701833.452765,1609701833.4628384,0.010073423385620117
09dc885ba2754895aad12d74f4bf444d,video,warm,exec,queue,0.017711877822875977,7.152557373046875e-07,4.76837158203125e-07,1609701833.435503,1609701833.6850514,0.24954843521118164,1609701833.474352,1609701833.4917822,0.01743030548095703
3f7f57b488ea42789daa5d4bf6a255f2,k-means,warm,exec,queue,0.011310338973999023,4.76837158203125e-07,2.384185791015625e-07,1609701833.4381926,1609701833.5465882,0.10839557647705078,1609701833.463095,1609701833.471788,0.00869297981262207
e57e26e8d41346e2b104cc31a55e9459,k-means,warm,exec,queue,0.007622480392456055,2.384185791015625e-07,0.0,1609701833.4406803,1609701833.5460234,0.10534310340881348,1609701833.458417,1609701833.4675815,0.009164571762084961
16d3e9ec1c2e40698766b33682839715,k-means,warm,exec,queue,0.002194643020629883,4.76837158203125e-07,2.384185791015625e-07,1609701834.4510636,1609701834.5795403,0.12847661972045898,1609701834.5084887,1609701834.5166886,0.008199930191040039
797f6c32a32d40ebb2bf422418e69eff,k-means,warm,exec,queue,0.003651142120361328,7.152557373046875e-07,0.0,1609701834.455426,1609701834.6223373,0.16691136360168457,1609701834.518985,1609701834.528952,0.009966850280761719
9491d39f5eae4cc7805777ff4cae9941,k-means,warm,exec,queue,0.03400015830993652,2.384185791015625e-07,0.0,1609701834.4579718,1609701834.9625635,0.504591703414917,1609701834.5449624,1609701834.5505757,0.0056133270263671875
cfc4340c3b8e4a7891795770e62d8bbc,k-means,warm,exec,queue,0.03836250305175781,2.384185791015625e-07,0.0,1609701834.4604962,1609701834.87061,0.4101138114929199,1609701834.55279,1609701834.5612643,0.008474349975585938
40d3fc0966ff4623903eac69d903ec68,k-means,warm,exec,queue,0.043411970138549805,2.384185791015625e-07,2.384185791015625e-07,1609701834.4632778,1609701834.783204,0.31992626190185547,1609701834.557099,1609701834.56262,0.005520820617675781
49b4e02d15cd40d5bc3170c6b99f2929,k-means,warm,exec,queue,0.048603057861328125,4.76837158203125e-07,2.384185791015625e-07,1609701834.4652472,1609701834.9357913,0.47054409980773926,1609701834.5616598,1609701834.567489,0.0058290958404541016
4784d3ace2f845dbb7b25fbfa5ee9c2a,k-means,warm,exec,queue,0.05361676216125488,7.152557373046875e-07,2.384185791015625e-07,1609701834.4666986,1609701834.9352002,0.46850156784057617,1609701834.569444,1609701834.5767395,0.0072956085205078125
2b698ec514af4f3d9f949bfb279ad276,k-means,warm,exec,queue,0.058583736419677734,2.384185791015625e-07,2.384185791015625e-07,1609701834.4681528,1609701834.6644595,0.19630670547485352,1609701834.573261,1609701834.5801094,0.006848335266113281
05fde38f24f6439a883c0b3093898660,k-means,warm,exec,queue,0.010230302810668945,4.76837158203125e-07,2.384185791015625e-07,1609701834.469882,1609701834.7023132,0.23243117332458496,1609701834.51926,1609701834.5296395,0.010379552841186523
7fe551de85794d49a279f604275fbf8b,k-means,warm,exec,queue,0.01574420928955078,2.384185791015625e-07,2.384185791015625e-07,1609701834.4713407,1609701834.6672301,0.19588947296142578,1609701834.5239522,1609701834.5310442,0.007091999053955078
4e5a52ca55a64138b7662178dd73ee64,k-means,warm,exec,queue,0.020247220993041992,4.76837158203125e-07,4.76837158203125e-07,1609701834.4728115,1609701834.6241295,0.15131807327270508,1609701834.52986,1609701834.5375535,0.00769352912902832
c4e742dc343f4e86a8c51eb372821fa8,k-means,warm,exec,queue,0.02886962890625,2.384185791015625e-07,2.384185791015625e-07,1609701834.4742682,1609701834.7017326,0.2274644374847412,1609701834.5396135,1609701834.5455637,0.005950212478637695
0de7b6f51e974fc6bcbcb2db6a7a67ac,k-means,warm,exec,queue,0.02494215965270996,4.76837158203125e-07,2.384185791015625e-07,1609701834.4758098,1609701834.6678252,0.1920154094696045,1609701834.539127,1609701834.5471218,0.007994651794433594
f43c0cbb14d24a369dba4db55588248d,k-means,warm,exec,queue,0.06302738189697266,2.384185791015625e-07,0.0,1609701834.4772747,1609701834.8699133,0.3926386833190918,1609701834.5773215,1609701834.584041,0.0067195892333984375
21125402415f44bba1f15f9efb443bec,k-means,warm,exec,queue,0.06848740577697754,2.384185791015625e-07,0.0,1609701834.4787211,1609701834.703877,0.22515583038330078,1609701834.5831685,1609701834.5883546,0.0051860809326171875
0761a3d59973459d966b258a9f100e06,k-means,warm,exec,queue,0.07339787483215332,2.384185791015625e-07,2.384185791015625e-07,1609701834.4801598,1609701834.7813225,0.3011627197265625,1609701834.5892863,1609701834.5939481,0.0046617984771728516
7fff54e70709480e87a07cc48f790c98,k-means,warm,exec,queue,0.07863092422485352,2.384185791015625e-07,0.0,1609701834.4817288,1609701834.932331,0.45060229301452637,1609701834.5940175,1609701834.5985482,0.004530668258666992
a93689815b034baf91f732de34883668,k-means,warm,exec,queue,0.08403348922729492,4.76837158203125e-07,2.384185791015625e-07,1609701834.4831753,1609701834.697567,0.21439170837402344,1609701834.5998497,1609701834.6047606,0.004910945892333984
c7ab863807ea495aa78ceaf8f3d83c30,k-means,warm,exec,queue,0.08891153335571289,2.384185791015625e-07,2.384185791015625e-07,1609701834.4859927,1609701834.7011235,0.21513080596923828,1609701834.6049604,1609701834.610711,0.0057506561279296875
a025d0f01963450991d47a40776e0e54,k-means,warm,exec,queue,7.414817810058594e-05,4.76837158203125e-07,2.384185791015625e-07,1609701835.4461613,1609701835.6777754,0.2316141128540039,1609701835.4963586,1609701835.504367,0.008008480072021484
fb8c8dc965554ac3a9c946c41ba0af66,k-means,warm,exec,queue,0.010048627853393555,2.384185791015625e-07,2.384185791015625e-07,1609701835.4491112,1609701835.675515,0.22640371322631836,1609701835.495393,1609701835.5025747,0.007181644439697266
27566f369d12409fa7bab4a404ea18a2,k-means,warm,exec,queue,0.014720678329467773,4.76837158203125e-07,2.384185791015625e-07,1609701835.451038,1609701835.7416272,0.2905893325805664,1609701835.500087,1609701835.5080178,0.007930755615234375
600e502211924908b80b6109e49584fa,k-means,warm,exec,queue,0.02009129524230957,4.76837158203125e-07,2.384185791015625e-07,1609701835.4529784,1609701835.7268836,0.27390527725219727,1609701835.5059805,1609701835.5129685,0.006988048553466797
a383a48cb8584ab2a7ffbd3c143e51d3,k-means,warm,exec,queue,0.0248868465423584,4.76837158203125e-07,2.384185791015625e-07,1609701835.455133,1609701835.790085,0.33495211601257324,1609701835.518943,1609701835.524112,0.005168914794921875
798c013f7aab4cc193e0763473197eda,k-means,warm,exec,queue,0.02938532829284668,4.76837158203125e-07,2.384185791015625e-07,1609701835.4570684,1609701835.924714,0.46764564514160156,1609701835.5218892,1609701835.5290406,0.007151365280151367
1f00a34b198e432c81b8e8262a6e2c42,k-means,warm,exec,queue,0.03429770469665527,2.384185791015625e-07,0.0,1609701835.458997,1609701835.789529,0.3305320739746094,1609701835.5228605,1609701835.5282078,0.005347251892089844
19e3c9a40e8d41ef93ac3e1ab4ac798d,k-means,warm,exec,queue,0.039014339447021484,2.384185791015625e-07,2.384185791015625e-07,1609701835.4608145,1609701835.9229822,0.46216773986816406,1609701835.530481,1609701835.5382352,0.007754087448120117
7e9aa94db631483cae7ffb78389922f5,k-means,warm,exec,queue,0.04351615905761719,2.384185791015625e-07,0.0,1609701835.462272,1609701835.8402631,0.3779911994934082,1609701835.5356228,1609701835.5433471,0.007724285125732422
18621b2fc33847c0b4ddef894e3b74f0,k-means,warm,exec,queue,0.04799389839172363,2.384185791015625e-07,0.0,1609701835.4638371,1609701835.8397293,0.37589216232299805,1609701835.5393665,1609701835.5458293,0.006462812423706055
a82ca56bbaef4a4188b400886c72918e,k-means,warm,exec,queue,0.053179025650024414,2.384185791015625e-07,0.0,1609701835.4653018,1609701835.7254133,0.26011157035827637,1609701835.5440433,1609701835.550095,0.006051778793334961
0723fd26e5a344b39a0d468444007128,video,warm,exec,queue,0.016942739486694336,2.384185791015625e-07,0.0,1609701835.4667575,1609701835.8371234,0.37036585807800293,1609701835.5196376,1609701835.5369735,0.017335891723632812
d87c03a59f6d41c193e4afdf31893159,matmul,warm,exec,queue,0.021268606185913086,2.384185791015625e-07,2.384185791015625e-07,1609701835.468244,1609701835.7866719,0.31842780113220215,1609701835.5224009,1609701835.533818,0.011417150497436523
2eb31f3a9e7248adbf258d8de45a8015,map_reduce,warm,exec,queue,0.025814533233642578,2.384185791015625e-07,2.384185791015625e-07,1609701835.4698195,1609701835.7916818,0.32186222076416016,1609701835.523218,1609701835.6084049,0.08518695831298828
3b1cdbaadebc4ec4a2111af629f2fe9f,k-means,warm,exec,queue,0.00687718391418457,4.76837158203125e-07,2.384185791015625e-07,1609701836.4454672,1609701836.572758,0.1272907257080078,1609701836.4901433,1609701836.497955,0.007811784744262695
814b55cbc1c04f2883504f087ca2d161,k-means,warm,exec,queue,0.05282902717590332,2.384185791015625e-07,2.384185791015625e-07,1609701836.4496071,1609701836.6752322,0.22562503814697266,1609701836.538728,1609701836.54392,0.0051920413970947266
bcd7220332ab41f19fca13ac854854d3,k-means,warm,exec,queue,0.05781054496765137,2.384185791015625e-07,0.0,1609701836.4521248,1609701836.7068748,0.25475001335144043,1609701836.545871,1609701836.5522952,0.0064241886138916016
76d9feaf3030448eb386d51067d91087,k-means,warm,exec,queue,0.025040388107299805,2.384185791015625e-07,0.0,1609701836.453744,1609701836.8576157,0.4038717746734619,1609701836.505536,1609701836.511275,0.005738973617553711
83529c1d1f0342518eca922daf3651ea,k-means,warm,exec,queue,0.029778242111206055,2.384185791015625e-07,2.384185791015625e-07,1609701836.4553633,1609701836.652396,0.19703269004821777,1609701836.512556,1609701836.518761,0.006204843521118164
f2218760024a4d4480c795e7f1127537,k-means,warm,exec,queue,0.03502774238586426,2.384185791015625e-07,2.384185791015625e-07,1609701836.4568105,1609701836.6159189,0.15910840034484863,1609701836.5163844,1609701836.5218186,0.005434274673461914
8c3b37c5b7bf4d158210bb623e1caca0,k-means,warm,exec,queue,0.04028582572937012,2.384185791015625e-07,2.384185791015625e-07,1609701836.4582307,1609701836.6479783,0.18974757194519043,1609701836.5235784,1609701836.5288234,0.0052449703216552734
f09f0e2ed59941bbbc953b34aa731038,k-means,warm,exec,queue,0.045592308044433594,4.76837158203125e-07,2.384185791015625e-07,1609701836.459672,1609701836.6142688,0.15459680557250977,1609701836.5282562,1609701836.5336587,0.005402565002441406
c07250c145564eb89f0ab0e13a139961,k-means,warm,exec,queue,0.050003767013549805,2.384185791015625e-07,2.384185791015625e-07,1609701836.4611268,1609701836.649705,0.18857812881469727,1609701836.53431,1609701836.5400407,0.005730628967285156
0dd03b12e164458da8e56c699cdcdbac,k-means,warm,exec,queue,0.020580291748046875,4.76837158203125e-07,2.384185791015625e-07,1609701836.4626734,1609701836.8593578,0.3966844081878662,1609701836.5015028,1609701836.5079918,0.0064890384674072266
f1232dd566254d4e92772ff2b286cc24,k-means,warm,exec,queue,0.015291213989257812,2.384185791015625e-07,0.0,1609701836.4640985,1609701836.6528375,0.18873906135559082,1609701836.4962695,1609701836.506148,0.00987863540649414
7236c8ac225249a28c2237f34981cd20,k-means,warm,exec,queue,0.010292291641235352,2.384185791015625e-07,0.0,1609701836.4655466,1609701836.5742867,0.10874009132385254,1609701836.490347,1609701836.497615,0.007268190383911133
9ea126875d494b89ac0b84b3c2707cbb,k-means,warm,exec,queue,0.06222414970397949,2.384185791015625e-07,0.0,1609701836.4669712,1609701836.6736107,0.20663952827453613,1609701836.5503407,1609701836.5557637,0.005423069000244141
ed27c9ad8d724e508ab7c640074db593,k-means,warm,exec,queue,0.0031158924102783203,4.76837158203125e-07,2.384185791015625e-07,1609701837.4502504,1609701837.6111038,0.16085338592529297,1609701837.5384567,1609701837.5465803,0.008123636245727539
4784b75ae1154ebfb037ded9e8ed16cf,k-means,warm,exec,queue,0.0326695442199707,2.384185791015625e-07,2.384185791015625e-07,1609701837.4544523,1609701837.8294263,0.37497401237487793,1609701837.5660694,1609701837.5731819,0.0071125030517578125
3563e6a48c4c4894b24b734b14810c3e,k-means,warm,exec,queue,0.03757333755493164,7.152557373046875e-07,2.384185791015625e-07,1609701837.4570718,1609701837.7457604,0.28868865966796875,1609701837.5732677,1609701837.5823433,0.009075641632080078
6b92fa657dca42a2afdff322277e1fb1,k-means,warm,exec,queue,0.043276071548461914,2.384185791015625e-07,2.384185791015625e-07,1609701837.459623,1609701837.6846097,0.22498655319213867,1609701837.581051,1609701837.587205,0.00615382194519043
5a2a4422fddc4046836c2692d949c667,k-means,warm,exec,queue,0.047841548919677734,2.384185791015625e-07,0.0,1609701837.462489,1609701837.7463095,0.28382062911987305,1609701837.5823326,1609701837.588781,0.006448507308959961
dc10eda744f54757a9b73f6ab155ee0d,k-means,warm,exec,queue,0.052794694900512695,2.384185791015625e-07,0.0,1609701837.4648468,1609701837.927767,0.4629201889038086,1609701837.5899842,1609701837.5978324,0.007848262786865234
73878ade57974e56b709231b6b438402,k-means,warm,exec,queue,0.05882096290588379,2.384185791015625e-07,2.384185791015625e-07,1609701837.4663959,1609701837.9263015,0.45990562438964844,1609701837.5976357,1609701837.6040604,0.006424665451049805
60a7bc060a8047b3a413fae319f63d9c,k-means,warm,exec,queue,0.06411981582641602,2.384185791015625e-07,2.384185791015625e-07,1609701837.4679463,1609701837.8299146,0.3619682788848877,1609701837.600148,1609701837.6062808,0.006132841110229492
69442a76214942caa59ca46018eeae50,k-means,warm,exec,queue,0.012312889099121094,4.76837158203125e-07,2.384185791015625e-07,1609701837.469507,1609701837.7000515,0.2305445671081543,1609701837.5455446,1609701837.5563562,0.010811567306518555
544eb50047d94d08a4e4b78e9900a57e,k-means,warm,exec,queue,0.016927719116210938,9.5367431640625e-07,4.76837158203125e-07,1609701837.471388,1609701837.8268135,0.3554253578186035,1609701837.5625587,1609701837.5702434,0.0076847076416015625
240e928e6d2e4a358a77127c8d3d698c,k-means,warm,exec,queue,0.027843713760375977,2.384185791015625e-07,4.76837158203125e-07,1609701837.472959,1609701837.8939085,0.42094945907592773,1609701837.565222,1609701837.572784,0.007561922073364258
8274d3afcb1645348a4ad9349299a0ce,k-means,warm,exec,queue,0.009824037551879883,2.384185791015625e-07,0.0,1609701837.474511,1609701837.633172,0.1586611270904541,1609701837.539174,1609701837.5490358,0.00986170768737793
f677074aecb7425cbb0c8174f0689b68,k-means,warm,exec,queue,0.06898689270019531,2.384185791015625e-07,0.0,1609701837.4760637,1609701837.7851188,0.3090550899505615,1609701837.6049426,1609701837.611879,0.006936550140380859
f10f3f41adb04d0c9bbd09e03f09bafa,k-means,warm,exec,queue,0.07376909255981445,2.384185791015625e-07,2.384185791015625e-07,1609701837.507356,1609701837.7428102,0.23545432090759277,1609701837.613225,1609701837.6185217,0.0052967071533203125
1c9ff05c808b45babbc24081c0864831,video,warm,exec,queue,0.018008947372436523,9.5367431640625e-07,4.76837158203125e-07,1609701837.5100613,1609701837.687147,0.17708563804626465,1609701837.5659153,1609701837.583484,0.017568588256835938
6c74458903e542a2a4f2fa16997d8a62,k-means,warm,exec,queue,0.0015444755554199219,4.76837158203125e-07,2.384185791015625e-07,1609701838.4452984,1609701838.6061697,0.16087126731872559,1609701838.4862313,1609701838.4947705,0.008539199829101562
60a608fdeba64d5a9b49f90cde7753a2,k-means,warm,exec,queue,0.03991222381591797,4.76837158203125e-07,2.384185791015625e-07,1609701838.4494917,1609701838.7111964,0.261704683303833,1609701838.5233822,1609701838.5278463,0.004464149475097656
6a9575e52cb342708c816335f00fc84c,k-means,warm,exec,queue,0.035166263580322266,4.76837158203125e-07,4.76837158203125e-07,1609701838.4520266,1609701838.8642755,0.4122488498687744,1609701838.5195456,1609701838.5267832,0.007237672805786133
7471b8eddb87432ca882fbe98b267f4a,k-means,warm,exec,queue,0.029593706130981445,7.152557373046875e-07,2.384185791015625e-07,1609701838.4545789,1609701838.6067488,0.15216994285583496,1609701838.511039,1609701838.517459,0.0064198970794677734
be04727ed37e439da7bd25f16673eb09,k-means,warm,exec,queue,0.02443408966064453,4.76837158203125e-07,2.384185791015625e-07,1609701838.4571233,1609701838.8623767,0.40525341033935547,1609701838.5069773,1609701838.512974,0.0059967041015625
3eb08d643c32476282e96b0d76b6bcf7,k-means,warm,exec,queue,0.019893169403076172,4.76837158203125e-07,7.152557373046875e-07,1609701838.459952,1609701838.7618454,0.3018932342529297,1609701838.505194,1609701838.5133936,0.008199691772460938
9dda96687f804ccab9653ce3e50e98bc,k-means,warm,exec,queue,0.015028238296508789,4.76837158203125e-07,2.384185791015625e-07,1609701838.4616272,1609701838.6948416,0.2332143783569336,1609701838.4959474,1609701838.5040793,0.008131980895996094
24915b76d1444041b62e9e5a99106a55,k-means,warm,exec,queue,0.010434389114379883,2.384185791015625e-07,2.384185791015625e-07,1609701838.4631042,1609701838.6084437,0.1453394889831543,1609701838.4909036,1609701838.499312,0.008408308029174805
3a5e9bcf5988448dbd62de75da3c09e2,k-means,warm,exec,queue,0.007422208786010742,2.384185791015625e-07,0.0,1609701838.4646049,1609701838.6033251,0.13872027397155762,1609701838.486611,1609701838.4949443,0.008333444595336914
7587d2442d1d4e40906440e78584a072,k-means,warm,exec,queue,0.04446291923522949,2.384185791015625e-07,2.384185791015625e-07,1609701838.4662044,1609701838.8118165,0.3456120491027832,1609701838.52735,1609701838.5339909,0.006640911102294922
e6b01e385beb48d39b7712047369ea4f,k-means,warm,exec,queue,0.006731510162353516,2.384185791015625e-07,0.0,1609701839.4471743,1609701839.5920968,0.14492249488830566,1609701839.487198,1609701839.4953468,0.008148670196533203
0aca20d647ff4c498f08b130b5495dee,video,warm,exec,queue,0.017110347747802734,4.76837158203125e-07,2.384185791015625e-07,1609701839.4513655,1609701839.723849,0.27248358726501465,1609701839.5050385,1609701839.5223649,0.01732635498046875
b172aee4f8ad4ecd8e092ba064fc9f24,k-means,warm,exec,queue,0.020262479782104492,2.384185791015625e-07,2.384185791015625e-07,1609701839.4539714,1609701839.7255008,0.2715294361114502,1609701839.504895,1609701839.5133405,0.008445501327514648
c9646284e3824c4dadb32758f32946b7,k-means,warm,exec,queue,0.024634122848510742,2.384185791015625e-07,2.384185791015625e-07,1609701839.4565089,1609701839.6511075,0.19459867477416992,1609701839.5072997,1609701839.5136023,0.006302595138549805
d8b74a1128b44f18aecba22e0e4be4f7,k-means,warm,exec,queue,0.02935957908630371,4.76837158203125e-07,0.0,1609701839.4593062,1609701839.5888364,0.1295301914215088,1609701839.5113559,1609701839.5177314,0.006375551223754883
fee04e4171734c25acb4e51b0a76eacd,k-means,warm,exec,queue,0.034620046615600586,2.384185791015625e-07,0.0,1609701839.4613538,1609701839.6490362,0.1876823902130127,1609701839.5204217,1609701839.5274642,0.007042407989501953
5b0ac23ca2d643e2b713a2fa7a000d26,k-means,warm,exec,queue,0.03897714614868164,2.384185791015625e-07,0.0,1609701839.4628131,1609701839.823183,0.3603699207305908,1609701839.5234437,1609701839.5294597,0.0060160160064697266
c95529a2ec91446ca955ecd1dbff4895,k-means,warm,exec,queue,0.04439902305603027,2.384185791015625e-07,2.384185791015625e-07,1609701839.4642954,1609701839.7561548,0.29185938835144043,1609701839.52843,1609701839.5353298,0.006899833679199219
9fb72535062140b985d6b55e6b9287e8,k-means,warm,exec,queue,0.049051761627197266,2.384185791015625e-07,0.0,1609701839.4657557,1609701839.6894855,0.22372984886169434,1609701839.5342128,1609701839.5399637,0.005750894546508789
41a558a0bf26443ab52bded5d9f93362,k-means,warm,exec,queue,0.015555381774902344,4.76837158203125e-07,2.384185791015625e-07,1609701839.467331,1609701839.5915391,0.12420821189880371,1609701839.4967065,1609701839.5048065,0.008100032806396484
a52e2409b2e14730b4e0cb539ed0733f,k-means,warm,exec,queue,0.010982751846313477,4.76837158203125e-07,2.384185791015625e-07,1609701839.4688032,1609701839.5937166,0.12491345405578613,1609701839.492541,1609701839.5004797,0.007938623428344727
01ff517e1f3740579a20dded42e14f39,k-means,warm,exec,queue,0.0075206756591796875,2.384185791015625e-07,0.0,1609701840.4495595,1609701840.557453,0.10789346694946289,1609701840.4929686,1609701840.50136,0.008391380310058594
c6ae1d4ce53d43b794fc4ef39573a3d6,k-means,warm,exec,queue,0.04089927673339844,4.76837158203125e-07,2.384185791015625e-07,1609701840.453703,1609701840.6156878,0.16198492050170898,1609701840.5337882,1609701840.5394518,0.005663633346557617
c58c032f8dab4dac84392a31bb6da549,k-means,warm,exec,queue,0.04648613929748535,2.384185791015625e-07,2.384185791015625e-07,1609701840.4563138,1609701840.8177009,0.3613870143890381,1609701840.5386305,1609701840.5455012,0.006870746612548828
2460611f65f44e92bd854becc6f506c3,k-means,warm,exec,queue,0.05137443542480469,2.384185791015625e-07,2.384185791015625e-07,1609701840.458892,1609701840.6174664,0.15857434272766113,1609701840.5448248,1609701840.5511124,0.006287574768066406
a1fcbc24aecf405984687860e0740cd0,k-means,warm,exec,queue,0.023710966110229492,2.384185791015625e-07,2.384185791015625e-07,1609701840.4613826,1609701840.6426284,0.1812458038330078,1609701840.5126748,1609701840.5195923,0.006917476654052734
aeeff8eb64ea47a3ba9bb19dbd6fc9e1,k-means,warm,exec,queue,0.02730584144592285,2.384185791015625e-07,2.384185791015625e-07,1609701840.46294,1609701840.6408875,0.1779475212097168,1609701840.5170627,1609701840.523243,0.006180286407470703
6d5d31cbdb9541a69f475e9c93c77789,k-means,warm,exec,queue,0.0319828987121582,2.384185791015625e-07,0.0,1609701840.4645064,1609701840.821074,0.3565676212310791,1609701840.5211353,1609701840.528211,0.007075786590576172
51f73452118c42679a97db79e6572e2e,k-means,warm,exec,queue,0.037566184997558594,2.384185791015625e-07,2.384185791015625e-07,1609701840.4660559,1609701840.8205073,0.35445141792297363,1609701840.5292377,1609701840.535763,0.006525278091430664
061a8b0cc8234278b193d266abe44df3,k-means,warm,exec,queue,0.019348859786987305,2.384185791015625e-07,4.76837158203125e-07,1609701840.467621,1609701840.5906172,0.12299609184265137,1609701840.5105734,1609701840.5194018,0.008828401565551758
efb7a72537d04870b87826b4bddc8c74,k-means,warm,exec,queue,0.01493382453918457,2.384185791015625e-07,2.384185791015625e-07,1609701840.4693644,1609701840.59238,0.1230156421661377,1609701840.5016835,1609701840.5101893,0.008505821228027344
60bd51a990fe4472902d32eb6aeac539,matmul,warm,exec,queue,0.02346205711364746,2.384185791015625e-07,0.0,1609701840.4709277,1609701840.6920679,0.22114014625549316,1609701840.511472,1609701840.5224745,0.011002540588378906
3bfc2eb07cb74f6a8ffe39fe3f7c979f,k-means,warm,exec,queue,0.01076054573059082,2.384185791015625e-07,0.0,1609701840.4725351,1609701840.5940828,0.12154769897460938,1609701840.496499,1609701840.5050662,0.008567094802856445
4782dbcd8e4144d3bcb660f535c1a163,k-means,warm,exec,queue,0.0011930465698242188,4.76837158203125e-07,2.384185791015625e-07,1609701841.4555979,1609701841.5785136,0.12291574478149414,1609701841.5062525,1609701841.514729,0.008476495742797852
9775fe4046534f1c89edc33f161da53c,k-means,warm,exec,queue,0.0061833858489990234,2.384185791015625e-07,0.0,1609701841.4600327,1609701841.6513317,0.1912989616394043,1609701841.5069377,1609701841.5155616,0.008623838424682617
3affba6ced4a4fd4ad738d6c08d3a8de,k-means,warm,exec,queue,0.011347532272338867,4.76837158203125e-07,2.384185791015625e-07,1609701841.4626849,1609701841.576691,0.11400604248046875,1609701841.5123482,1609701841.5208964,0.008548259735107422
288c32d929b840a7b8c5fa10122a0c88,k-means,warm,exec,queue,0.016005754470825195,0.0,0.0,1609701841.4650486,1609701841.7864962,0.32144761085510254,1609701841.5181022,1609701841.5274968,0.009394645690917969
3c93c8560a07490cbdac126735d5c506,k-means,warm,exec,queue,0.022138357162475586,2.384185791015625e-07,2.384185791015625e-07,1609701841.4668143,1609701841.7179773,0.2511630058288574,1609701841.5244682,1609701841.5314734,0.007005214691162109
01a26cd0fcd2498b980651b5f7c14203,k-means,warm,exec,queue,0.027555465698242188,2.384185791015625e-07,2.384185791015625e-07,1609701841.4683807,1609701841.6027296,0.13434886932373047,1609701841.5287619,1609701841.5356135,0.006851673126220703
8897c6abd6da44aaa773a660608bc6cb,k-means,warm,exec,queue,0.03302192687988281,4.76837158203125e-07,2.384185791015625e-07,1609701841.469957,1609701841.6010094,0.13105225563049316,1609701841.5348964,1609701841.5417955,0.006899118423461914
7a785484c1c24080bd4caa7485fff613,k-means,warm,exec,queue,0.05794644355773926,2.384185791015625e-07,0.0,1609701841.4715235,1609701841.7533603,0.28183674812316895,1609701841.562911,1609701841.5677571,0.004846096038818359
6adb5e06da1c45bab2f68295323bc4e7,k-means,warm,exec,queue,0.05282855033874512,2.384185791015625e-07,2.384185791015625e-07,1609701841.473105,1609701841.7885113,0.31540632247924805,1609701841.5562718,1609701841.5623899,0.006118059158325195
cfd734e94ae74d0fbedf754b20e91393,k-means,warm,exec,queue,0.04794669151306152,2.384185791015625e-07,0.0,1609701841.4748056,1609701841.751699,0.27689337730407715,1609701841.5510225,1609701841.557858,0.006835460662841797
0e2d151629594dec93d494c27281d066,k-means,warm,exec,queue,0.042699575424194336,2.384185791015625e-07,0.0,1609701841.476398,1609701841.6995285,0.223130464553833,1609701841.5477242,1609701841.5547194,0.006995201110839844
0a89d8d0b1564ea98c611c83d883e31b,k-means,warm,exec,queue,0.037899017333984375,2.384185791015625e-07,2.384185791015625e-07,1609701841.4779768,1609701841.7000964,0.22211956977844238,1609701841.5412498,1609701841.548048,0.006798267364501953
91df9cfd23ea485391bc324a88844a1a,k-means,warm,exec,queue,0.06264424324035645,2.384185791015625e-07,2.384185791015625e-07,1609701841.4795253,1609701841.8452463,0.3657209873199463,1609701841.5682936,1609701841.57475,0.0064563751220703125
5674aa3be26040f68ea126d54fa112e4,video,warm,exec,queue,0.015861034393310547,2.384185791015625e-07,2.384185791015625e-07,1609701841.4814816,1609701841.6963854,0.2149038314819336,1609701841.52536,1609701841.5429404,0.017580270767211914
ec5593a32bb048eab848a881980704bd,k-means,warm,exec,queue,0.002110004425048828,7.152557373046875e-07,2.384185791015625e-07,1609701842.448882,1609701842.6070635,0.15818142890930176,1609701842.4874961,1609701842.4956944,0.008198261260986328
07e179b3a96147ac8ad61347c69db1ad,k-means,warm,exec,queue,0.025475263595581055,2.384185791015625e-07,0.0,1609701842.45304,1609701842.619481,0.1664412021636963,1609701842.5077412,1609701842.5138142,0.006072998046875
3a727ca0248f42289af525d60168f614,k-means,warm,exec,queue,0.030147790908813477,2.384185791015625e-07,2.384185791015625e-07,1609701842.455529,1609701842.6998584,0.24432945251464844,1609701842.5143204,1609701842.5204365,0.006116151809692383
011f29470e4a4e8398b6cd72f83ecbd1,k-means,warm,exec,queue,0.03454732894897461,2.384185791015625e-07,2.384185791015625e-07,1609701842.4580295,1609701842.69847,0.24044060707092285,1609701842.5193264,1609701842.5259109,0.0065844058990478516
5c4f3ff5645f4652b4fe764a1c3ba879,k-means,warm,exec,queue,0.020684480667114258,2.384185791015625e-07,0.0,1609701842.460448,1609701842.6988432,0.23839521408081055,1609701842.503455,1609701842.5098293,0.006374359130859375
8ef5a2af2ce2462596ed3b4967e756d4,k-means,warm,exec,queue,0.015360832214355469,4.76837158203125e-07,2.384185791015625e-07,1609701842.462045,1609701842.6036463,0.1416013240814209,1609701842.4975703,1609701842.5056107,0.008040428161621094
d8edca55151447e3b582e8fa4d89a0eb,k-means,warm,exec,queue,0.007764577865600586,2.384185791015625e-07,2.384185791015625e-07,1609701842.4634748,1609701842.6064672,0.14299249649047852,1609701842.4878275,1609701842.4959118,0.008084297180175781
b2c1cb880b4243b5b1d423e18cdb91aa,k-means,warm,exec,queue,0.012785673141479492,4.76837158203125e-07,2.384185791015625e-07,1609701842.4649158,1609701842.608659,0.14374327659606934,1609701842.4933865,1609701842.5012157,0.00782918930053711
532b3f68fc0c414a954adb7cdb95cb68,k-means,warm,exec,queue,0.045511484146118164,4.76837158203125e-07,2.384185791015625e-07,1609701842.4663434,1609701842.6964915,0.2301480770111084,1609701842.5312731,1609701842.5377223,0.006449222564697266
6b9fef11669842ceb23b4ff5f018b38d,k-means,warm,exec,queue,0.039896249771118164,4.76837158203125e-07,4.76837158203125e-07,1609701842.467876,1609701842.8244371,0.35656118392944336,1609701842.5251195,1609701842.5312548,0.006135225296020508
5ebfafcd97094d0b880c1b9d2575fa36,k-means,warm,exec,queue,7.43865966796875e-05,7.152557373046875e-07,2.384185791015625e-07,1609701843.4467664,1609701843.5574303,0.11066389083862305,1609701843.4819474,1609701843.4914567,0.00950932502746582
49b78fd12125467eb1a0c440ed01d8dd,video,warm,exec,queue,0.021745681762695312,2.384185791015625e-07,2.384185791015625e-07,1609701843.450856,1609701843.7154374,0.26458144187927246,1609701843.5023003,1609701843.5199509,0.017650604248046875
8215e4db08ed415eabe2cab5c4b45ccf,k-means,warm,exec,queue,0.0038509368896484375,2.384185791015625e-07,2.384185791015625e-07,1609701843.4535415,1609701843.555534,0.10199236869812012,1609701843.482128,1609701843.491517,0.009389162063598633
ad8154fb4d3142eabecb3d0f88884db7,k-means,warm,exec,queue,0.008678674697875977,2.384185791015625e-07,7.152557373046875e-07,1609701843.4561253,1609701843.6136217,0.15749645233154297,1609701843.48895,1609701843.4978006,0.008850574493408203
d8bf47c60d184aceb5426f1477f82469,k-means,warm,exec,queue,0.013885259628295898,4.76837158203125e-07,2.384185791015625e-07,1609701843.458714,1609701843.5900311,0.131317138671875,1609701843.4933023,1609701843.5017207,0.00841832160949707
2d340e6fe3d549f8a23cbcea32a0bd5f,k-means,warm,exec,queue,0.020815372467041016,2.384185791015625e-07,2.384185791015625e-07,1609701843.4610896,1609701843.5882936,0.12720394134521484,1609701843.5013995,1609701843.508314,0.006914377212524414
554992b04f4d4e0daef59c1a702f9bf8,k-means,warm,exec,queue,0.0260012149810791,4.76837158203125e-07,2.384185791015625e-07,1609701843.4626627,1609701843.7812622,0.3185994625091553,1609701843.506783,1609701843.5126336,0.005850553512573242
0d317692d77a4d8eace73bca9b8e4698,k-means,warm,exec,queue,0.030704498291015625,2.384185791015625e-07,2.384185791015625e-07,1609701843.4642508,1609701843.713878,0.24962711334228516,1609701843.51082,1609701843.5178068,0.006986856460571289
f159f641889643fd85550fe5b1555afc,k-means,warm,exec,queue,0.0008411407470703125,7.152557373046875e-07,2.384185791015625e-07,1609701844.4551604,1609701844.5853064,0.13014602661132812,1609701844.5068138,1609701844.5155685,0.008754730224609375
ab70fddd3902434091f5717f6edc6d13,k-means,warm,exec,queue,0.041504621505737305,4.76837158203125e-07,2.384185791015625e-07,1609701844.4594207,1609701844.6537802,0.19435954093933105,1609701844.548042,1609701844.5545526,0.006510496139526367
ea6f9246e88b4825a7d444d22974e740,k-means,warm,exec,queue,0.04629993438720703,2.384185791015625e-07,0.0,1609701844.4620345,1609701844.6920233,0.22998881340026855,1609701844.5520258,1609701844.558455,0.006429195404052734
7f89c633813d49e7930895b0a10f9c97,k-means,warm,exec,queue,0.05116605758666992,7.152557373046875e-07,2.384185791015625e-07,1609701844.4646664,1609701844.743714,0.27904772758483887,1609701844.5588536,1609701844.5651274,0.006273746490478516
de86b328ee8d4749ab0ac983f4308f9f,k-means,warm,exec,queue,0.006227970123291016,7.152557373046875e-07,4.76837158203125e-07,1609701844.467557,1609701844.5859149,0.11835789680480957,1609701844.5069299,1609701844.515832,0.00890207290649414
e6084d776b00431ab40b827f7ec1d69b,k-means,warm,exec,queue,0.010727167129516602,2.384185791015625e-07,2.384185791015625e-07,1609701844.4695404,1609701844.6505296,0.18098926544189453,1609701844.5102847,1609701844.5189192,0.008634567260742188
51cbcb8819b7467581260c7a0da6b1ce,k-means,warm,exec,queue,0.015442132949829102,4.76837158203125e-07,2.384185791015625e-07,1609701844.471103,1609701844.5825884,0.11148548126220703,1609701844.5168333,1609701844.5251892,0.008355855941772461
16ce8a79788e4fb4ad03a7ef894f0006,k-means,warm,exec,queue,0.0385894775390625,4.76837158203125e-07,2.384185791015625e-07,1609701844.4727414,1609701844.80921,0.3364686965942383,1609701844.5435436,1609701844.5504248,0.006881237030029297
189ad7322875487d90ed09ab0bee8d32,k-means,warm,exec,queue,0.02012491226196289,4.76837158203125e-07,2.384185791015625e-07,1609701844.4743276,1609701844.65317,0.17884254455566406,1609701844.5273817,1609701844.5361261,0.008744478225708008
e564ba0442a647309860c6341da40b6e,k-means,warm,exec,queue,0.0249481201171875,2.384185791015625e-07,0.0,1609701844.4760492,1609701844.6069207,0.13087153434753418,1609701844.527238,1609701844.5342526,0.007014751434326172
fa0fa443188e4ce8a94bf0b270726754,k-means,warm,exec,queue,0.029277324676513672,2.384185791015625e-07,2.384185791015625e-07,1609701844.477689,1609701844.7431517,0.26546263694763184,1609701844.531848,1609701844.5379033,0.006055355072021484
dc07ae64b4154efebebd4ff7001f134a,k-means,warm,exec,queue,0.03385615348815918,2.384185791015625e-07,2.384185791015625e-07,1609701844.4792984,1609701844.6489198,0.16962146759033203,1609701844.5358906,1609701844.5429022,0.0070116519927978516
affe4f0d576d4e82979e7752ee4281a2,k-means,warm,exec,queue,0.0021734237670898438,4.76837158203125e-07,2.384185791015625e-07,1609701845.465009,1609701845.6091392,0.14413022994995117,1609701845.5316737,1609701845.539862,0.008188247680664062
a015b3b5758d42699d8d608ba837ce3b,k-means,warm,exec,queue,0.0030913352966308594,4.76837158203125e-07,2.384185791015625e-07,1609701845.4692428,1609701845.6959038,0.22666096687316895,1609701845.5505147,1609701845.558821,0.008306264877319336
4b71694aa24b4b4683ac23729e2a4d86,k-means,warm,exec,queue,0.039527177810668945,2.384185791015625e-07,2.384185791015625e-07,1609701845.4717824,1609701845.6953952,0.22361278533935547,1609701845.5798383,1609701845.5865788,0.006740570068359375
65f372d2f0eb4613920535f55a3149b1,k-means,warm,exec,queue,0.04436516761779785,4.76837158203125e-07,0.0,1609701845.4743528,1609701845.7925572,0.318204402923584,1609701845.5854247,1609701845.5926647,0.0072400569915771484
bf1b439c6c724281acbbd58adb709026,k-means,warm,exec,queue,0.04932236671447754,2.384185791015625e-07,2.384185791015625e-07,1609701845.4771857,1609701845.8431623,0.36597657203674316,1609701845.5937855,1609701845.60069,0.0069043636322021484
792b5f13436e4f2ab714c7dd457c12db,k-means,warm,exec,queue,0.05401158332824707,2.384185791015625e-07,2.384185791015625e-07,1609701845.4797132,1609701845.6929023,0.21318912506103516,1609701845.5954564,1609701845.6017249,0.006268501281738281
60b5d56b300f46b789095a1af252e243,k-means,warm,exec,queue,0.05969405174255371,4.76837158203125e-07,4.76837158203125e-07,1609701845.481599,1609701845.8994522,0.41785311698913574,1609701845.6016955,1609701845.606945,0.005249500274658203
48958e37ef2041aa8566a57d2ecbc3ca,k-means,warm,exec,queue,0.028702259063720703,4.76837158203125e-07,0.0,1609701845.4831245,1609701845.8426373,0.3595128059387207,1609701845.5750897,1609701845.5829601,0.00787043571472168
4b24a44d744b4f1aa3b489bab7dd5db2,k-means,warm,exec,queue,0.022608280181884766,2.384185791015625e-07,2.384185791015625e-07,1609701845.4862523,1609701845.651163,0.16491079330444336,1609701845.5623374,1609701845.5713584,0.00902104377746582
b76daba998b14ecd906c5c2473f66f7f,k-means,warm,exec,queue,0.018181324005126953,2.384185791015625e-07,2.384185791015625e-07,1609701845.4888237,1609701845.7765338,0.28771018981933594,1609701845.5569835,1609701845.565709,0.008725643157958984
fa839cf5fc7f4276a4d6732a539b3969,k-means,warm,exec,queue,0.008568048477172852,2.384185791015625e-07,0.0,1609701845.4913712,1609701845.6529393,0.16156816482543945,1609701845.551684,1609701845.560446,0.008762121200561523
99ce8f9763cd4388893883a5470ed724,k-means,warm,exec,queue,0.03372693061828613,2.384185791015625e-07,2.384185791015625e-07,1609701845.4939432,1609701845.9015908,0.40764760971069336,1609701845.5787685,1609701845.5858545,0.007086038589477539
300fefb05b7d464981aa56e183193dd5,k-means,warm,exec,queue,0.01576685905456543,4.76837158203125e-07,2.384185791015625e-07,1609701845.4966903,1609701845.8967118,0.4000215530395508,1609701845.5516684,1609701845.5587842,0.007115840911865234
01409980964e450888cf7318479f5335,k-means,warm,exec,queue,0.06223297119140625,2.384185791015625e-07,2.384185791015625e-07,1609701845.4992795,1609701845.8371973,0.3379178047180176,1609701845.6079435,1609701845.6142006,0.006257057189941406
1bfb89dd9fe94beb882256be46dfbd2b,k-means,warm,exec,queue,0.06687784194946289,2.384185791015625e-07,2.384185791015625e-07,1609701845.5018802,1609701845.900015,0.3981349468231201,1609701845.6129305,1609701845.6191533,0.006222724914550781
1dcf4b1198344ea49da7b30da0aed577,k-means,warm,exec,queue,0.07162237167358398,4.76837158203125e-07,2.384185791015625e-07,1609701845.5044847,1609701845.8436627,0.33917808532714844,1609701845.617366,1609701845.6231358,0.0057697296142578125
74a769757f42422680d25d892ac0647d,video,warm,exec,queue,0.002523660659790039,2.384185791015625e-07,2.384185791015625e-07,1609701845.507761,1609701845.7171428,0.2093818187713623,1609701845.552503,1609701845.5702777,0.017774581909179688
31cae9e612374d81b66117a287588300,matmul,warm,exec,queue,0.018873929977416992,2.384185791015625e-07,0.0,1609701845.5104425,1609701845.842059,0.3316164016723633,1609701845.57608,1609701845.5858326,0.009752511978149414
436fffd7a4f04270815fde7a172cf266,map_reduce,warm,exec,queue,0.023783206939697266,2.384185791015625e-07,0.0,1609701845.5131025,1609701845.947181,0.4340784549713135,1609701845.579377,1609701845.6645248,0.08514785766601562
b0bc39638b81453a97b35e07364f17d9,k-means,warm,exec,queue,0.00556635856628418,4.76837158203125e-07,2.384185791015625e-07,1609701846.4562192,1609701846.6187596,0.16254043579101562,1609701846.5033236,1609701846.5105858,0.007262229919433594
9e8068319a784d68b4f978203a2e6bf6,k-means,warm,exec,queue,0.03159141540527344,2.384185791015625e-07,2.384185791015625e-07,1609701846.4602807,1609701846.6516585,0.19137787818908691,1609701846.531047,1609701846.5366445,0.005597352981567383
4b00eaa8aa93437298bb62013e9b041d,k-means,warm,exec,queue,0.03601503372192383,2.384185791015625e-07,2.384185791015625e-07,1609701846.462843,1609701846.7368116,0.2739686965942383,1609701846.536384,1609701846.5424201,0.006036043167114258
d6961acaa2eb4d1ba0b09fa8ef35199a,k-means,warm,exec,queue,0.040706634521484375,2.384185791015625e-07,2.384185791015625e-07,1609701846.4654331,1609701846.6935182,0.22808504104614258,1609701846.541432,1609701846.5460353,0.004603385925292969
4964943b1d044e8e9deab7777fe94dca,k-means,warm,exec,queue,0.04537367820739746,2.384185791015625e-07,2.384185791015625e-07,1609701846.4683142,1609701846.6960683,0.2277541160583496,1609701846.5468128,1609701846.552386,0.005573272705078125
e124ca548a4d4a618a8e5f5f9bdb21d5,k-means,warm,exec,queue,0.05024862289428711,4.76837158203125e-07,2.384185791015625e-07,1609701846.469982,1609701846.694978,0.22499608993530273,1609701846.552337,1609701846.558791,0.006453990936279297
b0bfbf9bffa14d1fa8b3188291f98cbe,k-means,warm,exec,queue,0.05525326728820801,2.384185791015625e-07,2.384185791015625e-07,1609701846.4715192,1609701846.7388382,0.2673189640045166,1609701846.5573199,1609701846.563173,0.005853176116943359
9b97b23308d44c64b7f6df44d0bfc07b,k-means,warm,exec,queue,0.013863563537597656,2.384185791015625e-07,2.384185791015625e-07,1609701846.4730635,1609701846.76152,0.28845643997192383,1609701846.5084777,1609701846.5161417,0.0076639652252197266
c6ee43247feb48849136c74823daa586,k-means,warm,exec,queue,0.019265413284301758,2.384185791015625e-07,2.384185791015625e-07,1609701846.4746056,1609701846.7635798,0.2889742851257324,1609701846.5162156,1609701846.5246599,0.00844430923461914
e8fe72c585b74fdfa95a8f7c0a602815,k-means,warm,exec,queue,0.024472951889038086,4.76837158203125e-07,2.384185791015625e-07,1609701846.476308,1609701846.6534412,0.17713308334350586,1609701846.51944,1609701846.5241961,0.00475621223449707
004b05f6528044f290f94b0a0c85b829,k-means,warm,exec,queue,0.029306888580322266,4.76837158203125e-07,2.384185791015625e-07,1609701846.4778504,1609701846.6551757,0.17732524871826172,1609701846.525071,1609701846.5312521,0.006181240081787109
1ad1117bb24e497398db6be0de9dbef5,k-means,warm,exec,queue,0.008838176727294922,2.384185791015625e-07,2.384185791015625e-07,1609701846.479395,1609701846.6206257,0.14123082160949707,1609701846.5031867,1609701846.51127,0.008083343505859375
1212b496920249cfb63303a7fdb230ae,k-means,warm,exec,queue,7.152557373046875e-05,4.76837158203125e-07,2.384185791015625e-07,1609701847.4539442,1609701847.5988996,0.14495539665222168,1609701847.4956968,1609701847.5043457,0.008648872375488281
6c02402ab7bd42df8f61f02d0bea12ea,video,warm,exec,queue,0.024395227432250977,4.76837158203125e-07,2.384185791015625e-07,1609701847.4580631,1609701847.7135663,0.25550317764282227,1609701847.5171595,1609701847.534858,0.01769852638244629
ce098eeea8c6474e912fcd2e6a472d99,k-means,warm,exec,queue,0.010690450668334961,2.384185791015625e-07,2.384185791015625e-07,1609701847.460708,1609701847.595343,0.13463521003723145,1609701847.5013916,1609701847.5099595,0.00856781005859375
b272e6a4afb64ec69427cef7d94e84df,k-means,warm,exec,queue,0.015336036682128906,4.76837158203125e-07,2.384185791015625e-07,1609701847.4632761,1609701847.7120066,0.24873042106628418,1609701847.5069766,1609701847.5148673,0.007890701293945312
d361487c5f184aff9973120a2e66ec7d,k-means,warm,exec,queue,0.02290940284729004,2.384185791015625e-07,2.384185791015625e-07,1609701847.4661534,1609701847.7727392,0.30658578872680664,1609701847.516319,1609701847.523316,0.006996870040893555
4e724390ad804ad1a9e1c1df398994b7,k-means,warm,exec,queue,0.027260541915893555,2.384185791015625e-07,2.384185791015625e-07,1609701847.4685986,1609701847.8989816,0.43038296699523926,1609701847.5198216,1609701847.5265365,0.006714820861816406
d3bb4abf556644f0bf58b61fcd9f2df2,k-means,warm,exec,queue,0.03171706199645996,2.384185791015625e-07,2.384185791015625e-07,1609701847.4701622,1609701847.6278954,0.15773320198059082,1609701847.523965,1609701847.5292356,0.005270719528198242
955ebdb4717a4176add510b99f6c5ddd,k-means,warm,exec,queue,0.036824703216552734,2.384185791015625e-07,2.384185791015625e-07,1609701847.4717371,1609701847.8969572,0.4252200126647949,1609701847.5299067,1609701847.5364711,0.00656437873840332
00367143583a40cca18e031f7e005a27,k-means,warm,exec,queue,0.041759490966796875,2.384185791015625e-07,2.384185791015625e-07,1609701847.4733253,1609701847.6296449,0.15631961822509766,1609701847.535482,1609701847.5403605,0.004878520965576172
2eab8295ab1b4fed8c776a601e8f96d9,k-means,warm,exec,queue,0.005776882171630859,4.76837158203125e-07,2.384185791015625e-07,1609701847.475026,1609701847.5982978,0.12327194213867188,1609701847.4958627,1609701847.5045834,0.008720636367797852
c8f933ce454d4a7f8a9aea78437f05b4,k-means,warm,exec,queue,0.0012462139129638672,4.76837158203125e-07,2.384185791015625e-07,1609701848.4620779,1609701848.6421614,0.1800835132598877,1609701848.5208776,1609701848.5295367,0.008659124374389648
22587e732c1f41e59315baa19be86541,k-means,warm,exec,queue,0.0371854305267334,2.384185791015625e-07,2.384185791015625e-07,1609701848.4663286,1609701848.972721,0.5063924789428711,1609701848.5554507,1609701848.5624974,0.007046699523925781
313d26b1c837421c9ee682c0e40c9162,k-means,warm,exec,queue,0.041924238204956055,2.384185791015625e-07,2.384185791015625e-07,1609701848.468981,1609701848.9394288,0.4704477787017822,1609701848.5608811,1609701848.5677154,0.006834268569946289
934fccbadbd94b00a95fe024450cbb26,k-means,warm,exec,queue,0.04666781425476074,2.384185791015625e-07,0.0,1609701848.4716005,1609701848.7604585,0.28885793685913086,1609701848.564774,1609701848.5711887,0.006414651870727539
aa323cea55f646238b5f93fd91c359af,k-means,warm,exec,queue,0.05190014839172363,2.384185791015625e-07,0.0,1609701848.474567,1609701849.0688694,0.5943024158477783,1609701848.5706866,1609701848.5769513,0.006264686584472656
a4e1f5fd2238444aab55279066a8e783,k-means,warm,exec,queue,0.0051805973052978516,7.152557373046875e-07,4.76837158203125e-07,1609701848.4769254,1609701848.641522,0.1645965576171875,1609701848.521761,1609701848.5304656,0.008704662322998047
a16befc5f2554aa9a10f89d52c481884,k-means,warm,exec,queue,0.009758949279785156,2.384185791015625e-07,0.0,1609701848.4785142,1609701848.6386194,0.16010522842407227,1609701848.522469,1609701848.531091,0.008621931076049805
da88ce1911d5453b8fe9a5639d12cd86,k-means,warm,exec,queue,0.01457667350769043,2.384185791015625e-07,2.384185791015625e-07,1609701848.4800956,1609701848.696573,0.2164773941040039,1609701848.527634,1609701848.5367093,0.009075403213500977
db6c79e267dd4d00acb6cc949002f461,k-means,warm,exec,queue,0.018967628479003906,7.152557373046875e-07,2.384185791015625e-07,1609701848.4817035,1609701848.759808,0.2781045436859131,1609701848.5328975,1609701848.5414486,0.00855112075805664
0cc129e7007140d6a3718edaae6f211e,k-means,warm,exec,queue,0.02400970458984375,2.384185791015625e-07,0.0,1609701848.4834206,1609701849.0683303,0.5849096775054932,1609701848.5387356,1609701848.544019,0.005283355712890625
e761fd5b3d694b62b514a08debb89436,k-means,warm,exec,queue,0.028360366821289062,2.384185791015625e-07,0.0,1609701848.4865255,1609701848.78865,0.3021245002746582,1609701848.5437944,1609701848.5508893,0.007094860076904297
70d6a2f2415548ae80e6b75b20f71182,k-means,warm,exec,queue,0.03355813026428223,2.384185791015625e-07,2.384185791015625e-07,1609701848.4888575,1609701848.8305519,0.34169435501098633,1609701848.5494294,1609701848.5558276,0.006398200988769531
49a441bcf37a4f5c9923ee57c10cde3a,k-means,warm,exec,queue,0.056365013122558594,2.384185791015625e-07,0.0,1609701848.491189,1609701848.8666213,0.37543225288391113,1609701848.577473,1609701848.5835752,0.006102323532104492
2371f315bb0f4d5cb8978b4f88e541c6,k-means,warm,exec,queue,0.061490774154663086,2.384185791015625e-07,2.384185791015625e-07,1609701848.4936638,1609701848.7567825,0.2631187438964844,1609701848.5828784,1609701848.5897267,0.006848335266113281
75deecad66394b738e3bf057097bc81d,k-means,warm,exec,queue,0.0057277679443359375,4.76837158203125e-07,2.384185791015625e-07,1609701849.464014,1609701849.636637,0.1726229190826416,1609701849.5288143,1609701849.5375314,0.008717060089111328
8a29ea4ce07f4585b33c0c935c57a7f7,k-means,warm,exec,queue,0.03407478332519531,2.384185791015625e-07,0.0,1609701849.468162,1609701849.9011855,0.43302345275878906,1609701849.5572312,1609701849.563825,0.0065937042236328125
051bfeab6eb24643af60eda89687f0eb,k-means,warm,exec,queue,0.0386662483215332,2.384185791015625e-07,2.384185791015625e-07,1609701849.4707487,1609701849.727975,0.25722622871398926,1609701849.5601132,1609701849.5672758,0.007162570953369141
eacd1bdc5917405ba5a74d3bbd75b823,k-means,warm,exec,queue,0.04311537742614746,2.384185791015625e-07,2.384185791015625e-07,1609701849.473343,1609701849.774878,0.30153512954711914,1609701849.5659451,1609701849.5739384,0.007993221282958984
cd42975a3e0041a093687b3cb942fe66,k-means,warm,exec,queue,0.04935026168823242,2.384185791015625e-07,0.0,1609701849.476182,1609701849.7610993,0.28491735458374023,1609701849.5740666,1609701849.5794592,0.005392551422119141
fec3296d1fdd43de8855c74705170277,k-means,warm,exec,queue,0.054085493087768555,2.384185791015625e-07,0.0,1609701849.4778144,1609701849.728581,0.2507665157318115,1609701849.577553,1609701849.5844073,0.00685429573059082
481c24e2dd9940469c201d55dd419a60,k-means,warm,exec,queue,0.05866599082946777,2.384185791015625e-07,2.384185791015625e-07,1609701849.4793417,1609701849.7253056,0.24596381187438965,1609701849.5825918,1609701849.5888326,0.0062408447265625
9fb581d1fc3040af90dd221717ff0e25,k-means,warm,exec,queue,0.016838550567626953,2.384185791015625e-07,4.76837158203125e-07,1609701849.4808848,1609701849.6372292,0.15634441375732422,1609701849.5339806,1609701849.5423036,0.008322954177856445
176a5247807546c3a45d1d63918c3fb7,k-means,warm,exec,queue,0.021299362182617188,7.152557373046875e-07,2.384185791015625e-07,1609701849.4824395,1609701849.7759929,0.29355335235595703,1609701849.5395558,1609701849.5484076,0.008851766586303711
f72b73ca32a34a0587aea484173eefde,k-means,warm,exec,queue,0.025992155075073242,4.76837158203125e-07,2.384185791015625e-07,1609701849.4854617,1609701849.9260309,0.4405691623687744,1609701849.5548196,1609701849.5630736,0.008254051208496094
7d68745e9a4249949e29a5c447a4ac55,k-means,warm,exec,queue,0.030969858169555664,2.384185791015625e-07,2.384185791015625e-07,1609701849.4880354,1609701849.9277203,0.4396848678588867,1609701849.556401,1609701849.5640004,0.007599353790283203
bbc0e91dea1f4ee4b8cf782af1bd68e5,k-means,warm,exec,queue,0.011890172958374023,4.76837158203125e-07,2.384185791015625e-07,1609701849.4906118,1609701849.6338277,0.14321589469909668,1609701849.529041,1609701849.5376053,0.008564233779907227
b598490f6111429abadf378872e2a5eb,k-means,warm,exec,queue,0.0630497932434082,2.384185791015625e-07,4.76837158203125e-07,1609701849.4931934,1609701849.7616742,0.2684807777404785,1609701849.5888662,1609701849.5951374,0.0062711238861083984
2afee06e83064e69b97094a126f166ac,video,warm,exec,queue,0.021138668060302734,4.76837158203125e-07,2.384185791015625e-07,1609701849.4959471,1609701849.9294508,0.4335036277770996,1609701849.5569818,1609701849.5742767,0.017294883728027344
e758482356c24082b42566c62fcb71b6,matmul,warm,exec,queue,0.025822877883911133,2.384185791015625e-07,0.0,1609701849.4985526,1609701849.7301335,0.2315809726715088,1609701849.5577435,1609701849.5661378,0.008394241333007812
582c1573c03a496c9cb550436421ecb1,k-means,warm,exec,queue,0.001878499984741211,4.76837158203125e-07,2.384185791015625e-07,1609701850.4604192,1609701850.645583,0.1851637363433838,1609701850.5067258,1609701850.5151384,0.008412599563598633
129104807f524f11a137c2881a2532c5,k-means,warm,exec,queue,0.026152372360229492,4.76837158203125e-07,4.76837158203125e-07,1609701850.464778,1609701850.6805565,0.21577858924865723,1609701850.5306752,1609701850.5371652,0.006489992141723633
855866333c3f4a72aeec0c12c4683f4b,k-means,warm,exec,queue,0.03130030632019043,2.384185791015625e-07,2.384185791015625e-07,1609701850.467392,1609701850.679901,0.2125089168548584,1609701850.5372312,1609701850.5418813,0.004650115966796875
4aa846c0f9d34aa9a5fdf08b32bb8966,k-means,warm,exec,queue,0.036527395248413086,2.384185791015625e-07,0.0,1609701850.4700162,1609701850.6438615,0.1738452911376953,1609701850.5427237,1609701850.5497801,0.007056474685668945
97f71bb3073144b7a43fe5a4e466d8f5,k-means,warm,exec,queue,0.042105674743652344,2.384185791015625e-07,2.384185791015625e-07,1609701850.4727485,1609701850.744647,0.2718985080718994,1609701850.5477064,1609701850.5521052,0.004398822784423828
0d6dca5d506b413a8fd67609bee2da4a,k-means,warm,exec,queue,0.047675132751464844,4.76837158203125e-07,2.384185791015625e-07,1609701850.474322,1609701851.0720813,0.5977592468261719,1609701850.5548277,1609701850.561785,0.006957292556762695
6c1f3d0cd1e3455aa63a225a0739f7ee,k-means,warm,exec,queue,0.008304834365844727,2.384185791015625e-07,2.384185791015625e-07,1609701850.4759104,1609701850.728726,0.25281548500061035,1609701850.509043,1609701850.5177274,0.008684396743774414
a1600ab55677461da83b002e8676b2df,k-means,warm,exec,queue,0.013677120208740234,4.76837158203125e-07,2.384185791015625e-07,1609701850.4775116,1609701850.5775728,0.10006117820739746,1609701850.5152097,1609701850.5232732,0.008063554763793945
c12797c649fc48b48ff07060eb4fb5aa,k-means,warm,exec,queue,0.018203020095825195,7.152557373046875e-07,0.0,1609701850.479091,1609701850.7304814,0.2513904571533203,1609701850.5207014,1609701850.5290306,0.008329153060913086
101dd4a06c714ee789240a9147cb7885,k-means,warm,exec,queue,0.023433446884155273,2.384185791015625e-07,2.384185791015625e-07,1609701850.480816,1609701850.601994,0.12117815017700195,1609701850.525204,1609701850.5320244,0.0068204402923583984
5fb4129c093b4a58bf69ad46ef647bf3,k-means,warm,exec,queue,0.0059545040130615234,7.152557373046875e-07,2.384185791015625e-07,1609701850.4823794,1609701850.603544,0.12116456031799316,1609701850.5065753,1609701850.51517,0.008594751358032227
818917dde9c34ab58f86fb263beead7c,k-means,warm,exec,queue,0.003557920455932617,4.76837158203125e-07,2.384185791015625e-07,1609701851.4505792,1609701851.56509,0.11451077461242676,1609701851.477047,1609701851.4868648,0.009817838668823242
b23e4a88f550486488ac48c63aa611ef,video,warm,exec,queue,0.02162337303161621,2.384185791015625e-07,2.384185791015625e-07,1609701851.4545047,1609701851.6714468,0.21694207191467285,1609701851.497746,1609701851.5155108,0.017764806747436523
b8bf9407546948a1a19980dd228c2434,k-means,warm,exec,queue,0.011551380157470703,4.76837158203125e-07,2.384185791015625e-07,1609701851.4571478,1609701851.6377652,0.1806173324584961,1609701851.4870665,1609701851.4960294,0.008962869644165039
83b8067690794430b14ae19fa8c69a6d,k-means,warm,exec,queue,0.015940427780151367,4.76837158203125e-07,2.384185791015625e-07,1609701851.4597208,1609701851.5959418,0.13622093200683594,1609701851.4966838,1609701851.504334,0.007650136947631836
71d59f1d34a3402786db56a98030e7aa,k-means,warm,exec,queue,0.008022785186767578,2.384185791015625e-07,4.76837158203125e-07,1609701851.462299,1609701851.563209,0.10090994834899902,1609701851.4819613,1609701851.4912608,0.009299516677856445
013bb9138af14b278f164f9da59fd0f6,k-means,warm,exec,queue,0.00061798095703125,4.76837158203125e-07,2.384185791015625e-07,1609701852.4718518,1609701852.623633,0.1517810821533203,1609701852.533328,1609701852.5405684,0.00724029541015625
52a6a3caffa64468b8ea4f8098b69eff,k-means,warm,exec,queue,0.012188911437988281,2.384185791015625e-07,2.384185791015625e-07,1609701852.4763577,1609701852.625821,0.14946341514587402,1609701852.533097,1609701852.5406082,0.007511138916015625
35e00f258df84f55a1a535f0d0da9698,k-means,warm,exec,queue,0.016950368881225586,4.76837158203125e-07,2.384185791015625e-07,1609701852.4789045,1609701852.6262538,0.14734935760498047,1609701852.540821,1609701852.5478606,0.007039546966552734
e64ca7504a574131ab1a720aa4330de3,k-means,warm,exec,queue,0.021460294723510742,4.76837158203125e-07,2.384185791015625e-07,1609701852.4814682,1609701852.664109,0.18264079093933105,1609701852.5496087,1609701852.557631,0.008022308349609375
2640850e3f934d07ad3d4404ac18f0ab,k-means,warm,exec,queue,0.02661752700805664,2.384185791015625e-07,2.384185791015625e-07,1609701852.4850767,1609701852.7354105,0.2503337860107422,1609701852.549125,1609701852.5564117,0.007286787033081055
c1e26446c89d44118daf08ec70b6b325,k-means,warm,exec,queue,0.03114604949951172,4.76837158203125e-07,2.384185791015625e-07,1609701852.4865813,1609701852.7322648,0.2456834316253662,1609701852.5554364,1609701852.5620418,0.006605386734008789
ed8c5d5ec4154d168c8bbd54698c06cb,k-means,warm,exec,queue,0.03560614585876465,2.384185791015625e-07,0.0,1609701852.488081,1609701852.740077,0.2519960403442383,1609701852.5645578,1609701852.5723002,0.007742404937744141
676974c4760a4173816c7e48f2d919b0,k-means,warm,exec,queue,0.040406227111816406,2.384185791015625e-07,2.384185791015625e-07,1609701852.4896014,1609701852.739529,0.24992752075195312,1609701852.5649657,1609701852.5712688,0.006303071975708008
17e523932c764f5dba43a50db61353c1,k-means,warm,exec,queue,0.044812917709350586,2.384185791015625e-07,2.384185791015625e-07,1609701852.4911058,1609701852.7307878,0.23968195915222168,1609701852.569819,1609701852.576121,0.0063021183013916016
3cde188d6b684b169cc4d44b915d85a7,k-means,warm,exec,queue,0.05003476142883301,4.76837158203125e-07,2.384185791015625e-07,1609701852.4927404,1609701852.7370193,0.2442789077758789,1609701852.5787082,1609701852.5866663,0.007958173751831055
324ccfeb058a479aa38875874bcfa1c6,k-means,warm,exec,queue,0.05610394477844238,2.384185791015625e-07,2.384185791015625e-07,1609701852.4942348,1609701852.7338507,0.23961591720581055,1609701852.5840826,1609701852.5903797,0.006297111511230469
5f59753d9c2e443b946cfe4157ac05a6,k-means,warm,exec,queue,0.060957908630371094,7.152557373046875e-07,2.384185791015625e-07,1609701852.4957287,1609701852.8612592,0.36553049087524414,1609701852.588668,1609701852.5957,0.007031917572021484
3426caa065404510b453a36182bf9c7e,k-means,warm,exec,queue,0.06595468521118164,2.384185791015625e-07,0.0,1609701852.4973502,1609701852.7556722,0.25832200050354004,1609701852.5949068,1609701852.6021197,0.00721287727355957
43958102dd1749a39bd850697145f065,k-means,warm,exec,queue,0.07089662551879883,2.384185791015625e-07,2.384185791015625e-07,1609701852.498837,1609701852.861862,0.3630249500274658,1609701852.6030567,1609701852.609993,0.006936311721801758
6a1b1d5b9892428398e43155ca368b76,k-means,warm,exec,queue,0.07593083381652832,7.152557373046875e-07,2.384185791015625e-07,1609701852.5003283,1609701852.8566372,0.3563089370727539,1609701852.6075995,1609701852.6137602,0.006160736083984375
983e8760d76e46d0af2d0f7211b27d53,k-means,warm,exec,queue,0.08121633529663086,2.384185791015625e-07,2.384185791015625e-07,1609701852.5018084,1609701852.881339,0.379530668258667,1609701852.6115234,1609701852.6186922,0.007168769836425781
c4705d4bd8e64855bbc191ac176e671e,k-means,warm,exec,queue,0.08643388748168945,4.76837158203125e-07,2.384185791015625e-07,1609701852.5033941,1609701852.8585327,0.35513854026794434,1609701852.6198218,1609701852.6259673,0.006145477294921875
ee93c1d73eba4129a457e5ebe903ca49,k-means,warm,exec,queue,0.0912024974822998,4.76837158203125e-07,4.76837158203125e-07,1609701852.504898,1609701852.8635132,0.3586151599884033,1609701852.6273015,1609701852.6338415,0.006540060043334961
29d7648debae4eebabff0c71c663a636,k-means,warm,exec,queue,7.081031799316406e-05,2.384185791015625e-07,2.384185791015625e-07,1609701853.4666624,1609701853.6090858,0.14242339134216309,1609701853.5239446,1609701853.5324728,0.00852823257446289
2db4d20c67074a8fb8df3a588ab6a372,k-means,warm,exec,queue,0.034407615661621094,2.384185791015625e-07,2.384185791015625e-07,1609701853.4708095,1609701853.8059773,0.33516788482666016,1609701853.5527182,1609701853.5593584,0.006640195846557617
b6f1b83f02284816add205fbede9c415,k-means,warm,exec,queue,0.029165029525756836,2.384185791015625e-07,0.0,1609701853.473428,1609701853.6603074,0.18687939643859863,1609701853.5468037,1609701853.553994,0.007190227508544922
c5138e4fe74b48b082d240ac7f9f4d45,k-means,warm,exec,queue,0.024213314056396484,2.384185791015625e-07,0.0,1609701853.4759877,1609701853.8694792,0.3934915065765381,1609701853.5430973,1609701853.5503206,0.007223367691040039
9d20355334794ef8a161204e19e603d4,k-means,warm,exec,queue,0.01851344108581543,2.384185791015625e-07,4.76837158203125e-07,1609701853.4779656,1609701853.6924407,0.21447515487670898,1609701853.5361109,1609701853.544575,0.00846409797668457
be393fc58f8d4970819bfc9c2733a716,k-means,warm,exec,queue,0.009355783462524414,2.384185791015625e-07,0.0,1609701853.479494,1609701853.61086,0.13136601448059082,1609701853.5258253,1609701853.534512,0.00868678092956543
cecd98ed4ba94b38bf43c7823acaa5d8,k-means,warm,exec,queue,0.014188528060913086,2.384185791015625e-07,2.384185791015625e-07,1609701853.4810467,1609701853.8019352,0.3208885192871094,1609701853.530674,1609701853.539748,0.009073972702026367
216cf6d3b10b42fabef9c409de3b5a2e,k-means,warm,exec,queue,0.05702352523803711,2.384185791015625e-07,0.0,1609701853.4825788,1609701853.8071392,0.32456040382385254,1609701853.5805032,1609701853.5867722,0.006268978118896484
86cae549aa06419c99663e88a47b9701,k-means,warm,exec,queue,0.05257368087768555,2.384185791015625e-07,2.384185791015625e-07,1609701853.4851973,1609701853.6943095,0.20911216735839844,1609701853.5752509,1609701853.581534,0.0062830448150634766
a79ae951e9704ec1856d3c4d656efa57,k-means,warm,exec,queue,0.04803156852722168,2.384185791015625e-07,0.0,1609701853.4879851,1609701853.7256687,0.23768353462219238,1609701853.5690348,1609701853.5756278,0.006592988967895508
7149ade4523f4f749e6552171253e075,k-means,warm,exec,queue,0.04289412498474121,2.384185791015625e-07,2.384185791015625e-07,1609701853.4905574,1609701853.6585398,0.1679823398590088,1609701853.5647142,1609701853.570855,0.006140708923339844
25fb767068834470bfe36d0227f1ab69,k-means,warm,exec,queue,0.03822493553161621,2.384185791015625e-07,2.384185791015625e-07,1609701853.4931364,1609701853.662018,0.16888165473937988,1609701853.5591252,1609701853.565846,0.006720781326293945
de69a22d14d046e8bb8d71bf8d0ea6e3,k-means,warm,exec,queue,0.061430931091308594,2.384185791015625e-07,2.384185791015625e-07,1609701853.4957354,1609701853.8065662,0.31083083152770996,1609701853.5845,1609701853.5911553,0.006655216217041016
3e4b697883684b6fbd902f018adc489d,video,warm,exec,queue,0.01472163200378418,2.384185791015625e-07,0.0,1609701853.4986427,1609701853.8677075,0.3690648078918457,1609701853.5439744,1609701853.561441,0.01746654510498047
ac433a8d72054f118c77ff1bfaf82ae8,k-means,warm,exec,queue,0.005856513977050781,2.384185791015625e-07,2.384185791015625e-07,1609701854.4660037,1609701854.5939176,0.1279139518737793,1609701854.5247288,1609701854.5331094,0.008380651473999023
a1c8243e8b034d4eaadf3ae40fb302fa,k-means,warm,exec,queue,0.02998948097229004,4.76837158203125e-07,2.384185791015625e-07,1609701854.470137,1609701854.7537677,0.2836308479309082,1609701854.550003,1609701854.5573113,0.007308244705200195
c89abef2ef9e40369e3ee6d9556a0adc,k-means,warm,exec,queue,0.034653663635253906,2.384185791015625e-07,2.384185791015625e-07,1609701854.472766,1609701854.628887,0.15612101554870605,1609701854.5545685,1609701854.5603678,0.005799293518066406
00fe2aed791146fa9bbcecd59e215b3f,k-means,warm,exec,queue,0.03956437110900879,2.384185791015625e-07,2.384185791015625e-07,1609701854.4753177,1609701854.759063,0.28374528884887695,1609701854.5606241,1609701854.5671651,0.006541013717651367
428f3f0c85df40b5a672e8c5424cfff8,k-means,warm,exec,queue,0.04445004463195801,2.384185791015625e-07,2.384185791015625e-07,1609701854.478185,1609701854.757893,0.2797081470489502,1609701854.5656729,1609701854.5719147,0.006241798400878906
0c8f5f2d5fbe4fe39079eaedd32ffdb2,k-means,warm,exec,queue,0.04906296730041504,2.384185791015625e-07,2.384185791015625e-07,1609701854.4805608,1609701854.956415,0.47585415840148926,1609701854.5700803,1609701854.5767052,0.006624937057495117
161f1d8929c24a8e98bdb9c56c0ec781,k-means,warm,exec,queue,0.05388593673706055,2.384185791015625e-07,2.384185791015625e-07,1609701854.4820852,1609701854.8904665,0.40838122367858887,1609701854.576078,1609701854.582426,0.006348133087158203
665cd4d081e14b1ba9ac1efbad73ef0d,k-means,warm,exec,queue,0.01340484619140625,4.76837158203125e-07,4.76837158203125e-07,1609701854.4836237,1609701854.7118185,0.2281947135925293,1609701854.528475,1609701854.5362253,0.007750272750854492
8737c9103a844707b4c48a4e2ff4874d,k-means,warm,exec,queue,0.017992734909057617,2.384185791015625e-07,2.384185791015625e-07,1609701854.486953,1609701854.7773755,0.2904224395751953,1609701854.5345426,1609701854.5431063,0.008563756942749023
4e9bb3eae2ac46dd8840b2a0f2ba8392,k-means,warm,exec,queue,0.022469282150268555,2.384185791015625e-07,2.384185791015625e-07,1609701854.4897504,1609701854.7790942,0.28934383392333984,1609701854.5460572,1609701854.5544972,0.008440017700195312
188f011e7b9f4561adff6116b7cc3190,k-means,warm,exec,queue,0.02718496322631836,2.384185791015625e-07,2.384185791015625e-07,1609701854.4923375,1609701854.627109,0.13477158546447754,1609701854.5458932,1609701854.5530105,0.007117271423339844
3c277d45b4c14220adf5ecc0cb422c43,k-means,warm,exec,queue,0.008749008178710938,2.384185791015625e-07,0.0,1609701854.4949071,1609701854.5953689,0.10046172142028809,1609701854.5243936,1609701854.5332186,0.008825063705444336
cbbbf3613ffd4a729384322702f88a0a,k-means,warm,exec,queue,0.05835556983947754,2.384185791015625e-07,2.384185791015625e-07,1609701854.4975262,1609701854.7585058,0.26097965240478516,1609701854.5810995,1609701854.587147,0.006047487258911133
f86cd4df3edc4727980c2a8641c5f2aa,k-means,warm,exec,queue,0.007544279098510742,2.384185791015625e-07,2.384185791015625e-07,1609701855.4781363,1609701855.6263967,0.14826035499572754,1609701855.5456727,1609701855.553237,0.0075643062591552734
dced54ffd5bc403eb9ba4866d8f8361a,k-means,warm,exec,queue,0.0553739070892334,2.384185791015625e-07,2.384185791015625e-07,1609701855.4824257,1609701856.2297692,0.7473435401916504,1609701855.5950015,1609701855.602483,0.007481575012207031
d0e6f6e8a5464a0bb423fb64ac14e6da,k-means,warm,exec,queue,0.06063699722290039,4.76837158203125e-07,2.384185791015625e-07,1609701855.485899,1609701856.1154025,0.6295034885406494,1609701855.60799,1609701855.6151686,0.007178544998168945
a6c8870cdedf415a9a3e74f923d85105,k-means,warm,exec,queue,0.06804776191711426,2.384185791015625e-07,2.384185791015625e-07,1609701855.4884696,1609701856.227996,0.7395265102386475,1609701855.6098392,1609701855.6157048,0.005865573883056641
b848f1b15d1c4411a40d3232bd8c016c,k-means,warm,exec,queue,0.0227811336517334,2.384185791015625e-07,2.384185791015625e-07,1609701855.4913025,1609701855.6649075,0.17360496520996094,1609701855.5648522,1609701855.572274,0.007421731948852539
1fa0355bd25647dba3335a8d3a3b900b,k-means,warm,exec,queue,0.028034448623657227,2.384185791015625e-07,2.384185791015625e-07,1609701855.4934106,1609701855.6634111,0.17000055313110352,1609701855.5686088,1609701855.5760312,0.007422447204589844
f97e28d6da834576a57aa0f645a27967,k-means,warm,exec,queue,0.0347898006439209,2.384185791015625e-07,4.76837158203125e-07,1609701855.4949222,1609701856.256568,0.7616457939147949,1609701855.5716698,1609701855.5772438,0.00557398796081543
69831fa641604275a7b4dc8974ee1ea8,k-means,warm,exec,queue,0.039510488510131836,4.76837158203125e-07,2.384185791015625e-07,1609701855.4964385,1609701856.1117768,0.6153383255004883,1609701855.584373,1609701855.5921547,0.0077817440032958984
b5e1ebc53bcf4b5aa3c0c573020ca753,k-means,warm,exec,queue,0.045755624771118164,4.76837158203125e-07,2.384185791015625e-07,1609701855.4980674,1609701856.111197,0.6131296157836914,1609701855.5878835,1609701855.595492,0.0076084136962890625
84936dbdedfc4d629225658b3a470dcf,k-means,warm,exec,queue,0.05234217643737793,2.384185791015625e-07,0.0,1609701855.4995828,1609701857.1778085,1.6782257556915283,1609701855.589074,1609701855.5954363,0.006362438201904297
492c62acb7744c2cadd6d7d459ade5cf,k-means,warm,exec,queue,0.017971515655517578,4.76837158203125e-07,2.384185791015625e-07,1609701855.501114,1609701856.1160126,0.614898681640625,1609701855.5530155,1609701855.5607252,0.0077097415924072266
5b27a1ac1a4d44988faf4b572c39fc77,k-means,warm,exec,queue,0.01322031021118164,2.384185791015625e-07,0.0,1609701855.5026283,1609701855.627885,0.12525677680969238,1609701855.546192,1609701855.5544648,0.008272886276245117
4a8fd6642082426cbe2d7c00a3d84d5c,k-means,warm,exec,queue,0.07265710830688477,2.384185791015625e-07,2.384185791015625e-07,1609701855.5042615,1609701856.1165836,0.6123220920562744,1609701855.6133463,1609701855.6188717,0.005525350570678711
374dc0b404a14571896132731eba9d26,k-means,warm,exec,queue,0.0781252384185791,4.76837158203125e-07,2.384185791015625e-07,1609701855.5057926,1609701856.255036,0.7492434978485107,1609701855.628687,1609701855.6352963,0.006609439849853516
d2e963ce2fa4413ebc3ef8d43a38a333,k-means,warm,exec,queue,0.08395218849182129,2.384185791015625e-07,2.384185791015625e-07,1609701855.5072913,1609701856.253546,0.7462546825408936,1609701855.6290183,1609701855.6349387,0.00592041015625
735b26ba56e340c899615301730e3a95,k-means,warm,exec,queue,0.08858227729797363,2.384185791015625e-07,4.76837158203125e-07,1609701855.5088174,1609701857.1811962,1.6723787784576416,1609701855.6307175,1609701855.6356559,0.004938364028930664
85ce8362a6e442509c4479a4a9522ce7,video,warm,exec,queue,0.017125606536865234,2.384185791015625e-07,2.384185791015625e-07,1609701855.5104349,1609701856.10829,0.5978550910949707,1609701855.569149,1609701855.586565,0.017416000366210938
0d82cf5953e042d88bd97101c567cc71,matmul,warm,exec,queue,0.021011829376220703,2.384185791015625e-07,2.384185791015625e-07,1609701855.5119689,1609701856.1517472,0.6397783756256104,1609701855.5703807,1609701855.581319,0.010938405990600586
1bef8389b3474782a22cd52997610475,map_reduce,warm,exec,queue,0.02364826202392578,4.76837158203125e-07,2.384185791015625e-07,1609701855.5135162,1609701857.180589,1.6670727729797363,1609701855.571531,1609701855.657196,0.08566498756408691
3296995362504f5c8c73bd24a764a50b,disk,warm,exec,queue,0.03441333770751953,2.384185791015625e-07,2.384185791015625e-07,1609701855.515057,1609701856.2313306,0.7162735462188721,1609701855.58875,1609701855.5967546,0.00800466537475586
404b66c2a5f146708ce333dbc668d6aa,image,cold,exec,create,0.03972673416137695,3.739553213119507,2.384185791015625e-07,1609701855.5166974,1609701859.384116,3.8674185276031494,1609701859.3244073,1609701859.3412523,0.016844987869262695
1b91849fcedf4cb2a237438d18b8b93d,k-means,warm,exec,queue,0.004607677459716797,2.384185791015625e-07,2.384185791015625e-07,1609701856.4624593,1609701857.0079777,0.5455183982849121,1609701856.4953449,1609701856.5040302,0.00868535041809082
5f5324d2109e40a2a529f96c7f5f06ad,k-means,warm,exec,queue,0.03531312942504883,2.384185791015625e-07,0.0,1609701856.4666264,1609701857.5636542,1.0970277786254883,1609701856.5303516,1609701856.5368903,0.0065386295318603516
9d2842dd88644a21934fce0557e52a8f,k-means,warm,exec,queue,0.013428211212158203,2.384185791015625e-07,0.0,1609701856.46928,1609701857.219481,0.7502009868621826,1609701856.5054617,1609701856.5143502,0.008888483047485352
0f6e8c1820d94719927a076a1c1239f6,k-means,warm,exec,queue,0.018204212188720703,4.76837158203125e-07,2.384185791015625e-07,1609701856.47196,1609701857.293359,0.8213989734649658,1609701856.5118895,1609701856.5204887,0.008599281311035156
f22e48f6ab1d4f668d1abd1a6621e563,k-means,warm,exec,queue,0.02258586883544922,4.76837158203125e-07,2.384185791015625e-07,1609701856.4746416,1609701857.2210157,0.7463741302490234,1609701856.515892,1609701856.5228949,0.007002830505371094
e7247e83eab346438a5a08a1c62fbdee,k-means,warm,exec,queue,0.027323007583618164,2.384185791015625e-07,0.0,1609701856.477,1609701857.2177112,0.7407112121582031,1609701856.521162,1609701856.5288098,0.00764775276184082
982e119b9bf548d4930d810a7318ec94,k-means,warm,exec,queue,0.032138824462890625,2.384185791015625e-07,0.0,1609701856.478393,1609701857.5625205,1.084127426147461,1609701856.5265422,1609701856.534197,0.007654905319213867
649692cdda4543e99cfa9615f11162a5,k-means,warm,exec,queue,0.008620738983154297,2.384185791015625e-07,2.384185791015625e-07,1609701856.479738,1609701857.1262205,0.6464824676513672,1609701856.4998229,1609701856.508738,0.008915185928344727
39a31c0f65d944689e8cbbd9b9de9b88,k-means,warm,exec,queue,7.653236389160156e-05,4.76837158203125e-07,2.384185791015625e-07,1609701857.484967,1609701857.684005,0.19903802871704102,1609701857.539455,1609701857.5458758,0.00642085075378418
0d845aedb24247959b4fa5927d42f1b5,k-means,warm,exec,queue,0.01078033447265625,7.152557373046875e-07,2.384185791015625e-07,1609701857.4891217,1609701857.6871707,0.19804906845092773,1609701857.5404603,1609701857.5483646,0.007904291152954102
69568b8fa91e4a2bacc72a8a70ba2eb3,k-means,warm,exec,queue,0.015408754348754883,2.384185791015625e-07,0.0,1609701857.4916923,1609701857.860247,0.36855459213256836,1609701857.5454834,1609701857.5532496,0.007766246795654297
217769f4dff74d07aa51e09e44c05dd8,k-means,warm,exec,queue,0.020754098892211914,4.76837158203125e-07,2.384185791015625e-07,1609701857.4942997,1609701857.6820939,0.18779420852661133,1609701857.5583389,1609701857.5659845,0.007645606994628906
695f4cda6ba24f44bbf15a6fd12e5f29,k-means,warm,exec,queue,0.025542259216308594,2.384185791015625e-07,0.0,1609701857.4969318,1609701857.6865845,0.189652681350708,1609701857.5609975,1609701857.567346,0.006348609924316406
7af02535f48449f3acc1ceadb37e42e7,k-means,warm,exec,queue,0.030486106872558594,2.384185791015625e-07,0.0,1609701857.4984741,1609701857.8273218,0.32884764671325684,1609701857.564657,1609701857.5717402,0.00708317756652832
ab10442e106b4b8faf8ccfaa6ed4c556,k-means,warm,exec,queue,0.03483152389526367,2.384185791015625e-07,2.384185791015625e-07,1609701857.5000129,1609701857.6886733,0.1886603832244873,1609701857.567266,1609701857.573916,0.006649971008300781
d90dd3ae21304f74bcc994ad1dc03aa4,k-means,warm,exec,queue,0.039404869079589844,2.384185791015625e-07,0.0,1609701857.5015664,1609701857.8184843,0.31691789627075195,1609701857.573302,1609701857.5792737,0.005971670150756836
989c3086d92944a69048f23f6e39f845,k-means,warm,exec,queue,0.044826507568359375,4.76837158203125e-07,2.384185791015625e-07,1609701857.5031042,1609701857.8243163,0.3212120532989502,1609701857.5794895,1609701857.585198,0.005708456039428711
1c155bb6541e4297a908d42cefdc7cec,k-means,warm,exec,queue,0.049799203872680664,2.384185791015625e-07,0.0,1609701857.504826,1609701857.8248355,0.3200094699859619,1609701857.585067,1609701857.5912898,0.006222724914550781
07ccff1aeb5248309b8617a382a46615,k-means,warm,exec,queue,0.05430030822753906,2.384185791015625e-07,0.0,1609701857.5063741,1609701857.823784,0.3174099922180176,1609701857.5903971,1609701857.5966074,0.0062103271484375
ad3bb7185ae2427d8e7013b08dc07058,k-means,warm,exec,queue,0.05881142616271973,2.384185791015625e-07,0.0,1609701857.507928,1609701857.8258386,0.31791067123413086,1609701857.5942726,1609701857.5991526,0.004879951477050781
d4d520ecfa9b45f3b5c2e2200ec49410,k-means,warm,exec,queue,0.06316661834716797,2.384185791015625e-07,2.384185791015625e-07,1609701857.5094981,1609701857.8189962,0.3094980716705322,1609701857.5994508,1609701857.605621,0.0061702728271484375
645fbf66c1c646d2bd153f95ccb1ba68,k-means,warm,exec,queue,0.06824898719787598,2.384185791015625e-07,0.0,1609701857.5111332,1609701857.825343,0.3142096996307373,1609701857.6052427,1609701857.6099515,0.004708766937255859
d0bda7edfa99459880a2a9d8ba22b713,video,warm,exec,queue,0.015390157699584961,2.384185791015625e-07,0.0,1609701857.5126712,1609701857.9319785,0.41930723190307617,1609701857.5616078,1609701857.5779624,0.01635456085205078
7115c237f12c4355818aeb86b5e41d15,k-means,warm,exec,queue,0.0006844997406005859,7.152557373046875e-07,2.384185791015625e-07,1609701858.4630768,1609701858.5916774,0.1286005973815918,1609701858.500528,1609701858.508015,0.007486820220947266
7f0d44c6d9f0405da53e1ebd36183fa2,video,warm,exec,queue,0.01779007911682129,2.384185791015625e-07,0.0,1609701858.4670334,1609701858.6316082,0.16457486152648926,1609701858.522952,1609701858.5388758,0.015923738479614258
79d53258762548cbaf0faa3c1c97abf4,k-means,warm,exec,queue,0.019408464431762695,4.76837158203125e-07,2.384185791015625e-07,1609701858.469607,1609701858.7979648,0.3283576965332031,1609701858.5222528,1609701858.5285258,0.006273031234741211
1ab7be9f4d1143a89c6a1fc68f844a34,k-means,warm,exec,queue,0.024862051010131836,4.76837158203125e-07,2.384185791015625e-07,1609701858.4720929,1609701858.798605,0.32651209831237793,1609701858.5233283,1609701858.5295818,0.006253480911254883
6007f070cfdf471d81d83934fcd86464,k-means,warm,exec,queue,0.029616117477416992,2.384185791015625e-07,2.384185791015625e-07,1609701858.47358,1609701858.6298885,0.15630865097045898,1609701858.528252,1609701858.5335844,0.005332469940185547
721a8ff06013453aad65811af7af6b3c,k-means,warm,exec,queue,0.0026693344116210938,4.76837158203125e-07,4.76837158203125e-07,1609701858.4751978,1609701858.5910943,0.11589646339416504,1609701858.5014017,1609701858.508904,0.007502317428588867
6ecc5f472a9d4af4b8056e769c25cc99,k-means,warm,exec,queue,0.007191181182861328,2.384185791015625e-07,4.76837158203125e-07,1609701858.4766386,1609701858.588407,0.11176848411560059,1609701858.5014284,1609701858.5088637,0.007435321807861328
3ff8855c403541f88733634af3ac3673,k-means,warm,exec,queue,0.012192964553833008,2.384185791015625e-07,2.384185791015625e-07,1609701858.478056,1609701858.6723185,0.19426250457763672,1609701858.506206,1609701858.5136375,0.007431507110595703
f3c4a186319b4da78650e969b8e7ff34,k-means,warm,exec,queue,0.017452239990234375,2.384185791015625e-07,2.384185791015625e-07,1609701858.479476,1609701858.6741617,0.194685697555542,1609701858.51274,1609701858.520424,0.007683992385864258
2a2321152d38402aa8f3723ea1f3dd39,k-means,warm,exec,queue,0.0046770572662353516,7.152557373046875e-07,2.384185791015625e-07,1609701859.4657097,1609701859.6064248,0.1407151222229004,1609701859.520403,1609701859.5285358,0.0081329345703125
cbd19ab26cc94217a2680c97b94c8638,k-means,warm,exec,queue,0.03071451187133789,2.384185791015625e-07,0.0,1609701859.469687,1609701859.7856169,0.3159298896789551,1609701859.5455866,1609701859.55177,0.0061833858489990234
7100a49446fc43f68cdacc8a49364e1a,k-means,warm,exec,queue,0.035597801208496094,4.76837158203125e-07,2.384185791015625e-07,1609701859.472288,1609701859.6916819,0.21939396858215332,1609701859.5529008,1609701859.5591047,0.006203889846801758
1683932b06dc40849d5c650f3f4540cb,k-means,warm,exec,queue,0.040358781814575195,2.384185791015625e-07,2.384185791015625e-07,1609701859.474853,1609701859.643963,0.16911005973815918,1609701859.5574777,1609701859.563911,0.006433248519897461
a308f881bdff4d219380145cfa4cdb41,k-means,warm,exec,queue,0.04511380195617676,4.76837158203125e-07,2.384185791015625e-07,1609701859.477723,1609701859.68895,0.2112271785736084,1609701859.5614235,1609701859.567733,0.00630950927734375
f2b3536f3f8447008e96642b09c47581,k-means,warm,exec,queue,0.050438642501831055,2.384185791015625e-07,0.0,1609701859.4802966,1609701859.787528,0.30723142623901367,1609701859.5684555,1609701859.5733185,0.00486302375793457
3695110fdc0d4260a3c2eefd7887579e,k-means,warm,exec,queue,0.05516982078552246,2.384185791015625e-07,0.0,1609701859.4818807,1609701859.6871915,0.20531082153320312,1609701859.573889,1609701859.5802925,0.006403446197509766
6fd6d11699dd433284bd793288f1113f,k-means,warm,exec,queue,0.013406753540039062,7.152557373046875e-07,2.384185791015625e-07,1609701859.4834273,1609701859.6070065,0.12357926368713379,1609701859.5249028,1609701859.533321,0.008418083190917969
2626860ecc25461f8b0be5078939ebaf,k-means,warm,exec,queue,0.017917871475219727,4.76837158203125e-07,2.384185791015625e-07,1609701859.4864023,1609701859.6027315,0.11632919311523438,1609701859.529919,1609701859.5381756,0.008256673812866211
41f472929db347efbb231d99b316d92f,k-means,warm,exec,queue,0.022345781326293945,2.384185791015625e-07,2.384185791015625e-07,1609701859.4892035,1609701859.6854572,0.19625377655029297,1609701859.5392108,1609701859.546649,0.007438182830810547
c246e36b2e344be9af00f71b922e04b6,k-means,warm,exec,queue,0.026867151260375977,2.384185791015625e-07,4.76837158203125e-07,1609701859.4917674,1609701859.6923048,0.20053744316101074,1609701859.541132,1609701859.5474885,0.006356477737426758
2884be4e68bb4fa2afe4ad579cceeeeb,k-means,warm,exec,queue,0.008490800857543945,2.384185791015625e-07,2.384185791015625e-07,1609701859.494353,1609701859.6088338,0.11448073387145996,1609701859.5205793,1609701859.5284646,0.007885217666625977
bac57555f276499c9621cccfc39f07f2,k-means,warm,exec,queue,0.004375934600830078,2.384185791015625e-07,2.384185791015625e-07,1609701860.4656005,1609701860.5811338,0.11553335189819336,1609701860.5093555,1609701860.5172105,0.007854938507080078
f39d4cedf2194675a697d7d9342dbbc3,k-means,warm,exec,queue,0.03230857849121094,2.384185791015625e-07,2.384185791015625e-07,1609701860.4696348,1609701860.6038516,0.1342167854309082,1609701860.5379045,1609701860.5437672,0.005862712860107422
96b4c5b5a474451aa17ef1da38091d9c,matmul,warm,exec,queue,0.017518997192382812,2.384185791015625e-07,4.76837158203125e-07,1609701860.472657,1609701860.8296573,0.35700035095214844,1609701860.5292547,1609701860.5398524,0.010597705841064453
9d41edd752354b65858859070a6a6de6,k-means,warm,exec,queue,0.03689765930175781,4.76837158203125e-07,0.0,1609701860.4751756,1609701860.7299495,0.2547738552093506,1609701860.545581,1609701860.5517707,0.006189584732055664
e2654022a3fd446a841f2f5f7fd7efad,k-means,warm,exec,queue,0.04108548164367676,2.384185791015625e-07,0.0,1609701860.4772692,1609701860.6394353,0.16216611862182617,1609701860.549733,1609701860.5546288,0.004895925521850586
229e602ff8814c94aa43690cb071fb2f,k-means,warm,exec,queue,0.024213552474975586,2.384185791015625e-07,2.384185791015625e-07,1609701860.4788933,1609701860.6718192,0.19292593002319336,1609701860.5289192,1609701860.5365508,0.007631540298461914
2623370159544d13a52490a35505a26a,k-means,warm,exec,queue,0.0294344425201416,2.384185791015625e-07,0.0,1609701860.4803936,1609701860.7795992,0.2992055416107178,1609701860.5325675,1609701860.539137,0.006569385528564453
5b84c07a080f47ce9e9840db9d72d310,k-means,warm,exec,queue,0.017900943756103516,2.384185791015625e-07,0.0,1609701860.4818368,1609701860.7051146,0.22327780723571777,1609701860.5198114,1609701860.527101,0.0072896480560302734
4691d67c86db4db1b9f5775c6fcc216a,k-means,warm,exec,queue,0.013380289077758789,2.384185791015625e-07,2.384185791015625e-07,1609701860.4832761,1609701860.6378276,0.15455150604248047,1609701860.514647,1609701860.522226,0.00757908821105957
49da9615e7e3461fbc38feb4ce10b52d,k-means,warm,exec,queue,0.008632659912109375,4.76837158203125e-07,2.384185791015625e-07,1609701860.4864495,1609701860.579228,0.09277844429016113,1609701860.509611,1609701860.5171416,0.007530689239501953
ab4d3065ba5248c3be56c120fa471ddf,k-means,warm,exec,queue,0.0020294189453125,4.76837158203125e-07,2.384185791015625e-07,1609701861.4750896,1609701861.614598,0.13950848579406738,1609701861.5334828,1609701861.5416565,0.008173704147338867
39be005ef04244d8ab5fd128af5e037e,k-means,warm,exec,queue,0.04242682456970215,2.384185791015625e-07,2.384185791015625e-07,1609701861.479234,1609701861.7655516,0.2863175868988037,1609701861.5740929,1609701861.5792274,0.00513458251953125
3b8efd0a79864a6b9ceec380472eedd6,k-means,warm,exec,queue,0.047522544860839844,2.384185791015625e-07,2.384185791015625e-07,1609701861.4820056,1609701861.9410298,0.45902419090270996,1609701861.578876,1609701861.5848362,0.005960226058959961
ff7951bc97e64c98bec8a363d633b903,k-means,warm,exec,queue,0.05284452438354492,2.384185791015625e-07,0.0,1609701861.4856927,1609701861.696615,0.2109222412109375,1609701861.5846822,1609701861.5894299,0.004747629165649414
a4cd45712f1c40798e84a6b4c941e4f5,k-means,warm,exec,queue,0.020430326461791992,2.384185791015625e-07,0.0,1609701861.488637,1609701861.693534,0.2048969268798828,1609701861.5456474,1609701861.55392,0.008272647857666016
8da8e8cd388d47de882d5e144ce6b7f3,k-means,warm,exec,queue,0.0254514217376709,2.384185791015625e-07,2.384185791015625e-07,1609701861.4903047,1609701861.6940138,0.20370912551879883,1609701861.554539,1609701861.562328,0.007789134979248047
7d71eaddfb56405fac1964680df26a13,k-means,warm,exec,queue,0.030127763748168945,2.384185791015625e-07,0.0,1609701861.4919674,1609701861.6585932,0.1666257381439209,1609701861.556039,1609701861.562415,0.006375789642333984
6605fef8b855463998fe5ed1d28f12e6,k-means,warm,exec,queue,0.034827232360839844,2.384185791015625e-07,2.384185791015625e-07,1609701861.493665,1609701861.6569233,0.16325831413269043,1609701861.5610583,1609701861.5673714,0.0063130855560302734
c8364654adb742e98a0194b55cb1635b,k-means,warm,exec,queue,0.04017472267150879,2.384185791015625e-07,2.384185791015625e-07,1609701861.4953418,1609701861.865926,0.37058424949645996,1609701861.5694578,1609701861.5767736,0.007315874099731445
c87fe21519f44f70b9e5663f4f465de6,k-means,warm,exec,queue,0.015082359313964844,2.384185791015625e-07,4.76837158203125e-07,1609701861.4971461,1609701861.690372,0.19322586059570312,1609701861.5392764,1609701861.547304,0.00802755355834961
653e57284bec4f1c9ed835bdc6bca154,k-means,warm,exec,queue,0.010072708129882812,4.76837158203125e-07,2.384185791015625e-07,1609701861.4988146,1609701861.6172657,0.11845111846923828,1609701861.534387,1609701861.5426157,0.008228540420532227
3f78a626dbc34c178a4a4ec13b7a74d5,k-means,warm,exec,queue,0.007479667663574219,4.76837158203125e-07,2.384185791015625e-07,1609701861.5005014,1609701861.6177926,0.11729121208190918,1609701861.5341468,1609701861.5423265,0.008179664611816406
76f0d865c0474bc684173cf3d0fb86dc,k-means,warm,exec,queue,0.05756354331970215,2.384185791015625e-07,0.0,1609701861.5021873,1609701861.9914198,0.48923254013061523,1609701861.5895557,1609701861.5941908,0.0046350955963134766
382ff13bb80141caad4fcccbfc44bdee,k-means,warm,exec,queue,0.0623629093170166,2.384185791015625e-07,2.384185791015625e-07,1609701861.5039392,1609701861.7674015,0.2634623050689697,1609701861.5947328,1609701861.6010437,0.006310939788818359
419be6ba7c0c47f5bbad6aef10af180d,k-means,warm,exec,queue,0.06701469421386719,2.384185791015625e-07,2.384185791015625e-07,1609701861.5056207,1609701861.7260182,0.2203974723815918,1609701861.5996642,1609701861.6043582,0.0046939849853515625
4633eb049a7b43bf966c12464fa554c1,video,warm,exec,queue,0.015984535217285156,2.384185791015625e-07,0.0,1609701861.5072763,1609701861.696118,0.1888418197631836,1609701861.5554714,1609701861.5724244,0.016952991485595703
024ffc5f935d409eafc4449bbab48933,k-means,warm,exec,queue,0.006287574768066406,7.152557373046875e-07,2.384185791015625e-07,1609701862.4722955,1609701862.620714,0.14841842651367188,1609701862.5192277,1609701862.52727,0.008042335510253906
e4587f09f0914e45b942a1ca23a0f554,k-means,warm,exec,queue,0.048516273498535156,7.152557373046875e-07,2.384185791015625e-07,1609701862.4763477,1609701862.704784,0.22843623161315918,1609701862.5641565,1609701862.5695784,0.005421876907348633
480659e3ddd4461bba6c25ab0a5ea71f,k-means,warm,exec,queue,0.053461313247680664,4.76837158203125e-07,2.384185791015625e-07,1609701862.4789228,1609701862.74395,0.2650270462036133,1609701862.5697613,1609701862.5752008,0.0054395198822021484
06b61782dfc042d2810057bec42c2eaa,k-means,warm,exec,queue,0.05812335014343262,4.76837158203125e-07,0.0,1609701862.4815073,1609701862.7042444,0.22273707389831543,1609701862.574924,1609701862.5802903,0.005366325378417969
9cf2ecca2a384d09a9f03ee3c57eab2b,k-means,warm,exec,queue,0.029222726821899414,4.76837158203125e-07,4.76837158203125e-07,1609701862.4852538,1609701862.745562,0.26030826568603516,1609701862.541713,1609701862.5473616,0.005648612976074219
adafe3c433d14b3ab7b0068ead271066,k-means,warm,exec,queue,0.034774065017700195,2.384185791015625e-07,2.384185791015625e-07,1609701862.4867976,1609701862.6501133,0.1633157730102539,1609701862.547838,1609701862.5522265,0.004388570785522461
516348fed3fc4c098f50c2aa21b7c040,k-means,warm,exec,queue,0.04015779495239258,4.76837158203125e-07,4.76837158203125e-07,1609701862.488354,1609701862.8024998,0.3141458034515381,1609701862.5533276,1609701862.5588312,0.005503654479980469
bcb3aae58a8d445b840382ce7726e691,k-means,warm,exec,queue,0.045304298400878906,2.384185791015625e-07,2.384185791015625e-07,1609701862.489898,1609701862.7062688,0.2163708209991455,1609701862.5589564,1609701862.5644815,0.005525112152099609
6602e77832f84e53880c6059f3eaf151,k-means,warm,exec,queue,0.024503469467163086,2.384185791015625e-07,2.384185791015625e-07,1609701862.491437,1609701862.7015777,0.21014070510864258,1609701862.5361836,1609701862.5408218,0.004638195037841797
730ddd9243784f8682c0d35466808472,k-means,warm,exec,queue,0.0192568302154541,4.76837158203125e-07,4.76837158203125e-07,1609701862.4931197,1609701862.651483,0.15836334228515625,1609701862.5314453,1609701862.538915,0.007469654083251953
a68f4d6954614ea0b83ff6a95be67f6d,k-means,warm,exec,queue,0.013900041580200195,2.384185791015625e-07,4.76837158203125e-07,1609701862.494657,1609701862.6175222,0.12286520004272461,1609701862.5248172,1609701862.5335455,0.008728265762329102
d4e18c89e02a46fe95864db07dd4b0dd,k-means,warm,exec,queue,0.00945901870727539,2.384185791015625e-07,2.384185791015625e-07,1609701862.4962018,1609701862.6213145,0.12511277198791504,1609701862.5209987,1609701862.5290453,0.008046627044677734
e6ff8eb8b95748529f9462c04cdd7180,k-means,warm,exec,queue,0.06309151649475098,4.76837158203125e-07,2.384185791015625e-07,1609701862.497746,1609701862.8373873,0.3396413326263428,1609701862.5805757,1609701862.5859356,0.0053598880767822266
9498460091b84b50ae19cfd4647c4f65,k-means,warm,exec,queue,7.224082946777344e-05,4.76837158203125e-07,2.384185791015625e-07,1609701863.4722836,1609701863.587799,0.11551547050476074,1609701863.5162315,1609701863.5247118,0.008480310440063477
0a27ea9895ae4c3c9bea256c17a38747,k-means,warm,exec,queue,0.0052852630615234375,2.384185791015625e-07,2.384185791015625e-07,1609701863.4763722,1609701863.5863972,0.11002492904663086,1609701863.5168176,1609701863.526378,0.009560346603393555
d22b1762981d445b90ab3f9b2697a119,k-means,warm,exec,queue,0.010167837142944336,4.76837158203125e-07,2.384185791015625e-07,1609701863.478968,1609701863.602921,0.12395310401916504,1609701863.522588,1609701863.5314248,0.008836746215820312
1e806d4e80c7472ca8abc99983d03df2,k-means,warm,exec,queue,0.014564275741577148,2.384185791015625e-07,2.384185791015625e-07,1609701863.4815595,1609701863.8256795,0.3441200256347656,1609701863.527143,1609701863.5355136,0.008370637893676758
012a83fae9fd4301bed89f401f38f0f2,k-means,warm,exec,queue,0.021506786346435547,2.384185791015625e-07,2.384185791015625e-07,1609701863.4851673,1609701863.8227575,0.33759021759033203,1609701863.5399537,1609701863.5471506,0.007196903228759766
23dda032536149bd9a0c5895e843bcf4,k-means,warm,exec,queue,0.02714848518371582,7.152557373046875e-07,2.384185791015625e-07,1609701863.4867492,1609701863.6877117,0.20096254348754883,1609701863.5425744,1609701863.5488582,0.006283760070800781
4a24394abe2b45e1962c383dc44a13ea,k-means,warm,exec,queue,0.03177022933959961,2.384185791015625e-07,2.384185791015625e-07,1609701863.4883475,1609701863.8207774,0.3324298858642578,1609701863.544493,1609701863.5510693,0.0065762996673583984
902ecc0a88a64aeaa8d0ddbfd415bc41,k-means,warm,exec,queue,0.03728652000427246,4.76837158203125e-07,2.384185791015625e-07,1609701863.489931,1609701863.6443732,0.15444207191467285,1609701863.551668,1609701863.5588558,0.007187843322753906
7fee3ecf47a64151bac8c25f40bc58c0,k-means,warm,exec,queue,0.04234027862548828,2.384185791015625e-07,2.384185791015625e-07,1609701863.491508,1609701863.7296317,0.23812365531921387,1609701863.5576348,1609701863.5635257,0.005890846252441406
4cb8aa4bde854c91b7ec56671f879a71,k-means,warm,exec,queue,0.04703474044799805,2.384185791015625e-07,2.384185791015625e-07,1609701863.4932423,1609701863.8252468,0.3320045471191406,1609701863.561105,1609701863.5658321,0.00472712516784668
0116473378a14d0c90c25064dcdcae9c,k-means,warm,exec,queue,0.05166053771972656,2.384185791015625e-07,0.0,1609701863.494825,1609701863.7314188,0.23659396171569824,1609701863.5678146,1609701863.5739198,0.006105184555053711
c3562f4c48264ba28826a285a5a0eb30,video,warm,exec,queue,0.016657352447509766,2.384185791015625e-07,4.76837158203125e-07,1609701863.4964168,1609701863.689807,0.1933901309967041,1609701863.5409088,1609701863.5581803,0.01727151870727539
789cba185ac448449ecdfec3a8160312,k-means,warm,exec,queue,0.0011544227600097656,4.76837158203125e-07,2.384185791015625e-07,1609701864.475852,1609701865.1190395,0.6431875228881836,1609701864.5391827,1609701864.550229,0.011046409606933594
8cd5d8d7e8144e129350894cd536f53c,k-means,warm,exec,queue,0.05278325080871582,4.76837158203125e-07,0.0,1609701864.4785795,1609701865.5616453,1.0830657482147217,1609701864.5892515,1609701864.595671,0.00641942024230957
5a4a96f856fe40c7966a0831a3fe7e10,k-means,warm,exec,queue,0.006598234176635742,2.384185791015625e-07,4.76837158203125e-07,1609701864.4801602,1609701865.1157973,0.6356370449066162,1609701864.5405867,1609701864.549568,0.00898122787475586
ce2cb38b00b54583980637fb540f3635,k-means,warm,exec,queue,0.011245489120483398,2.384185791015625e-07,0.0,1609701864.4817746,1609701865.449333,0.9675583839416504,1609701864.541438,1609701864.551577,0.010138988494873047
d1bab64837ed409cba21599d0125c774,k-means,warm,exec,queue,0.0162355899810791,2.384185791015625e-07,2.384185791015625e-07,1609701864.483552,1609701865.4512465,0.9676945209503174,1609701864.5457027,1609701864.5544045,0.008701801300048828
4a738219720245da907859d97f3302ba,k-means,warm,exec,queue,0.02066183090209961,2.384185791015625e-07,0.0,1609701864.4869015,1609701865.1194546,0.6325531005859375,1609701864.5509245,1609701864.5595672,0.00864267349243164
9a203cfc13864821acba5d3d7ca62143,k-means,warm,exec,queue,0.03267693519592285,4.76837158203125e-07,2.384185791015625e-07,1609701864.4895518,1609701865.3917127,0.9021608829498291,1609701864.5663764,1609701864.5744143,0.008037805557250977
2b488f93dfbf48ed95b3430cee3b1f2c,k-means,warm,exec,queue,0.036525726318359375,2.384185791015625e-07,2.384185791015625e-07,1609701864.4921982,1609701865.3899844,0.8977861404418945,1609701864.567903,1609701864.5725446,0.004641532897949219
58d75fbb036f431aace720eaba013230,k-means,warm,exec,queue,0.04129147529602051,2.384185791015625e-07,2.384185791015625e-07,1609701864.4948218,1609701865.559082,1.0642602443695068,1609701864.5737736,1609701864.5815132,0.007739543914794922
349d700c1c464c919264add9f1dae7aa,k-means,warm,exec,queue,0.04606032371520996,2.384185791015625e-07,2.384185791015625e-07,1609701864.4979632,1609701865.5127265,1.014763355255127,1609701864.579786,1609701864.5863833,0.006597280502319336
54c50d858c554c4b8dd234915e210bd5,k-means,warm,exec,queue,0.050644636154174805,7.152557373046875e-07,0.0,1609701864.5006223,1609701865.5620952,1.0614728927612305,1609701864.5849242,1609701864.5915916,0.006667375564575195
d02f4916d33c4e10b0b41720215f8d93,k-means,warm,exec,queue,0.057115793228149414,2.384185791015625e-07,0.0,1609701864.5032904,1609701865.51236,1.0090696811676025,1609701864.5946703,1609701864.6010203,0.006350040435791016
70ad60da395e48a093fe1d57e25f4f14,k-means,warm,exec,queue,0.062494516372680664,2.384185791015625e-07,0.0,1609701864.505955,1609701865.9490185,1.443063497543335,1609701864.6014905,1609701864.6075606,0.006070137023925781
61d24ad835a945969be4c66ae74402e2,k-means,warm,exec,queue,0.9814743995666504,7.152557373046875e-07,2.384185791015625e-07,1609701864.5100615,1609701865.9495335,1.439471960067749,1609701865.5318282,1609701865.5400608,0.008232593536376953
8c8f5f2a3a1c4d12af28b2d07ab9e9c2,k-means,warm,exec,queue,0.014942169189453125,2.384185791015625e-07,0.0,1609701865.4739294,1609701866.501916,1.0279865264892578,1609701865.5318484,1609701865.5396137,0.007765293121337891
3d912e84ccec4740bbfc1a4859a64960,k-means,warm,exec,queue,0.056303977966308594,2.384185791015625e-07,0.0,1609701865.4776154,1609701866.2831833,0.8055679798126221,1609701865.5831032,1609701865.5891223,0.006019115447998047
a4e552d55c98438fa6103b022cf04a1f,k-means,warm,exec,queue,0.06060338020324707,2.384185791015625e-07,0.0,1609701865.47984,1609701866.6516037,1.1717636585235596,1609701865.5878074,1609701865.5922675,0.00446009635925293
7838b123e2a54fe8aa5528deaec22c67,k-means,warm,exec,queue,0.05107259750366211,0.0,0.0,1609701865.4821205,1609701866.6568978,1.1747772693634033,1609701865.5770123,1609701865.5822184,0.005206108093261719
075143af18184e2d89fb4c50fd2b54e2,k-means,warm,exec,queue,0.04606199264526367,2.384185791015625e-07,4.76837158203125e-07,1609701865.4855158,1609701866.2799811,0.7944653034210205,1609701865.5715814,1609701865.5771918,0.005610466003417969
3d1dfa99963a4e86a33d3d079c74d057,k-means,warm,exec,queue,0.041168212890625,2.384185791015625e-07,2.384185791015625e-07,1609701865.487064,1609701866.7320967,1.245032787322998,1609701865.5684829,1609701865.5755546,0.007071733474731445
7a0ebfc686eb4dbaa412abac2cd517d2,k-means,warm,exec,queue,0.036049604415893555,2.384185791015625e-07,2.384185791015625e-07,1609701865.4886782,1609701866.3622112,0.8735330104827881,1609701865.5625026,1609701865.570041,0.007538318634033203
3e954efbb52d4263ac0a1955057cdfbd,k-means,warm,exec,queue,0.031793832778930664,2.384185791015625e-07,0.0,1609701865.4902847,1609701866.5023105,1.0120258331298828,1609701865.5572011,1609701865.563734,0.006532907485961914
a9f41fcbb42843388c213f75e58d06a7,k-means,warm,exec,queue,0.024797916412353516,4.76837158203125e-07,2.384185791015625e-07,1609701865.4920037,1609701866.1969733,0.7049696445465088,1609701865.5545347,1609701865.5611506,0.006615877151489258
208e91c27cf343feab86bb5b140a9f69,k-means,warm,exec,queue,0.017041683197021484,2.384185791015625e-07,2.384185791015625e-07,1609701865.4936187,1609701866.3600438,0.8664250373840332,1609701865.5368652,1609701865.5447683,0.007903099060058594
f9d62350edc545f995b2ba57c3ce5b03,k-means,warm,exec,queue,0.022168397903442383,2.384185791015625e-07,2.384185791015625e-07,1609701865.4951897,1609701866.4326684,0.93747878074646,1609701865.542932,1609701865.5504205,0.0074884891510009766
d837e2fa887347408d125e1c058fc824,k-means,warm,exec,queue,0.06572532653808594,4.76837158203125e-07,2.384185791015625e-07,1609701865.496922,1609701866.2816923,0.7847702503204346,1609701865.596621,1609701865.6034288,0.006807804107666016
19c8d6c8c02442fcb648e1a24ea2c9b7,k-means,warm,exec,queue,0.9779660701751709,4.76837158203125e-07,2.384185791015625e-07,1609701865.4984665,1609701866.7280927,1.229626178741455,1609701866.5163317,1609701866.5234122,0.007080554962158203
b6772174b0fa4d9d9564d4565ae4ea4e,video,warm,exec,queue,0.01650214195251465,2.384185791015625e-07,2.384185791015625e-07,1609701865.5000036,1609701866.6551783,1.155174732208252,1609701865.5547907,1609701865.5707595,0.015968799591064453
3773467868344360b84be7d865195172,matmul,warm,exec,queue,0.02044224739074707,0.0,0.0,1609701865.5015578,1609701865.946388,0.44483017921447754,1609701865.5553498,1609701865.5653503,0.010000467300415039
973f5fb8a5f947cca908a10bfacda0c2,map_reduce,warm,exec,queue,0.023080110549926758,2.384185791015625e-07,2.384185791015625e-07,1609701865.503203,1609701866.6545863,1.151383399963379,1609701865.557172,1609701865.6427064,0.08553433418273926
30f5ae3881f04a69848ffe7f0ac1a35e,k-means,warm,exec,queue,0.011320114135742188,2.384185791015625e-07,4.76837158203125e-07,1609701866.4692247,1609701866.9916039,0.5223791599273682,1609701866.5174727,1609701866.5257964,0.00832366943359375
a07f065bf21b4e0f936defa7874bdb37,k-means,warm,exec,queue,0.011365652084350586,2.384185791015625e-07,2.384185791015625e-07,1609701866.473232,1609701866.7316315,0.25839948654174805,1609701866.5225468,1609701866.5305166,0.007969856262207031
95f283eef5874e958b60cbf3868883ec,k-means,warm,exec,queue,0.016068696975708008,2.384185791015625e-07,0.0,1609701866.4758568,1609701866.785995,0.3101382255554199,1609701866.5295148,1609701866.5374033,0.007888555526733398
b0f0e44c180c467289944076761cf593,k-means,warm,exec,queue,0.021361589431762695,2.384185791015625e-07,2.384185791015625e-07,1609701866.4784846,1609701866.8843665,0.4058818817138672,1609701866.5332222,1609701866.5382912,0.00506901741027832
46535ee4e8ff4d3a8b49a24387e7e7a8,k-means,warm,exec,queue,0.026433229446411133,4.76837158203125e-07,4.76837158203125e-07,1609701866.4817283,1609701866.729543,0.24781465530395508,1609701866.5386534,1609701866.5447993,0.006145954132080078
81764859b40740acbf4dbaf70994f049,k-means,warm,exec,queue,0.03079390525817871,2.384185791015625e-07,0.0,1609701866.4852357,1609701866.958804,0.4735682010650635,1609701866.5447798,1609701866.5505855,0.0058057308197021484
1bf66c97b2ae44f5a35071ef460f6813,k-means,warm,exec,queue,0.03529214859008789,2.384185791015625e-07,2.384185791015625e-07,1609701866.4868407,1609701866.882536,0.39569520950317383,1609701866.550329,1609701866.5560389,0.00570988655090332
ca9d7d0e47514b4c987f0fc32fd03d76,k-means,warm,exec,queue,0.039731502532958984,2.384185791015625e-07,2.384185791015625e-07,1609701866.4884772,1609701866.8820162,0.3935389518737793,1609701866.5550144,1609701866.5610938,0.006079435348510742
399c87ef3994401e9470da0ced07a929,k-means,warm,exec,queue,1.0056328773498535,2.384185791015625e-07,0.0,1609701866.4916265,1609701867.5957334,1.1041069030761719,1609701867.530984,1609701867.538202,0.007218122482299805
fe3653a494d348edb5379e6b74a087a2,k-means,warm,exec,queue,0.012777328491210938,2.384185791015625e-07,0.0,1609701867.4786112,1609701867.5934353,0.11482405662536621,1609701867.5313509,1609701867.5386739,0.007323026657104492
3aa8d21d60414615a7cd9e67f2ed52c3,k-means,warm,exec,queue,0.06506991386413574,4.76837158203125e-07,2.384185791015625e-07,1609701867.482743,1609701867.7759628,0.29321980476379395,1609701867.5953603,1609701867.6013975,0.006037235260009766
b447ffd22ada44009e97695e26b86e3e,k-means,warm,exec,queue,0.06026935577392578,4.76837158203125e-07,2.384185791015625e-07,1609701867.4859471,1609701867.8740575,0.3881103992462158,1609701867.5887542,1609701867.5947015,0.0059473514556884766
50e654b6226b40ccab50c67cabf607e8,k-means,warm,exec,queue,0.05565690994262695,2.384185791015625e-07,2.384185791015625e-07,1609701867.4884405,1609701867.738069,0.24962854385375977,1609701867.5832171,1609701867.5888505,0.005633354187011719
65f885c59493473ebcc447586040cbe3,k-means,warm,exec,queue,0.05122232437133789,2.384185791015625e-07,2.384185791015625e-07,1609701867.4912517,1609701867.8746965,0.38344478607177734,1609701867.5776005,1609701867.58354,0.005939483642578125
797fc0c310ae4b78abf38386e8f55942,k-means,warm,exec,queue,0.04600787162780762,4.76837158203125e-07,2.384185791015625e-07,1609701867.4933112,1609701867.820692,0.327380895614624,1609701867.5710557,1609701867.577053,0.005997419357299805
d9c488deb62f4b1d938fcef6aa971390,k-means,warm,exec,queue,0.04116678237915039,2.384185791015625e-07,2.384185791015625e-07,1609701867.4947307,1609701867.647437,0.15270638465881348,1609701867.5666268,1609701867.5728183,0.0061914920806884766
7e8364fc2d4448059f25dbc7a6d9bcaa,k-means,warm,exec,queue,0.0360560417175293,2.384185791015625e-07,0.0,1609701867.4961514,1609701867.6446009,0.14844942092895508,1609701867.5629833,1609701867.5701823,0.00719904899597168
a976dc882f9d4e448cd7876025a10c7f,k-means,warm,exec,queue,0.01684117317199707,2.384185791015625e-07,2.384185791015625e-07,1609701867.4975822,1609701867.6479683,0.15038609504699707,1609701867.5358088,1609701867.5425844,0.006775617599487305
a6db562158fc459687b530836c81e3ba,k-means,warm,exec,queue,0.022182464599609375,4.76837158203125e-07,0.0,1609701867.4991086,1609701867.6185932,0.11948466300964355,1609701867.5477097,1609701867.5550575,0.007347822189331055
cee6795150d04a4ea86e0ee660a93b9f,k-means,warm,exec,queue,0.028025150299072266,2.384185791015625e-07,2.384185791015625e-07,1609701867.5005362,1609701867.6204386,0.11990237236022949,1609701867.5499964,1609701867.5556204,0.005624055862426758
bb09a6705e9042288d54551a5b0205d5,k-means,warm,exec,queue,0.032961130142211914,2.384185791015625e-07,2.384185791015625e-07,1609701867.5019648,1609701867.7716637,0.2696988582611084,1609701867.55432,1609701867.5611553,0.006835222244262695
a00e6a737c6148f3a63fdba66704b3de,k-means,warm,exec,queue,0.07011723518371582,4.76837158203125e-07,2.384185791015625e-07,1609701867.5033789,1609701867.7750223,0.27164340019226074,1609701867.6019626,1609701867.608096,0.006133317947387695
09b933a05def49ddac4b0cdffa52972f,k-means,warm,exec,queue,0.9802868366241455,7.152557373046875e-07,2.384185791015625e-07,1609701867.5049152,1609701868.60164,1.0967247486114502,1609701868.5163054,1609701868.5237365,0.0074310302734375
c324cc7bc148469f826f8f1e82f5a877,video,warm,exec,queue,0.014894962310791016,4.76837158203125e-07,0.0,1609701867.5063398,1609701867.7755134,0.26917362213134766,1609701867.548132,1609701867.563543,0.015411138534545898
de76f70beee84547a962f920777db71b,k-means,warm,exec,queue,0.010866641998291016,2.384185791015625e-07,2.384185791015625e-07,1609701868.4735923,1609701868.599816,0.12622380256652832,1609701868.5159624,1609701868.52278,0.00681757926940918
e25e40ff1bdc420d82faea27cc889d7c,k-means,warm,exec,queue,0.04139280319213867,2.384185791015625e-07,0.0,1609701868.477591,1609701868.6740112,0.19642019271850586,1609701868.5544581,1609701868.561909,0.00745081901550293
26fe2998c549491a9c29253325c993f9,k-means,warm,exec,queue,0.046120405197143555,2.384185791015625e-07,0.0,1609701868.480095,1609701868.961,0.48090505599975586,1609701868.5605392,1609701868.5662172,0.005677938461303711
d17d71ed3b8f45a69ec376aa82799100,k-means,warm,exec,queue,0.05091261863708496,2.384185791015625e-07,2.384185791015625e-07,1609701868.4826446,1609701868.8998528,0.417208194732666,1609701868.5642235,1609701868.5699668,0.005743265151977539
d8d3a9f45fde417f894eec9e3c181c60,k-means,warm,exec,queue,0.9964208602905273,4.76837158203125e-07,2.384185791015625e-07,1609701868.4861553,1609701869.721487,1.2353317737579346,1609701869.525544,1609701869.5332718,0.007727861404418945
a40fb83a78f94448915cbaf24d1f62f1,k-means,warm,exec,queue,0.025258779525756836,2.384185791015625e-07,2.384185791015625e-07,1609701868.4885075,1609701868.7083528,0.21984529495239258,1609701868.5327642,1609701868.537995,0.005230903625488281
de7fdc60627f4d5c9ebd9a043c88f3b3,k-means,warm,exec,queue,0.029928922653198242,2.384185791015625e-07,0.0,1609701868.4899576,1609701868.9591806,0.4692230224609375,1609701868.5379689,1609701868.5448568,0.006887912750244141
02e5b854d4ab41fa84d1e4261ac5ba82,k-means,warm,exec,queue,0.0343937873840332,2.384185791015625e-07,0.0,1609701868.4913945,1609701868.7459009,0.25450634956359863,1609701868.5456913,1609701868.5531116,0.00742030143737793
d5624d1670d6454287506b7e9aee3a14,k-means,warm,exec,queue,0.04095005989074707,2.384185791015625e-07,2.384185791015625e-07,1609701868.4928582,1609701868.6769056,0.18404746055603027,1609701868.552331,1609701868.5585203,0.0061893463134765625
706421b768674eb88e9475164dc4223a,k-means,warm,exec,queue,0.020071744918823242,4.76837158203125e-07,2.384185791015625e-07,1609701868.494408,1609701868.6400502,0.14564228057861328,1609701868.530605,1609701868.5381854,0.007580280303955078
b9e394ecad434300a1d8b2f4dd1b7ecf,k-means,warm,exec,queue,0.015257120132446289,2.384185791015625e-07,2.384185791015625e-07,1609701868.4958413,1609701868.7438095,0.24796819686889648,1609701868.5224855,1609701868.5303514,0.00786590576171875
856df6f5fb2047ebbabf022b17aa17c0,k-means,warm,exec,queue,0.006907224655151367,2.384185791015625e-07,2.384185791015625e-07,1609701869.4743536,1609701869.61294,0.13858652114868164,1609701869.5260818,1609701869.5338104,0.00772857666015625
392e8860cfaf411687587512b0e73506,k-means,warm,exec,queue,0.026573896408081055,2.384185791015625e-07,0.0,1609701869.478033,1609701869.7181938,0.24016070365905762,1609701869.5487576,1609701869.555794,0.007036447525024414
ba87702902a943448e1415a05396cd7e,k-means,warm,exec,queue,0.03183937072753906,2.384185791015625e-07,0.0,1609701869.480307,1609701869.6673656,0.1870584487915039,1609701869.5526514,1609701869.5592535,0.006602048873901367
adc6f2d52f1c43e9965e3c95fafb9b65,k-means,warm,exec,queue,0.03716135025024414,7.152557373046875e-07,2.384185791015625e-07,1609701869.482478,1609701869.8467376,0.3642597198486328,1609701869.5694664,1609701869.5760543,0.006587982177734375
d89cd72af25b4bf99217c689f1a199aa,k-means,cold,exec,create,-4.967074632644653,5.010394096374512,2.384185791015625e-07,1609701869.4855337,1609701869.7143304,0.22879672050476074,1609701869.5704472,1609701869.5796592,0.009212017059326172
1b33c53f44fe4ec5b51713570bc83a3e,k-means,warm,exec,queue,0.045228004455566406,2.384185791015625e-07,2.384185791015625e-07,1609701869.487838,1609701869.7895489,0.301710844039917,1609701869.570732,1609701869.5775855,0.006853342056274414
4d1ea56ecf1f4127b3ddeb386bb35d55,k-means,warm,exec,queue,0.0495452880859375,2.384185791015625e-07,2.384185791015625e-07,1609701869.4901776,1609701869.813919,0.32374143600463867,1609701869.572676,1609701869.5785542,0.0058782100677490234
cfa06f15b428459faf9e701159029a56,k-means,warm,exec,queue,0.05477261543273926,4.76837158203125e-07,2.384185791015625e-07,1609701869.4924896,1609701869.9488037,0.4563140869140625,1609701869.58423,1609701869.5912397,0.007009744644165039
8ef4176c3deb4ea791c2df8a33e40f77,k-means,warm,exec,queue,0.060455322265625,2.384185791015625e-07,2.384185791015625e-07,1609701869.4940634,1609701869.722032,0.22796869277954102,1609701869.5870643,1609701869.5927677,0.005703449249267578
6d2276c71f2a44bdbec6580c4f72399d,k-means,warm,exec,queue,0.011223554611206055,2.384185791015625e-07,2.384185791015625e-07,1609701869.495609,1609701869.6152365,0.11962747573852539,1609701869.5263805,1609701869.533789,0.0074083805084228516
25c962265a45465aa13a71c0bc32a7d0,k-means,warm,exec,queue,0.016119956970214844,2.384185791015625e-07,2.384185791015625e-07,1609701869.4970672,1609701869.7176213,0.22055411338806152,1609701869.5305958,1609701869.537883,0.007287263870239258
48596dd79f9a40478f12b091111abb07,k-means,warm,exec,queue,0.021419763565063477,4.76837158203125e-07,4.76837158203125e-07,1609701869.498501,1609701869.663354,0.16485285758972168,1609701869.5491514,1609701869.556373,0.0072214603424072266
e7a20b8990a843b1a33feaa039c49f58,video,warm,exec,queue,0.027774572372436523,4.76837158203125e-07,2.384185791015625e-07,1609701869.4999492,1609701869.6667945,0.16684532165527344,1609701869.5487368,1609701869.565106,0.016369104385375977
d68e50db31004d2fb661fb647e121769,k-means,warm,exec,queue,0.0019631385803222656,7.152557373046875e-07,2.384185791015625e-07,1609701870.4832418,1609701870.6278474,0.1446056365966797,1609701870.5370307,1609701870.5453384,0.008307695388793945
2365caed69cf492d8848c3cc4b4647e2,k-means,warm,exec,queue,0.04166603088378906,2.384185791015625e-07,2.384185791015625e-07,1609701870.4883683,1609701870.8897731,0.40140485763549805,1609701870.576767,1609701870.5832903,0.0065233707427978516
1078919814bc435492ab738938050716,k-means,warm,exec,queue,0.04684925079345703,4.76837158203125e-07,2.384185791015625e-07,1609701870.490952,1609701870.6903121,0.19936013221740723,1609701870.581887,1609701870.5870883,0.0052013397216796875
1f3d7b56cfcf4be287c1486a31df7227,k-means,warm,exec,queue,0.052176475524902344,2.384185791015625e-07,0.0,1609701870.4932454,1609701870.890354,0.3971085548400879,1609701870.5886765,1609701870.594041,0.005364656448364258
90ebcd4dab114448b9d5e1a5dee9fdc5,k-means,warm,exec,queue,0.024943828582763672,0.0,0.0,1609701870.4950001,1609701870.695596,0.20059585571289062,1609701870.5568101,1609701870.5650115,0.008201360702514648
d91aa42df9274ed2b18e8dce6650d93d,k-means,warm,exec,queue,0.02981114387512207,0.0,0.0,1609701870.4965792,1609701870.6971712,0.200592041015625,1609701870.5605767,1609701870.565425,0.0048482418060302734
b496545a5816434fb08d140c5c880537,k-means,warm,exec,queue,0.03495478630065918,2.384185791015625e-07,2.384185791015625e-07,1609701870.498138,1609701870.8908596,0.39272165298461914,1609701870.5671644,1609701870.5746677,0.0075032711029052734
f11c3429c6aa4e788da22f3d9ff383b5,k-means,warm,exec,queue,0.039322614669799805,2.384185791015625e-07,4.76837158203125e-07,1609701870.4996948,1609701870.6480556,0.1483607292175293,1609701870.5756452,1609701870.5809112,0.005265951156616211
00c98c5524784e8ca182e341b836c45c,k-means,warm,exec,queue,0.020237207412719727,2.384185791015625e-07,2.384185791015625e-07,1609701870.501284,1609701870.69602,0.19473600387573242,1609701870.5564985,1609701870.5647101,0.008211612701416016
bf152447d3f84f07b9a47986b655d0ef,k-means,warm,exec,queue,0.01506662368774414,2.384185791015625e-07,2.384185791015625e-07,1609701870.5030055,1609701870.6243987,0.12139320373535156,1609701870.5447938,1609701870.5530047,0.008210897445678711
1bcdd3489f5344f78cd66392a5e95b7d,k-means,warm,exec,queue,0.009935617446899414,0.0,2.384185791015625e-07,1609701870.5045686,1609701870.6936505,0.18908190727233887,1609701870.5389233,1609701870.5472195,0.00829625129699707
b95540f4cf104750b128768dc4f36293,k-means,warm,exec,queue,0.007865428924560547,4.76837158203125e-07,2.384185791015625e-07,1609701870.5061061,1609701870.6284695,0.12236332893371582,1609701870.53699,1609701870.544834,0.007843971252441406
173fd68dd4144b12b4c2c7752cea8b98,k-means,warm,exec,queue,0.05709266662597656,2.384185791015625e-07,2.384185791015625e-07,1609701870.5076382,1609701870.693995,0.186356782913208,1609701870.5928018,1609701870.597423,0.004621267318725586
6ace64731c6441b2aec469f6d925bd08,k-means,warm,exec,queue,0.062473297119140625,2.384185791015625e-07,2.384185791015625e-07,1609701870.5093086,1609701870.6917799,0.18247127532958984,1609701870.6002243,1609701870.606921,0.0066967010498046875
653e691b63674190bca8314400384a4a,k-means,warm,exec,queue,0.06765103340148926,2.384185791015625e-07,2.384185791015625e-07,1609701870.5108423,1609701870.749209,0.23836660385131836,1609701870.604143,1609701870.6084576,0.0043146610260009766
c1110d2006b847e69c8782cc58f303bd,matmul,warm,exec,queue,0.016027212142944336,2.384185791015625e-07,2.384185791015625e-07,1609701870.5124032,1609701870.649455,0.13705182075500488,1609701870.557301,1609701870.5669782,0.00967717170715332
399a8dc46c114c9fa15ff6db0070ebbf,k-means,warm,exec,queue,0.008710145950317383,2.384185791015625e-07,2.384185791015625e-07,1609701871.479921,1609701871.593916,0.11399483680725098,1609701871.5274074,1609701871.5352054,0.007797956466674805
24b5923f16bb4c7fb8366c27d38dbd55,k-means,warm,exec,queue,0.05765080451965332,2.384185791015625e-07,0.0,1609701871.4837396,1609701871.887284,0.40354442596435547,1609701871.5838282,1609701871.5883124,0.0044841766357421875
ff9dc1f1e73d4682bda145332330bfd0,k-means,warm,exec,queue,0.05302619934082031,4.76837158203125e-07,2.384185791015625e-07,1609701871.4870968,1609701871.7449825,0.2578856945037842,1609701871.5787468,1609701871.5858872,0.007140398025512695
b9e04bc97ad04fcbbef56d9f7045a387,k-means,warm,exec,queue,0.01169729232788086,7.152557373046875e-07,0.0,1609701871.489586,1609701871.5928257,0.10323953628540039,1609701871.5290015,1609701871.5365448,0.007543325424194336
1ac326cf2b30456fab42fce785836bf8,k-means,warm,exec,queue,0.016494274139404297,4.76837158203125e-07,0.0,1609701871.492383,1609701871.6183586,0.1259756088256836,1609701871.53406,1609701871.5416024,0.00754237174987793
440bcc22c0cc494d98af4f76bfd44c00,k-means,warm,exec,queue,0.020979881286621094,2.384185791015625e-07,0.0,1609701871.4938931,1609701871.6521428,0.1582496166229248,1609701871.5447032,1609701871.5515559,0.006852626800537109
0fc00269e5e74010921b6bd6fcfd6f0c,k-means,warm,exec,queue,0.02580428123474121,2.384185791015625e-07,0.0,1609701871.4953175,1609701871.6548722,0.15955471992492676,1609701871.5464346,1609701871.5518827,0.005448102951049805
53faf1ce37ed4a65a98e76820a8d5ba8,k-means,warm,exec,queue,0.03061056137084961,2.384185791015625e-07,2.384185791015625e-07,1609701871.4967458,1609701871.8289871,0.3322412967681885,1609701871.550335,1609701871.5548232,0.004488229751586914
1dae62ed34b44efcb1f6b7a963c40016,k-means,warm,exec,queue,0.03573274612426758,2.384185791015625e-07,2.384185791015625e-07,1609701871.4981704,1609701871.8274353,0.32926487922668457,1609701871.5593996,1609701871.5668852,0.007485628128051758
236f2f132ed64144b21da00714306a04,k-means,warm,exec,queue,0.04097771644592285,2.384185791015625e-07,0.0,1609701871.4998374,1609701871.7438073,0.24396991729736328,1609701871.5618753,1609701871.5670223,0.005146980285644531
8fa55378189a45cdad4c2354be948c2b,k-means,warm,exec,queue,0.045470476150512695,2.384185791015625e-07,0.0,1609701871.5012858,1609701871.830279,0.3289933204650879,1609701871.5686507,1609701871.5753393,0.006688594818115234
0da230ca07e54c00811ced4b9a1626f5,k-means,warm,exec,queue,0.05053591728210449,2.384185791015625e-07,0.0,1609701871.5027044,1609701871.7459946,0.24329018592834473,1609701871.57406,1609701871.5795896,0.005529642105102539
e71c108092704dcfa40b868e9972f6a2,video,warm,exec,queue,0.014979124069213867,2.384185791015625e-07,2.384185791015625e-07,1609701871.5041323,1609701871.6554146,0.15128231048583984,1609701871.5456872,1609701871.5625274,0.016840219497680664
652c5383e13a4b72828511adfd7c2c82,k-means,warm,exec,queue,8.153915405273438e-05,4.76837158203125e-07,2.384185791015625e-07,1609701872.4747856,1609701872.5882757,0.11349010467529297,1609701872.50746,1609701872.515323,0.00786280632019043
0bd99f278da5418ab2ff104987a26519,k-means,warm,exec,queue,0.003825664520263672,2.384185791015625e-07,0.0,1609701872.4788625,1609701872.5903623,0.11149978637695312,1609701872.507621,1609701872.5159202,0.008299112319946289
43624956dcaa46999758792bf02f2789,k-means,warm,exec,queue,0.008634805679321289,4.76837158203125e-07,0.0,1609701872.4813788,1609701872.5919092,0.11053037643432617,1609701872.5129178,1609701872.520925,0.008007287979125977
227d12ecce764f8a873b24fbb615222d,k-means,warm,exec,queue,0.013279914855957031,2.384185791015625e-07,2.384185791015625e-07,1609701872.4847586,1609701872.6566815,0.17192292213439941,1609701872.5181148,1609701872.5264428,0.008327960968017578
bdc9ee19335640dd9ccf4a522be0f5ab,k-means,warm,exec,queue,0.01846146583557129,2.384185791015625e-07,0.0,1609701872.4863596,1609701872.6298392,0.143479585647583,1609701872.5229177,1609701872.5290778,0.00616002082824707
fc990aad7f144646979501b56611e041,k-means,warm,exec,queue,0.02373194694519043,2.384185791015625e-07,2.384185791015625e-07,1609701872.4879675,1609701872.658199,0.17023158073425293,1609701872.5289333,1609701872.5352309,0.006297588348388672
b9e1f8ee77f34879b5631214fcf76b26,k-means,warm,exec,queue,0.029132604598999023,2.384185791015625e-07,2.384185791015625e-07,1609701872.4894133,1609701872.6551526,0.1657392978668213,1609701872.5355825,1609701872.5398848,0.004302263259887695
67930e957abc466792dcec01653e0edf,k-means,warm,exec,queue,0.03419637680053711,2.384185791015625e-07,2.384185791015625e-07,1609701872.4908307,1609701872.6313531,0.14052248001098633,1609701872.541502,1609701872.5482903,0.0067882537841796875
de5a505f91ab4e99a46045878d8c7bc2,k-means,warm,exec,queue,0.006483316421508789,4.76837158203125e-07,0.0,1609701873.486264,1609701873.6207166,0.13445258140563965,1609701873.5401137,1609701873.5487123,0.008598566055297852
0cc784b8b39c4570b592d6f92278e121,k-means,warm,exec,queue,0.053254127502441406,4.76837158203125e-07,2.384185791015625e-07,1609701873.4907038,1609701873.7197402,0.2290363311767578,1609701873.588466,1609701873.5948055,0.006339550018310547
b93266d7acf54576b0eae572f6a230b3,k-means,warm,exec,queue,0.05788540840148926,2.384185791015625e-07,2.384185791015625e-07,1609701873.4933167,1609701873.7584765,0.26515984535217285,1609701873.5935678,1609701873.598782,0.005214214324951172
7f3ef9a77e41446d9fa67748353b5eba,k-means,warm,exec,queue,0.014927148818969727,2.384185791015625e-07,2.384185791015625e-07,1609701873.495872,1609701873.6215236,0.12565159797668457,1609701873.5451007,1609701873.5536356,0.008534908294677734
b404b4fdf972462281495716119c41a7,k-means,warm,exec,queue,0.020097017288208008,2.384185791015625e-07,2.384185791015625e-07,1609701873.4987364,1609701873.6159272,0.11719083786010742,1609701873.550692,1609701873.5589764,0.008284330368041992
a102059cffe74ad99304c4c05d3235af,k-means,warm,exec,queue,0.024910449981689453,2.384185791015625e-07,0.0,1609701873.501056,1609701873.811555,0.3104989528656006,1609701873.556659,1609701873.5628707,0.006211757659912109
52f9982280dc4ac68dc79eb029f33550,k-means,warm,exec,queue,0.030007362365722656,2.384185791015625e-07,2.384185791015625e-07,1609701873.502537,1609701873.8771493,0.37461233139038086,1609701873.5619874,1609701873.5680633,0.006075859069824219
b5a748da942a475fbd451b5a3484c7e6,k-means,warm,exec,queue,0.035079002380371094,2.384185791015625e-07,0.0,1609701873.5040205,1609701873.9588199,0.4547994136810303,1609701873.5683546,1609701873.5754619,0.007107257843017578
e1cc3cf43aa64ba4ade59748c994deaa,k-means,warm,exec,queue,0.04038834571838379,2.384185791015625e-07,0.0,1609701873.5055375,1609701873.8751504,0.3696129322052002,1609701873.5732403,1609701873.5795825,0.006342172622680664
74e8dd76d7e6498aa05b3928228de142,k-means,warm,exec,queue,0.04551577568054199,2.384185791015625e-07,2.384185791015625e-07,1609701873.5071318,1609701873.9608088,0.4536769390106201,1609701873.5806684,1609701873.586476,0.005807638168334961
1edfd77886304a28b1427bb9f9e9f9c3,k-means,warm,exec,queue,0.05031085014343262,2.384185791015625e-07,2.384185791015625e-07,1609701873.50862,1609701873.8079205,0.2993004322052002,1609701873.5844207,1609701873.5909905,0.006569862365722656
9ef13a5877dd43a6b7467cc1ee9cd50a,k-means,warm,exec,queue,0.009919166564941406,2.384185791015625e-07,2.384185791015625e-07,1609701873.5101018,1609701873.622088,0.11198616027832031,1609701873.5399535,1609701873.5474224,0.0074689388275146484
f2ec1bad6a814e0a9e40209e8f86d55e,k-means,warm,exec,queue,0.06269598007202148,2.384185791015625e-07,2.384185791015625e-07,1609701873.5115812,1609701873.7191756,0.2075943946838379,1609701873.5998347,1609701873.605807,0.005972385406494141
51bc8da5023347e081f2f0e26a3d2357,k-means,warm,exec,queue,0.06785821914672852,2.384185791015625e-07,2.384185791015625e-07,1609701873.5131645,1609701873.9924383,0.47927379608154297,1609701873.6045082,1609701873.6087723,0.004264116287231445
7ebe96db51914bb4a8c64a44f80acf83,k-means,warm,exec,queue,0.07299089431762695,2.384185791015625e-07,0.0,1609701873.5146422,1609701873.8109345,0.2962923049926758,1609701873.611364,1609701873.6189098,0.007545948028564453
aed5a503fd9740158a2724e22e3fbf96,video,warm,exec,queue,0.015812397003173828,2.384185791015625e-07,2.384185791015625e-07,1609701873.5161219,1609701873.71631,0.20018815994262695,1609701873.5576932,1609701873.5744307,0.01673746109008789
8cb8e64d1c9940c8bbcbf871acaa7933,k-means,warm,exec,queue,7.867813110351562e-05,4.76837158203125e-07,2.384185791015625e-07,1609701874.4802322,1609701874.649461,0.16922879219055176,1609701874.5202656,1609701874.5278249,0.007559299468994141
e4a64d29cd9a44d1b55ce2058c91e0e7,k-means,warm,exec,queue,0.004956483840942383,2.384185791015625e-07,0.0,1609701874.4851055,1609701874.6529078,0.1678023338317871,1609701874.5205996,1609701874.528871,0.008271455764770508
5237654ad5564238b811066ec6442059,k-means,warm,exec,queue,0.009829998016357422,7.152557373046875e-07,0.0,1609701874.487749,1609701874.6457598,0.15801072120666504,1609701874.5257654,1609701874.5341892,0.008423805236816406
78561019a2ce4d84bcffab719edd9c0d,k-means,warm,exec,queue,0.014456748962402344,2.384185791015625e-07,2.384185791015625e-07,1609701874.4903853,1609701874.7961292,0.305743932723999,1609701874.5307183,1609701874.5386035,0.007885217666625977
51af899881ef4365a6630f072545cb6c,k-means,warm,exec,queue,0.018972396850585938,2.384185791015625e-07,2.384185791015625e-07,1609701874.49275,1609701874.796673,0.3039231300354004,1609701874.5360336,1609701874.5422857,0.0062520503997802734
30d767dc199b473aba3080be5b3f0750,k-means,warm,exec,queue,0.02389979362487793,2.384185791015625e-07,0.0,1609701874.4945433,1609701874.7911835,0.29664015769958496,1609701874.5403187,1609701874.54635,0.0060312747955322266
a372f1343c80448a99a2d4dae2f4bae8,k-means,warm,exec,queue,0.029483556747436523,4.76837158203125e-07,2.384185791015625e-07,1609701874.4961386,1609701874.6522806,0.156141996383667,1609701874.5474353,1609701874.5521615,0.0047261714935302734
6f11ecc2bdf441c3a5ebe674066b651e,k-means,warm,exec,queue,0.03476548194885254,2.384185791015625e-07,2.384185791015625e-07,1609701874.4977694,1609701874.6488457,0.1510763168334961,1609701874.5520318,1609701874.5579598,0.00592803955078125
0d21b274040e4a12ab38b7c75d9331a8,k-means,warm,exec,queue,0.040145158767700195,2.384185791015625e-07,0.0,1609701874.499365,1609701874.7956004,0.2962353229522705,1609701874.5576894,1609701874.562126,0.004436492919921875
e41887fb69454470b50f6e1739a42e49,k-means,warm,exec,queue,0.04555106163024902,2.384185791015625e-07,2.384185791015625e-07,1609701874.5011065,1609701874.7917812,0.29067468643188477,1609701874.5635173,1609701874.5691726,0.0056552886962890625
04b23ef8e87b43dfa63589f7a54cd9c1,k-means,warm,exec,queue,0.0011856555938720703,4.76837158203125e-07,2.384185791015625e-07,1609701875.4901338,1609701875.6142173,0.1240835189819336,1609701875.5305364,1609701875.539142,0.008605480194091797
261e91ec39e54ffd85770a40b865301f,k-means,warm,exec,queue,0.002462148666381836,4.76837158203125e-07,2.384185791015625e-07,1609701875.4943702,1609701875.6673846,0.17301440238952637,1609701875.5499659,1609701875.5587873,0.008821487426757812
41eee7ab85bf4105b8e024942e298d49,k-means,warm,exec,queue,0.027614831924438477,4.76837158203125e-07,4.76837158203125e-07,1609701875.4970095,1609701875.6979141,0.20090460777282715,1609701875.5807962,1609701875.588824,0.008027791976928711
11513b1885a747b18e0da863c46df0f6,k-means,warm,exec,queue,0.035913705825805664,2.384185791015625e-07,4.76837158203125e-07,1609701875.499649,1609701875.7360191,0.23637008666992188,1609701875.5817416,1609701875.5897768,0.00803518295288086
e0dcdac10f9a4e39ac1068c7a7d53d4e,k-means,warm,exec,queue,0.04071378707885742,2.384185791015625e-07,2.384185791015625e-07,1609701875.5025933,1609701875.935674,0.43308067321777344,1609701875.5826087,1609701875.5883627,0.005753993988037109
d6af5de3db1d45a497ea8ba3b0061a5c,k-means,warm,exec,queue,0.04590010643005371,2.384185791015625e-07,0.0,1609701875.5050318,1609701875.7355626,0.2305307388305664,1609701875.5874336,1609701875.5947695,0.0073359012603759766
1cb2b83170194ea58ea671790180417b,k-means,warm,exec,queue,0.051518917083740234,4.76837158203125e-07,2.384185791015625e-07,1609701875.5066361,1609701875.9385417,0.43190550804138184,1609701875.5990899,1609701875.6068704,0.007780551910400391
b2b969b8b6ec4665b9082233b406e30f,k-means,warm,exec,queue,0.05752730369567871,2.384185791015625e-07,2.384185791015625e-07,1609701875.5082574,1609701875.7647703,0.2565128803253174,1609701875.6013575,1609701875.6081421,0.006784677505493164
0235d23c42a24c278221b8b6e66265ab,k-means,warm,exec,queue,0.016005277633666992,7.152557373046875e-07,2.384185791015625e-07,1609701875.5098732,1609701875.829908,0.3200347423553467,1609701875.5566375,1609701875.5655036,0.008866071701049805
46ecb540d62c47bbb4a26cb9d814d3c7,k-means,warm,exec,queue,0.011580705642700195,2.384185791015625e-07,2.384185791015625e-07,1609701875.511619,1609701875.664602,0.1529829502105713,1609701875.5508938,1609701875.5574985,0.006604671478271484
3152d95530b741259b35332bbc3a7291,k-means,warm,exec,queue,0.009548187255859375,2.384185791015625e-07,2.384185791015625e-07,1609701875.5132475,1609701875.6679742,0.15472674369812012,1609701875.5492797,1609701875.5574965,0.00821685791015625
208eda5030a74dc2aceb4543b584dd88,k-means,warm,exec,queue,0.02075672149658203,7.152557373046875e-07,2.384185791015625e-07,1609701875.5148754,1609701875.6996357,0.18476033210754395,1609701875.5602167,1609701875.5675454,0.00732874870300293
b0210a0d482942178a1889afb6acd81a,video,warm,exec,queue,0.011176824569702148,2.384185791015625e-07,2.384185791015625e-07,1609701875.517528,1609701875.8293931,0.31186509132385254,1609701875.5509815,1609701875.5676482,0.016666650772094727
f3ad6a3dbf11474d8e12534177fd6bde,matmul,warm,exec,queue,0.021309614181518555,2.384185791015625e-07,2.384185791015625e-07,1609701875.5195358,1609701875.7326138,0.21307802200317383,1609701875.5810494,1609701875.5907044,0.009654998779296875
ed68f712346d4413a6ce8d79d493cccb,map_reduce,warm,exec,queue,0.02904653549194336,2.384185791015625e-07,2.384185791015625e-07,1609701875.5211625,1609701875.9391093,0.41794681549072266,1609701875.5819473,1609701875.6672344,0.08528709411621094
82c0d53c62514a00b1ac6ff1f032f915,k-means,warm,exec,queue,0.00982975959777832,2.384185791015625e-07,0.0,1609701876.4899015,1609701876.6372716,0.1473701000213623,1609701876.5382128,1609701876.5460365,0.007823705673217773
1f3e55493c83443896cfe34a259406b3,k-means,warm,exec,queue,0.03334760665893555,2.384185791015625e-07,0.0,1609701876.4940062,1609701876.6948788,0.20087265968322754,1609701876.56654,1609701876.5731115,0.006571531295776367
bf5ec0ecf88a46b6874c9f7991d0a3e6,k-means,warm,exec,queue,0.03823280334472656,2.384185791015625e-07,2.384185791015625e-07,1609701876.4964335,1609701876.8064167,0.3099832534790039,1609701876.5703268,1609701876.5767052,0.0063784122467041016
7079df29c33249378071c0eae22dca2c,k-means,warm,exec,queue,0.043730974197387695,2.384185791015625e-07,2.384185791015625e-07,1609701876.498823,1609701876.8081198,0.3092968463897705,1609701876.5846748,1609701876.5910811,0.006406307220458984
a26b787f942a457eaef6163fe53a3e6a,k-means,warm,exec,queue,0.04950666427612305,2.384185791015625e-07,2.384185791015625e-07,1609701876.501157,1609701876.7577884,0.25663137435913086,1609701876.583979,1609701876.5899801,0.00600123405456543
8ba64f8405bc4685821caef08032195e,k-means,warm,exec,queue,0.05451035499572754,2.384185791015625e-07,0.0,1609701876.5026567,1609701876.7600837,0.2574269771575928,1609701876.5880353,1609701876.5944684,0.006433010101318359
995f2a469dd64428a8a637a92c321d26,k-means,warm,exec,queue,0.06007790565490723,4.76837158203125e-07,2.384185791015625e-07,1609701876.5041592,1609701876.8098807,0.3057215213775635,1609701876.6018422,1609701876.6091936,0.007351398468017578
d128ed9d2c1f455f8887fbd6cbd0f608,k-means,warm,exec,queue,0.06556940078735352,2.384185791015625e-07,4.76837158203125e-07,1609701876.5056925,1609701876.865671,0.35997843742370605,1609701876.6016247,1609701876.6078298,0.006205081939697266
f9d3b5454c7c4c508b57e4dc433cf379,k-means,warm,exec,queue,0.027586698532104492,2.384185791015625e-07,2.384185791015625e-07,1609701876.5072036,1609701876.695701,0.18849730491638184,1609701876.5650377,1609701876.5732713,0.00823354721069336
1b058cdec1514a5a985c67ad427c54f1,k-means,warm,exec,queue,0.022364139556884766,2.384185791015625e-07,2.384185791015625e-07,1609701876.5088437,1609701876.6891584,0.1803147792816162,1609701876.5525253,1609701876.5591578,0.006632566452026367
8f3d460a7f4c4de6a6bdb199649bb167,k-means,warm,exec,queue,0.012767314910888672,7.152557373046875e-07,2.384185791015625e-07,1609701876.510343,1609701876.6911712,0.18082809448242188,1609701876.5442479,1609701876.5530002,0.00875234603881836
2296da15197844d9b09eaf3ea5cecf5f,k-means,warm,exec,queue,0.01748800277709961,2.384185791015625e-07,2.384185791015625e-07,1609701876.5118496,1609701876.7606156,0.2487659454345703,1609701876.5486677,1609701876.5565648,0.007897138595581055
0ebb44936ff640198374a60555dcb02a,k-means,warm,exec,queue,0.07034873962402344,2.384185791015625e-07,2.384185791015625e-07,1609701876.51338,1609701876.756299,0.2429189682006836,1609701876.6054032,1609701876.609935,0.0045318603515625
e7fd90ca46654d8da5a3f93673ee2daf,k-means,warm,exec,queue,0.07575845718383789,4.76837158203125e-07,2.384185791015625e-07,1609701876.515005,1609701876.8424253,0.3274202346801758,1609701876.6180077,1609701876.6249743,0.006966590881347656
50dc08f1c60040e0bbf5376dff88d652,k-means,warm,exec,queue,0.08191418647766113,2.384185791015625e-07,0.0,1609701876.5165007,1609701876.8675764,0.3510756492614746,1609701876.6185498,1609701876.6232119,0.004662036895751953
3cc35df41dca4aa382d891280cf66f17,k-means,warm,exec,queue,0.0063152313232421875,4.76837158203125e-07,2.384185791015625e-07,1609701877.487543,1609701877.6638637,0.17632055282592773,1609701877.532886,1609701877.5409052,0.008019208908081055
7dc946978add43ef9bc68de43caff9b0,k-means,warm,exec,queue,0.04888796806335449,2.384185791015625e-07,0.0,1609701877.4919226,1609701877.95636,0.46443748474121094,1609701877.580418,1609701877.5880668,0.0076487064361572266
6af5858e2eb24ba8980f09bc8763c2fe,k-means,warm,exec,queue,0.05398082733154297,4.76837158203125e-07,2.384185791015625e-07,1609701877.4945815,1609701877.8317568,0.3371753692626953,1609701877.586616,1609701877.5920422,0.005426168441772461
8466f5e4d1c24e9f9b4b04fe4394977f,k-means,warm,exec,queue,0.05921792984008789,7.152557373046875e-07,2.384185791015625e-07,1609701877.4971848,1609701877.9569495,0.4597647190093994,1609701877.5913358,1609701877.5963,0.004964113235473633
8f03110a2ff34308b55f8b2d53f42798,k-means,warm,exec,queue,0.014518260955810547,4.76837158203125e-07,0.0,1609701877.5001051,1609701877.7202206,0.22011542320251465,1609701877.5413935,1609701877.5501893,0.008795738220214844
63d59ccf9fff48ddb8e818a17af5c853,k-means,warm,exec,queue,0.01972222328186035,4.76837158203125e-07,0.0,1609701877.501868,1609701877.7236745,0.22180652618408203,1609701877.5514708,1609701877.55965,0.008179187774658203
0b6ac63ff026465b8d9bc5b6c58fa100,k-means,warm,exec,queue,0.02457594871520996,2.384185791015625e-07,2.384185791015625e-07,1609701877.5034506,1609701877.7219603,0.21850967407226562,1609701877.5526137,1609701877.5602913,0.007677555084228516
08fc03cc151e44fe9c7b10361612648d,k-means,warm,exec,queue,0.02936530113220215,2.384185791015625e-07,2.384185791015625e-07,1609701877.505061,1609701877.7871058,0.2820448875427246,1609701877.5572078,1609701877.5637767,0.00656890869140625
47faabd4076e482ca140f3f3fe90ab54,k-means,warm,exec,queue,0.03494763374328613,4.76837158203125e-07,2.384185791015625e-07,1609701877.5066519,1609701877.8343534,0.3277015686035156,1609701877.5682745,1609701877.576335,0.008060455322265625
688b568f0c8243efbc8faee204188923,k-means,warm,exec,queue,0.03961324691772461,4.76837158203125e-07,2.384185791015625e-07,1609701877.5083745,1609701877.8716917,0.36331725120544434,1609701877.5699012,1609701877.57683,0.006928682327270508
7f214d32eef54748ac4a9f261f9cce76,k-means,warm,exec,queue,0.044785499572753906,2.384185791015625e-07,0.0,1609701877.5099626,1609701877.7890668,0.27910423278808594,1609701877.5750358,1609701877.58061,0.005574226379394531
c705c0d6f44044ab9e0481e1d27a81ea,k-means,warm,exec,queue,0.009721755981445312,2.384185791015625e-07,2.384185791015625e-07,1609701877.5115402,1609701877.6619933,0.1504530906677246,1609701877.5363197,1609701877.544271,0.00795125961303711
b4ceaa7912ee4b23a442509e16ae97c9,video,warm,exec,queue,0.015849590301513672,4.76837158203125e-07,2.384185791015625e-07,1609701877.5131378,1609701877.8323884,0.31925058364868164,1609701877.5525346,1609701877.5697937,0.01725912094116211
f4b546fd4d3d4fb78a0740fabcc27510,k-means,warm,exec,queue,0.0069391727447509766,2.384185791015625e-07,2.384185791015625e-07,1609701878.4926996,1609701878.6308007,0.13810110092163086,1609701878.547533,1609701878.5562532,0.008720159530639648
8af60e116e054f0187573ff94107590e,k-means,warm,exec,queue,0.048223257064819336,2.384185791015625e-07,2.384185791015625e-07,1609701878.496868,1609701878.8395095,0.34264159202575684,1609701878.5912094,1609701878.5980341,0.0068247318267822266
072d2787ddd441d18926749064edb334,k-means,warm,exec,queue,0.05323910713195801,2.384185791015625e-07,2.384185791015625e-07,1609701878.4994793,1609701878.8898435,0.3903641700744629,1609701878.597179,1609701878.603344,0.006165027618408203
b9640f327c62454c87f1ba4d1b572a99,k-means,warm,exec,queue,0.05820417404174805,4.76837158203125e-07,2.384185791015625e-07,1609701878.5020533,1609701878.844795,0.3427417278289795,1609701878.603402,1609701878.6097887,0.006386756896972656
f5f8712f8107435ca6950338b10ab2d6,k-means,warm,exec,queue,0.015978336334228516,2.384185791015625e-07,2.384185791015625e-07,1609701878.5049405,1609701878.6326668,0.12772631645202637,1609701878.553057,1609701878.5609884,0.00793147087097168
408655889ab840578714aa935893e2fb,k-means,warm,exec,queue,0.02042245864868164,2.384185791015625e-07,2.384185791015625e-07,1609701878.5075052,1609701878.6739562,0.16645097732543945,1609701878.5582793,1609701878.5670617,0.008782386779785156
cb161852760848d18cda3b65fd8b7f60,k-means,warm,exec,queue,0.024739742279052734,2.384185791015625e-07,2.384185791015625e-07,1609701878.5094047,1609701878.7811368,0.2717320919036865,1609701878.5702527,1609701878.5788157,0.008563041687011719
bb7cf9dbe2f94612b297015e1a87a394,k-means,warm,exec,queue,0.03185391426086426,2.384185791015625e-07,2.384185791015625e-07,1609701878.5109704,1609701878.6722152,0.16124486923217773,1609701878.5718808,1609701878.5800498,0.008168935775756836
3c58d1c8758444fd91f4185caa73c439,k-means,warm,exec,queue,0.036194801330566406,4.76837158203125e-07,4.76837158203125e-07,1609701878.5125527,1609701878.7486763,0.23612356185913086,1609701878.5751073,1609701878.5817075,0.006600141525268555
ac17c46df7c74ecc99e6094dfc24e340,k-means,warm,exec,queue,0.04098820686340332,2.384185791015625e-07,2.384185791015625e-07,1609701878.5142512,1609701878.8413343,0.32708311080932617,1609701878.5805326,1609701878.588129,0.007596492767333984
4bfce6afbd364c1484d21eae82cf8485,k-means,warm,exec,queue,0.045656681060791016,2.384185791015625e-07,2.384185791015625e-07,1609701878.5158105,1609701878.934929,0.41911840438842773,1609701878.5878034,1609701878.5943308,0.006527423858642578
7d43e82d88104f56856a976b201868af,k-means,warm,exec,queue,0.01116323471069336,2.384185791015625e-07,2.384185791015625e-07,1609701878.517389,1609701878.7155821,0.19819307327270508,1609701878.5481217,1609701878.5568044,0.008682727813720703
9114453637744e37bd37e5bd65640912,k-means,warm,exec,queue,0.06290602684020996,2.384185791015625e-07,0.0,1609701878.5189543,1609701878.7175996,0.19864535331726074,1609701878.6084318,1609701878.6147432,0.0063114166259765625
5e988e5fbcee4f5f8977753e8c6a906a,k-means,warm,exec,queue,0.06760525703430176,2.384185791015625e-07,2.384185791015625e-07,1609701878.5206242,1609701878.9328423,0.4122180938720703,1609701878.6127005,1609701878.6174278,0.004727363586425781
337c292bc7864376807e56725911df30,k-means,warm,exec,queue,0.07211637496948242,4.76837158203125e-07,2.384185791015625e-07,1609701878.523072,1609701878.8441026,0.3210306167602539,1609701878.6189432,1609701878.6255717,0.006628513336181641
6299be2ddbd749d58fadab9497d16fea,k-means,warm,exec,queue,0.0027904510498046875,4.76837158203125e-07,2.384185791015625e-07,1609701879.4958715,1609701879.6916409,0.1957693099975586,1609701879.5740035,1609701879.582439,0.008435487747192383
3c4704c7e63f4d4591c4a37aab8cd029,k-means,warm,exec,queue,0.017560720443725586,4.76837158203125e-07,2.384185791015625e-07,1609701879.500286,1609701879.6941664,0.19388031959533691,1609701879.5853686,1609701879.5937204,0.008351802825927734
f203bd66004748549d6de3d2037e817a,k-means,warm,exec,queue,0.02362990379333496,2.384185791015625e-07,2.384185791015625e-07,1609701879.5028284,1609701879.8698308,0.3670024871826172,1609701879.593789,1609701879.601672,0.007882833480834961
6e9cabb44d404f05bcf552f45589b5de,k-means,warm,exec,queue,0.02901315689086914,2.384185791015625e-07,2.384185791015625e-07,1609701879.505373,1609701879.781791,0.27641797065734863,1609701879.59732,1609701879.6043892,0.007069110870361328
094c891ec514459bbcf33b2a9742fd04,k-means,warm,exec,queue,0.033873558044433594,2.384185791015625e-07,0.0,1609701879.534033,1609701879.7811735,0.24714040756225586,1609701879.6018653,1609701879.607188,0.005322694778442383
0f5c57d641ae495692445d4f25ceb611,k-means,warm,exec,queue,0.03877520561218262,2.384185791015625e-07,0.0,1609701879.535559,1609701879.9037616,0.36820268630981445,1609701879.609361,1609701879.6169536,0.007592678070068359
5d5f34508f124c2f9427bde6afb31969,k-means,warm,exec,queue,0.04444575309753418,2.384185791015625e-07,2.384185791015625e-07,1609701879.5370424,1609701879.77499,0.23794770240783691,1609701879.6133318,1609701879.6184797,0.0051479339599609375
fcd6ddc919f6424c8b1b89355360fd29,k-means,warm,exec,queue,0.04966330528259277,2.384185791015625e-07,2.384185791015625e-07,1609701879.5385919,1609701879.9031825,0.3645906448364258,1609701879.6190457,1609701879.6258929,0.0068471431732177734
5fe99a263732484da54966a01941a64f,k-means,warm,exec,queue,0.05472064018249512,2.384185791015625e-07,2.384185791015625e-07,1609701879.5400717,1609701879.8164704,0.2763986587524414,1609701879.624195,1609701879.6288557,0.004660606384277344
5ccaceb0371f4213aec9294ff237a9c9,k-means,warm,exec,queue,0.060210227966308594,2.384185791015625e-07,2.384185791015625e-07,1609701879.541537,1609701879.9002361,0.35869908332824707,1609701879.631622,1609701879.6381092,0.006487131118774414
6d5dbcb0e20e43ac85e09b057a0cea7e,k-means,warm,exec,queue,0.009835481643676758,2.384185791015625e-07,2.384185791015625e-07,1609701879.543081,1609701879.696031,0.15295004844665527,1609701879.574279,1609701879.582682,0.008402824401855469
af8d91e87817452a94d2b2acd3f8968a,k-means,warm,exec,queue,0.014424800872802734,2.384185791015625e-07,2.384185791015625e-07,1609701879.544553,1609701879.694693,0.15014004707336426,1609701879.578805,1609701879.5870695,0.008264541625976562
773921f441bf4068b4e2c19fdbe35fd8,k-means,warm,exec,queue,0.06497454643249512,2.384185791015625e-07,4.76837158203125e-07,1609701879.546011,1609701879.7784584,0.23244738578796387,1609701879.6353803,1609701879.6402202,0.004839897155761719
deba3e54e6d54d1e9967d114e7a0ec31,k-means,warm,exec,queue,0.07050037384033203,2.384185791015625e-07,2.384185791015625e-07,1609701879.5475526,1609701879.7778585,0.23030591011047363,1609701879.6428766,1609701879.649782,0.006905317306518555
3b1b5744984d471d9a3d0a69b6824a81,k-means,warm,exec,queue,0.07537722587585449,2.384185791015625e-07,0.0,1609701879.5490196,1609701879.9710717,0.42205214500427246,1609701879.6472228,1609701879.6516743,0.0044515132904052734
6d07fc6c5aa3468cb350368ba8cbedaa,video,warm,exec,queue,0.0167694091796875,2.384185791015625e-07,2.384185791015625e-07,1609701879.5504825,1609701879.7246509,0.17416834831237793,1609701879.594052,1609701879.6113596,0.017307519912719727
c45e040f7c2a4b9aa4d4e5058e7efdfc,k-means,warm,exec,queue,0.0009725093841552734,4.76837158203125e-07,2.384185791015625e-07,1609701880.486347,1609701880.6104257,0.12407875061035156,1609701880.526697,1609701880.535552,0.008855104446411133
dba0b7c5a83a4e3f813e131d9d747967,matmul,warm,exec,queue,0.02726602554321289,2.384185791015625e-07,2.384185791015625e-07,1609701880.4903972,1609701880.7327864,0.24238920211791992,1609701880.5500195,1609701880.56079,0.010770559310913086
239eb4b6a7354a669d27dc5fd1fc46e7,k-means,warm,exec,queue,0.009754657745361328,4.76837158203125e-07,2.384185791015625e-07,1609701880.4930017,1609701880.6709406,0.17793893814086914,1609701880.5321553,1609701880.5407665,0.008611202239990234
ab51d9a966d34054b81c78e72e887ed0,k-means,warm,exec,queue,0.014335870742797852,2.384185791015625e-07,2.384185791015625e-07,1609701880.4955542,1609701880.6450572,0.14950299263000488,1609701880.5373514,1609701880.5459845,0.008633136749267578
f845b43a91834844bd231aca6879e406,k-means,warm,exec,queue,0.018778562545776367,4.76837158203125e-07,2.384185791015625e-07,1609701880.4981508,1609701880.7333796,0.2352287769317627,1609701880.548759,1609701880.5564916,0.0077326297760009766
c3b3179de6ca4210898bd8fd17de7980,k-means,warm,exec,queue,0.02309417724609375,4.76837158203125e-07,2.384185791015625e-07,1609701880.500834,1609701880.7339451,0.23311114311218262,1609701880.5495462,1609701880.5558484,0.0063021183013916016
72c9282af4294890968818b5eff8b748,k-means,warm,exec,queue,0.027567625045776367,2.384185791015625e-07,2.384185791015625e-07,1609701880.5023892,1609701880.7287016,0.22631239891052246,1609701880.5527084,1609701880.559231,0.006522655487060547
a6cfa93749bd4df98cec797c290abc4b,k-means,warm,exec,queue,0.032324790954589844,0.0,2.384185791015625e-07,1609701880.5039477,1609701880.6431742,0.13922643661499023,1609701880.5565722,1609701880.5641944,0.007622241973876953
0dff8bfb15064f1ab7c5d14df8d72891,k-means,warm,exec,queue,0.03761935234069824,2.384185791015625e-07,2.384185791015625e-07,1609701880.5055177,1609701880.6689808,0.16346311569213867,1609701880.5644968,1609701880.5700831,0.005586385726928711
25c1fb8212c346c5a322d2f402427884,k-means,warm,exec,queue,0.004926919937133789,2.384185791015625e-07,2.384185791015625e-07,1609701880.507189,1609701880.612392,0.10520291328430176,1609701880.5269096,1609701880.5359805,0.009070873260498047
12158c4236ef421e801bf37d14f344d4,k-means,warm,exec,queue,0.0022852420806884766,4.76837158203125e-07,2.384185791015625e-07,1609701881.4962158,1609701881.6830819,0.18686604499816895,1609701881.5469356,1609701881.5581584,0.01122283935546875
8ef037ba6f9f488586a26a8c09be858e,k-means,warm,exec,queue,0.04270601272583008,2.384185791015625e-07,2.384185791015625e-07,1609701881.5004344,1609701881.9732618,0.4728274345397949,1609701881.5883713,1609701881.5948963,0.0065250396728515625
980661333f12474d9f3ef05b9395e2d1,k-means,warm,exec,queue,0.04751944541931152,2.384185791015625e-07,0.0,1609701881.5030193,1609701881.7543008,0.2512814998626709,1609701881.5925844,1609701881.5977652,0.005180835723876953
892c5bdde6c5493b83a18411f770ebbe,k-means,warm,exec,queue,0.052448272705078125,2.384185791015625e-07,2.384185791015625e-07,1609701881.5056388,1609701881.9474716,0.4418327808380127,1609701881.5979161,1609701881.6028666,0.004950523376464844
1bea14732a0447ea8868377d52907d86,k-means,warm,exec,queue,0.0151824951171875,2.384185791015625e-07,2.384185791015625e-07,1609701881.508509,1609701881.7562861,0.24777722358703613,1609701881.5555706,1609701881.5647116,0.009140968322753906
c5de7f0af19e4073b3c87233c31cfd0e,k-means,warm,exec,queue,0.020556926727294922,2.384185791015625e-07,0.0,1609701881.5101187,1609701881.8559222,0.34580349922180176,1609701881.5609264,1609701881.5695572,0.008630752563476562
2e91eaadba1b4849b7bc21f002f4c678,k-means,warm,exec,queue,0.02555084228515625,2.384185791015625e-07,2.384185791015625e-07,1609701881.5116813,1609701881.9761496,0.46446824073791504,1609701881.5684938,1609701881.576491,0.007997274398803711
bd8305a58773409e87aafc6d8cd67661,k-means,warm,exec,queue,0.03083062171936035,2.384185791015625e-07,2.384185791015625e-07,1609701881.513266,1609701881.9784453,0.4651792049407959,1609701881.5718303,1609701881.5799913,0.008161067962646484
3294754a38474e4bbf6d354eed42253a,k-means,warm,exec,queue,0.03535628318786621,2.384185791015625e-07,0.0,1609701881.5148382,1609701881.714226,0.199387788772583,1609701881.5767672,1609701881.5835152,0.0067479610443115234
5f5481265422445589c4c6da651e255c,k-means,warm,exec,queue,0.039861202239990234,2.384185791015625e-07,2.384185791015625e-07,1609701881.5165591,1609701881.7124221,0.1958630084991455,1609701881.5838072,1609701881.5915985,0.007791280746459961
702bcdf928c742948912b6e724911e03,k-means,warm,exec,queue,0.00986933708190918,2.384185791015625e-07,2.384185791015625e-07,1609701881.5181358,1609701881.679518,0.16138219833374023,1609701881.5496225,1609701881.5603697,0.010747194290161133
91db031517e9432ea98a4a7e630e9ebf,k-means,warm,exec,queue,0.00763249397277832,4.76837158203125e-07,2.384185791015625e-07,1609701881.5197248,1609701881.6824925,0.16276764869689941,1609701881.5469682,1609701881.5561383,0.009170055389404297
212bde0761da458295b4774c83b8955c,k-means,warm,exec,queue,0.057601213455200195,2.384185791015625e-07,0.0,1609701881.5213,1609701881.8967917,0.3754916191101074,1609701881.6035867,1609701881.6097262,0.006139516830444336
52ba7af201a54b939f1e1f155bcfbc12,video,warm,exec,queue,0.016991853713989258,2.384185791015625e-07,0.0,1609701881.5229816,1609701881.9767926,0.4538109302520752,1609701881.569154,1609701881.5866995,0.017545461654663086
ff4751d8147a4c0ea87bbb1e8eaa10a8,k-means,warm,exec,queue,0.0023005008697509766,2.384185791015625e-07,2.384185791015625e-07,1609701882.50135,1609701882.6406007,0.1392507553100586,1609701882.5494795,1609701882.5584543,0.008974790573120117
ea3f747ee15641e1b9d7dabdb3cf7410,k-means,warm,exec,queue,0.0500333309173584,2.384185791015625e-07,2.384185791015625e-07,1609701882.50543,1609701882.8620586,0.3566286563873291,1609701882.5980108,1609701882.6041143,0.006103515625
94e1b38aae8347fea08c1e5688021c0e,k-means,warm,exec,queue,0.0555877685546875,2.384185791015625e-07,2.384185791015625e-07,1609701882.507743,1609701882.8626661,0.3549232482910156,1609701882.6036913,1609701882.6082182,0.004526853561401367
17e01b9f8f0e4f1ba16393414ac34302,k-means,warm,exec,queue,0.010256528854370117,2.384185791015625e-07,0.0,1609701882.5095773,1609701882.7387087,0.22913146018981934,1609701882.5528133,1609701882.5626245,0.009811162948608398
5a0d523b3c9e4f529440d992a1137623,k-means,warm,exec,queue,0.015604496002197266,2.384185791015625e-07,2.384185791015625e-07,1609701882.5114188,1609701882.7578268,0.24640798568725586,1609701882.5594897,1609701882.568452,0.008962154388427734
13ec763e927b41689683db9dccf05761,k-means,warm,exec,queue,0.020598888397216797,2.384185791015625e-07,0.0,1609701882.5130534,1609701882.7404215,0.22736811637878418,1609701882.5663826,1609701882.5748353,0.008452653884887695
aec1dae651904beda776434373ff35a4,k-means,warm,exec,queue,0.02601909637451172,7.152557373046875e-07,2.384185791015625e-07,1609701882.5146399,1609701882.7376502,0.22301030158996582,1609701882.5704315,1609701882.5777054,0.00727391242980957
1355992362e94e189370da6747325780,k-means,warm,exec,queue,0.03106856346130371,4.76837158203125e-07,2.384185791015625e-07,1609701882.5162344,1609701882.6664658,0.15023136138916016,1609701882.5755541,1609701882.5828826,0.007328510284423828
dad4a4f772414c2081f46233f123cf17,k-means,warm,exec,queue,0.03651309013366699,2.384185791015625e-07,0.0,1609701882.5178208,1609701882.7339191,0.21609830856323242,1609701882.5808036,1609701882.5859966,0.005192995071411133
0d22743f9f2f412d9494fd793ca0bcb2,k-means,warm,exec,queue,0.041350603103637695,2.384185791015625e-07,4.76837158203125e-07,1609701882.5195324,1609701882.6647565,0.14522409439086914,1609701882.5873306,1609701882.591935,0.004604339599609375
a63a2cba69374ab99f98d59da2f07982,k-means,warm,exec,queue,0.04693603515625,2.384185791015625e-07,2.384185791015625e-07,1609701882.5211327,1609701882.698194,0.1770613193511963,1609701882.5920796,1609701882.5966856,0.004606008529663086
9484edada2e34f63ac300ea82f43a4bd,k-means,warm,exec,queue,0.007491350173950195,2.384185791015625e-07,0.0,1609701882.5227208,1609701882.6423457,0.11962485313415527,1609701882.5499604,1609701882.558482,0.008521556854248047
5fd022a8bc024528be4034333f17e79b,k-means,warm,exec,queue,0.060131072998046875,2.384185791015625e-07,2.384185791015625e-07,1609701882.5242872,1609701882.756517,0.23222970962524414,1609701882.6104422,1609701882.61734,0.006897926330566406
c52ceae2b8e24d29a4fef4ba2b642dc4,k-means,warm,exec,queue,0.06483769416809082,2.384185791015625e-07,2.384185791015625e-07,1609701882.5259578,1609701882.7382054,0.21224761009216309,1609701882.614019,1609701882.618452,0.004433155059814453
85e4fdcf5e9d4b8e8a503029ffb08df0,k-means,warm,exec,queue,0.002480745315551758,7.152557373046875e-07,2.384185791015625e-07,1609701883.479567,1609701883.584317,0.10474991798400879,1609701883.5030031,1609701883.5114794,0.00847625732421875
92069bb16ef44c14ae7a4c5e1495d690,video,warm,exec,queue,0.01701211929321289,2.384185791015625e-07,2.384185791015625e-07,1609701883.4835515,1609701883.652439,0.16888761520385742,1609701883.5188468,1609701883.536298,0.01745128631591797
34fde62036a84eff96ba29fcd04fb129,k-means,warm,exec,queue,0.011091232299804688,7.152557373046875e-07,2.384185791015625e-07,1609701883.4869988,1609701883.6507187,0.16371989250183105,1609701883.5129733,1609701883.5223942,0.00942087173461914
d4392a54621b4b56986836a357ee6708,k-means,warm,exec,queue,0.007302522659301758,4.76837158203125e-07,2.384185791015625e-07,1609701883.4895117,1609701883.5860662,0.09655451774597168,1609701883.5082994,1609701883.5184014,0.010102033615112305
081999f56a2d43a7b02f618b3100999c,k-means,warm,exec,queue,0.008145332336425781,4.76837158203125e-07,0.0,1609701884.4955292,1609701884.6218183,0.12628912925720215,1609701884.5390027,1609701884.5495062,0.010503530502319336
83cbedbbb7d54759b4f26e03741f8307,k-means,warm,exec,queue,0.04942655563354492,4.76837158203125e-07,2.384185791015625e-07,1609701884.4997272,1609701884.7533832,0.25365591049194336,1609701884.5859325,1609701884.5910237,0.005091190338134766
361be492688847fc87fe8a4cedb7b3d8,k-means,warm,exec,queue,0.04495668411254883,4.76837158203125e-07,2.384185791015625e-07,1609701884.50233,1609701884.7516265,0.2492964267730713,1609701884.579482,1609701884.5867777,0.0072956085205078125
c9b41575dcb14b1f851ce4fed6fbd1fe,k-means,warm,exec,queue,0.040482521057128906,2.384185791015625e-07,2.384185791015625e-07,1609701884.50496,1609701884.8858027,0.3808426856994629,1609701884.575215,1609701884.5800602,0.004845142364501953
566e29d1bcfe4fc5a2f01b2e43d3b266,k-means,warm,exec,queue,0.05382370948791504,4.76837158203125e-07,4.76837158203125e-07,1609701884.5078392,1609701884.6764727,0.16863346099853516,1609701884.5901144,1609701884.596434,0.006319761276245117
ab3c08ab171b4ca487b9612bec2005a3,k-means,warm,exec,queue,0.03583860397338867,2.384185791015625e-07,0.0,1609701884.5097566,1609701884.8296313,0.31987476348876953,1609701884.570823,1609701884.5763152,0.005492210388183594
2502f348df4f4961b800668d13f4e79a,k-means,warm,exec,queue,0.031267642974853516,4.76837158203125e-07,4.76837158203125e-07,1609701884.5113647,1609701884.7222774,0.21091270446777344,1609701884.564956,1609701884.57081,0.005854129791259766
ca6b2ba5d3734b8c9b57bde79545c5f2,k-means,warm,exec,queue,0.025939464569091797,4.76837158203125e-07,2.384185791015625e-07,1609701884.5129905,1609701884.7228887,0.2098982334136963,1609701884.5582707,1609701884.5654676,0.007196903228759766
8b60bf6af4be467e9fe404f4206075e4,k-means,warm,exec,queue,0.012499332427978516,4.76837158203125e-07,2.384185791015625e-07,1609701884.5145974,1609701884.6201422,0.1055448055267334,1609701884.544011,1609701884.554528,0.010516881942749023
7faa9823780242f58b73caf23c2d3b81,k-means,warm,exec,queue,0.01730513572692871,2.384185791015625e-07,0.0,1609701884.5163443,1609701884.6185658,0.10222148895263672,1609701884.5488193,1609701884.5588977,0.01007843017578125
8070486e2f3c43faba27c8c347af0e27,k-means,warm,exec,queue,0.021692752838134766,4.76837158203125e-07,2.384185791015625e-07,1609701884.5179489,1609701884.8302429,0.31229400634765625,1609701884.5547857,1609701884.564376,0.009590387344360352
ef70a420e4d841a2934f892ab285ce44,video,warm,exec,queue,0.002547025680541992,4.76837158203125e-07,2.384185791015625e-07,1609701885.4803915,1609701885.5805717,0.10018014907836914,1609701885.5031295,1609701885.5209756,0.017846107482910156
0f3876776da1405d81aa2e53a1e1c69b,disk,warm,exec,queue,0.01744389533996582,4.76837158203125e-07,4.76837158203125e-07,1609701885.4852877,1609701885.6370718,0.15178418159484863,1609701885.5193138,1609701885.5283878,0.009073972702026367
ef1f5fa27fab4994a9a6246a9f702003,matmul,warm,exec,queue,0.0053675174713134766,4.76837158203125e-07,4.76837158203125e-07,1609701885.487897,1609701885.5787425,0.09084558486938477,1609701885.5079424,1609701885.519025,0.011082649230957031
5e2cf62d2328443896c5e8b33681e0c2,map_reduce,warm,exec,queue,0.012667179107666016,2.384185791015625e-07,2.384185791015625e-07,1609701885.4905427,1609701885.712677,0.22213435173034668,1609701885.5136375,1609701885.5993252,0.08568763732910156
35d19009598543f28173dd70ece324f4,k-means,warm,exec,queue,0.0011932849884033203,4.76837158203125e-07,2.384185791015625e-07,1609701886.511117,1609701886.6528225,0.14170551300048828,1609701886.555145,1609701886.5636582,0.008513212203979492
c4c27bf1430e4294974cd469648861b9,k-means,warm,exec,queue,0.0036716461181640625,4.76837158203125e-07,0.0,1609701886.5155745,1609701886.7624712,0.24689674377441406,1609701886.5717359,1609701886.5803664,0.008630514144897461
d3b777bc04d545a9ba8d3c610316872f,k-means,warm,exec,queue,0.053497314453125,2.384185791015625e-07,2.384185791015625e-07,1609701886.5182543,1609701886.8843005,0.3660461902618408,1609701886.6191788,1609701886.62355,0.004371166229248047
25eac7ba06914e2894a1472b65e484b9,k-means,warm,exec,queue,0.048290252685546875,2.384185791015625e-07,2.384185791015625e-07,1609701886.5208986,1609701886.7619822,0.24108362197875977,1609701886.6143181,1609701886.6196375,0.005319356918334961
63e49d1dd71f4434ad9456730b91bed1,k-means,warm,exec,queue,0.04345226287841797,2.384185791015625e-07,2.384185791015625e-07,1609701886.5237904,1609701886.6935935,0.16980314254760742,1609701886.6074176,1609701886.6120658,0.0046482086181640625
f9b19f88c4f741fbb990ae4bdd643379,k-means,warm,exec,queue,0.0383758544921875,2.384185791015625e-07,0.0,1609701886.5255818,1609701886.8338573,0.3082754611968994,1609701886.6020482,1609701886.6086643,0.006616115570068359
f49d3ff4d31e46a4ab1506c6ce7a4c07,k-means,warm,exec,queue,0.03311586380004883,2.384185791015625e-07,4.76837158203125e-07,1609701886.527186,1609701886.876015,0.3488290309906006,1609701886.5958555,1609701886.6004536,0.004598140716552734
4b43792928814b23804d9a322b2a79e3,k-means,warm,exec,queue,0.027974605560302734,2.384185791015625e-07,2.384185791015625e-07,1609701886.528808,1609701886.801733,0.27292490005493164,1609701886.5904496,1609701886.5955942,0.005144596099853516
6c6de23677ea4bb49f5366f54141ecc6,k-means,warm,exec,queue,0.011079549789428711,2.384185791015625e-07,0.0,1609701886.5304213,1609701886.6534047,0.12298345565795898,1609701886.5718517,1609701886.580118,0.008266210556030273
66804449b0b64af5ac7346a87bce31ce,k-means,warm,exec,queue,0.016238927841186523,9.5367431640625e-07,4.76837158203125e-07,1609701886.5321627,1609701886.6499953,0.11783266067504883,1609701886.574847,1609701886.5812938,0.00644683837890625
111966fcfca34c5a994bbf33c0c5a642,k-means,warm,exec,queue,0.02073979377746582,2.384185791015625e-07,0.0,1609701886.5337865,1609701886.6918287,0.15804219245910645,1609701886.5818741,1609701886.589949,0.008074760437011719
a3d23618d81144ac8ccf8a400b5821ef,k-means,warm,exec,queue,0.05804133415222168,4.76837158203125e-07,2.384185791015625e-07,1609701886.535358,1609701886.8848617,0.349503755569458,1609701886.62539,1609701886.632335,0.006944894790649414
83eb5a08ac5e4b2d8e312c4e510471a0,k-means,warm,exec,queue,0.025194644927978516,7.152557373046875e-07,2.384185791015625e-07,1609701886.537958,1609701886.881391,0.343433141708374,1609701886.5900922,1609701886.5986161,0.008523941040039062
5e073790523340ce92d9437f3fff9ef8,k-means,warm,exec,queue,0.06242728233337402,2.384185791015625e-07,0.0,1609701886.539665,1609701886.969691,0.4300260543823242,1609701886.6294723,1609701886.6340256,0.004553318023681641
33eeaceba2434ab8a82b8b9490ec3cef,k-means,warm,exec,queue,0.06693506240844727,4.76837158203125e-07,2.384185791015625e-07,1609701886.541255,1609701886.8807545,0.33949947357177734,1609701886.634975,1609701886.6423798,0.007404804229736328
ce2d69cf817541f6a8c5542a956a0db1,k-means,warm,exec,queue,0.07186174392700195,2.384185791015625e-07,2.384185791015625e-07,1609701886.5428314,1609701886.8779569,0.3351254463195801,1609701886.6396663,1609701886.644021,0.004354715347290039
fb1f7303074740749f22c2f9b9816e59,k-means,warm,exec,queue,0.07736635208129883,4.76837158203125e-07,2.384185791015625e-07,1609701886.5449193,1609701886.75944,0.21452069282531738,1609701886.6482017,1609701886.6550403,0.006838560104370117
a4839e0f72574efd90f05c3ce3298eec,k-means,warm,exec,queue,0.009001016616821289,2.384185791015625e-07,0.0,1609701887.4978592,1609701887.6110327,0.1131734848022461,1609701887.5434618,1609701887.5524025,0.008940696716308594
25517f4c8dd2469089508e67d3f46c39,k-means,warm,exec,queue,0.0320279598236084,2.384185791015625e-07,2.384185791015625e-07,1609701887.5020669,1609701887.6916876,0.1896207332611084,1609701887.5692883,1609701887.5764265,0.007138252258300781
e3add6ccabf74151bee64a8b93766aaf,k-means,warm,exec,queue,0.036403656005859375,2.384185791015625e-07,4.76837158203125e-07,1609701887.5046575,1609701887.6524804,0.14782285690307617,1609701887.5765383,1609701887.5835235,0.006985187530517578
0120ef04c51341f7abe3b4acb9ccba14,k-means,warm,exec,queue,0.04145312309265137,2.384185791015625e-07,0.0,1609701887.507245,1609701887.7450058,0.2377607822418213,1609701887.58167,1609701887.588772,0.007102012634277344
e6c554b4812d46bea25a851fa67f42e8,k-means,warm,exec,queue,0.04596233367919922,4.76837158203125e-07,2.384185791015625e-07,1609701887.5095253,1609701887.6892831,0.17975783348083496,1609701887.5865912,1609701887.5935726,0.006981372833251953
5f92eb38364a4c29864af1ab7af6202c,k-means,warm,exec,queue,0.05081677436828613,2.384185791015625e-07,2.384185791015625e-07,1609701887.5110984,1609701887.8617659,0.35066747665405273,1609701887.5907524,1609701887.5953004,0.004548072814941406
89543010dc354eefb01480dc28c5d99c,k-means,warm,exec,queue,0.055478572845458984,2.384185791015625e-07,2.384185791015625e-07,1609701887.5126832,1609701887.6861591,0.173475980758667,1609701887.5958738,1609701887.6022613,0.006387472152709961
77bba0a794af4662910528902cb06d47,k-means,warm,exec,queue,0.06030893325805664,2.384185791015625e-07,0.0,1609701887.5142572,1609701887.729264,0.21500682830810547,1609701887.600981,1609701887.6053874,0.004406452178955078
b71b98e1bec44991a2af450840a2a5fd,k-means,warm,exec,queue,0.0267031192779541,2.384185791015625e-07,2.384185791015625e-07,1609701887.5158327,1609701887.6379147,0.12208199501037598,1609701887.5650263,1609701887.5723555,0.007329225540161133
9fbd08049bb64229a63ff10507d48547,k-means,warm,exec,queue,0.0221707820892334,2.384185791015625e-07,4.76837158203125e-07,1609701887.5175464,1609701887.6396108,0.12206435203552246,1609701887.562033,1609701887.5695214,0.0074884891510009766
ad42bb5d0d7a4450aaa93e30b534026d,k-means,warm,exec,queue,0.012928485870361328,4.76837158203125e-07,2.384185791015625e-07,1609701887.5191255,1609701887.6922534,0.1731278896331787,1609701887.5490031,1609701887.5577574,0.008754253387451172
6d1761e345444967aaac9a7c015acb68,k-means,warm,exec,queue,0.017762184143066406,2.384185791015625e-07,2.384185791015625e-07,1609701887.5206826,1609701887.6361487,0.11546611785888672,1609701887.5540988,1609701887.5631893,0.009090423583984375
eb33c259909b446bb114b2723e17d862,video,warm,exec,queue,0.01918959617614746,2.384185791015625e-07,2.384185791015625e-07,1609701887.5222359,1609701887.688733,0.16649723052978516,1609701887.56333,1609701887.5807555,0.017425537109375
d81028c2df4d468095bf004b38052831,k-means,warm,exec,queue,0.0008437633514404297,4.76837158203125e-07,2.384185791015625e-07,1609701888.5028243,1609701888.6570566,0.15423226356506348,1609701888.5623772,1609701888.5722797,0.009902477264404297
c5eafa88650e4518a12354cbeacf3fe9,k-means,warm,exec,queue,0.05750393867492676,2.384185791015625e-07,2.384185791015625e-07,1609701888.50707,1609701888.855267,0.34819698333740234,1609701888.6157176,1609701888.6219485,0.006230831146240234
8200e24221164419af553bb16cb6bfc0,k-means,warm,exec,queue,0.0620119571685791,2.384185791015625e-07,0.0,1609701888.5096939,1609701888.7397735,0.23007965087890625,1609701888.62297,1609701888.63058,0.007609844207763672
110e5b2af283421f9e53cec5585c61f7,k-means,warm,exec,queue,0.06669354438781738,4.76837158203125e-07,2.384185791015625e-07,1609701888.5122895,1609701888.7969384,0.2846488952636719,1609701888.6290526,1609701888.635541,0.006488323211669922
1e069e54485c47a49d8a6006f5f6b3ff,k-means,warm,exec,queue,0.07204055786132812,4.76837158203125e-07,4.76837158203125e-07,1609701888.515171,1609701888.9308183,0.4156472682952881,1609701888.6322377,1609701888.6371171,0.004879474639892578
b98b7e08e298405682d5a3646d95ec42,k-means,warm,exec,queue,0.007323026657104492,2.384185791015625e-07,2.384185791015625e-07,1609701888.517148,1609701888.6559403,0.1387922763824463,1609701888.561599,1609701888.5702565,0.008657455444335938
0543e5d1efb14ccf89ef7765ef135538,k-means,warm,exec,queue,0.011790752410888672,4.76837158203125e-07,2.384185791015625e-07,1609701888.5187125,1609701888.6547408,0.13602828979492188,1609701888.561851,1609701888.5700958,0.008244752883911133
2f779e3e279a4f17a9307fc3f17f5436,k-means,warm,exec,queue,0.01683831214904785,2.384185791015625e-07,2.384185791015625e-07,1609701888.5202968,1609701888.7629323,0.24263548851013184,1609701888.5695705,1609701888.5791533,0.009582757949829102
97b9c29b736241cfa214b362b5ac2a95,k-means,warm,exec,queue,0.021637916564941406,7.152557373046875e-07,2.384185791015625e-07,1609701888.5218673,1609701888.7986767,0.2768094539642334,1609701888.5738616,1609701888.5820885,0.008226871490478516
4ffe363cc43e48259538ba31886ec6cb,k-means,warm,exec,queue,0.02618694305419922,2.384185791015625e-07,0.0,1609701888.5235827,1609701888.9994495,0.47586679458618164,1609701888.5791054,1609701888.5857975,0.006692171096801758
081bce2d2c274a7282eab6909cf0771e,k-means,warm,exec,queue,0.030917644500732422,2.384185791015625e-07,4.76837158203125e-07,1609701888.5251696,1609701888.765911,0.24074149131774902,1609701888.5869696,1609701888.5927765,0.005806922912597656
0f63dd31f2f04123b5bc01bf056d7ed2,k-means,warm,exec,queue,0.03548264503479004,4.76837158203125e-07,2.384185791015625e-07,1609701888.5267568,1609701888.6969972,0.1702404022216797,1609701888.592969,1609701888.6001618,0.007192850112915039
bcecc39ce563486e8828582e860ada63,k-means,warm,exec,queue,0.040390729904174805,2.384185791015625e-07,2.384185791015625e-07,1609701888.5283144,1609701888.7644165,0.23610210418701172,1609701888.5933027,1609701888.6005793,0.0072765350341796875
fb4c9b70a832444b8c0bd6b92836688d,k-means,warm,exec,queue,0.04604482650756836,2.384185791015625e-07,2.384185791015625e-07,1609701888.5299692,1609701888.698233,0.16826367378234863,1609701888.600919,1609701888.6073613,0.00644230842590332
70a8d54a9d9244068ffd2afb33e98612,k-means,warm,exec,queue,0.05070924758911133,4.76837158203125e-07,2.384185791015625e-07,1609701888.5315194,1609701889.0014856,0.46996617317199707,1609701888.6083074,1609701888.6159675,0.0076601505279541016
98e3542128204dbdbdaea4055c9bd151,k-means,warm,exec,queue,0.05571174621582031,2.384185791015625e-07,4.76837158203125e-07,1609701888.5330951,1609701888.8907714,0.35767626762390137,1609701888.6107388,1609701888.616468,0.005729198455810547
29e3508714a44e07b448964d88856ea9,k-means,warm,exec,queue,0.00010967254638671875,4.76837158203125e-07,2.384185791015625e-07,1609701889.491259,1609701889.600141,0.10888195037841797,1609701889.5234325,1609701889.5321183,0.008685827255249023
0bfb9502f56c48f780894cd773ac1611,video,warm,exec,queue,0.023785829544067383,4.76837158203125e-07,2.384185791015625e-07,1609701889.4952657,1609701889.7833238,0.2880580425262451,1609701889.5475147,1609701889.5649383,0.017423629760742188
60a7fcb5731c4894afc8583199b9a532,k-means,warm,exec,queue,0.0032334327697753906,7.152557373046875e-07,2.384185791015625e-07,1609701889.4979439,1609701889.598978,0.10103416442871094,1609701889.5236225,1609701889.532374,0.008751392364501953
fd14fc3d15374ee186a314caa239ad27,k-means,warm,exec,queue,0.00865483283996582,2.384185791015625e-07,2.384185791015625e-07,1609701889.5005238,1609701889.7036362,0.20311236381530762,1609701889.5283415,1609701889.5362198,0.007878303527832031
33a21d5d8a4240eabf0379137f6ec306,k-means,warm,exec,queue,0.013321638107299805,7.152557373046875e-07,2.384185791015625e-07,1609701889.5021005,1609701889.703116,0.20101547241210938,1609701889.5350878,1609701889.5433624,0.008274555206298828
7520260a977d489c8ef479e2c81de477,k-means,warm,exec,queue,0.017807722091674805,2.384185791015625e-07,4.76837158203125e-07,1609701889.5038717,1609701889.6492903,0.14541864395141602,1609701889.5467446,1609701889.5550456,0.008301019668579102
35fa807e7fb241078ef0fa29153715d3,k-means,warm,exec,queue,0.023382902145385742,4.76837158203125e-07,0.0,1609701889.505501,1609701889.7003543,0.1948533058166504,1609701889.5469003,1609701889.5527442,0.0058438777923583984
f0c4cf67e1754bfd8c600b2b2babb50e,k-means,warm,exec,queue,0.027904033660888672,2.384185791015625e-07,2.384185791015625e-07,1609701889.5070965,1609701889.6508532,0.14375662803649902,1609701889.5503721,1609701889.5573933,0.007021188735961914
40f9fb5ed2c948609464562fdeadc8ab,k-means,warm,exec,queue,0.003115415573120117,2.384185791015625e-07,0.0,1609701890.4940298,1609701890.6875122,0.1934823989868164,1609701890.5304344,1609701890.5392556,0.008821249008178711
42b599cf46a442cb815b822163830bdf,matmul,warm,exec,queue,0.02071976661682129,2.384185791015625e-07,2.384185791015625e-07,1609701890.497494,1609701890.8015265,0.304032564163208,1609701890.5582757,1609701890.5686226,0.01034688949584961
34ecb84b8a444e2b8674de69d5be1a4f,k-means,warm,exec,queue,0.0364530086517334,4.76837158203125e-07,4.76837158203125e-07,1609701890.499655,1609701890.7540452,0.25439023971557617,1609701890.5639908,1609701890.5711148,0.0071239471435546875
e93c30d1d0074f8a84bb18d6c8adeed4,k-means,warm,exec,queue,0.03129935264587402,4.76837158203125e-07,0.0,1609701890.5018396,1609701890.6507893,0.14894962310791016,1609701890.5589235,1609701890.5640016,0.00507807731628418
d1d5a15cd953442d9d3f5983a3e8b0fe,k-means,warm,exec,queue,0.025331735610961914,2.384185791015625e-07,0.0,1609701890.5039861,1609701890.7521267,0.24814057350158691,1609701890.5575237,1609701890.563191,0.005667209625244141
2183c8f349c34a709a473e67375d878b,k-means,warm,exec,queue,0.007017612457275391,2.384185791015625e-07,2.384185791015625e-07,1609701890.5059433,1609701890.62035,0.11440658569335938,1609701890.5308003,1609701890.5395691,0.008768796920776367
89a6e02215cf402cb582a252df87c204,k-means,warm,exec,queue,0.011983156204223633,4.76837158203125e-07,2.384185791015625e-07,1609701890.5075533,1609701890.617896,0.11034274101257324,1609701890.5351503,1609701890.5434332,0.008282899856567383
5a87ff7b365c4b53a459898ad2c753ef,k-means,warm,exec,queue,0.016779661178588867,4.76837158203125e-07,2.384185791015625e-07,1609701890.5091364,1609701890.619173,0.11003661155700684,1609701890.5402713,1609701890.5484328,0.008161544799804688
6f265dc7d45447bbafcf95d7722ade43,k-means,warm,exec,queue,0.02135157585144043,4.76837158203125e-07,2.384185791015625e-07,1609701890.5107148,1609701890.685561,0.17484617233276367,1609701890.5534635,1609701890.5615878,0.008124351501464844
173bb08714774e0d89b4ab33e1d2b414,k-means,warm,exec,queue,9.179115295410156e-05,7.152557373046875e-07,4.76837158203125e-07,1609701891.4997163,1609701891.8212962,0.3215799331665039,1609701891.5479841,1609701891.5563912,0.008407115936279297
67017d83317f43a4b34f1223651ab874,k-means,warm,exec,queue,0.007483243942260742,4.76837158203125e-07,4.76837158203125e-07,1609701891.504484,1609701891.6965766,0.1920926570892334,1609701891.5483565,1609701891.556419,0.008062362670898438
21c661dc57a643aa9c26154ca7b9bbeb,k-means,warm,exec,queue,0.012230157852172852,2.384185791015625e-07,2.384185791015625e-07,1609701891.5071166,1609701891.7000587,0.19294214248657227,1609701891.5532448,1609701891.5617003,0.008455514907836914
d6163ea8b68c40f889c3b8330b148584,k-means,warm,exec,queue,0.01714015007019043,4.76837158203125e-07,2.384185791015625e-07,1609701891.509266,1609701891.8230584,0.31379246711730957,1609701891.5587282,1609701891.5668812,0.008152961730957031
84d5b18cca3b47ffa2c9fde5d18ecec3,k-means,warm,exec,queue,0.025419950485229492,4.76837158203125e-07,2.384185791015625e-07,1609701891.5110548,1609701892.2074947,0.6964399814605713,1609701891.571327,1609701891.5781074,0.006780385971069336
db0e34c146ef487996189bd993df852f,k-means,warm,exec,queue,0.03062915802001953,4.76837158203125e-07,2.384185791015625e-07,1609701891.5127044,1609701892.2057943,0.6930899620056152,1609701891.574606,1609701891.5804582,0.005852222442626953
803fdbee76c94c5ea4be9efb574e2ae8,k-means,warm,exec,queue,0.035552024841308594,4.76837158203125e-07,2.384185791015625e-07,1609701891.5143044,1609701891.9480171,0.4337127208709717,1609701891.5779371,1609701891.5845878,0.006650686264038086
adc187af17d44692986bb63e8530c4fc,k-means,warm,exec,queue,0.04065823554992676,7.152557373046875e-07,0.0,1609701891.5159047,1609701891.7458062,0.22990155220031738,1609701891.5889888,1609701891.5966346,0.007645845413208008
8e500812d18d4df4b840f37312541bad,k-means,warm,exec,queue,0.0458681583404541,2.384185791015625e-07,2.384185791015625e-07,1609701891.5175552,1609701891.7471995,0.2296442985534668,1609701891.591058,1609701891.5965624,0.0055043697357177734
f4a1104ff873487ba7102ef1efc19aff,k-means,warm,exec,queue,0.05047154426574707,4.76837158203125e-07,2.384185791015625e-07,1609701891.5193098,1609701891.9975643,0.4782545566558838,1609701891.5960302,1609701891.6031265,0.007096290588378906
1479d64eb57f4e6c87d73a0cfb0e127b,k-means,warm,exec,queue,0.055889129638671875,2.384185791015625e-07,0.0,1609701891.5209348,1609701891.8246267,0.3036918640136719,1609701891.6038525,1609701891.6109898,0.007137298583984375
ee10c3823fd844ee9ace80f599b86e9f,video,warm,exec,queue,0.018290281295776367,4.76837158203125e-07,2.384185791015625e-07,1609701891.522512,1609701891.6984196,0.17590761184692383,1609701891.5723536,1609701891.5896838,0.017330169677734375
ecb2276a3852484d97c8e1b7897124c6,k-means,warm,exec,queue,6.556510925292969e-05,2.384185791015625e-07,2.384185791015625e-07,1609701892.5042624,1609701892.8207173,0.3164548873901367,1609701892.5561428,1609701892.5643132,0.008170366287231445
48103d78e278461a926ad49f81ee818a,k-means,warm,exec,queue,0.008416175842285156,4.76837158203125e-07,2.384185791015625e-07,1609701892.5083997,1609701892.815454,0.3070542812347412,1609701892.5569015,1609701892.5650356,0.008134126663208008
ab79aa3575bb4e7e94a93d3d115235f5,k-means,warm,exec,queue,0.0133209228515625,2.384185791015625e-07,4.76837158203125e-07,1609701892.510973,1609701892.9553626,0.44438958168029785,1609701892.5617979,1609701892.5697982,0.008000373840332031
6500831686ac4737a8b6faf8a4529f4c,k-means,warm,exec,queue,0.01872539520263672,2.384185791015625e-07,2.384185791015625e-07,1609701892.5136552,1609701892.819002,0.3053467273712158,1609701892.5685878,1609701892.576704,0.00811624526977539
9e547ddc2d294be99c7fe1b7adb73ca7,k-means,warm,exec,queue,0.024170875549316406,4.76837158203125e-07,2.384185791015625e-07,1609701892.516574,1609701893.0073178,0.49074387550354004,1609701892.5731559,1609701892.5779688,0.004812955856323242
c62836b2fcef46acbd4d4c25736fe1b4,k-means,warm,exec,queue,0.029462575912475586,2.384185791015625e-07,2.384185791015625e-07,1609701892.5181313,1609701892.958844,0.44071269035339355,1609701892.578697,1609701892.5837986,0.005101680755615234
1dbcb51b2a5e4dda841dcffd4bc1cd56,k-means,warm,exec,queue,0.034430742263793945,2.384185791015625e-07,2.384185791015625e-07,1609701892.51969,1609701892.9548924,0.43520236015319824,1609701892.5842333,1609701892.588891,0.004657745361328125
fcea285d224941a7b0edbc1522ee93de,k-means,warm,exec,queue,0.039116859436035156,2.384185791015625e-07,0.0,1609701892.521268,1609701892.9733896,0.4521217346191406,1609701892.5896442,1609701892.594482,0.004837751388549805
08b9aca128e749fea56065eee80627ed,k-means,warm,exec,queue,0.044591665267944336,2.384185791015625e-07,2.384185791015625e-07,1609701892.5228286,1609701892.9562676,0.4334390163421631,1609701892.5954766,1609701892.6014426,0.0059659481048583984
efacb3a3a1a54dc2b0d2b0c8276269c0,k-means,warm,exec,queue,0.049622535705566406,2.384185791015625e-07,2.384185791015625e-07,1609701892.5245383,1609701892.8183897,0.293851375579834,1609701892.6015015,1609701892.607432,0.005930423736572266
e18368e9beb04be3a5b6f63b22eca567,k-means,warm,exec,queue,0.05482840538024902,2.384185791015625e-07,2.384185791015625e-07,1609701892.5261087,1609701892.9583502,0.43224143981933594,1609701892.6072989,1609701892.613253,0.005954265594482422
36b60c6b15284df89ca6d06abaa93cad,k-means,warm,exec,queue,0.060375213623046875,2.384185791015625e-07,2.384185791015625e-07,1609701892.5276864,1609701892.950552,0.422865629196167,1609701892.6134624,1609701892.617863,0.004400491714477539
316c6552a9fc4b49b28da47a636f9b1a,k-means,warm,exec,queue,0.06610774993896484,2.384185791015625e-07,2.384185791015625e-07,1609701892.5292559,1609701892.9558141,0.426558256149292,1609701892.6206615,1609701892.6267104,0.006048917770385742
2d6f3f1f0e2a4d29aac110ea7381b7f4,k-means,warm,exec,queue,0.07112765312194824,4.76837158203125e-07,2.384185791015625e-07,1609701892.5309286,1609701892.8989332,0.36800456047058105,1609701892.6263397,1609701892.6307552,0.0044155120849609375
a16f7cde37904d6892765fd45b849ab0,k-means,warm,exec,queue,0.07634091377258301,2.384185791015625e-07,2.384185791015625e-07,1609701892.5325074,1609701892.9510796,0.41857218742370605,1609701892.6341007,1609701892.6418297,0.007729053497314453
23f5ce93c4e949ff9ad589127df47b98,k-means,warm,exec,queue,0.007162332534790039,7.152557373046875e-07,2.384185791015625e-07,1609701893.5044487,1609701893.6272783,0.12282967567443848,1609701893.555018,1609701893.5636363,0.008618354797363281
e9944d727e6f4f53b9e417692c5c3032,k-means,warm,exec,queue,0.04747962951660156,2.384185791015625e-07,0.0,1609701893.508709,1609701893.7021222,0.19341325759887695,1609701893.5999131,1609701893.6066198,0.006706714630126953
5750f0e1620f4f06a3c9ef8ac3d5d814,k-means,warm,exec,queue,0.05320239067077637,2.384185791015625e-07,0.0,1609701893.5112877,1609701893.753101,0.24181342124938965,1609701893.606064,1609701893.6125622,0.006498098373413086
b91ef3ae62a6411aa2aceca4227c50d0,k-means,warm,exec,queue,0.05818057060241699,2.384185791015625e-07,4.76837158203125e-07,1609701893.5138803,1609701894.0035777,0.4896974563598633,1609701893.6120856,1609701893.6185315,0.006445884704589844
f252fa6eb02846e3892c58259a19aab1,k-means,warm,exec,queue,0.019830942153930664,4.76837158203125e-07,2.384185791015625e-07,1609701893.5165927,1609701893.9060624,0.38946962356567383,1609701893.565396,1609701893.5735874,0.008191347122192383
fc9d0639dc1a45bb857ca4e50eddcf4d,k-means,warm,exec,queue,0.024354219436645508,2.384185791015625e-07,2.384185791015625e-07,1609701893.5181434,1609701893.9056797,0.38753628730773926,1609701893.5773673,1609701893.585908,0.008540630340576172
f18fadfd392740acb6870baf90436430,k-means,warm,exec,queue,0.02874159812927246,7.152557373046875e-07,4.76837158203125e-07,1609701893.5196872,1609701893.9614155,0.4417283535003662,1609701893.5827909,1609701893.5886388,0.005847930908203125
05f4298d4a254ca58333220be8aab235,k-means,warm,exec,queue,0.03455185890197754,2.384185791015625e-07,0.0,1609701893.521256,1609701893.7867086,0.26545262336730957,1609701893.5839279,1609701893.5916798,0.007751941680908203
4455cde09eac45f8af793e29e62e1f7a,k-means,warm,exec,queue,0.0392911434173584,2.384185791015625e-07,2.384185791015625e-07,1609701893.522816,1609701893.7564971,0.23368120193481445,1609701893.5866423,1609701893.593897,0.007254838943481445
afdda18f30f14a8d9755e7fb149a6b15,k-means,warm,exec,queue,0.04457354545593262,4.76837158203125e-07,2.384185791015625e-07,1609701893.5245159,1609701893.67114,0.14662408828735352,1609701893.5944548,1609701893.6011393,0.006684541702270508
d102e9f375e148d8bb9d2e5c9b31cf60,k-means,warm,exec,queue,0.015369892120361328,4.76837158203125e-07,2.384185791015625e-07,1609701893.5260682,1609701893.7548609,0.22879266738891602,1609701893.5602984,1609701893.569125,0.008826494216918945
5a1d9fb3a6d14383aeec7c6f2c2ca175,k-means,warm,exec,queue,0.010384798049926758,2.384185791015625e-07,0.0,1609701893.5276115,1609701893.6693795,0.1417679786682129,1609701893.5549698,1609701893.5636594,0.008689641952514648
689f4f4664034776958c3de93f50dcfd,k-means,warm,exec,queue,0.06278777122497559,0.0,2.384185791015625e-07,1609701893.5291882,1609701893.9279861,0.39879798889160156,1609701893.6150177,1609701893.6215024,0.0064847469329833984
3cbf7ddfd00b449ba58371ed5935e2f2,video,warm,exec,queue,0.01915454864501953,2.384185791015625e-07,0.0,1609701893.5308342,1609701893.703799,0.17296481132507324,1609701893.581007,1609701893.5973012,0.016294240951538086
e6a0b5a9cc824032b960157bfe824c2c,k-means,warm,exec,queue,7.653236389160156e-05,2.384185791015625e-07,2.384185791015625e-07,1609701894.5008385,1609701894.633482,0.132643461227417,1609701894.5439823,1609701894.5526834,0.008701086044311523
7739a26e9a5942348d6ab1e90b09d210,k-means,warm,exec,queue,0.0065460205078125,4.76837158203125e-07,2.384185791015625e-07,1609701894.5049913,1609701894.632916,0.12792468070983887,1609701894.544961,1609701894.553323,0.008362054824829102
d708eece9dd64db2bd2c6cbd928d670b,k-means,warm,exec,queue,0.011671066284179688,2.384185791015625e-07,0.0,1609701894.5072708,1609701894.715829,0.2085580825805664,1609701894.549892,1609701894.557751,0.007858991622924805
e30907ca353b4def82b59f12edd30bf5,k-means,warm,exec,queue,0.01699233055114746,2.384185791015625e-07,0.0,1609701894.5095632,1609701894.6304033,0.12084007263183594,1609701894.5566158,1609701894.5650635,0.008447647094726562
cb89f5865f884c81b9d4afe926ec369f,k-means,warm,exec,queue,0.021457433700561523,2.384185791015625e-07,2.384185791015625e-07,1609701894.5121205,1609701894.6715682,0.15944766998291016,1609701894.562952,1609701894.5699878,0.007035732269287109
d9f15732b798450d8bf769a8d028de9e,k-means,warm,exec,queue,0.025765419006347656,2.384185791015625e-07,2.384185791015625e-07,1609701894.5144222,1609701894.83983,0.3254077434539795,1609701894.5658839,1609701894.5724607,0.0065767765045166016
2a11e1af27fd4ae18a020d2967a64a9f,k-means,warm,exec,queue,0.030968666076660156,2.384185791015625e-07,2.384185791015625e-07,1609701894.516635,1609701894.8418913,0.32525634765625,1609701894.57096,1609701894.575835,0.0048749446868896484
81791baa968d4e52affeb8f50197b1e7,k-means,warm,exec,queue,0.03630232810974121,2.384185791015625e-07,2.384185791015625e-07,1609701894.5181942,1609701894.6734152,0.15522098541259766,1609701894.5784917,1609701894.5849943,0.006502628326416016
b68e8bfddf3b4ff098b225df30bfdc57,k-means,warm,exec,queue,0.04153609275817871,4.76837158203125e-07,2.384185791015625e-07,1609701894.5197484,1609701894.7138503,0.19410181045532227,1609701894.5832174,1609701894.5893147,0.006097316741943359
30f639014a1747b0992de73291804d11,k-means,warm,exec,queue,0.046123504638671875,4.76837158203125e-07,4.76837158203125e-07,1609701894.5214608,1609701894.940313,0.4188523292541504,1609701894.5894694,1609701894.5968423,0.007372856140136719
3a48d1e6e3ba455dabb3511cfd76d73b,k-means,warm,exec,queue,0.05051708221435547,2.384185791015625e-07,0.0,1609701894.5230138,1609701894.7648532,0.24183940887451172,1609701894.5944118,1609701894.6007247,0.006312847137451172
a2834d7612334c2eb085745ff6cf5d2a,k-means,warm,exec,queue,0.00935673713684082,7.152557373046875e-07,2.384185791015625e-07,1609701895.5054672,1609701895.6406996,0.13523244857788086,1609701895.5517025,1609701895.5600784,0.008375883102416992
0c3a73f622a94a1bae18c5fb17f58655,video,warm,exec,queue,0.02422046661376953,4.76837158203125e-07,4.76837158203125e-07,1609701895.5097332,1609701895.7928746,0.2831413745880127,1609701895.5871735,1609701895.603323,0.016149520874023438
37d42d53ee3743098cbdec642e409568,k-means,warm,exec,queue,0.033692359924316406,2.384185791015625e-07,2.384185791015625e-07,1609701895.5123003,1609701895.6744902,0.16218996047973633,1609701895.588716,1609701895.5963259,0.007609844207763672
6ad6018f632e4c3b9c280703ec594cb5,k-means,warm,exec,queue,0.04011678695678711,4.76837158203125e-07,4.76837158203125e-07,1609701895.5148141,1609701895.9963038,0.4814896583557129,1609701895.5890045,1609701895.5938544,0.004849910736083984
c50d38507a2c42cd82c9082cc1537993,k-means,warm,exec,queue,0.045059919357299805,4.76837158203125e-07,2.384185791015625e-07,1609701895.5176227,1609701895.7164176,0.19879484176635742,1609701895.596545,1609701895.6061096,0.009564638137817383
690fda7775194af6ab32e0eaf232cd33,k-means,warm,exec,queue,0.04945826530456543,2.384185791015625e-07,2.384185791015625e-07,1609701895.520155,1609701895.761487,0.2413320541381836,1609701895.5991416,1609701895.6075814,0.008439779281616211
07403a89a8664fae9d9a15fb75396a42,k-means,warm,exec,queue,0.05388021469116211,4.76837158203125e-07,2.384185791015625e-07,1609701895.5217342,1609701895.758034,0.23629975318908691,1609701895.6068501,1609701895.6137435,0.0068933963775634766
62e8aa9d1bfb4935bafcb359cc878239,k-means,warm,exec,queue,0.028329133987426758,2.384185791015625e-07,2.384185791015625e-07,1609701895.5231967,1609701895.994775,0.47157835960388184,1609701895.5870364,1609701895.595011,0.007974624633789062
3cd8782855ec4fb3b386746360d46559,k-means,warm,exec,queue,0.021830081939697266,7.152557373046875e-07,4.76837158203125e-07,1609701895.5246596,1609701895.7597754,0.23511576652526855,1609701895.5793035,1609701895.5876653,0.00836181640625
ea33bb0e3d374599ba5104fc4c7038d9,k-means,warm,exec,queue,0.016687393188476562,4.76837158203125e-07,4.76837158203125e-07,1609701895.5262127,1609701895.842862,0.3166491985321045,1609701895.560969,1609701895.5691547,0.008185625076293945
2b5bd64afaa4469ea9003b7ee548eddc,matmul,warm,exec,queue,0.035531044006347656,4.76837158203125e-07,2.384185791015625e-07,1609701895.527669,1609701895.791323,0.2636539936065674,1609701895.5887492,1609701895.601659,0.012909889221191406
33b546bd986a48b3b74e5a45ff9f3020,k-means,warm,exec,queue,0.012216567993164062,4.76837158203125e-07,2.384185791015625e-07,1609701895.5291336,1609701895.6764724,0.1473388671875,1609701895.555782,1609701895.5638764,0.008094310760498047
7d9cc5fe1e9c4b7287d4a6f821ebc5b2,map_reduce,warm,exec,queue,0.03394150733947754,4.76837158203125e-07,2.384185791015625e-07,1609701895.530601,1609701895.9272974,0.3966963291168213,1609701895.589815,1609701895.6754162,0.0856013298034668
b9e81e7259874a46b0e28e9fd429fbb1,k-means,warm,exec,queue,0.0027718544006347656,4.76837158203125e-07,4.76837158203125e-07,1609701896.506349,1609701896.6456842,0.13933515548706055,1609701896.554782,1609701896.562908,0.008126020431518555
0ed1890305804671b5a31a642cdcad1c,k-means,warm,exec,queue,0.01873612403869629,4.76837158203125e-07,2.384185791015625e-07,1609701896.510365,1609701896.6963506,0.18598556518554688,1609701896.5663104,1609701896.574386,0.008075475692749023
9c569715e4954853b0aadf613886beb7,k-means,warm,exec,queue,0.023255348205566406,7.152557373046875e-07,2.384185791015625e-07,1609701896.5127537,1609701896.762907,0.2501533031463623,1609701896.5703418,1609701896.576699,0.0063571929931640625
644e8042a41e444e81c5b11420f88624,k-means,warm,exec,queue,0.02789759635925293,2.384185791015625e-07,2.384185791015625e-07,1609701896.515122,1609701896.7947059,0.2795839309692383,1609701896.576402,1609701896.582849,0.0064470767974853516
97c820e7fae14847bca129878c9385e5,k-means,warm,exec,queue,0.032937049865722656,2.384185791015625e-07,0.0,1609701896.5173926,1609701896.9970589,0.47966623306274414,1609701896.581839,1609701896.5878227,0.005983591079711914
8f08c3c25eaf47fe8f8ac5568d2ff0ae,k-means,warm,exec,queue,0.03821897506713867,2.384185791015625e-07,2.384185791015625e-07,1609701896.5194256,1609701896.69472,0.1752943992614746,1609701896.587946,1609701896.5943499,0.006403923034667969
408e08408e2141d2b30f773e5066e6f0,k-means,warm,exec,queue,0.04296731948852539,2.384185791015625e-07,2.384185791015625e-07,1609701896.521119,1609701896.7653635,0.24424433708190918,1609701896.5933678,1609701896.5995414,0.006173610687255859
0b4fc6e34b19486687bb655563b1cdbc,k-means,warm,exec,queue,0.04836249351501465,2.384185791015625e-07,0.0,1609701896.522559,1609701896.796387,0.27382802963256836,1609701896.5993593,1609701896.6053212,0.005961894989013672
717cb6b7ae7a4c6c9a27690dfb0b0b33,k-means,warm,exec,queue,0.052876949310302734,4.76837158203125e-07,2.384185791015625e-07,1609701896.5240028,1609701896.9989235,0.47492074966430664,1609701896.6048417,1609701896.6114862,0.006644487380981445
59626d86eb1e4011aa5b4c8003089a64,k-means,warm,exec,queue,0.05748414993286133,2.384185791015625e-07,0.0,1609701896.5255651,1609701896.7649152,0.2393500804901123,1609701896.60949,1609701896.6156309,0.006140947341918945
3dd8cb5d93e040e3a2cfbceb2e134815,k-means,warm,exec,queue,0.010739326477050781,2.384185791015625e-07,2.384185791015625e-07,1609701896.5270073,1609701896.648351,0.12134361267089844,1609701896.5543878,1609701896.5617516,0.007363796234130859
5fe691eb1e1b43e0844ed3867001af29,k-means,warm,exec,queue,0.01551508903503418,2.384185791015625e-07,2.384185791015625e-07,1609701896.5284586,1609701896.6488867,0.12042808532714844,1609701896.5611403,1609701896.5711823,0.010041952133178711
05cb5f022d164bfca9a8f5cdb5d21766,k-means,warm,exec,queue,0.06265568733215332,2.384185791015625e-07,0.0,1609701896.5299003,1609701896.8471296,0.3172292709350586,1609701896.6159568,1609701896.6224785,0.006521701812744141
703e6fdaca9d43f587fc2dca88efc7fd,k-means,warm,exec,queue,0.06760001182556152,4.76837158203125e-07,2.384185791015625e-07,1609701896.5314336,1609701896.9394507,0.4080171585083008,1609701896.622365,1609701896.6293116,0.006946563720703125
bed5b6c5bbff4a2f8b017fe5fdf42be2,k-means,warm,exec,queue,8.20159912109375e-05,4.76837158203125e-07,4.76837158203125e-07,1609701897.502846,1609701897.6253452,0.12249922752380371,1609701897.5466194,1609701897.5556118,0.008992433547973633
a96577a0cd4145aeb0f16646d81b6804,video,warm,exec,queue,0.028669118881225586,2.384185791015625e-07,4.76837158203125e-07,1609701897.5072327,1609701897.721944,0.21471142768859863,1609701897.5753944,1609701897.5932965,0.017902135848999023
cc90c07c0f974ba3a4b456a599fe127c,k-means,warm,exec,queue,0.006087779998779297,4.76837158203125e-07,2.384185791015625e-07,1609701897.5098917,1609701897.6226149,0.11272311210632324,1609701897.5466747,1609701897.555572,0.00889730453491211
fee719505e1d4f019c5c2eb914c2e627,k-means,warm,exec,queue,0.011106491088867188,7.152557373046875e-07,2.384185791015625e-07,1609701897.5125046,1609701897.6551352,0.14263057708740234,1609701897.5513477,1609701897.5602748,0.008927106857299805
1bc090895f664300bde0ab41c81d3b99,k-means,warm,exec,queue,0.01574993133544922,2.384185791015625e-07,0.0,1609701897.515112,1609701897.7472339,0.23212194442749023,1609701897.556742,1609701897.5652103,0.008468389511108398
9dab4e9c84574e1aab7c7924fe60789b,k-means,warm,exec,queue,0.02045583724975586,4.76837158203125e-07,4.76837158203125e-07,1609701897.5175805,1609701897.6569054,0.13932490348815918,1609701897.5724971,1609701897.5812542,0.00875711441040039
7eadee256fee49b69d51211ef3b16dfe,k-means,warm,exec,queue,0.028957843780517578,4.76837158203125e-07,2.384185791015625e-07,1609701897.5191877,1609701897.7237468,0.2045590877532959,1609701897.5749526,1609701897.5816557,0.00670313835144043
f62c2c52c2c5490a82a96c01e4802a25,k-means,warm,exec,queue,0.03369402885437012,2.384185791015625e-07,2.384185791015625e-07,1609701897.5208042,1609701897.6902838,0.1694796085357666,1609701897.5757773,1609701897.582449,0.0066716670989990234
1016509f1fb84b9e95c3a862161c68f3,k-means,warm,exec,queue,0.03832721710205078,4.76837158203125e-07,0.0,1609701897.5223923,1609701897.8897219,0.36732959747314453,1609701897.5811934,1609701897.5890012,0.007807731628417969
07f4aad786414c87a554829de2a27988,k-means,warm,exec,queue,0.043187618255615234,2.384185791015625e-07,2.384185791015625e-07,1609701897.524113,1609701897.6909013,0.16678833961486816,1609701897.590172,1609701897.5974154,0.00724339485168457
a0de108f91564150bce1c6e717c5d791,k-means,warm,exec,queue,0.007071495056152344,4.76837158203125e-07,4.76837158203125e-07,1609701898.5113587,1609701898.6503444,0.13898563385009766,1609701898.5673368,1609701898.5757277,0.00839090347290039
4839a0af7bec451c87509e0b579ab952,k-means,warm,exec,queue,0.05542612075805664,7.152557373046875e-07,4.76837158203125e-07,1609701898.5156815,1609701898.7758777,0.2601962089538574,1609701898.619762,1609701898.624328,0.0045659542083740234
0c9c19edc4d646b4962a1044075b5ccd,k-means,warm,exec,queue,0.060399770736694336,4.76837158203125e-07,2.384185791015625e-07,1609701898.5184052,1609701898.7351482,0.21674299240112305,1609701898.6249938,1609701898.6314518,0.0064580440521240234
14334fe877544dc3a1834ebb754ad505,k-means,warm,exec,queue,0.0163576602935791,2.384185791015625e-07,2.384185791015625e-07,1609701898.5210264,1609701898.6553433,0.13431692123413086,1609701898.572523,1609701898.581232,0.008708953857421875
893d3bcfd1f44bac9a63ab99d48d0f37,k-means,warm,exec,queue,0.021627187728881836,4.76837158203125e-07,2.384185791015625e-07,1609701898.5239124,1609701898.6760802,0.15216779708862305,1609701898.5793104,1609701898.5876136,0.008303165435791016
101db07f11b4494a8daf3c8338413998,k-means,warm,exec,queue,0.026766300201416016,2.384185791015625e-07,0.0,1609701898.5256333,1609701898.887446,0.3618125915527344,1609701898.5881953,1609701898.5954156,0.007220268249511719
9241ea6ea2b3438b9910595e706a53fd,k-means,warm,exec,queue,0.031598806381225586,2.384185791015625e-07,2.384185791015625e-07,1609701898.5271833,1609701898.7332919,0.20610857009887695,1609701898.590129,1609701898.5978053,0.007676362991333008
e23631ca0d48437f8ab3d16347340d74,k-means,warm,exec,queue,0.036840200424194336,2.384185791015625e-07,4.76837158203125e-07,1609701898.528741,1609701899.0104182,0.4816772937774658,1609701898.594312,1609701898.5990927,0.004780769348144531
1ef008ecaebe40a197a1925c3ac1d714,k-means,warm,exec,queue,0.04223895072937012,2.384185791015625e-07,0.0,1609701898.5302963,1609701898.8869631,0.35666680335998535,1609701898.603316,1609701898.6110148,0.007698774337768555
1adcd6f821ea43999d8ac0291a9a26d3,k-means,warm,exec,queue,0.04759359359741211,4.76837158203125e-07,2.384185791015625e-07,1609701898.5319793,1609701898.6742942,0.14231491088867188,1609701898.6062737,1609701898.6109679,0.004694223403930664
5916534cf48341e6b473ff71ed12ccd0,k-means,warm,exec,queue,0.052199363708496094,2.384185791015625e-07,2.384185791015625e-07,1609701898.53354,1609701898.8506656,0.3171255588531494,1609701898.6113632,1609701898.6179485,0.006585359573364258
7d89bd0fe1a142859f39467d88150a0e,k-means,warm,exec,queue,0.01109457015991211,4.76837158203125e-07,2.384185791015625e-07,1609701898.535097,1609701898.6547606,0.11966371536254883,1609701898.5675523,1609701898.5761085,0.008556127548217773
7040d0f7fe2d4be59d58ed66e3cab977,k-means,warm,exec,queue,0.06539702415466309,2.384185791015625e-07,2.384185791015625e-07,1609701898.5366707,1609701898.9249983,0.38832759857177734,1609701898.6300054,1609701898.6362667,0.006261348724365234
ef7afdb454bd4245af45734a1e81811a,k-means,warm,exec,queue,0.07084774971008301,2.384185791015625e-07,0.0,1609701898.5383449,1609701898.884766,0.3464212417602539,1609701898.6342306,1609701898.6390865,0.0048558712005615234
54c7768b3b7c467a8f694b4b650fe7be,k-means,warm,exec,queue,0.07536149024963379,2.384185791015625e-07,0.0,1609701898.5398805,1609701898.8831959,0.34331536293029785,1609701898.6407862,1609701898.6474426,0.0066564083099365234
f91f5dda79d5489b83c5b6452f468f98,k-means,warm,exec,queue,0.0803368091583252,2.384185791015625e-07,4.76837158203125e-07,1609701898.5414302,1609701899.102883,0.5614528656005859,1609701898.6457586,1609701898.650647,0.004888296127319336
a35380d2c387421e826b697ded899423,k-means,warm,exec,queue,0.008764982223510742,2.384185791015625e-07,0.0,1609701899.5097754,1609701899.6267657,0.11699032783508301,1609701899.5561635,1609701899.564324,0.00816035270690918
fc04bf1464d64cd3848e3b6d5f88a85f,k-means,warm,exec,queue,0.023610591888427734,2.384185791015625e-07,0.0,1609701899.5139863,1609701899.6600356,0.14604926109313965,1609701899.5729158,1609701899.5776618,0.004745960235595703
ce85539bf858465f90ce0e64e135f93c,k-means,warm,exec,queue,0.028591394424438477,2.384185791015625e-07,2.384185791015625e-07,1609701899.5165071,1609701899.7607388,0.2442317008972168,1609701899.5779781,1609701899.5840626,0.006084442138671875
af2d47ff4e5848d39413da6e3d51814a,k-means,warm,exec,queue,0.03384137153625488,2.384185791015625e-07,2.384185791015625e-07,1609701899.5189905,1609701899.6616635,0.14267301559448242,1609701899.5838885,1609701899.589003,0.005114555358886719
f29151d3c8bf4005a02057bbc1eda002,k-means,warm,exec,queue,0.038957834243774414,2.384185791015625e-07,2.384185791015625e-07,1609701899.5218003,1609701899.7656744,0.24387407302856445,1609701899.5892565,1609701899.5951061,0.005849599838256836
ebcda695bcba4d23a1ca089f6ef9675f,k-means,warm,exec,queue,0.06441998481750488,2.384185791015625e-07,0.0,1609701899.5242786,1609701900.036756,0.5124773979187012,1609701899.617493,1609701899.6219275,0.0044345855712890625
749721712e2041658f5143f883df1506,k-means,warm,exec,queue,0.043459415435791016,2.384185791015625e-07,2.384185791015625e-07,1609701899.5257285,1609701899.7852764,0.2595479488372803,1609701899.5960088,1609701899.6007802,0.00477147102355957
02be414e55414c829fe3d5a3514a778b,k-means,warm,exec,queue,0.04886627197265625,2.384185791015625e-07,0.0,1609701899.5271525,1609701899.7023184,0.17516589164733887,1609701899.6005437,1609701899.6061502,0.005606412887573242
60d21891cfcd4f1aa271f54467ac9fff,k-means,warm,exec,queue,0.05430126190185547,2.384185791015625e-07,2.384185791015625e-07,1609701899.528588,1609701899.763515,0.23492693901062012,1609701899.6063352,1609701899.6108236,0.004488468170166016
5d1f45147aee4f43bb8150f963ff6c42,k-means,warm,exec,queue,0.05915641784667969,2.384185791015625e-07,0.0,1609701899.5301208,1609701900.0384223,0.5083014965057373,1609701899.611333,1609701899.6170247,0.0056917667388916016
fbab3c4ba60c404ebc6b76372be6e813,k-means,warm,exec,queue,0.012574195861816406,4.76837158203125e-07,2.384185791015625e-07,1609701899.5315506,1609701899.6284802,0.09692955017089844,1609701899.5611908,1609701899.5691721,0.007981300354003906
3aa16c43a5d4428ab1245db3e06962f5,k-means,warm,exec,queue,0.017926454544067383,4.76837158203125e-07,2.384185791015625e-07,1609701899.532983,1609701899.8809009,0.3479177951812744,1609701899.566841,1609701899.5750082,0.008167266845703125
c2d27a81352c4840ab542d1003a1e5d8,k-means,warm,exec,queue,0.06896829605102539,2.384185791015625e-07,2.384185791015625e-07,1609701899.534406,1609701899.827029,0.29262304306030273,1609701899.6222246,1609701899.6277525,0.005527973175048828
c01a903445e9488db392d4ef4f333e33,video,warm,exec,queue,0.0165102481842041,2.384185791015625e-07,2.384185791015625e-07,1609701899.5359278,1609701899.764071,0.22814321517944336,1609701899.5734987,1609701899.5902307,0.016731977462768555
24ec549f3dd2497b88b94087a1719f37,k-means,warm,exec,queue,0.0007658004760742188,7.152557373046875e-07,2.384185791015625e-07,1609701900.5100298,1609701900.6481543,0.1381244659423828,1609701900.5820994,1609701900.5905902,0.008490800857543945
8d960c0f187e4e8086200157bddfb4d9,k-means,warm,exec,queue,0.06104922294616699,2.384185791015625e-07,2.384185791015625e-07,1609701900.5140226,1609701900.7384562,0.22443366050720215,1609701900.6189718,1609701900.6263447,0.007372856140136719
22e06091ccdb4ac097889b99da9af82f,k-means,warm,exec,queue,0.042426109313964844,2.384185791015625e-07,0.0,1609701900.5162933,1609701900.7720804,0.2557871341705322,1609701900.6218379,1609701900.6262102,0.004372358322143555
a80deb7b994e423eb073e422da45da05,k-means,warm,exec,queue,0.04783916473388672,2.384185791015625e-07,0.0,1609701900.518517,1609701900.7739658,0.2554488182067871,1609701900.627839,1609701900.6352189,0.007379770278930664
02834db74a83492498968fa44b985923,k-means,warm,exec,queue,0.05251121520996094,2.384185791015625e-07,0.0,1609701900.521017,1609701900.905362,0.38434481620788574,1609701900.6329668,1609701900.6389208,0.00595402717590332
65e08327fe304c2e94ef75bb8ec8630b,k-means,warm,exec,queue,0.0051043033599853516,4.76837158203125e-07,2.384185791015625e-07,1609701900.5232491,1609701900.8708146,0.3475654125213623,1609701900.5828738,1609701900.5916078,0.008733987808227539
50d3ad1c86c847afbf7ad3ab20cdb939,k-means,warm,exec,queue,0.03219485282897949,2.384185791015625e-07,0.0,1609701900.5252671,1609701900.6464741,0.12120699882507324,1609701900.583029,1609701900.5911047,0.008075714111328125
d37978bbdf9b4e9e9e0d8b32694d7210,k-means,warm,exec,queue,0.037427663803100586,2.384185791015625e-07,2.384185791015625e-07,1609701900.5267832,1609701900.6878695,0.1610863208770752,1609701900.5879538,1609701900.5963583,0.00840449333190918
86e2d46514c44578ac79f3c28538265e,k-means,warm,exec,queue,0.04270648956298828,2.384185791015625e-07,2.384185791015625e-07,1609701900.528311,1609701900.7399871,0.21167612075805664,1609701900.5948966,1609701900.603782,0.008885383605957031
2d670f7f928f4444a9c1ceccdf9b97f3,k-means,warm,exec,queue,0.048242807388305664,2.384185791015625e-07,0.0,1609701900.5299551,1609701900.864872,0.3349168300628662,1609701900.6044044,1609701900.611612,0.007207632064819336
4c25f678cf464fc5a529559eaf9505c0,k-means,warm,exec,queue,0.052876949310302734,2.384185791015625e-07,0.0,1609701900.5314722,1609701900.6894584,0.15798616409301758,1609701900.605254,1609701900.611922,0.0066680908203125
56ac7a1615464bdea9b4f89a273ed251,k-means,warm,exec,queue,0.05760645866394043,2.384185791015625e-07,2.384185791015625e-07,1609701900.533001,1609701900.8157268,0.28272581100463867,1609701900.6097956,1609701900.6146646,0.004868984222412109
77cbbd57bc5e4a2db8dd532906e414df,matmul,warm,exec,queue,0.04466867446899414,4.76837158203125e-07,2.384185791015625e-07,1609701900.5345128,1609701900.8702364,0.3357236385345459,1609701900.6046436,1609701900.6157913,0.011147737503051758
ac21b1ad0bbe438395912b183cbc4754,k-means,warm,exec,queue,6.008148193359375e-05,7.152557373046875e-07,2.384185791015625e-07,1609701901.5095332,1609701901.686506,0.1769728660583496,1609701901.5527594,1609701901.5600896,0.007330179214477539
2ede963b259644b08b5273be7661501b,k-means,warm,exec,queue,0.006558656692504883,2.384185791015625e-07,2.384185791015625e-07,1609701901.5137112,1609701901.6870358,0.1733245849609375,1609701901.5532234,1609701901.561022,0.007798671722412109
93e90cdb67184dbfa2dc607df2428dca,k-means,warm,exec,queue,0.011451005935668945,2.384185791015625e-07,0.0,1609701901.5163116,1609701901.6882622,0.1719505786895752,1609701901.5575287,1609701901.5654762,0.007947444915771484
d754b91f678e42c9a357a151cc8f93f5,k-means,warm,exec,queue,0.016984939575195312,4.76837158203125e-07,2.384185791015625e-07,1609701901.5188324,1609701901.6837647,0.1649322509765625,1609701901.5638537,1609701901.5717444,0.007890701293945312
61da0e19b69d4240a2c79ed109ddd168,k-means,warm,exec,queue,0.0232846736907959,4.76837158203125e-07,2.384185791015625e-07,1609701901.5212905,1609701901.8185422,0.29725170135498047,1609701901.5749857,1609701901.5836408,0.008655071258544922
d3f0b55e4883447cacb37a1b83aec63b,k-means,warm,exec,queue,0.028339624404907227,4.76837158203125e-07,0.0,1609701901.5227659,1609701901.815685,0.2929191589355469,1609701901.5752285,1609701901.5796988,0.004470348358154297
190341ff1acb4628be9eca9d4325f5da,k-means,warm,exec,queue,0.03334927558898926,2.384185791015625e-07,2.384185791015625e-07,1609701901.5242612,1609701901.811363,0.28710174560546875,1609701901.581013,1609701901.5886648,0.007651805877685547
20da14aabb5644928f7347b510bddeb3,k-means,warm,exec,queue,0.037920236587524414,2.384185791015625e-07,4.76837158203125e-07,1609701901.5257409,1609701901.750269,0.22452807426452637,1609701901.5856822,1609701901.5918477,0.006165504455566406
2f6e27fa13844f4c9cec90278932002e,k-means,warm,exec,queue,0.04244709014892578,4.76837158203125e-07,0.0,1609701901.527217,1609701901.8168886,0.2896716594696045,1609701901.5910017,1609701901.597818,0.00681614875793457
8de30c7381a6467284d166f32e94a74b,k-means,warm,exec,queue,0.04736614227294922,4.76837158203125e-07,2.384185791015625e-07,1609701901.5290008,1609701901.8162992,0.28729844093322754,1609701901.5988417,1609701901.6064458,0.007604122161865234
d273f56d506f49f3b8f26acef0879134,k-means,warm,exec,queue,0.05208396911621094,2.384185791015625e-07,0.0,1609701901.5304742,1609701901.8085017,0.2780275344848633,1609701901.6026337,1609701901.6073728,0.004739046096801758
2962737627094a92bd939b7f4af56ae6,video,warm,exec,queue,0.0164794921875,2.384185791015625e-07,2.384185791015625e-07,1609701901.5319505,1609701901.811982,0.2800314426422119,1609701901.5752234,1609701901.5931559,0.017932415008544922
06efa73e7a224daebc991eb6d8829c3b,k-means,warm,exec,queue,0.0022568702697753906,4.76837158203125e-07,2.384185791015625e-07,1609701902.5030878,1609701902.811569,0.30848121643066406,1609701902.5369642,1609701902.5454352,0.008471012115478516
3e2847f6144148599e60c8fabc3a2e23,k-means,warm,exec,queue,0.013720989227294922,4.76837158203125e-07,2.384185791015625e-07,1609701902.5071883,1609701902.7270834,0.2198951244354248,1609701902.5474806,1609701902.5559034,0.0084228515625
a2da26e7f71b4ee79f83cf5861ca705f,k-means,warm,exec,queue,0.01870584487915039,2.384185791015625e-07,0.0,1609701902.5097232,1609701902.916892,0.4071688652038574,1609701902.5530376,1609701902.559245,0.006207466125488281
00e2682c0ceb48138cb29ac763542c31,k-means,warm,exec,queue,0.02346324920654297,4.76837158203125e-07,2.384185791015625e-07,1609701902.5122242,1609701902.9140882,0.40186405181884766,1609701902.5576909,1609701902.5649703,0.007279396057128906
a9205487ef154e24bae689866fa59fa7,k-means,warm,exec,queue,0.028258562088012695,2.384185791015625e-07,2.384185791015625e-07,1609701902.5147033,1609701903.0226269,0.5079236030578613,1609701902.5640075,1609701902.5704534,0.006445884704589844
7a2a5483b9c8431988a85a38f3afb1b7,k-means,warm,exec,queue,0.032880306243896484,2.384185791015625e-07,2.384185791015625e-07,1609701902.5171704,1609701903.0244179,0.5072474479675293,1609701902.5678644,1609701902.5742166,0.00635218620300293
eda0eb0155384bbba0b3612c618a8ee4,k-means,warm,exec,queue,0.00635075569152832,7.152557373046875e-07,0.0,1609701902.5186095,1609701902.7285533,0.2099437713623047,1609701902.5371044,1609701902.5451515,0.008047103881835938
a52da844332b487eaef4307017a507e4,k-means,warm,exec,queue,0.010706901550292969,2.384185791015625e-07,2.384185791015625e-07,1609701902.520048,1609701902.7692218,0.24917387962341309,1609701902.542234,1609701902.5502298,0.007995843887329102
025dfba6fdde4f0185790201fec49bb3,k-means,warm,exec,queue,7.462501525878906e-05,7.152557373046875e-07,2.384185791015625e-07,1609701903.5142486,1609701903.698083,0.18383431434631348,1609701903.5658839,1609701903.573959,0.008075237274169922
a55d2bbf6d4546abbdbfe2ecdd4bc370,k-means,warm,exec,queue,0.006954193115234375,2.384185791015625e-07,2.384185791015625e-07,1609701903.518582,1609701903.6996078,0.18102574348449707,1609701903.5660117,1609701903.5732753,0.007263660430908203
8d9bee29bac94b1c8654fba9893a8f6e,k-means,warm,exec,queue,0.011626005172729492,2.384185791015625e-07,0.0,1609701903.5211685,1609701903.77412,0.25295162200927734,1609701903.5711257,1609701903.57887,0.007744312286376953
647ceed7125b43909f23059ea3e60d25,k-means,warm,exec,queue,0.01684713363647461,4.76837158203125e-07,0.0,1609701903.5237424,1609701903.8149822,0.29123973846435547,1609701903.5778668,1609701903.5867035,0.008836746215820312
128211d978d8412fb8eac58ffc3238b1,k-means,warm,exec,queue,0.022250890731811523,2.384185791015625e-07,2.384185791015625e-07,1609701903.5265362,1609701903.701018,0.17448186874389648,1609701903.5836604,1609701903.5883183,0.0046579837799072266
d8a402dbf29843c5a36c7ed7ec8f47bc,k-means,warm,exec,queue,0.027231216430664062,2.384185791015625e-07,2.384185791015625e-07,1609701903.52888,1609701903.7746236,0.2457437515258789,1609701903.587903,1609701903.5943377,0.00643467903137207
5c58e9652d9f408eb0c492dd0598944e,k-means,warm,exec,queue,0.03225874900817871,4.76837158203125e-07,2.384185791015625e-07,1609701903.530341,1609701903.8526328,0.32229185104370117,1609701903.5942304,1609701903.5992415,0.005011081695556641
e550185f63294a8085cfe421cfa0ecf4,k-means,warm,exec,queue,0.037574052810668945,2.384185791015625e-07,0.0,1609701903.531795,1609701903.7718062,0.24001121520996094,1609701903.599887,1609701903.6068418,0.00695490837097168
d194bf212f054abca9a538d8466f9c18,k-means,warm,exec,queue,0.04253816604614258,2.384185791015625e-07,0.0,1609701903.5332613,1609701903.8532407,0.3199794292449951,1609701903.605098,1609701903.611088,0.005990028381347656
a132cdf65b5f4555bd5175b3fbf63de7,k-means,warm,exec,queue,0.04793953895568848,2.384185791015625e-07,2.384185791015625e-07,1609701903.5348377,1609701903.7315307,0.19669294357299805,1609701903.6100712,1609701903.6148973,0.004826068878173828
8b122e60d0a84ba18a158a376b2884b2,k-means,warm,exec,queue,0.05308794975280762,2.384185791015625e-07,2.384185791015625e-07,1609701903.5362995,1609701903.9185486,0.382249116897583,1609701903.6165557,1609701903.6224473,0.005891561508178711
df16427a299440f5abb0ddd00b9ae13d,k-means,warm,exec,queue,0.0577547550201416,2.384185791015625e-07,2.384185791015625e-07,1609701903.5377538,1609701903.7302969,0.19254302978515625,1609701903.6208742,1609701903.625453,0.004578828811645508
1cd5c964b3a942f196941ba9149bbb87,k-means,warm,exec,queue,0.06315040588378906,2.384185791015625e-07,4.76837158203125e-07,1609701903.5392041,1609701903.8178203,0.27861618995666504,1609701903.6279252,1609701903.6327062,0.004781007766723633
9a8103228efe42e4a0027ebe8bf031a8,k-means,warm,exec,queue,0.06815028190612793,4.76837158203125e-07,2.384185791015625e-07,1609701903.5407672,1609701903.9484491,0.407681941986084,1609701903.632393,1609701903.6367657,0.004372835159301758
732725a0c5a545d48541644f7f764037,k-means,warm,exec,queue,0.0728309154510498,2.384185791015625e-07,2.384185791015625e-07,1609701903.542217,1609701903.8173332,0.2751162052154541,1609701903.6388662,1609701903.64546,0.0065937042236328125
ae5284210680454f9822bb213fbdfbd7,video,warm,exec,queue,0.014213323593139648,2.288818359375e-05,0.0,1609701903.5436895,1609701903.84944,0.30575060844421387,1609701903.5823834,1609701903.5986176,0.016234159469604492
49ea07db808c46b7b78da9938a190353,k-means,warm,exec,queue,7.82012939453125e-05,4.76837158203125e-07,2.384185791015625e-07,1609701904.5155365,1609701904.6338253,0.11828875541687012,1609701904.564126,1609701904.5716214,0.007495403289794922
1130bb40d1de4a3bba4a59676f02f089,k-means,warm,exec,queue,0.006288766860961914,2.384185791015625e-07,2.384185791015625e-07,1609701904.5200505,1609701904.6827989,0.1627483367919922,1609701904.565682,1609701904.5743458,0.00866389274597168
dad411cfdcce4af3bc17e789eb2f0980,k-means,warm,exec,queue,0.011151552200317383,4.76837158203125e-07,2.384185791015625e-07,1609701904.5226736,1609701904.6677582,0.14508461952209473,1609701904.5704248,1609701904.5786035,0.0081787109375
66f0eac314ba49f980c12d47ccfa2595,k-means,warm,exec,queue,0.01648712158203125,2.384185791015625e-07,2.384185791015625e-07,1609701904.525314,1609701904.8892183,0.3639042377471924,1609701904.5777743,1609701904.586199,0.008424758911132812
feb982f392124c96b7d32ae17312bada,k-means,warm,exec,queue,0.021590709686279297,4.76837158203125e-07,2.384185791015625e-07,1609701904.5282664,1609701904.666052,0.1377856731414795,1609701904.5838935,1609701904.5903838,0.006490230560302734
3a1f73ccf2144cc083f920c037b642c5,k-means,warm,exec,queue,0.026761293411254883,4.76837158203125e-07,2.384185791015625e-07,1609701904.5299385,1609701904.7529967,0.22305822372436523,1609701904.5877984,1609701904.5948188,0.007020473480224609
59ae080a72474026a2ad8aa36bcb3807,k-means,warm,exec,queue,0.03280496597290039,2.384185791015625e-07,2.384185791015625e-07,1609701904.5315247,1609701904.8192394,0.28771471977233887,1609701904.5952115,1609701904.6015697,0.006358146667480469
881f9bb1621245d58177eb3e916392d0,k-means,warm,exec,queue,0.03848433494567871,2.384185791015625e-07,2.384185791015625e-07,1609701904.5331287,1609701904.7941365,0.26100778579711914,1609701904.6018875,1609701904.6068258,0.004938364028930664
ed897728d49d4f44a0ff08f6ccfbfc67,k-means,warm,exec,queue,0.04319572448730469,4.76837158203125e-07,2.384185791015625e-07,1609701904.5347092,1609701904.9340377,0.39932847023010254,1609701904.606332,1609701904.6128154,0.006483316421508789
19f96b6d2d1d4839a967996a8e332bfd,k-means,warm,exec,queue,0.04850196838378906,2.384185791015625e-07,2.384185791015625e-07,1609701904.5364275,1609701904.753443,0.21701550483703613,1609701904.611195,1609701904.6178017,0.006606578826904297
26c75cfa34e645828237d16f2622e160,k-means,warm,exec,queue,0.05406522750854492,2.384185791015625e-07,2.384185791015625e-07,1609701904.5380075,1609701904.7511992,0.21319174766540527,1609701904.6175852,1609701904.6225293,0.0049440860748291016
98191277197c44d596918f27a63e128f,k-means,warm,exec,queue,0.05966901779174805,2.384185791015625e-07,2.384185791015625e-07,1609701904.5395813,1609701904.750039,0.21045780181884766,1609701904.623448,1609701904.6302316,0.006783723831176758
db333457a1fe43b4bd8c03062d9fcc5d,k-means,warm,exec,queue,0.06432747840881348,2.384185791015625e-07,0.0,1609701904.5411963,1609701904.935134,0.3939375877380371,1609701904.628542,1609701904.634736,0.006194114685058594
2a7bf5723258484d86e56683143d9010,k-means,warm,exec,queue,0.06908226013183594,4.76837158203125e-07,2.384185791015625e-07,1609701904.542867,1609701904.7169895,0.17412257194519043,1609701904.634731,1609701904.6413383,0.0066072940826416016
bdf0f9cc8ddc42d8b7af1b0937f26b24,k-means,warm,exec,queue,0.004518985748291016,2.384185791015625e-07,2.384185791015625e-07,1609701905.5122952,1609701905.6273687,0.11507344245910645,1609701905.5564878,1609701905.565274,0.008786201477050781
1514369fec6f45eba0fda30cfc6703c9,matmul,warm,exec,queue,0.024003267288208008,2.384185791015625e-07,2.384185791015625e-07,1609701905.5164063,1609701905.7159753,0.1995689868927002,1609701905.5857916,1609701905.5954084,0.009616851806640625
13fce5a92f7a4daaac336e9a2949d217,k-means,warm,exec,queue,0.02671360969543457,4.76837158203125e-07,2.384185791015625e-07,1609701905.5183272,1609701905.6788268,0.16049957275390625,1609701905.585143,1609701905.592688,0.007544994354248047
043cf84d309542e691ad7baa1e98db6a,k-means,warm,exec,queue,0.031546831130981445,4.76837158203125e-07,2.384185791015625e-07,1609701905.5202446,1609701905.7780888,0.2578442096710205,1609701905.5863643,1609701905.5955477,0.009183406829833984
c7005d469cba404ab3257d35f7abef8e,k-means,warm,exec,queue,0.03624224662780762,2.384185791015625e-07,0.0,1609701905.522403,1609701905.7134435,0.1910405158996582,1609701905.588751,1609701905.5955293,0.006778240203857422
9b88fc3df5ea43e5a10a1541eb7807d8,k-means,warm,exec,queue,0.04162478446960449,2.384185791015625e-07,2.384185791015625e-07,1609701905.5243092,1609701905.6802628,0.15595364570617676,1609701905.595943,1609701905.6044173,0.008474349975585938
78138560e8f942f8800a79a0b2e36d74,k-means,warm,exec,queue,0.012081623077392578,7.152557373046875e-07,2.384185791015625e-07,1609701905.5262313,1609701905.7164614,0.190230131149292,1609701905.5605135,1609701905.5684977,0.007984161376953125
adc6ba770977405ab20d3e9c3506a101,k-means,warm,exec,queue,0.01669621467590332,4.76837158203125e-07,4.76837158203125e-07,1609701905.5281136,1609701905.713914,0.18580031394958496,1609701905.56562,1609701905.5734494,0.007829427719116211
45f068202a1d4ab8852877c994e225fd,k-means,warm,exec,queue,0.021237850189208984,7.152557373046875e-07,2.384185791015625e-07,1609701905.5296912,1609701905.65225,0.1225588321685791,1609701905.5833156,1609701905.5920722,0.008756637573242188
444733144c274064ae50a67443888622,k-means,warm,exec,queue,0.007101297378540039,2.384185791015625e-07,2.384185791015625e-07,1609701905.5313234,1609701905.6290681,0.09774470329284668,1609701905.5559573,1609701905.564667,0.00870966911315918
526fe37b5c314ce69716c5fab3043ae6,video,warm,exec,queue,0.027301311492919922,4.76837158203125e-07,2.384185791015625e-07,1609701905.5328755,1609701905.711098,0.1782224178314209,1609701905.5856197,1609701905.6041298,0.018510103225708008
b9738ebcae4141b1a5415edd536e4eb1,map_reduce,warm,exec,queue,0.035860538482666016,2.384185791015625e-07,2.384185791015625e-07,1609701905.534415,1609701905.882686,0.34827089309692383,1609701905.5868402,1609701905.6725888,0.08574867248535156
cf2eaec2bdab41dda1fb7a4caeb82254,k-means,warm,exec,queue,0.00025343894958496094,2.384185791015625e-07,2.384185791015625e-07,1609701906.5133908,1609701906.647804,0.1344132423400879,1609701906.5614948,1609701906.5696967,0.008201837539672852
6732488b76ca488dac2ea1d8c3215172,k-means,warm,exec,queue,0.008993864059448242,2.384185791015625e-07,0.0,1609701906.517461,1609701906.644556,0.12709498405456543,1609701906.561132,1609701906.568927,0.007795095443725586
0800621a3ccc46bd961aa3eb86b36198,k-means,warm,exec,queue,0.013782978057861328,2.384185791015625e-07,4.76837158203125e-07,1609701906.5199497,1609701906.6472287,0.12727904319763184,1609701906.5653937,1609701906.5717897,0.006396055221557617
dcb86f5a72934f1eaa489f3cf76dee10,k-means,warm,exec,queue,0.019007205963134766,4.76837158203125e-07,4.76837158203125e-07,1609701906.5224602,1609701906.6770642,0.1546039581298828,1609701906.5726871,1609701906.5804698,0.007782697677612305
bf0660c8556e423f9361f993d1e9ff3e,k-means,warm,exec,queue,0.024439573287963867,4.76837158203125e-07,2.384185791015625e-07,1609701906.5248692,1609701906.8365214,0.31165218353271484,1609701906.5790927,1609701906.585242,0.0061492919921875
d7b7d49f9e504895ae8689704eaa8e4b,k-means,warm,exec,queue,0.02965712547302246,4.76837158203125e-07,2.384185791015625e-07,1609701906.5262854,1609701906.8700056,0.3437201976776123,1609701906.5831788,1609701906.5891538,0.005975008010864258
5eaa3f37b1f240fa82279d155b012ae3,k-means,warm,exec,queue,0.03438735008239746,4.76837158203125e-07,2.384185791015625e-07,1609701906.5277002,1609701906.7651238,0.23742365837097168,1609701906.5901582,1609701906.5962627,0.006104469299316406
d31ebe73e00b4a09bb76e36612e745b0,k-means,warm,exec,queue,0.038828134536743164,2.384185791015625e-07,2.384185791015625e-07,1609701906.5291228,1609701906.9373043,0.40818142890930176,1609701906.5944848,1609701906.5992017,0.0047168731689453125
49a5b433a2414e7dac4618f12bb2e763,k-means,warm,exec,queue,0.043975830078125,2.384185791015625e-07,0.0,1609701906.5305393,1609701906.939688,0.4091486930847168,1609701906.6003125,1609701906.6059546,0.0056421756744384766
6c851a2733744e498e0985dec9c1aa77,k-means,warm,exec,queue,0.04877948760986328,2.384185791015625e-07,0.0,1609701906.5320783,1609701906.7273955,0.19531726837158203,1609701906.605035,1609701906.6097238,0.004688739776611328
69f43f86ce1c434eb044cd5db5b2a57d,k-means,warm,exec,queue,0.053484439849853516,4.76837158203125e-07,4.76837158203125e-07,1609701906.5335052,1609701906.7290435,0.19553828239440918,1609701906.6118326,1609701906.617069,0.005236387252807617
7422234f6b3b48018c07fe6de769857c,k-means,warm,exec,queue,0.0587620735168457,2.384185791015625e-07,4.76837158203125e-07,1609701906.534932,1609701906.7631981,0.22826623916625977,1609701906.6164196,1609701906.6208024,0.0043828487396240234
e232154b8ee74b399ef6b69e53746cdc,k-means,warm,exec,queue,0.0636148452758789,2.384185791015625e-07,0.0,1609701906.536362,1609701906.9401517,0.403789758682251,1609701906.6230743,1609701906.628845,0.005770683288574219
25010c85068d49c785b3cafc36c66601,k-means,warm,exec,queue,0.06847190856933594,4.76837158203125e-07,0.0,1609701906.5378776,1609701906.9414349,0.40355730056762695,1609701906.6273901,1609701906.6317165,0.004326343536376953
9dc2e679fc4846d8b3d7b7112f666453,k-means,warm,exec,queue,8.0108642578125e-05,4.76837158203125e-07,2.384185791015625e-07,1609701907.5104911,1609701907.6421056,0.13161444664001465,1609701907.5512745,1609701907.5597284,0.008453845977783203
9db22db697c64d5bbd71f7ea96859d25,video,warm,exec,queue,0.0213930606842041,2.384185791015625e-07,2.384185791015625e-07,1609701907.514879,1609701907.8317113,0.3168323040008545,1609701907.5708015,1609701907.5884295,0.017627954483032227
6089bf8d5b0045b0894511edeb991a8d,k-means,warm,exec,queue,0.004604816436767578,2.384185791015625e-07,2.384185791015625e-07,1609701907.5175576,1609701907.6426568,0.12509918212890625,1609701907.5515523,1609701907.560231,0.008678674697875977
6e9b3e01739e4c6cbd4285f8198d5d89,k-means,warm,exec,queue,0.009366989135742188,2.384185791015625e-07,0.0,1609701907.5201879,1609701907.6380248,0.11783695220947266,1609701907.5561492,1609701907.5639188,0.007769584655761719
18165739cdce4c56b052133cf4be391e,k-means,warm,exec,queue,0.01388859748840332,4.76837158203125e-07,0.0,1609701907.5228124,1609701907.641521,0.11870861053466797,1609701907.5617518,1609701907.5698297,0.008077859878540039
88e71f6aff844c86bb0e1118661f96f7,k-means,warm,exec,queue,0.020450115203857422,2.384185791015625e-07,2.384185791015625e-07,1609701907.5253186,1609701907.7711346,0.24581599235534668,1609701907.5703886,1609701907.5771518,0.0067632198333740234
833a7e1fd1714bbd8fa9be9731e27c26,k-means,warm,exec,queue,0.02554154396057129,2.384185791015625e-07,2.384185791015625e-07,1609701907.5268896,1609701907.7227237,0.19583415985107422,1609701907.575278,1609701907.5818937,0.006615638732910156
e573894afcbb4fdfb0c640bea63e5d46,k-means,warm,exec,queue,0.030802249908447266,2.384185791015625e-07,2.384185791015625e-07,1609701907.5284584,1609701907.6796231,0.15116477012634277,1609701907.5792909,1609701907.5857859,0.006494998931884766
e046f09e93bd4bb79590f5fb492038ca,k-means,warm,exec,queue,0.0363616943359375,4.76837158203125e-07,2.384185791015625e-07,1609701907.5300283,1609701907.7377014,0.2076730728149414,1609701907.5865424,1609701907.5938866,0.007344245910644531
598fde6590b14bc7b6a79be1b18259ff,k-means,warm,exec,queue,0.04108166694641113,2.384185791015625e-07,0.0,1609701907.5317156,1609701907.724771,0.1930553913116455,1609701907.591961,1609701907.598954,0.00699305534362793
93c3343b4f8e46599dc989f23156cfc0,k-means,warm,exec,queue,0.007376194000244141,2.384185791015625e-07,2.384185791015625e-07,1609701908.514363,1609701908.6247723,0.11040925979614258,1609701908.5534873,1609701908.5606742,0.0071868896484375
3802e34b12b4497d9325f302998752a3,k-means,warm,exec,queue,0.055129289627075195,2.384185791015625e-07,0.0,1609701908.5185578,1609701908.6906304,0.1720726490020752,1609701908.6076484,1609701908.6147666,0.00711822509765625
a89da0f86d7b4c4494168fce05db27c4,k-means,warm,exec,queue,0.050134897232055664,2.384185791015625e-07,0.0,1609701908.5211828,1609701908.865765,0.34458231925964355,1609701908.6034837,1609701908.6101594,0.00667572021484375
5f4daea50b39421a8096114a29db7079,k-means,warm,exec,queue,0.0453791618347168,2.384185791015625e-07,2.384185791015625e-07,1609701908.5237741,1609701908.7918384,0.2680642604827881,1609701908.598147,1609701908.6048834,0.0067365169525146484
a5442a0426444ce08987ba270c63d069,k-means,warm,exec,queue,0.0400543212890625,2.384185791015625e-07,2.384185791015625e-07,1609701908.5257597,1609701908.7165842,0.1908245086669922,1609701908.591775,1609701908.5984323,0.00665736198425293
2c240544cf8442b9b4f8e8b3667d2886,k-means,warm,exec,queue,0.0349583625793457,4.76837158203125e-07,2.384185791015625e-07,1609701908.5273292,1609701908.6946084,0.16727924346923828,1609701908.5859556,1609701908.592612,0.0066564083099365234
352a7b93328f4c56a439af5f38a0de47,k-means,warm,exec,queue,0.030368566513061523,2.384185791015625e-07,4.76837158203125e-07,1609701908.5289013,1609701908.7149732,0.18607187271118164,1609701908.5797327,1609701908.5861733,0.006440639495849609
152ca66829fb46339662d3730783c22c,k-means,warm,exec,queue,0.026059865951538086,2.384185791015625e-07,2.384185791015625e-07,1609701908.530461,1609701908.6941268,0.163665771484375,1609701908.575287,1609701908.580694,0.005406856536865234
9af687c5b21b419f868d50978f12f595,k-means,warm,exec,queue,0.011350393295288086,4.76837158203125e-07,2.384185791015625e-07,1609701908.5320225,1609701908.6231415,0.09111905097961426,1609701908.559161,1609701908.5677218,0.008560895919799805
9e1805a25c4346e587d90dd6d66018db,k-means,warm,exec,queue,0.015929460525512695,7.152557373046875e-07,2.384185791015625e-07,1609701908.5337327,1609701908.6585672,0.12483453750610352,1609701908.564525,1609701908.5728445,0.008319616317749023
92912f5a2e4140e9b15d13a6e9245ba2,k-means,warm,exec,queue,0.02088618278503418,9.5367431640625e-07,7.152557373046875e-07,1609701908.5352926,1609701908.6562822,0.12098956108093262,1609701908.5703182,1609701908.5768833,0.006565093994140625
59584717b71a458599cea2566904abbf,k-means,warm,exec,queue,0.011089801788330078,4.76837158203125e-07,0.0,1609701909.5355594,1609701909.6836848,0.14812541007995605,1609701909.590668,1609701909.598948,0.008280038833618164
5ed3071121414c57bdf182382fa7bdbc,k-means,warm,exec,queue,0.03526639938354492,4.76837158203125e-07,2.384185791015625e-07,1609701909.5400023,1609701909.717311,0.1773085594177246,1609701909.618277,1609701909.624615,0.006337881088256836
b2957a64f90d465c8d4c071f27bda3f7,k-means,warm,exec,queue,0.04011082649230957,2.384185791015625e-07,2.384185791015625e-07,1609701909.5426562,1609701909.7417247,0.19906854629516602,1609701909.6247866,1609701909.6312642,0.0064775943756103516
498c6e55407b48b59185475dd4461d3e,k-means,warm,exec,queue,0.04509687423706055,4.76837158203125e-07,2.384185791015625e-07,1609701909.5451627,1609701909.7487314,0.203568696975708,1609701909.631159,1609701909.6384192,0.00726008415222168
80e6e7774b7f4acebc7c078eca0df626,k-means,warm,exec,queue,0.04990983009338379,2.384185791015625e-07,2.384185791015625e-07,1609701909.547997,1609701909.7184584,0.17046141624450684,1609701909.6345026,1609701909.6406825,0.0061798095703125
4786d8e2988d486f98ad7ce2359b5363,k-means,warm,exec,queue,0.05454754829406738,2.384185791015625e-07,2.384185791015625e-07,1609701909.549679,1609701909.8757899,0.32611083984375,1609701909.6400673,1609701909.6469488,0.0068814754486083984
ab7224746a3741d6b664f67908c3f22b,k-means,warm,exec,queue,0.05942845344543457,4.76837158203125e-07,2.384185791015625e-07,1609701909.551114,1609701909.7482896,0.1971755027770996,1609701909.646112,1609701909.652932,0.006819963455200195
55180d8764224f05b17531214b2adfec,k-means,warm,exec,queue,0.06443619728088379,7.152557373046875e-07,2.384185791015625e-07,1609701909.552564,1609701909.8634028,0.3108389377593994,1609701909.6567793,1609701909.6635203,0.006741046905517578
eddb797dbac047c3884023300173e127,k-means,warm,exec,queue,0.030467987060546875,2.384185791015625e-07,2.384185791015625e-07,1609701909.5541008,1609701909.7443564,0.19025564193725586,1609701909.6130927,1609701909.6204967,0.0074040889739990234
a16ff08f12044e08a5c9178c13c1d203,k-means,warm,exec,queue,0.02551889419555664,2.384185791015625e-07,0.0,1609701909.5555403,1609701909.747783,0.19224262237548828,1609701909.6086938,1609701909.6154368,0.006742954254150391
8e7f8a50f7c545fe9f4f1b366fe4f248,k-means,warm,exec,queue,0.014219522476196289,2.384185791015625e-07,2.384185791015625e-07,1609701909.5569935,1609701909.6850252,0.12803173065185547,1609701909.59541,1609701909.6029584,0.007548332214355469
8e84e52690f34485912cba131e01e3c5,k-means,warm,exec,queue,0.019474029541015625,4.76837158203125e-07,4.76837158203125e-07,1609701909.558424,1609701909.686082,0.12765789031982422,1609701909.6015468,1609701909.60953,0.007983207702636719
fea7765258c04e8ba6f2f82d5122ac73,k-means,warm,exec,queue,0.0692143440246582,4.76837158203125e-07,4.76837158203125e-07,1609701909.5599518,1609701909.7449708,0.18501901626586914,1609701909.6618314,1609701909.6695838,0.007752418518066406
d702a88f762d44f0a75e5303e78a44a2,k-means,warm,exec,queue,0.07386994361877441,4.76837158203125e-07,7.152557373046875e-07,1609701909.56139,1609701909.8774157,0.3160257339477539,1609701909.6624618,1609701909.6698675,0.007405757904052734
90a64736fed148c0860d7818ddb9b8a2,k-means,warm,exec,queue,0.0789027214050293,2.384185791015625e-07,2.384185791015625e-07,1609701909.5628223,1609701909.913734,0.35091161727905273,1609701909.6673055,1609701909.6757104,0.008404970169067383
6270b50b07d6440dbf840e6b17d3d15e,k-means,warm,exec,queue,0.0836799144744873,4.76837158203125e-07,2.384185791015625e-07,1609701909.5642579,1609701909.8675244,0.3032665252685547,1609701909.671544,1609701909.6777918,0.006247758865356445
7f602d0b9fd047358ea4711ffbbbad07,k-means,warm,exec,queue,0.08820343017578125,2.384185791015625e-07,2.384185791015625e-07,1609701909.5657704,1609701909.911088,0.3453176021575928,1609701909.6781478,1609701909.6843216,0.006173849105834961
53091056131e4459862a41b21e59add6,video,warm,exec,queue,0.016484498977661133,0.0,2.384185791015625e-07,1609701909.5672166,1609701909.8668792,0.29966259002685547,1609701909.6091244,1609701909.6254597,0.016335248947143555
bacacb565fdc4a83bb4fb122533e1fba,k-means,warm,exec,queue,0.0024309158325195312,4.76837158203125e-07,2.384185791015625e-07,1609701910.5135465,1609701910.6331854,0.11963891983032227,1609701910.553834,1609701910.5623648,0.008530855178833008
5370acc87848419d9c0aa939325b525d,matmul,warm,exec,queue,0.01757955551147461,2.384185791015625e-07,2.384185791015625e-07,1609701910.5176544,1609701910.7221045,0.20445013046264648,1609701910.5720365,1609701910.581222,0.009185552597045898
938a374406d04fee826ee35de53b9a8b,k-means,warm,exec,queue,0.029644012451171875,4.76837158203125e-07,2.384185791015625e-07,1609701910.5202863,1609701910.7574105,0.23712420463562012,1609701910.5811555,1609701910.587627,0.006471395492553711
61953832678c40bd89fcd5f6853dc632,k-means,warm,exec,queue,0.035028696060180664,2.384185791015625e-07,2.384185791015625e-07,1609701910.5228388,1609701910.7548044,0.2319655418395996,1609701910.5884917,1609701910.594063,0.0055713653564453125
220e74886a134b4284202cf580327bfa,k-means,warm,exec,queue,0.039659976959228516,2.384185791015625e-07,2.384185791015625e-07,1609701910.525142,1609701910.8791387,0.35399675369262695,1609701910.592256,1609701910.5973132,0.005057096481323242
01b0f786613e43b39b7f9fe5da020d66,k-means,warm,exec,queue,0.02589559555053711,2.384185791015625e-07,2.384185791015625e-07,1609701910.5268686,1609701910.6632528,0.1363842487335205,1609701910.5747511,1609701910.5796962,0.004945039749145508
42e44ea065b742938bdeeac3163a34f5,k-means,warm,exec,queue,0.021335601806640625,2.384185791015625e-07,2.384185791015625e-07,1609701910.528422,1609701910.686839,0.1584169864654541,1609701910.571595,1609701910.579092,0.007497072219848633
6202807406344a069e2b908fbd5b8d58,k-means,warm,exec,queue,0.016100406646728516,2.384185791015625e-07,2.384185791015625e-07,1609701910.5299537,1609701910.6612124,0.13125872611999512,1609701910.5657885,1609701910.574199,0.008410453796386719
ab09db8483a947138dc8a406f96969f1,k-means,warm,exec,queue,0.008640050888061523,2.384185791015625e-07,2.384185791015625e-07,1609701910.5314832,1609701910.629055,0.09757184982299805,1609701910.5532334,1609701910.5609248,0.007691383361816406
0dcaf48b5ea34b3d80bf5e5c856acfa6,k-means,warm,exec,queue,0.013599157333374023,4.76837158203125e-07,2.384185791015625e-07,1609701910.5331745,1609701910.6327116,0.09953713417053223,1609701910.5594783,1609701910.5677621,0.008283853530883789
a6ce82e24e234c9cb0dbf501c1627784,k-means,warm,exec,queue,0.0037844181060791016,4.76837158203125e-07,2.384185791015625e-07,1609701911.515414,1609701911.646797,0.13138294219970703,1609701911.559259,1609701911.568071,0.00881195068359375
293a6cf3d85746e4a4643087bb7c529d,video,warm,exec,queue,0.0200958251953125,4.76837158203125e-07,2.384185791015625e-07,1609701911.5195022,1609701911.8478837,0.3283815383911133,1609701911.5819285,1609701911.5999203,0.01799178123474121
f88c0a9c8db645f1a1b1480c2589042f,k-means,warm,exec,queue,0.04477691650390625,2.384185791015625e-07,0.0,1609701911.5221534,1609701911.8141177,0.2919642925262451,1609701911.60096,1609701911.6076028,0.006642818450927734
585791e935a646baaa6e067d7c49ffa0,k-means,warm,exec,queue,0.040056467056274414,2.384185791015625e-07,2.384185791015625e-07,1609701911.524749,1609701911.7526345,0.22788548469543457,1609701911.5968838,1609701911.6015644,0.004680633544921875
7506aaa4ab8849f3a4fe0418f4c27122,k-means,warm,exec,queue,0.03517746925354004,2.384185791015625e-07,0.0,1609701911.5273213,1609701911.7507424,0.2234210968017578,1609701911.5901089,1609701911.5983818,0.008272886276245117
72273868a8804dc4af024c7ed25e80ba,k-means,warm,exec,queue,0.030454635620117188,2.384185791015625e-07,4.76837158203125e-07,1609701911.5295384,1609701911.8805077,0.3509693145751953,1609701911.5855439,1609701911.5922709,0.006726980209350586
bae27f41752446fbabedfaeffe2b20eb,k-means,warm,exec,queue,0.025836944580078125,4.76837158203125e-07,2.384185791015625e-07,1609701911.5310693,1609701911.705551,0.17448163032531738,1609701911.5818863,1609701911.5886393,0.006752967834472656
634115107f4c4712b7a7994003840e5a,k-means,warm,exec,queue,0.007956743240356445,4.76837158203125e-07,2.384185791015625e-07,1609701911.5326242,1609701911.648971,0.11634683609008789,1609701911.5588787,1609701911.5675488,0.00867009162902832
200134491a3640968cb26d1fc694dbed,k-means,warm,exec,queue,0.012697458267211914,2.384185791015625e-07,2.384185791015625e-07,1609701911.5341744,1609701911.6486154,0.11444091796875,1609701911.5632708,1609701911.5735035,0.010232686996459961
f99870365ffe4eff91c9d3ac82997f1b,k-means,warm,exec,queue,0.017125844955444336,2.384185791015625e-07,0.0,1609701911.5358448,1609701911.64994,0.11409521102905273,1609701911.5691273,1609701911.5791602,0.010032892227172852
90a2e773382b4f38ade78036f4c98b1a,k-means,warm,exec,queue,0.021497726440429688,2.384185791015625e-07,0.0,1609701911.5374067,1609701911.7501137,0.2127070426940918,1609701911.5802338,1609701911.5888007,0.008566856384277344
e7cf5b9f890f4bbcb5fcded7619ebd92,k-means,warm,exec,queue,0.0030760765075683594,4.76837158203125e-07,2.384185791015625e-07,1609701912.5151627,1609701912.6418827,0.12671995162963867,1609701912.559879,1609701912.5704396,0.01056051254272461
4a3cccda00eb4d028fbce98a9bd83439,k-means,warm,exec,queue,0.052164316177368164,2.384185791015625e-07,2.384185791015625e-07,1609701912.5196486,1609701912.8489213,0.3292727470397949,1609701912.6104891,1609701912.6165237,0.0060346126556396484
867c16cff0c24de78734913abf01bb91,k-means,warm,exec,queue,0.04653596878051758,4.76837158203125e-07,2.384185791015625e-07,1609701912.5222967,1609701912.934485,0.4121882915496826,1609701912.6039338,1609701912.6106544,0.006720542907714844
c1c73724ddd549dfbc06a25cf741f6be,k-means,warm,exec,queue,0.04163622856140137,2.384185791015625e-07,0.0,1609701912.5249562,1609701912.8737617,0.34880542755126953,1609701912.599037,1609701912.6053975,0.006360530853271484
e5861a71a9d74e488516a77c50e58d83,k-means,warm,exec,queue,0.03647470474243164,2.384185791015625e-07,2.384185791015625e-07,1609701912.5278418,1609701912.932816,0.40497422218322754,1609701912.5946417,1609701912.6019394,0.0072977542877197266
6cbc187cd47a485a8813b9ea8f87c920,k-means,warm,exec,queue,0.03115701675415039,4.76837158203125e-07,2.384185791015625e-07,1609701912.5297666,1609701912.7687297,0.23896312713623047,1609701912.5871367,1609701912.5917497,0.004612922668457031
aea1b3000e9844e0b855c272f7bf06f5,k-means,warm,exec,queue,0.024960994720458984,4.76837158203125e-07,2.384185791015625e-07,1609701912.5313613,1609701912.6562846,0.1249232292175293,1609701912.5863073,1609701912.5928016,0.006494283676147461
bb456e4d46484c57ac606dca1af88d9a,k-means,warm,exec,queue,0.020137786865234375,2.384185791015625e-07,0.0,1609701912.5329626,1609701912.7677312,0.23476862907409668,1609701912.580242,1609701912.5882866,0.008044719696044922
0d19124b345a422a998e5b326353f1a2,k-means,warm,exec,queue,0.008372783660888672,4.76837158203125e-07,2.384185791015625e-07,1609701912.5345538,1609701912.6402712,0.10571742057800293,1609701912.5595274,1609701912.5683177,0.008790254592895508
b1b2bbda38a948a490ea5aad3bcdc86a,k-means,warm,exec,queue,0.01357889175415039,2.384185791015625e-07,0.0,1609701912.5362725,1609701912.7667696,0.23049712181091309,1609701912.5653532,1609701912.5753257,0.009972572326660156
1e174933657e435b89d3e466fff71a90,k-means,warm,exec,queue,0.017969608306884766,2.384185791015625e-07,4.76837158203125e-07,1609701912.5378432,1609701912.7656286,0.22778534889221191,1609701912.5700548,1609701912.578739,0.008684158325195312
34f47d2fd13d4a5b8606d5c6876d686e,k-means,warm,exec,queue,0.012094736099243164,2.384185791015625e-07,0.0,1609701913.5194237,1609701913.6507337,0.13130998611450195,1609701913.5701962,1609701913.579551,0.009354829788208008
29814193f624495bbd74fbe61858bf83,k-means,warm,exec,queue,0.029045581817626953,2.384185791015625e-07,2.384185791015625e-07,1609701913.5237796,1609701913.8875241,0.36374449729919434,1609701913.5950158,1609701913.6014943,0.006478548049926758
2348590ff3f247fbb3ecaab7020ca7bd,k-means,warm,exec,queue,0.034178733825683594,2.384185791015625e-07,2.384185791015625e-07,1609701913.5263004,1609701913.728866,0.20256567001342773,1609701913.595912,1609701913.6017876,0.005875587463378906
c6e66eaeb2a544d3bc8d4d2a3fe5fdcd,k-means,warm,exec,queue,0.03882765769958496,7.152557373046875e-07,2.384185791015625e-07,1609701913.528683,1609701913.8408554,0.31217241287231445,1609701913.601285,1609701913.6083,0.0070149898529052734
bfd0ce94fcd04c02ac5fffa9d2578f54,k-means,warm,exec,queue,0.04364299774169922,4.76837158203125e-07,2.384185791015625e-07,1609701913.530299,1609701913.7285175,0.19821858406066895,1609701913.6090214,1609701913.6150503,0.006028890609741211
1aee45c436154cb6a4c0fc3c0917330e,k-means,warm,exec,queue,0.04839134216308594,2.384185791015625e-07,2.384185791015625e-07,1609701913.5317316,1609701913.7260594,0.19432783126831055,1609701913.6133943,1609701913.6190715,0.005677223205566406
4103c28938e94a48b305f2b9a6202001,k-means,warm,exec,queue,0.05301356315612793,2.384185791015625e-07,2.384185791015625e-07,1609701913.533187,1609701913.8404949,0.3073079586029053,1609701913.6188145,1609701913.6260474,0.0072329044342041016
ec03209985f14e429b99cc77364e24e9,k-means,warm,exec,queue,0.057595014572143555,2.384185791015625e-07,2.384185791015625e-07,1609701913.5346239,1609701913.8861783,0.35155439376831055,1609701913.6226685,1609701913.627178,0.004509449005126953
a2fbb674fed44ddf9e97651ed324fe14,k-means,warm,exec,queue,0.062059640884399414,2.384185791015625e-07,0.0,1609701913.5360677,1609701913.7292004,0.19313263893127441,1609701913.6284058,1609701913.6335175,0.0051116943359375
e5ecac6940fb4daa86118bb7a2f5acfc,k-means,warm,exec,queue,0.024553537368774414,7.152557373046875e-07,0.0,1609701913.537631,1609701913.8384438,0.3008127212524414,1609701913.5925944,1609701913.5996764,0.0070819854736328125
0e0563de59934375bc750988ab9986ff,k-means,warm,exec,queue,0.015419244766235352,4.76837158203125e-07,2.384185791015625e-07,1609701913.539073,1609701913.8361163,0.2970433235168457,1609701913.5758588,1609701913.5842648,0.008405923843383789
c3dd298ade184a21b2c0747b36e33d6a,k-means,warm,exec,queue,0.019991397857666016,4.76837158203125e-07,2.384185791015625e-07,1609701913.540514,1609701913.6839764,0.1434624195098877,1609701913.5807984,1609701913.5887554,0.007956981658935547
1ccadfe597984b17b245628169b1b429,k-means,warm,exec,queue,0.06695699691772461,4.76837158203125e-07,0.0,1609701913.5419567,1609701913.8365405,0.294583797454834,1609701913.6335764,1609701913.639366,0.005789518356323242
e324684145d04cb3af051a0cd69b4d44,k-means,warm,exec,queue,0.0719754695892334,2.384185791015625e-07,0.0,1609701913.5434875,1609701913.8848386,0.3413510322570801,1609701913.639284,1609701913.6434982,0.004214286804199219
90288f16c47d46d3b1c2d69f5e4130a5,k-means,warm,exec,queue,0.07739019393920898,2.384185791015625e-07,2.384185791015625e-07,1609701913.5449347,1609701913.83882,0.2938852310180664,1609701913.6451747,1609701913.6495554,0.004380702972412109
608839c646c1457a9a691faa758b7f2f,video,warm,exec,queue,0.019042253494262695,2.384185791015625e-07,4.76837158203125e-07,1609701913.5463767,1609701913.775205,0.22882819175720215,1609701913.5957403,1609701913.6128733,0.017132997512817383
c7af90ccc2d84e068b1ed023e14a128f,k-means,warm,exec,queue,0.006877422332763672,2.384185791015625e-07,0.0,1609701914.5380206,1609701914.6699634,0.1319427490234375,1609701914.5906544,1609701914.5993502,0.008695840835571289
ed41d658e63d45448b3bfa7c7f880618,k-means,warm,exec,queue,0.04770231246948242,2.384185791015625e-07,2.384185791015625e-07,1609701914.5422895,1609701914.7462082,0.2039186954498291,1609701914.6339138,1609701914.64054,0.006626129150390625
bb4309ade3914227a04c725de6fe8ce8,k-means,warm,exec,queue,0.05301690101623535,2.384185791015625e-07,2.384185791015625e-07,1609701914.5448723,1609701914.8071017,0.26222944259643555,1609701914.6393828,1609701914.6454694,0.006086587905883789
2ee67bd9193944ce9959aed703ebc275,k-means,warm,exec,queue,0.058016300201416016,2.384185791015625e-07,2.384185791015625e-07,1609701914.5474427,1609701915.0913694,0.5439267158508301,1609701914.6462781,1609701914.6527576,0.006479501724243164
616c364f2cb94273b1db0ca6cd3e1e83,k-means,warm,exec,queue,0.014823675155639648,2.384185791015625e-07,4.76837158203125e-07,1609701914.550372,1609701914.7498088,0.19943690299987793,1609701914.596697,1609701914.6066694,0.009972333908081055
faae593e813f41e5acef60e38e997cab,k-means,warm,exec,queue,0.019327640533447266,2.384185791015625e-07,2.384185791015625e-07,1609701914.5527318,1609701914.7492192,0.1964874267578125,1609701914.6012833,1609701914.609724,0.008440732955932617
b89832f13b7b47b086d4acc201cab618,k-means,warm,exec,queue,0.02368903160095215,2.384185791015625e-07,2.384185791015625e-07,1609701914.554267,1609701914.7120178,0.15775084495544434,1609701914.6085095,1609701914.6170738,0.008564233779907227
99cd718f60e9486ca7bed87fa8e0eca4,k-means,warm,exec,queue,0.029041290283203125,4.76837158203125e-07,4.76837158203125e-07,1609701914.5557983,1609701914.9145224,0.35872411727905273,1609701914.6127214,1609701914.6178222,0.005100727081298828
06a621c5a3234f8e90e9f6ac80100d8f,k-means,warm,exec,queue,0.03429746627807617,4.76837158203125e-07,2.384185791015625e-07,1609701914.5573497,1609701914.769662,0.2123122215270996,1609701914.617293,1609701914.6237018,0.0064089298248291016
5e93845aa8b0428ea11c66531eeb0b02,k-means,warm,exec,queue,0.03888273239135742,1.1920928955078125e-06,4.76837158203125e-07,1609701914.5590107,1609701914.7138295,0.15481877326965332,1609701914.6254103,1609701914.6324532,0.007042884826660156
d5124c90f8f64919a09e68501258ec36,k-means,warm,exec,queue,0.04409980773925781,2.384185791015625e-07,2.384185791015625e-07,1609701914.5605588,1609701914.8054664,0.24490761756896973,1609701914.6296654,1609701914.636543,0.0068776607513427734
d4fd374ba7924afe9ef0bef4e556cac6,k-means,warm,exec,queue,0.009876012802124023,2.384185791015625e-07,4.76837158203125e-07,1609701914.5620828,1609701914.6718576,0.10977482795715332,1609701914.5910037,1609701914.6011498,0.010146141052246094
9449295b1d4543a79a27fc0cda7c0b19,k-means,warm,exec,queue,0.06262779235839844,2.384185791015625e-07,0.0,1609701914.5636272,1609701915.0889828,0.5253555774688721,1609701914.6513176,1609701914.65579,0.004472494125366211
2e60f5c8a2c7431e9e3e4159732684bd,k-means,warm,exec,queue,0.0676116943359375,2.384185791015625e-07,0.0,1609701914.5653048,1609701914.871629,0.3063242435455322,1609701914.6552703,1609701914.6618078,0.006537437438964844
42b2e99ecf2c41c4a68603a47251d113,k-means,warm,exec,queue,0.07225775718688965,2.384185791015625e-07,0.0,1609701914.5668108,1609701914.80362,0.23680925369262695,1609701914.6619918,1609701914.6681259,0.006134033203125
fd8d3ec83e3940ccbe17d7cee70acfab,k-means,warm,exec,queue,7.200241088867188e-05,4.76837158203125e-07,2.384185791015625e-07,1609701915.5261137,1609701915.6650283,0.1389145851135254,1609701915.580566,1609701915.5889833,0.008417367935180664
00252451732341c180a03ff173a3f148,video,warm,exec,queue,0.024308204650878906,2.384185791015625e-07,0.0,1609701915.5305555,1609701918.201896,2.6713404655456543,1609701915.6077945,1609701915.6252618,0.017467260360717773
a454f2cd327e4eedb570535fbf17d1b9,k-means,warm,exec,queue,0.007025718688964844,7.152557373046875e-07,2.384185791015625e-07,1609701915.533217,1609701915.6665862,0.13336920738220215,1609701915.581452,1609701915.5899131,0.008461236953735352
345146e1a18541efb4887835b38198be,k-means,warm,exec,queue,0.011702537536621094,4.76837158203125e-07,2.384185791015625e-07,1609701915.5357668,1609701915.953904,0.4181370735168457,1609701915.586333,1609701915.5946143,0.008281230926513672
41a73b911869426f83e61d0a708385ff,k-means,warm,exec,queue,0.01611924171447754,7.152557373046875e-07,2.384185791015625e-07,1609701915.5386527,1609701915.9532611,0.4146084785461426,1609701915.5921185,1609701915.5993333,0.007214784622192383
6111ac6b891c4ed0bd1d3cd52248c859,k-means,warm,exec,queue,0.022607088088989258,2.384185791015625e-07,0.0,1609701915.540984,1609701916.5949767,1.053992748260498,1609701915.6074514,1609701915.614865,0.007413625717163086
5dbfce0e8ece4c408910893ca1def05a,k-means,warm,exec,queue,0.02699732780456543,4.76837158203125e-07,2.384185791015625e-07,1609701915.542526,1609701915.9503644,0.4078383445739746,1609701915.6125333,1609701915.620886,0.00835275650024414
abdaf5abe2704b79b51a151cc637de1e,k-means,warm,exec,queue,0.03151059150695801,4.76837158203125e-07,0.0,1609701915.5440319,1609701916.6388283,1.0947964191436768,1609701915.6135843,1609701915.6207752,0.0071909427642822266
02e8df418f8f490f97d6124526694f44,k-means,warm,exec,queue,0.03622174263000488,4.76837158203125e-07,2.384185791015625e-07,1609701915.5455573,1609701916.6919668,1.146409511566162,1609701915.614625,1609701915.6229265,0.008301496505737305
1fe285e80f7942d0b9cdc81624c78a38,k-means,warm,exec,queue,0.04129433631896973,2.384185791015625e-07,2.384185791015625e-07,1609701915.5471737,1609701918.202938,2.65576434135437,1609701915.6235602,1609701915.6317537,0.008193492889404297
8112470c2d65466ba9b42d6cfcc3d4d1,k-means,warm,exec,queue,0.04619264602661133,2.384185791015625e-07,0.0,1609701915.548693,1609701916.69138,1.1426870822906494,1609701915.6246667,1609701915.6320934,0.007426738739013672
bb70a3c2e0c24c268ec7ff389b567a5f,matmul,warm,exec,queue,0.02855205535888672,2.384185791015625e-07,0.0,1609701915.5501983,1609701916.6946707,1.144472360610962,1609701915.6132853,1609701915.6236403,0.010354995727539062
1d14ecb866374d279acf98f9c43cee9a,map_reduce,warm,exec,queue,0.027561664581298828,2.384185791015625e-07,0.0,1609701915.5517225,1609701916.6952755,1.1435530185699463,1609701915.6142178,1609701915.7000563,0.08583855628967285
b9f1ea24b65447dda6470c9a11c13b18,disk,warm,exec,queue,0.03201651573181152,2.384185791015625e-07,0.0,1609701915.5533783,1609701916.5708652,1.017486810684204,1609701915.6158571,1609701915.6237912,0.007934093475341797
c95382e72c784821a7c99a6ed23f08dc,image,cold,exec,create,0.04187297821044922,5.907161712646484,2.384185791015625e-07,1609701915.5548885,1609701921.6146355,6.059746980667114,1609701921.5281203,1609701921.5466728,0.018552541732788086
1bb3293eafa74ffd9b68c6de6a29567e,network,cold,exec,create,0.04725909233093262,5.993895053863525,0.0,1609701915.5564125,1609701921.7946978,6.238285303115845,1609701921.6228352,1609701921.6466734,0.023838281631469727
24bd4c42902045de97bc25204ae9b21b,k-means,warm,exec,queue,0.0044765472412109375,4.76837158203125e-07,2.384185791015625e-07,1609701916.5213716,1609701916.6885183,0.1671466827392578,1609701916.558593,1609701916.5671484,0.008555412292480469
f3be77f15c294312a7ea74b7d8cd8e17,k-means,warm,exec,queue,0.04425239562988281,2.384185791015625e-07,0.0,1609701916.5254688,1609701918.2430801,1.717611312866211,1609701916.6023629,1609701916.6094356,0.0070726871490478516
03a58d4623a843b8a95ccc03000e0968,k-means,warm,exec,queue,0.039392709732055664,2.384185791015625e-07,2.384185791015625e-07,1609701916.5278926,1609701918.7719605,2.244067907333374,1609701916.598382,1609701916.6057725,0.007390499114990234
bf84557fdc2c44828340c3f12d83563c,k-means,warm,exec,queue,0.034638404846191406,2.384185791015625e-07,0.0,1609701916.5302153,1609701917.7752604,1.2450451850891113,1609701916.5922604,1609701916.5984352,0.006174802780151367
977368e5a74c4991abdb91c63b7267c8,k-means,warm,exec,queue,0.029242277145385742,4.76837158203125e-07,4.76837158203125e-07,1609701916.5317864,1609701917.7773106,1.2455241680145264,1609701916.5908825,1609701916.5984354,0.0075528621673583984
adf5801b976f4d99a596de8cc3316e3d,k-means,warm,exec,queue,0.008137941360473633,7.152557373046875e-07,0.0,1609701916.5333822,1609701916.7473173,0.21393513679504395,1609701916.5602756,1609701916.568747,0.008471488952636719
73e031860ddf4daebb494cc0a9947883,k-means,warm,exec,queue,0.012733936309814453,2.384185791015625e-07,2.384185791015625e-07,1609701916.5350533,1609701917.776307,1.2412538528442383,1609701916.5659482,1609701916.5760167,0.010068416595458984
899602215539421abee00cdf503477a8,k-means,warm,exec,queue,0.017555713653564453,4.76837158203125e-07,2.384185791015625e-07,1609701916.5366547,1609701918.2024379,1.665783166885376,1609701916.572699,1609701916.581425,0.008725881576538086
b51df7ce6c2747d49bf8934ea9944688,k-means,warm,exec,queue,0.022555112838745117,4.76837158203125e-07,2.384185791015625e-07,1609701916.5382247,1609701918.3117926,1.7735679149627686,1609701916.5758498,1609701916.5809472,0.005097389221191406
210357d9017a4b1ca46e38c11f02707a,k-means,warm,exec,queue,0.02693939208984375,4.76837158203125e-07,7.152557373046875e-07,1609701916.5397837,1609701917.774066,1.2342822551727295,1609701916.584127,1609701916.5909545,0.006827592849731445
71eb726c3b554a70a876cab6bdfc63dc,k-means,warm,exec,queue,0.003660917282104492,4.76837158203125e-07,2.384185791015625e-07,1609701917.521054,1609701918.1979306,0.6768765449523926,1609701917.5618434,1609701917.5707092,0.008865833282470703
646523e2f9224695ba8e4e1e4b94dd7f,video,warm,exec,queue,0.020567893981933594,4.76837158203125e-07,2.384185791015625e-07,1609701917.5254405,1609701918.4475572,0.922116756439209,1609701917.5841556,1609701917.6010742,0.016918659210205078
9b1ba87aac7a4f9d9b929f6d835a5914,k-means,warm,exec,queue,0.03460574150085449,2.384185791015625e-07,0.0,1609701917.528152,1609701918.3106084,0.7824563980102539,1609701917.592708,1609701917.600693,0.00798487663269043
cc4bfb417a6e476a8db700a481420ab9,k-means,warm,exec,queue,0.03010869026184082,2.384185791015625e-07,2.384185791015625e-07,1609701917.5309103,1609701918.4496834,0.9187731742858887,1609701917.5879197,1609701917.5944557,0.006536006927490234
49fcab0c40e5494db7770ed33e9bbfc8,k-means,warm,exec,queue,0.025797128677368164,4.76837158203125e-07,2.384185791015625e-07,1609701917.5337148,1609701918.3477407,0.81402587890625,1609701917.5844917,1609701917.5918148,0.007323026657104492
edc0656d934249a6b6176a0916428b85,k-means,warm,exec,queue,0.00788736343383789,4.76837158203125e-07,0.0,1609701917.5353823,1609701918.7755349,1.2401525974273682,1609701917.5613503,1609701917.5701396,0.008789300918579102
2b8065f3c8a641c89cb63c6e306b6b2c,k-means,warm,exec,queue,0.012223482131958008,2.384185791015625e-07,2.384185791015625e-07,1609701917.537043,1609701918.3457673,0.8087241649627686,1609701917.5655668,1609701917.576093,0.010526180267333984
c016d363fee840019a6d704aacde876b,k-means,warm,exec,queue,0.01694655418395996,2.384185791015625e-07,0.0,1609701917.5386548,1609701918.3130066,0.7743518352508545,1609701917.5712457,1609701917.5815172,0.010271549224853516
2c611554761744bd8a8b489a330ba20b,k-means,warm,exec,queue,0.02140951156616211,4.76837158203125e-07,2.384185791015625e-07,1609701917.5403063,1609701918.508762,0.9684555530548096,1609701917.582775,1609701917.5907998,0.00802469253540039
8c7968cc171a49fda8794f92db6b5624,k-means,warm,exec,queue,0.0034050941467285156,4.76837158203125e-07,0.0,1609701918.5292628,1609701918.777183,0.24792027473449707,1609701918.6020412,1609701918.6102147,0.008173465728759766
050d7894439f46cda6f4dd9896607d4e,k-means,warm,exec,queue,0.033672332763671875,2.384185791015625e-07,2.384185791015625e-07,1609701918.5342724,1609701919.3507462,0.8164737224578857,1609701918.6306536,1609701918.636996,0.006342411041259766
242311f4537c4b52a4b0457f8c2b1fb0,k-means,warm,exec,queue,0.03876042366027832,4.76837158203125e-07,7.152557373046875e-07,1609701918.5378423,1609701918.8743331,0.3364908695220947,1609701918.6362576,1609701918.6430295,0.00677180290222168
232a9e3f178648ab9ddb80c29251194f,k-means,warm,exec,queue,0.04394054412841797,2.384185791015625e-07,2.384185791015625e-07,1609701918.5413804,1609701919.5974455,1.0560650825500488,1609701918.6420622,1609701918.6479733,0.005911111831665039
bb5f5b3ce02943059b497023a5a1c626,k-means,warm,exec,queue,0.04920792579650879,2.384185791015625e-07,2.384185791015625e-07,1609701918.545111,1609701920.0595455,1.514434576034546,1609701918.646358,1609701918.6524758,0.006117820739746094
cd96706623ee454f84c124b1de9fd4e0,k-means,warm,exec,queue,0.05434250831604004,2.384185791015625e-07,4.76837158203125e-07,1609701918.5473986,1609701919.5208516,0.9734530448913574,1609701918.654219,1609701918.6605349,0.006315946578979492
ce2a58c4e5964be2a3012a9574e6abd0,k-means,warm,exec,queue,0.05970263481140137,2.384185791015625e-07,2.384185791015625e-07,1609701918.5497048,1609701920.0606558,1.510951042175293,1609701918.659301,1609701918.6653585,0.0060575008392333984
664f7c7fed864922ac8f9aa8b60173c7,k-means,warm,exec,queue,0.02881002426147461,2.384185791015625e-07,2.384185791015625e-07,1609701918.5519855,1609701920.0618742,1.5098886489868164,1609701918.6236894,1609701918.629865,0.006175518035888672
446cefa54a864d43a731201cf749dff5,k-means,warm,exec,queue,0.02317643165588379,4.76837158203125e-07,0.0,1609701918.554275,1609701918.8568685,0.302593469619751,1609701918.6186569,1609701918.625255,0.006598234176635742
5b7f54336d9c464d8cc73de3182f8846,k-means,warm,exec,queue,0.01822805404663086,2.384185791015625e-07,2.384185791015625e-07,1609701918.5567145,1609701919.3524644,0.7957499027252197,1609701918.6125474,1609701918.6204312,0.007883787155151367
5d45fc171510485e8f941a47a422abdb,k-means,warm,exec,queue,0.01126241683959961,4.76837158203125e-07,2.384185791015625e-07,1609701918.5589983,1609701918.774948,0.21594953536987305,1609701918.6025376,1609701918.6108153,0.008277654647827148
ba172dccf6e34d2598a3d667f0517f11,k-means,warm,exec,queue,0.01615285873413086,2.384185791015625e-07,0.0,1609701918.561292,1609701919.5179942,0.9567022323608398,1609701918.607528,1609701918.6159222,0.008394241333007812
58e17889c8e34e70890173d796f1ea74,k-means,warm,exec,queue,0.06482315063476562,4.76837158203125e-07,2.384185791015625e-07,1609701918.5635705,1609701919.5977628,1.0341923236846924,1609701918.6651728,1609701918.6723104,0.0071375370025634766
ade8e821dcae4c93a06ecb6b70235b04,k-means,warm,exec,queue,0.07029867172241211,2.384185791015625e-07,0.0,1609701918.5659895,1609701919.5213757,0.9553861618041992,1609701918.6704993,1609701918.6770806,0.006581306457519531
c9b119e5d16043e783cd1fcd91efb141,k-means,warm,exec,queue,0.0747838020324707,2.384185791015625e-07,2.384185791015625e-07,1609701918.5682678,1609701920.058551,1.4902832508087158,1609701918.6743908,1609701918.6795561,0.0051653385162353516
5245ecbc8fef49139a1c1c310de5f29b,k-means,warm,exec,queue,0.08010649681091309,2.384185791015625e-07,0.0,1609701918.5711617,1609701919.5966952,1.0255334377288818,1609701918.682013,1609701918.6898212,0.007808208465576172
a0e7298c573243fba4d4190b30bf63cb,k-means,warm,exec,queue,0.004844188690185547,4.76837158203125e-07,2.384185791015625e-07,1609701919.5288923,1609701919.9570534,0.4281611442565918,1609701919.6185606,1609701919.6271367,0.008576154708862305
8345dfedd4f84882acb0dc22955c03db,k-means,warm,exec,queue,0.04533243179321289,4.76837158203125e-07,2.384185791015625e-07,1609701919.5316591,1609701920.14932,0.6176607608795166,1609701919.6651902,1609701919.6717033,0.006513118743896484
0c1de79285c8400ab1be6cc1af1b0f6a,k-means,warm,exec,queue,0.04987454414367676,4.76837158203125e-07,2.384185791015625e-07,1609701919.5332806,1609701919.8749607,0.34168004989624023,1609701919.6686344,1609701919.6752548,0.0066204071044921875
808df91ea11f468288a71e06fdbf7877,k-means,warm,exec,queue,0.054659128189086914,2.384185791015625e-07,2.384185791015625e-07,1609701919.5348613,1609701920.2171052,0.682243824005127,1609701919.6712766,1609701919.6782975,0.0070209503173828125
6357ca8e66ae4343b6be5be15a0f2680,k-means,warm,exec,queue,0.016053199768066406,4.76837158203125e-07,2.384185791015625e-07,1609701919.5367715,1609701920.0574305,0.5206589698791504,1609701919.6242256,1609701919.631592,0.0073664188385009766
849cf98bfca64d6d80e8b6f302f9105e,k-means,warm,exec,queue,0.021120786666870117,7.152557373046875e-07,2.384185791015625e-07,1609701919.5383391,1609701919.8778248,0.33948564529418945,1609701919.6302073,1609701919.6373582,0.007150888442993164
89d194f9f41f4772826a089da99f7ac6,k-means,warm,exec,queue,0.027189254760742188,4.76837158203125e-07,2.384185791015625e-07,1609701919.5399373,1609701920.0042872,0.46434998512268066,1609701919.643278,1609701919.6497378,0.006459951400756836
98258da3752a4ca3b0e049c3086a453b,k-means,warm,exec,queue,0.03329610824584961,2.384185791015625e-07,0.0,1609701919.5415387,1609701920.0049498,0.4634110927581787,1609701919.6468327,1609701919.6538749,0.0070421695709228516
9a0d6fd8d0824e4f98eee8c07419647a,k-means,warm,exec,queue,0.03833937644958496,2.384185791015625e-07,2.384185791015625e-07,1609701919.5431216,1609701919.8783407,0.335219144821167,1609701919.6479406,1609701919.6537733,0.005832672119140625
5b8e2fdc4970454faf336a09c8a8a132,k-means,warm,exec,queue,0.04355645179748535,4.76837158203125e-07,2.384185791015625e-07,1609701919.5448234,1609701920.00554,0.46071648597717285,1609701919.6556332,1609701919.6623974,0.00676417350769043
e2db1dac485941c9bdc3f1c57b1820af,k-means,warm,exec,queue,0.01120901107788086,4.76837158203125e-07,2.384185791015625e-07,1609701919.546406,1609701920.0081017,0.46169567108154297,1609701919.6198347,1609701919.62786,0.008025407791137695
63a77ddb794640ef84ea5ffc56a8f44b,k-means,warm,exec,queue,0.006516456604003906,4.76837158203125e-07,2.384185791015625e-07,1609701919.5479925,1609701920.3266792,0.7786867618560791,1609701919.619471,1609701919.6266742,0.007203102111816406
230cc92b983648ac80675a32a67160c1,k-means,warm,exec,queue,0.059355735778808594,2.384185791015625e-07,2.384185791015625e-07,1609701919.5507033,1609701920.007709,0.45700573921203613,1609701919.6741152,1609701919.6805463,0.006431102752685547
3bea357b1b994426b079016d1caa00d9,k-means,warm,exec,queue,0.0647726058959961,2.384185791015625e-07,0.0,1609701919.5523098,1609701920.325601,0.7732913494110107,1609701919.6824143,1609701919.6899707,0.007556438446044922
d7ad41de0ae14e419f7291acb9dacfd9,k-means,warm,exec,queue,0.06941533088684082,2.384185791015625e-07,2.384185791015625e-07,1609701919.55388,1609701920.1331189,0.5792388916015625,1609701919.686618,1609701919.6923742,0.0057561397552490234
b67abc7515fb40e988a72bd20b4eb6ca,video,warm,exec,queue,0.016296863555908203,2.384185791015625e-07,2.384185791015625e-07,1609701919.5554664,1609701920.1349206,0.5794541835784912,1609701919.6438212,1609701919.660441,0.01661968231201172
7b6f1ea17f0f41b8a260dc75238f0c00,matmul,warm,exec,queue,0.021837949752807617,2.384185791015625e-07,2.384185791015625e-07,1609701919.5861838,1609701920.0002494,0.4140655994415283,1609701919.6474438,1609701919.6577542,0.01031041145324707
b6f16f32df9247119eb02aa86a68e71c,k-means,warm,exec,queue,0.004830837249755859,2.384185791015625e-07,2.384185791015625e-07,1609701920.5233648,1609701920.6429975,0.11963272094726562,1609701920.5612092,1609701920.5686405,0.0074312686920166016
68ad1c8df4a644fcb1946f4fa8e40d91,k-means,warm,exec,queue,0.04719948768615723,4.76837158203125e-07,2.384185791015625e-07,1609701920.527669,1609701920.9282637,0.40059471130371094,1609701920.61011,1609701920.6162934,0.0061833858489990234
31a1e4cf25fa415184b8e87813316de0,k-means,warm,exec,queue,0.04208707809448242,7.152557373046875e-07,2.384185791015625e-07,1609701920.5304408,1609701920.8437574,0.31331658363342285,1609701920.6030765,1609701920.6088705,0.005794048309326172
e5b0bd785fca40de932ee4fcb5826806,k-means,warm,exec,queue,0.03643321990966797,0.0,0.0,1609701920.5331836,1609701920.7554672,0.22228360176086426,1609701920.5978796,1609701920.6039264,0.006046772003173828
31ad40206ba44b7c9bfc994372240877,k-means,warm,exec,queue,0.008843183517456055,2.384185791015625e-07,2.384185791015625e-07,1609701920.53569,1609701920.6444774,0.10878729820251465,1609701920.5638332,1609701920.5713105,0.007477283477783203
5727d9da8cc3490d8a1ad1364730b02f,k-means,warm,exec,queue,0.014052867889404297,4.76837158203125e-07,0.0,1609701920.537853,1609701920.8108876,0.27303457260131836,1609701920.571086,1609701920.5783324,0.007246494293212891
339f9f3a2536420d94bc892834fdc1d2,k-means,warm,exec,queue,0.018510818481445312,4.76837158203125e-07,2.384185791015625e-07,1609701920.5393057,1609701920.926764,0.38745832443237305,1609701920.580685,1609701920.5881352,0.0074503421783447266
69ddf089620945fcbe2328c43f8e7304,k-means,warm,exec,queue,0.02387404441833496,4.76837158203125e-07,2.384185791015625e-07,1609701920.540885,1609701920.6682749,0.12738990783691406,1609701920.5813723,1609701920.587541,0.006168842315673828
c62d03232bd24982be1db92fff94f321,k-means,warm,exec,queue,0.028257131576538086,4.76837158203125e-07,2.384185791015625e-07,1609701920.5423338,1609701920.7105443,0.16821050643920898,1609701920.5859063,1609701920.591933,0.006026744842529297
756a19ac80fe4f22b26a6790aff908e8,k-means,warm,exec,queue,0.033655643463134766,2.384185791015625e-07,2.384185791015625e-07,1609701920.5438912,1609701920.7548494,0.21095824241638184,1609701920.594224,1609701920.6009254,0.006701469421386719
458f552d6128414f8534ccf81944d735,k-means,warm,exec,queue,5.6743621826171875e-05,2.384185791015625e-07,0.0,1609701921.5309339,1609701921.6925616,0.16162776947021484,1609701921.5800483,1609701921.5876474,0.0075991153717041016
0e11581a34eb4d7e9aaa9b6f99ccb1b0,k-means,warm,exec,queue,0.055078744888305664,2.384185791015625e-07,2.384185791015625e-07,1609701921.5339289,1609701921.8599424,0.32601356506347656,1609701921.636591,1609701921.6439774,0.007386445999145508
0eb33e573066452abc19bcad9fd10d78,k-means,warm,exec,queue,0.004901409149169922,2.384185791015625e-07,0.0,1609701921.535775,1609701921.6922276,0.15645265579223633,1609701921.5799685,1609701921.5874584,0.007489919662475586
66999e8d5ad74f10890e80f17f606fb4,k-means,warm,exec,queue,0.009719610214233398,2.384185791015625e-07,0.0,1609701921.5377095,1609701921.8595984,0.32188892364501953,1609701921.5830255,1609701921.590531,0.007505655288696289
7d3e0ec3710d44388cb54891c141d085,k-means,warm,exec,queue,0.015107393264770508,2.384185791015625e-07,0.0,1609701921.539861,1609701921.6900268,0.15016579627990723,1609701921.5883033,1609701921.5941443,0.00584101676940918
59954d74188c4f02a57e1546ebb2f815,k-means,warm,exec,queue,0.021775007247924805,2.384185791015625e-07,2.384185791015625e-07,1609701921.5417886,1609701921.6935663,0.1517777442932129,1609701921.6005776,1609701921.6077397,0.0071620941162109375
fc21271ae2f04142b23e572a4ac56027,k-means,warm,exec,queue,0.02718830108642578,2.384185791015625e-07,2.384185791015625e-07,1609701921.543685,1609701922.0290236,0.4853386878967285,1609701921.601662,1609701921.6071832,0.005521297454833984
d00ac166bbd6495f81193e47c29cc82a,k-means,warm,exec,queue,0.03204846382141113,4.76837158203125e-07,2.384185791015625e-07,1609701921.545417,1609701921.796945,0.2515280246734619,1609701921.6065037,1609701921.6125526,0.006048917770385742
d8bf10b04bac45308a9f8755229dca84,k-means,warm,exec,queue,0.03674745559692383,7.152557373046875e-07,2.384185791015625e-07,1609701921.5468414,1609701921.7972736,0.25043225288391113,1609701921.6142592,1609701921.6208007,0.00654149055480957
95acb8dda7b4433c8561f78ea84d43c5,k-means,warm,exec,queue,0.04139566421508789,4.76837158203125e-07,0.0,1609701921.5487714,1609701921.748487,0.19971561431884766,1609701921.622631,1609701921.6285763,0.0059452056884765625
b646c1b03dd34ee9ad3ac2516830249e,k-means,warm,exec,queue,0.04705977439880371,2.384185791015625e-07,2.384185791015625e-07,1609701921.5506501,1609701921.7914774,0.24082732200622559,1609701921.6234047,1609701921.6294727,0.006067991256713867
3eb552c60591480baf780ec73edf4a3b,k-means,warm,exec,queue,0.05178403854370117,2.384185791015625e-07,2.384185791015625e-07,1609701921.5520716,1609701922.0294657,0.47739410400390625,1609701921.6283445,1609701921.634103,0.005758523941040039
a857e5e381ef4851b8ea0a52dde8d391,k-means,warm,exec,queue,0.05974173545837402,2.384185791015625e-07,2.384185791015625e-07,1609701921.5535192,1609701922.0258727,0.472353458404541,1609701921.6398773,1609701921.64535,0.005472660064697266
c341d21538284b31910461b536334302,k-means,warm,exec,queue,0.06526899337768555,4.76837158203125e-07,2.384185791015625e-07,1609701921.555067,1609701921.7953448,0.24027776718139648,1609701921.644508,1609701921.6499062,0.005398273468017578
e1f41a61bb7d4b90bfaece5adb879710,k-means,warm,exec,queue,0.0705423355102539,2.384185791015625e-07,0.0,1609701921.5565152,1609701921.8576183,0.3011031150817871,1609701921.6524928,1609701921.6569004,0.004407644271850586
bf8037526e914c858b571ebb971490e8,video,warm,exec,queue,0.013256549835205078,2.384185791015625e-07,2.384185791015625e-07,1609701921.5579336,1609701921.7950265,0.2370929718017578,1609701921.5976593,1609701921.6134496,0.015790224075317383
8f3a62c2df244251ae20e5e366bc5811,video,warm,exec,queue,6.914138793945312e-05,4.76837158203125e-07,2.384185791015625e-07,1609701923.5089266,1609701923.603728,0.09480142593383789,1609701923.518957,1609701923.5356827,0.016725778579711914
a72e739a0e1049b0ae9b78c03b29e366,video,warm,exec,queue,0.004496574401855469,2.384185791015625e-07,2.384185791015625e-07,1609701925.5170946,1609701925.6215012,0.10440659523010254,1609701925.5382288,1609701925.5555139,0.01728510856628418
43added93ed647668732166568e1d08d,map_reduce,warm,exec,queue,0.01486349105834961,7.152557373046875e-07,2.384185791015625e-07,1609701925.5210924,1609701925.7028136,0.18172121047973633,1609701925.5493202,1609701925.6346138,0.08529353141784668
4e867df045cc4304b886c5b0e6aab303,matmul,warm,exec,queue,0.009778261184692383,4.76837158203125e-07,2.384185791015625e-07,1609701925.5236907,1609701925.6197374,0.09604668617248535,1609701925.5439057,1609701925.5542688,0.010363101959228516
0cb4f58ab714419b986457fe4501693d,k-means,warm,exec,queue,0.004189252853393555,7.152557373046875e-07,2.384185791015625e-07,1609701927.552278,1609701927.7631516,0.21087360382080078,1609701927.6188166,1609701927.6268654,0.008048772811889648
b8ad4db337f7432bb7a0c5ae3434b037,k-means,warm,exec,queue,0.004103422164916992,2.384185791015625e-07,2.384185791015625e-07,1609701927.556772,1609701927.7656767,0.20890474319458008,1609701927.6278708,1609701927.6361527,0.008281946182250977
878f6bb3b86a448890609585501ef16a,k-means,warm,exec,queue,0.05795741081237793,2.384185791015625e-07,2.384185791015625e-07,1609701927.5593266,1609701928.2449958,0.6856691837310791,1609701927.679378,1609701927.6855621,0.006184101104736328
fade43e929944c98a382504e3f16e6f2,k-means,warm,exec,queue,0.05322408676147461,2.384185791015625e-07,0.0,1609701927.5621994,1609701927.9737713,0.4115719795227051,1609701927.67406,1609701927.681642,0.007581949234008789
14fcd974b7824dd5bffee3262b9a1aba,k-means,warm,exec,queue,0.047658681869506836,2.384185791015625e-07,2.384185791015625e-07,1609701927.5647197,1609701927.8964164,0.3316967487335205,1609701927.6677463,1609701927.6734042,0.00565791130065918
d113d8d386b84aa583d3155c5ba7f3c9,k-means,warm,exec,queue,0.0425567626953125,2.384185791015625e-07,2.384185791015625e-07,1609701927.5662239,1609701927.940986,0.37476205825805664,1609701927.6620846,1609701927.6678553,0.005770683288574219
360401f5185f4a1ba47ceceb72fa7869,k-means,warm,exec,queue,0.03692507743835449,2.384185791015625e-07,2.384185791015625e-07,1609701927.567735,1609701927.8326318,0.26489686965942383,1609701927.6550229,1609701927.6624873,0.007464408874511719
9893e1167b274df4a3bb76fb056bc7a5,k-means,warm,exec,queue,0.012746572494506836,2.384185791015625e-07,2.384185791015625e-07,1609701927.569271,1609701927.7653282,0.19605708122253418,1609701927.6278868,1609701927.6360936,0.008206844329833984
9625f79cc43e4749a45cece5763000c0,k-means,warm,exec,queue,0.017373085021972656,2.384185791015625e-07,0.0,1609701927.570896,1609701927.8904824,0.31958651542663574,1609701927.636107,1609701927.6441333,0.008026361465454102
819a141853444e9980ac9c7fa44277fb,k-means,warm,exec,queue,0.022551536560058594,7.152557373046875e-07,2.384185791015625e-07,1609701927.5724268,1609701928.2422366,0.6698098182678223,1609701927.639764,1609701927.6475067,0.007742643356323242
91ec271b88184d308cca36267d091fef,k-means,warm,exec,queue,0.02733778953552246,4.76837158203125e-07,2.384185791015625e-07,1609701927.5739334,1609701927.8938935,0.3199601173400879,1609701927.6460478,1609701927.6517096,0.005661725997924805
89d76845bb294d23bde09713f4a148c9,k-means,warm,exec,queue,0.06281161308288574,4.76837158203125e-07,0.0,1609701927.575423,1609701927.9343076,0.3588845729827881,1609701927.6832268,1609701927.6891217,0.005894899368286133
457a5a3bedfc449fb559f3816d5556cc,k-means,warm,exec,queue,0.032761335372924805,2.384185791015625e-07,2.384185791015625e-07,1609701927.577039,1609701927.8969636,0.31992459297180176,1609701927.6503432,1609701927.6567333,0.006390094757080078
327d522e117948e3a9e5d9da3e47fd19,k-means,warm,exec,queue,0.06692886352539062,2.384185791015625e-07,0.0,1609701927.578532,1609701927.8308809,0.2523488998413086,1609701927.6880715,1609701927.6940136,0.005942106246948242
7ca8ba88ab244587aed8fbd1a0638cef,k-means,warm,exec,queue,0.07197785377502441,2.384185791015625e-07,0.0,1609701927.580021,1609701927.9383013,0.3582804203033447,1609701927.6945083,1609701927.7005534,0.006045103073120117
030bfa1f5bb04fafa187290fceb113d6,k-means,warm,exec,queue,0.07712221145629883,2.384185791015625e-07,0.0,1609701927.5815382,1609701927.9763944,0.39485621452331543,1609701927.700373,1609701927.707055,0.006682157516479492
fbe99c797d0042e2bb0bc899bd82804d,k-means,warm,exec,queue,0.08269548416137695,2.384185791015625e-07,0.0,1609701927.5831313,1609701928.2455723,0.6624410152435303,1609701927.7065027,1609701927.7143302,0.007827520370483398
9b06d8e9290741b0a71b63f762c2242d,k-means,warm,exec,queue,0.0883030891418457,2.384185791015625e-07,0.0,1609701927.5846298,1609701928.2471423,0.6625125408172607,1609701927.7125123,1609701927.7195213,0.007009029388427734
6cc60719c0854d9f99ab9df769a5f01d,k-means,warm,exec,queue,0.09310173988342285,2.384185791015625e-07,0.0,1609701927.5861094,1609701927.893321,0.30721163749694824,1609701927.7165139,1609701927.722242,0.005728244781494141
ed4fb6efb4fd4dc0bb9555e4aa7ccead,k-means,warm,exec,queue,0.09819722175598145,2.384185791015625e-07,2.384185791015625e-07,1609701927.587675,1609701927.9769409,0.389265775680542,1609701927.7222037,1609701927.7279863,0.005782604217529297
45727d4792d1483f910f819c5e3a2e49,k-means,warm,exec,queue,0.1028437614440918,0.0,2.384185791015625e-07,1609701927.5891688,1609701927.9784203,0.3892514705657959,1609701927.7281952,1609701927.7325616,0.004366397857666016
a7fd5e6487ad4b4288356f38bddfa00e,k-means,warm,exec,queue,0.10844063758850098,2.384185791015625e-07,2.384185791015625e-07,1609701927.591705,1609701927.9394155,0.34771037101745605,1609701927.733962,1609701927.7397466,0.005784511566162109
9957f717960e4f2da009e9c2e1d97c10,k-means,warm,exec,queue,0.11339807510375977,2.384185791015625e-07,2.384185791015625e-07,1609701927.5932047,1609701927.934852,0.3416471481323242,1609701927.738013,1609701927.7421143,0.004101276397705078
7d99e3b48b2a484dba8cf9d5fa7f9d99,k-means,warm,exec,queue,0.11901021003723145,4.76837158203125e-07,2.384185791015625e-07,1609701927.5953114,1609701927.9314966,0.3361852169036865,1609701927.7467456,1609701927.754094,0.007348299026489258
797d4621a27b4036894ac67780963fdc,k-means,warm,exec,queue,0.12369680404663086,2.384185791015625e-07,0.0,1609701927.5967958,1609701927.9388773,0.34208154678344727,1609701927.7494488,1609701927.753585,0.004136323928833008
41f6d0d2495849bbb9a1123243785aaa,video,warm,exec,queue,0.008059501647949219,2.384185791015625e-07,2.384185791015625e-07,1609701927.5982666,1609701928.070518,0.47225141525268555,1609701927.6359293,1609701927.6523914,0.016462087631225586
dcbfe6ef4c9b48699877a04bbba1083b,k-means,warm,exec,queue,0.004952192306518555,4.76837158203125e-07,2.384185791015625e-07,1609701928.533449,1609701928.6461825,0.11273360252380371,1609701928.5728228,1609701928.57989,0.007067203521728516
96a9801addbc4ecb86783455f1d72de1,k-means,warm,exec,queue,0.0514373779296875,4.76837158203125e-07,0.0,1609701928.5375535,1609701928.7137537,0.17620015144348145,1609701928.6253767,1609701928.632721,0.007344245910644531
452313509b964d80b16ea56ae1fd6b34,k-means,warm,exec,queue,0.04598689079284668,2.384185791015625e-07,2.384185791015625e-07,1609701928.5400453,1609701928.896428,0.3563828468322754,1609701928.6175895,1609701928.6222286,0.004639148712158203
e22cabe0c40f45be8f81e97644faa08d,k-means,warm,exec,queue,0.041216135025024414,4.76837158203125e-07,0.0,1609701928.5426705,1609701928.7476923,0.20502185821533203,1609701928.613143,1609701928.619551,0.006407976150512695
84ce20fe2692430484ff362d046b57d8,k-means,warm,exec,queue,0.03662467002868652,2.384185791015625e-07,2.384185791015625e-07,1609701928.5452762,1609701928.8980167,0.3527405261993408,1609701928.6073515,1609701928.6122258,0.004874229431152344
0784bd012d0f4bafa4b1061a7c959b0b,k-means,warm,exec,queue,0.008656501770019531,2.384185791015625e-07,2.384185791015625e-07,1609701928.5467129,1609701928.7119498,0.1652369499206543,1609701928.5747573,1609701928.58289,0.008132696151733398
e85f1cf34fd14090b5d1c0cd04c567bd,k-means,warm,exec,queue,0.013306617736816406,0.0,2.384185791015625e-07,1609701928.5481381,1609701928.6444807,0.09634256362915039,1609701928.5793636,1609701928.587721,0.008357524871826172
e631e1972f074dbe903f33a873b721be,k-means,warm,exec,queue,0.018522977828979492,4.76837158203125e-07,2.384185791015625e-07,1609701928.549586,1609701928.7700555,0.22046947479248047,1609701928.5909166,1609701928.5987425,0.007825851440429688
7e6ebbe41980439aa41a60fd0dc4d380,k-means,warm,exec,queue,0.02438831329345703,4.76837158203125e-07,4.76837158203125e-07,1609701928.5510178,1609701928.8554173,0.3043994903564453,1609701928.5912464,1609701928.5961552,0.00490880012512207
5a03b5910ca142f1b90f67d5e4111c93,k-means,warm,exec,queue,0.02929210662841797,2.384185791015625e-07,2.384185791015625e-07,1609701928.5525618,1609701928.6694844,0.11692261695861816,1609701928.5963686,1609701928.6013813,0.0050127506256103516
442427903f134acd8d534a4e16e2db52,k-means,warm,exec,queue,0.03412342071533203,2.384185791015625e-07,2.384185791015625e-07,1609701928.5539908,1609701928.8574572,0.3034663200378418,1609701928.6018124,1609701928.6069038,0.005091428756713867
8e33a0ffb58d4c6da5bb02439900abb7,k-means,warm,exec,queue,0.0037016868591308594,4.76837158203125e-07,2.384185791015625e-07,1609701929.5381713,1609701929.6637533,0.12558197975158691,1609701929.5877783,1609701929.5960925,0.008314132690429688
f84c655cff814c6d8ee2ca0e426af315,k-means,warm,exec,queue,0.010210275650024414,2.384185791015625e-07,2.384185791015625e-07,1609701929.5425162,1609701929.6650267,0.12251043319702148,1609701929.587481,1609701929.595803,0.008322000503540039
fa92948ddf9d4675b92890f64e4e0d0a,k-means,warm,exec,queue,0.05669736862182617,2.384185791015625e-07,2.384185791015625e-07,1609701929.5451527,1609701929.774365,0.22921228408813477,1609701929.6407979,1609701929.6454825,0.0046846866607666016
7a47b6b3002f423bb03d246b8385b8b5,k-means,warm,exec,queue,0.05061149597167969,2.384185791015625e-07,0.0,1609701929.5477657,1609701929.7512245,0.2034587860107422,1609701929.6337962,1609701929.6396651,0.0058689117431640625
9fa8ce563bca4809b9c3c720476df0c4,k-means,warm,exec,queue,0.04515385627746582,2.384185791015625e-07,0.0,1609701929.5497298,1609701929.7724748,0.22274494171142578,1609701929.628109,1609701929.633719,0.005609989166259766
708ba3d3053c42afa56111d5453a6b1b,k-means,warm,exec,queue,0.03940892219543457,2.384185791015625e-07,2.384185791015625e-07,1609701929.551327,1609701929.9121096,0.3607826232910156,1609701929.624063,1609701929.6314788,0.007415771484375
d1d97c043d2b4362b34b6b58c4629a89,k-means,warm,exec,queue,0.03456306457519531,2.384185791015625e-07,2.384185791015625e-07,1609701929.5529318,1609701929.7758684,0.22293663024902344,1609701929.6162212,1609701929.6213949,0.005173683166503906
c988088a3b5e487d9e21463d4788f8d5,k-means,warm,exec,queue,0.02918553352355957,2.384185791015625e-07,2.384185791015625e-07,1609701929.5545316,1609701929.6974216,0.14288997650146484,1609701929.6119163,1609701929.6186106,0.006694316864013672
676dbd1a68a94db59cbced7aa9f23df2,k-means,warm,exec,queue,0.024330854415893555,2.384185791015625e-07,2.384185791015625e-07,1609701929.5561383,1609701929.8182771,0.26213884353637695,1609701929.6094346,1609701929.6160948,0.0066602230072021484
49b0153614d04fb0ab84deb6043d4388,k-means,warm,exec,queue,0.014476537704467773,2.384185791015625e-07,0.0,1609701929.5578933,1609701929.748342,0.19044876098632812,1609701929.592525,1609701929.6004574,0.007932424545288086
7e47b190ea124f5eac8a7274551b3977,k-means,warm,exec,queue,0.019797801971435547,2.384185791015625e-07,2.384185791015625e-07,1609701929.559452,1609701929.6990614,0.13960933685302734,1609701929.5988579,1609701929.606582,0.00772404670715332
c74fb66a4bf6405f92c2ab2b490ee4ab,k-means,warm,exec,queue,0.06231284141540527,4.76837158203125e-07,2.384185791015625e-07,1609701929.5610337,1609701929.7517757,0.19074201583862305,1609701929.6464849,1609701929.6523018,0.005816936492919922
9de5faf261af404d88b18e3980ed20b4,k-means,warm,exec,queue,0.06678462028503418,2.384185791015625e-07,2.384185791015625e-07,1609701929.5626004,1609701929.9114685,0.34886813163757324,1609701929.651291,1609701929.6556978,0.004406929016113281
4594421f4b4b447f9760d1bac6ace0b3,video,warm,exec,queue,0.017269611358642578,2.384185791015625e-07,2.384185791015625e-07,1609701929.5643125,1609701929.816322,0.25200963020324707,1609701929.6107237,1609701929.6269875,0.016263723373413086
aad98b638f1d40fcba0c1271fc1ac3b2,k-means,warm,exec,queue,8.130073547363281e-05,4.76837158203125e-07,0.0,1609701930.5376992,1609701930.6780396,0.14034032821655273,1609701930.591732,1609701930.6004348,0.008702754974365234
447c278193d643a1960d69bd99d428cb,k-means,warm,exec,queue,0.009036064147949219,4.76837158203125e-07,2.384185791015625e-07,1609701930.542389,1609701930.676217,0.13382816314697266,1609701930.5920494,1609701930.6004574,0.008408069610595703
9debe47cd67a42cb963f685013744441,k-means,warm,exec,queue,0.013934612274169922,2.384185791015625e-07,2.384185791015625e-07,1609701930.545272,1609701930.7423446,0.19707250595092773,1609701930.5960367,1609701930.6045651,0.008528470993041992
d39aa35f97854d9fbca3434b429b3765,k-means,warm,exec,queue,0.019347190856933594,7.152557373046875e-07,0.0,1609701930.5480957,1609701930.7004318,0.15233612060546875,1609701930.603023,1609701930.6124027,0.00937962532043457
b66bbc9c16a44da0bdb87b6e3d34881f,k-means,warm,exec,queue,0.02374553680419922,2.384185791015625e-07,7.152557373046875e-07,1609701930.55029,1609701930.7020664,0.15177631378173828,1609701930.6146562,1609701930.6223714,0.0077152252197265625
c75832d8370f41cb95ddeefc7496ecff,k-means,warm,exec,queue,0.02835226058959961,4.76837158203125e-07,2.384185791015625e-07,1609701930.552012,1609701930.8456426,0.29363059997558594,1609701930.615831,1609701930.621981,0.006150007247924805
8284ae53d0f34cf7b178a106795c40cb,k-means,warm,exec,queue,0.03285717964172363,2.384185791015625e-07,2.384185791015625e-07,1609701930.5537717,1609701930.7829921,0.22922039031982422,1609701930.6184475,1609701930.625843,0.007395505905151367
47678fa11a6048a4b91bb06a061392d5,k-means,warm,exec,queue,0.03773164749145508,2.384185791015625e-07,2.384185791015625e-07,1609701930.5555036,1609701930.8007185,0.24521493911743164,1609701930.6222796,1609701930.6291878,0.0069081783294677734
42097b58d9364fe287f73917268bd7ed,k-means,warm,exec,queue,0.0420689582824707,4.76837158203125e-07,0.0,1609701930.55726,1609701930.778838,0.22157788276672363,1609701930.632448,1609701930.6405058,0.008057832717895508
09eb827c6b2f49f296118a1fc74fb1da,k-means,warm,exec,queue,0.04699420928955078,0.0,0.0,1609701930.5591142,1609701930.842608,0.2834937572479248,1609701930.6348035,1609701930.6410632,0.0062596797943115234
f8a82f92cf834b5cb05e408413f8eddc,k-means,warm,exec,queue,0.05161428451538086,2.384185791015625e-07,0.0,1609701930.560819,1609701930.7835932,0.22277426719665527,1609701930.638054,1609701930.6429856,0.00493168830871582
ae1504cf0758403ebf363c53c95aa6b0,k-means,warm,exec,queue,0.0568845272064209,2.384185791015625e-07,0.0,1609701930.5625207,1609701930.8462517,0.28373098373413086,1609701930.6447392,1609701930.6509686,0.006229400634765625
23935ec1dd634185a6d38b00edb16879,k-means,warm,exec,queue,0.06144428253173828,2.384185791015625e-07,0.0,1609701930.5642383,1609701930.7841425,0.21990418434143066,1609701930.6492589,1609701930.654036,0.004777193069458008
3f44b88c499840f79a60f2d7684d8da6,matmul,warm,exec,queue,0.020533323287963867,2.384185791015625e-07,0.0,1609701930.5663347,1609701930.7439444,0.17760968208312988,1609701930.6167464,1609701930.62741,0.010663509368896484
b86ae50178a34b13b1fa4182e893efb7,k-means,warm,exec,queue,7.152557373046875e-05,4.76837158203125e-07,2.384185791015625e-07,1609701931.5347536,1609701931.6695247,0.13477110862731934,1609701931.570003,1609701931.577235,0.007231950759887695
0d8d9e26440a45bbab47c0a070249303,video,warm,exec,queue,0.01841425895690918,2.384185791015625e-07,2.384185791015625e-07,1609701931.538883,1609701931.8960257,0.35714268684387207,1609701931.5890656,1609701931.6062968,0.017231225967407227
bad205d135394e0a8e468a96346932ac,k-means,warm,exec,queue,0.0038602352142333984,2.384185791015625e-07,2.384185791015625e-07,1609701931.5417616,1609701931.6714072,0.12964558601379395,1609701931.570994,1609701931.5791068,0.008112907409667969
58ae1a090c9847fb833670932d28f6e9,k-means,warm,exec,queue,0.00855112075805664,2.384185791015625e-07,2.384185791015625e-07,1609701931.5445607,1609701931.777346,0.23278522491455078,1609701931.576019,1609701931.5841136,0.008094549179077148
579601d5295e4361ad3ef088a44202d6,k-means,warm,exec,queue,0.013110637664794922,4.76837158203125e-07,2.384185791015625e-07,1609701931.5462372,1609701931.9196837,0.3734464645385742,1609701931.581393,1609701931.5904372,0.009044170379638672
4509c1de03144673ba1ea34bb34c8aff,k-means,warm,exec,queue,0.017853498458862305,2.384185791015625e-07,0.0,1609701931.548101,1609701931.723645,0.17554402351379395,1609701931.587403,1609701931.5926113,0.005208253860473633
44db6629363045bda083ca9a987c9cb0,k-means,warm,exec,queue,0.022748708724975586,2.384185791015625e-07,2.384185791015625e-07,1609701931.5498097,1609701931.9215329,0.3717231750488281,1609701931.5907793,1609701931.5969486,0.006169319152832031
0d1e90420e7747d39ac42e74318f1d06,k-means,warm,exec,queue,0.028344154357910156,2.384185791015625e-07,2.384185791015625e-07,1609701931.5515,1609701931.7939425,0.24244236946105957,1609701931.5982249,1609701931.6035342,0.005309343338012695
b05667d78ee84429b1f712a17fb743f5,k-means,warm,exec,queue,0.033963680267333984,2.384185791015625e-07,0.0,1609701931.5532176,1609701931.9531636,0.3999459743499756,1609701931.6028774,1609701931.6074016,0.00452423095703125
4ff2e1c45a0b4e67958002dc7bb60bf2,k-means,warm,exec,queue,0.0008690357208251953,4.76837158203125e-07,2.384185791015625e-07,1609701932.5427616,1609701932.6748867,0.1321251392364502,1609701932.5907993,1609701932.599147,0.008347749710083008
e46ece2845b64473a35983daf26faab0,k-means,warm,exec,queue,0.020381927490234375,4.76837158203125e-07,2.384185791015625e-07,1609701932.546976,1609701932.8695548,0.32257866859436035,1609701932.6168609,1609701932.6231277,0.00626683235168457
fc9cd663614d411c904dbd98de2b8512,k-means,warm,exec,queue,0.02664351463317871,2.384185791015625e-07,7.152557373046875e-07,1609701932.549815,1609701932.7883687,0.23855376243591309,1609701932.6200879,1609701932.6268165,0.006728649139404297
caf1d747358940348bd5ae00a19cafcd,k-means,warm,exec,queue,0.032698631286621094,2.384185791015625e-07,0.0,1609701932.552634,1609701932.7384903,0.18585634231567383,1609701932.6204698,1609701932.6259096,0.00543975830078125
0d744e6b73a941008456c217ee913c3a,k-means,warm,exec,queue,0.03744339942932129,2.384185791015625e-07,0.0,1609701932.5557175,1609701932.7628422,0.2071247100830078,1609701932.6261995,1609701932.633748,0.00754857063293457
375b1d4898f44f41abf3233a52a07895,k-means,warm,exec,queue,0.04235553741455078,4.76837158203125e-07,2.384185791015625e-07,1609701932.5578074,1609701932.7920842,0.23427677154541016,1609701932.6332715,1609701932.6396356,0.006364107131958008
c3c1f9e174c04a798965166dfbfc1dbb,k-means,warm,exec,queue,0.04758119583129883,2.384185791015625e-07,2.384185791015625e-07,1609701932.5595033,1609701932.9136786,0.354175329208374,1609701932.6366596,1609701932.6422832,0.005623579025268555
6d64bc7e0e4041a9a5cf2eafdadae328,k-means,warm,exec,queue,0.05220675468444824,2.384185791015625e-07,0.0,1609701932.5612073,1609701932.7403822,0.17917490005493164,1609701932.641921,1609701932.648061,0.006139993667602539
2ae6c9acff004f418853b15641fd619b,k-means,warm,exec,queue,0.0030813217163085938,4.76837158203125e-07,4.76837158203125e-07,1609701932.5629,1609701932.671301,0.10840082168579102,1609701932.59156,1609701932.5999157,0.008355855941772461
428dfc00d2e24988aec4483e867e615c,k-means,warm,exec,queue,0.0073544979095458984,2.384185791015625e-07,2.384185791015625e-07,1609701932.5647323,1609701932.6742983,0.10956597328186035,1609701932.5921052,1609701932.6006875,0.008582353591918945
93b17c07049c4ba29e3ac5ea56c707af,k-means,warm,exec,queue,0.01244807243347168,2.384185791015625e-07,0.0,1609701932.5664418,1609701932.8673499,0.30090808868408203,1609701932.597,1609701932.605564,0.008564233779907227
5a5a0ae55a354f17a166edf2854bce7b,k-means,warm,exec,queue,0.017796754837036133,4.76837158203125e-07,2.384185791015625e-07,1609701932.568163,1609701932.7914884,0.22332549095153809,1609701932.6026778,1609701932.609798,0.0071201324462890625
3a7d126af0af49ef8d173315f7d87ba4,k-means,warm,exec,queue,7.271766662597656e-05,4.76837158203125e-07,2.384185791015625e-07,1609701933.5393236,1609701933.8632731,0.32394957542419434,1609701933.583232,1609701933.5920682,0.00883626937866211
ea7553345ae24b01835d80ff04f3af15,video,warm,exec,queue,0.025579214096069336,2.384185791015625e-07,0.0,1609701933.5435207,1609701933.8616095,0.3180887699127197,1609701933.6068873,1609701933.6245089,0.017621517181396484
743da6eb6ce946adaf93c23daafb420f,k-means,warm,exec,queue,0.0054607391357421875,2.384185791015625e-07,0.0,1609701933.5463295,1609701933.6732728,0.12694334983825684,1609701933.5833955,1609701933.5921478,0.00875234603881836
fb6b3d6f2e4c41dea94b1f07444162e2,k-means,warm,exec,queue,0.010475635528564453,7.152557373046875e-07,2.384185791015625e-07,1609701933.5491376,1609701933.6750402,0.12590265274047852,1609701933.5886555,1609701933.5966394,0.007983922958374023
c18b69554fd24b4ba8208dc558ef3fd9,k-means,warm,exec,queue,0.014796972274780273,2.384185791015625e-07,2.384185791015625e-07,1609701933.5521955,1609701933.8576264,0.30543088912963867,1609701933.5937424,1609701933.6025374,0.008795022964477539
0719b654a0224cbbbb76593ecf607249,k-means,warm,exec,queue,0.01921558380126953,2.384185791015625e-07,2.384185791015625e-07,1609701933.5540745,1609701933.7405655,0.1864910125732422,1609701933.6055775,1609701933.6142483,0.008670806884765625
4687e17794784d78abe874b72072c866,k-means,warm,exec,queue,0.02460026741027832,2.384185791015625e-07,0.0,1609701933.5557637,1609701933.7422667,0.18650293350219727,1609701933.605525,1609701933.6128287,0.007303714752197266
f284f746fc4b403194684bfa9fb1ef6c,k-means,warm,exec,queue,0.028836727142333984,4.76837158203125e-07,2.384185791015625e-07,1609701933.557471,1609701933.7083552,0.15088415145874023,1609701933.6089137,1609701933.6145868,0.00567317008972168
13110f2d8c21408ba95390810624170d,k-means,warm,exec,queue,0.03436398506164551,0.0,0.0,1609701933.5591753,1609701933.9185927,0.3594174385070801,1609701933.6154873,1609701933.6229277,0.007440328598022461
4756442a2a03459fa66ab0fc37e45b77,k-means,warm,exec,queue,0.03994011878967285,2.384185791015625e-07,2.384185791015625e-07,1609701933.561003,1609701933.706614,0.14561104774475098,1609701933.6219082,1609701933.6272056,0.005297422409057617
2fefa4e399f84f24a93ec594632dfb0b,k-means,warm,exec,queue,0.0446774959564209,2.384185791015625e-07,2.384185791015625e-07,1609701933.5627284,1609701933.8610172,0.29828882217407227,1609701933.6264474,1609701933.6341012,0.007653713226318359
78636dcaaf3d418893951b1c3b76bbd8,k-means,warm,exec,queue,0.0010578632354736328,7.152557373046875e-07,2.384185791015625e-07,1609701934.5474195,1609701934.7037954,0.15637588500976562,1609701934.6020489,1609701934.6104472,0.008398294448852539
fdea7fe0592d41439cdf2450136bdbb1,k-means,warm,exec,queue,0.04938530921936035,2.384185791015625e-07,0.0,1609701934.551712,1609701935.2017477,0.6500356197357178,1609701934.6497433,1609701934.6560686,0.006325244903564453
4cd70db0b201442e84f755936b8acb05,k-means,warm,exec,queue,0.05477094650268555,4.76837158203125e-07,2.384185791015625e-07,1609701934.5545113,1609701935.205083,0.6505715847015381,1609701934.6557467,1609701934.6605504,0.004803657531738281
83be89c8ad8b4f5f8376875606f743ad,k-means,warm,exec,queue,0.060198068618774414,2.384185791015625e-07,2.384185791015625e-07,1609701934.5570576,1609701935.2045364,0.6474788188934326,1609701934.66316,1609701934.669679,0.006518840789794922
e6935d28123042b38ae019e4779d2232,k-means,warm,exec,queue,0.06507730484008789,2.384185791015625e-07,2.384185791015625e-07,1609701934.5588872,1609701935.0382683,0.47938108444213867,1609701934.6659238,1609701934.672011,0.006087064743041992
8df1b9d0488448109c008b4616dd1707,k-means,warm,exec,queue,0.0706334114074707,4.76837158203125e-07,2.384185791015625e-07,1609701934.5605576,1609701934.9101522,0.3495945930480957,1609701934.672396,1609701934.6792793,0.006883382797241211
e617a0e6ddab48199728cdc69ce13419,k-means,warm,exec,queue,0.07590651512145996,2.384185791015625e-07,0.0,1609701934.562213,1609701935.0361383,0.4739253520965576,1609701934.677619,1609701934.6838367,0.0062177181243896484
2d65cce95886427897963db32b4166d6,k-means,warm,exec,queue,0.0050961971282958984,2.384185791015625e-07,2.384185791015625e-07,1609701934.563875,1609701934.7032194,0.1393444538116455,1609701934.602516,1609701934.6113017,0.008785724639892578
1983844640f64fe89ff3a986ea197a96,k-means,warm,exec,queue,0.009476184844970703,2.384185791015625e-07,2.384185791015625e-07,1609701934.5655732,1609701934.733615,0.16804170608520508,1609701934.6041462,1609701934.6126273,0.008481025695800781
e1f4f78b294d495ab907f324195f8143,k-means,warm,exec,queue,0.014737367630004883,2.384185791015625e-07,2.384185791015625e-07,1609701934.567361,1609701934.7004776,0.1331164836883545,1609701934.610129,1609701934.6187072,0.008578062057495117
f090e994f1c34c1faa504a7a134ef4f4,k-means,warm,exec,queue,0.020025253295898438,2.384185791015625e-07,2.384185791015625e-07,1609701934.5690494,1609701934.7353265,0.16627717018127441,1609701934.6204953,1609701934.627466,0.006970643997192383
00021ec6e9074775a0f80578857d8182,k-means,warm,exec,queue,0.025488615036010742,0.0,2.384185791015625e-07,1609701934.570726,1609701934.8433766,0.27265071868896484,1609701934.6214051,1609701934.6279032,0.006498098373413086
6b8c70e656a446fc81bb466a0eaa011e,k-means,warm,exec,queue,0.030421733856201172,4.76837158203125e-07,2.384185791015625e-07,1609701934.572403,1609701934.8014617,0.22905874252319336,1609701934.6268215,1609701934.63336,0.00653839111328125
259842a5d85c4055b132b5aa1425d967,k-means,warm,exec,queue,0.035338401794433594,4.76837158203125e-07,2.384185791015625e-07,1609701934.5744314,1609701934.8049197,0.23048830032348633,1609701934.6343882,1609701934.642653,0.008264780044555664
b4383697107e4fefa6f4d15c1035a755,k-means,warm,exec,queue,0.0401310920715332,4.76837158203125e-07,2.384185791015625e-07,1609701934.576112,1609701934.8044243,0.22831225395202637,1609701934.6389177,1609701934.6469595,0.008041858673095703
304609f7c16944cdab1b56c2124ca1c8,k-means,warm,exec,queue,0.04575490951538086,2.384185791015625e-07,2.384185791015625e-07,1609701934.5778112,1609701934.8417213,0.26391005516052246,1609701934.643175,1609701934.6484048,0.005229949951171875
e3e68ede82294210a680570127c1f39b,k-means,warm,exec,queue,0.006830453872680664,4.76837158203125e-07,2.384185791015625e-07,1609701935.5435212,1609701935.652934,0.10941290855407715,1609701935.5882542,1609701935.5965648,0.008310556411743164
65a20925540e444e95c735e99dcbc818,matmul,warm,exec,queue,0.024132966995239258,4.76837158203125e-07,2.384185791015625e-07,1609701935.5476573,1609701935.7132485,0.16559123992919922,1609701935.6255102,1609701935.6343598,0.008849620819091797
b102922ac4d84e6982145e2c2ab57734,k-means,warm,exec,queue,0.04053997993469238,2.384185791015625e-07,2.384185791015625e-07,1609701935.550509,1609701935.8763924,0.3258833885192871,1609701935.628314,1609701935.6353064,0.006992340087890625
b9e3d8f8d7f04090b61d6d338050557f,k-means,warm,exec,queue,0.046083688735961914,4.76837158203125e-07,2.384185791015625e-07,1609701935.5533197,1609701935.9312966,0.3779768943786621,1609701935.6422684,1609701935.649551,0.0072824954986572266
50d25ac8b81e48fdab54227b72c22a5c,k-means,warm,exec,queue,0.009806632995605469,2.384185791015625e-07,2.384185791015625e-07,1609701935.5563993,1609701935.8135598,0.2571604251861572,1609701935.5915632,1609701935.6010678,0.009504556655883789
4254942be92740778915c31deb1803fb,k-means,warm,exec,queue,0.014443635940551758,2.384185791015625e-07,0.0,1609701935.5581198,1609701935.753424,0.19530415534973145,1609701935.597326,1609701935.6066086,0.009282588958740234
33e03f01a0074fc38904ee0fb8309860,k-means,warm,exec,queue,0.019827842712402344,2.384185791015625e-07,2.384185791015625e-07,1609701935.5597785,1609701935.6777582,0.11797976493835449,1609701935.6080296,1609701935.6164064,0.008376836776733398
6e862ae9e8954cfc98c8160aad5fe57d,k-means,warm,exec,queue,0.0244138240814209,2.384185791015625e-07,0.0,1609701935.561444,1609701935.7116985,0.150254487991333,1609701935.6225953,1609701935.6296246,0.007029294967651367
5156a66e0d8e49b28d4ba4a3e86330eb,k-means,warm,exec,queue,0.03220796585083008,4.76837158203125e-07,4.76837158203125e-07,1609701935.563116,1609701935.845631,0.2825148105621338,1609701935.6249528,1609701935.6335144,0.00856161117553711
a6b6e4c9a009460fa29ac516d54e4afd,k-means,warm,exec,queue,0.03911709785461426,2.384185791015625e-07,2.384185791015625e-07,1609701935.5649095,1609701935.8743007,0.3093912601470947,1609701935.6260824,1609701935.6342294,0.008147001266479492
98e9ab3f63b04bee992fc6b6dbaa1126,video,warm,exec,queue,0.020083189010620117,4.76837158203125e-07,2.384185791015625e-07,1609701935.566578,1609701935.8475456,0.28096771240234375,1609701935.616448,1609701935.633319,0.016870975494384766
214c9774de9f40328f4460539724baa1,map_reduce,warm,exec,queue,0.039992570877075195,2.384185791015625e-07,2.384185791015625e-07,1609701935.568271,1609701935.8117435,0.24347257614135742,1609701935.626164,1609701935.7115347,0.08537077903747559
697b20b539764c2bb24d6110e24e0d72,k-means,warm,exec,queue,0.007646322250366211,4.76837158203125e-07,2.384185791015625e-07,1609701936.5540597,1609701936.727826,0.1737663745880127,1609701936.6158495,1609701936.6238937,0.008044242858886719
2cc2ea3e47bc4b1484309d8aece9c27f,k-means,warm,exec,queue,0.05784463882446289,2.384185791015625e-07,4.76837158203125e-07,1609701936.5586665,1609701936.7697146,0.21104812622070312,1609701936.6698515,1609701936.676759,0.006907463073730469
7500af94d8b947d58a43e85d88d82962,k-means,warm,exec,queue,0.06250333786010742,2.384185791015625e-07,2.384185791015625e-07,1609701936.5615084,1609701936.9875603,0.4260518550872803,1609701936.6731362,1609701936.6779191,0.004782915115356445
82e894f3ae43491daf2a8aa8b3a4b916,k-means,warm,exec,queue,0.0294802188873291,2.384185791015625e-07,4.76837158203125e-07,1609701936.5643094,1609701936.8374703,0.2731609344482422,1609701936.6348062,1609701936.640335,0.005528926849365234
60e7d677b20e4cbfac7521b7e1f365a5,k-means,warm,exec,queue,0.0341639518737793,4.76837158203125e-07,2.384185791015625e-07,1609701936.5661426,1609701937.0674722,0.5013296604156494,1609701936.6383615,1609701936.6447365,0.00637507438659668
cdc77e296d7d4182a9b452f762b3a397,k-means,warm,exec,queue,0.03939700126647949,4.76837158203125e-07,2.384185791015625e-07,1609701936.5678053,1609701937.0077665,0.43996119499206543,1609701936.6518471,1609701936.6583486,0.006501436233520508
fe34c68f4f91439a8e9c1d8daeb8fb6a,k-means,warm,exec,queue,0.044879913330078125,2.384185791015625e-07,0.0,1609701936.5694945,1609701936.806949,0.23745441436767578,1609701936.6519861,1609701936.6579623,0.005976200103759766
044c8726cbe341beb5e51ae20598cdb2,k-means,warm,exec,queue,0.04962658882141113,2.384185791015625e-07,2.384185791015625e-07,1609701936.5711687,1609701936.9908338,0.4196650981903076,1609701936.6558497,1609701936.6621425,0.006292819976806641
09abc699bb044721a0b610be8fb8c008,k-means,warm,exec,queue,0.05493354797363281,4.76837158203125e-07,2.384185791015625e-07,1609701936.572862,1609701936.9881895,0.4153275489807129,1609701936.6693985,1609701936.6769745,0.00757598876953125
2b745daa5bfe41ca8ab3bdc299b8cf57,k-means,warm,exec,queue,0.02304553985595703,4.76837158203125e-07,2.384185791015625e-07,1609701936.574654,1609701936.803914,0.22925996780395508,1609701936.632782,1609701936.6406176,0.007835626602172852
fc6875441ee74df3b770f1a1e36f5541,k-means,warm,exec,queue,0.01776266098022461,2.384185791015625e-07,0.0,1609701936.5763378,1609701936.807537,0.2311992645263672,1609701936.6202452,1609701936.627592,0.0073468685150146484
930103b8591e45a5a6d10a54a4290ae9,k-means,warm,exec,queue,0.013122081756591797,2.384185791015625e-07,2.384185791015625e-07,1609701936.5780194,1609701936.7295785,0.15155911445617676,1609701936.6159155,1609701936.6234403,0.007524728775024414
82f5514ffee14b6bb7b7baa1fbbf1d98,k-means,warm,exec,queue,0.06752133369445801,4.76837158203125e-07,2.384185791015625e-07,1609701936.5796735,1609701936.7713957,0.19172215461730957,1609701936.6802676,1609701936.6872318,0.006964206695556641
2163560665dc49c88546c5e1d78df912,k-means,warm,exec,queue,0.0738534927368164,2.384185791015625e-07,0.0,1609701936.5814416,1609701936.949699,0.3682572841644287,1609701936.6864455,1609701936.6923559,0.005910396575927734
435c66ef8bd24b9d8c1172b45e41fd9d,k-means,warm,exec,queue,0.07858467102050781,4.76837158203125e-07,2.384185791015625e-07,1609701936.5830944,1609701937.0716126,0.48851823806762695,1609701936.6928842,1609701936.6999183,0.0070340633392333984
b051c2eb1e384b4ead997d90cf4019ee,k-means,warm,exec,queue,0.08346939086914062,2.384185791015625e-07,2.384185791015625e-07,1609701936.5847573,1609701936.9914064,0.406649112701416,1609701936.7001457,1609701936.7068841,0.006738424301147461
f65a07c1fe6c4f558802ccc77f9ab6b8,k-means,warm,exec,queue,0.08908772468566895,2.384185791015625e-07,2.384185791015625e-07,1609701936.5865204,1609701936.9833398,0.3968193531036377,1609701936.7063708,1609701936.7146122,0.008241415023803711
a07c1fa22ab94e3393ebb7b80cf83bba,k-means,warm,exec,queue,0.09425115585327148,2.384185791015625e-07,2.384185791015625e-07,1609701936.588194,1609701937.0709043,0.4827103614807129,1609701936.7082841,1609701936.713925,0.005640745162963867
70a9ed98c28e48f88c9df6f546a522f4,k-means,warm,exec,queue,0.003469228744506836,4.76837158203125e-07,2.384185791015625e-07,1609701937.539048,1609701937.6516259,0.11257791519165039,1609701937.5752554,1609701937.5839212,0.008665800094604492
3e1ebe7335844775afaaa7e044b469d4,video,warm,exec,queue,0.01730823516845703,2.384185791015625e-07,2.384185791015625e-07,1609701937.543145,1609701937.7098794,0.1667344570159912,1609701937.5956826,1609701937.6133933,0.01771068572998047
eca1a7be83dd46cbbc68bfba3f36d261,k-means,warm,exec,queue,0.030864477157592773,2.384185791015625e-07,0.0,1609701937.5461318,1609701937.685417,0.13928508758544922,1609701937.604407,1609701937.6109803,0.006573200225830078
c59b5bcd3d5941a2abf77d7f0c36ba35,k-means,warm,exec,queue,0.02635788917541504,2.384185791015625e-07,0.0,1609701937.5489316,1609701937.6873448,0.1384131908416748,1609701937.5995347,1609701937.6050544,0.0055196285247802734
f29a91581c8c4a5d8b4e7a3e0f5e2078,k-means,warm,exec,queue,0.007378101348876953,4.76837158203125e-07,4.76837158203125e-07,1609701937.5517719,1609701937.8125627,0.2607908248901367,1609701937.576781,1609701937.5850444,0.008263349533081055
75f72a35793846c8944e652e28379304,k-means,warm,exec,queue,0.012224197387695312,9.5367431640625e-07,2.384185791015625e-07,1609701937.553872,1609701937.7438338,0.18996167182922363,1609701937.5828333,1609701937.5915024,0.008669137954711914
ba269c50ad8f4d568386b8398189a612,k-means,warm,exec,queue,0.01736760139465332,4.76837158203125e-07,2.384185791015625e-07,1609701937.5555732,1609701937.860485,0.30491185188293457,1609701937.5874887,1609701937.5945792,0.007090568542480469
fd2bcb33bd8e4fc4bd8d096d1c6888a2,k-means,warm,exec,queue,0.023662328720092773,4.76837158203125e-07,2.384185791015625e-07,1609701937.5572736,1609701937.8107135,0.25343990325927734,1609701937.5951605,1609701937.6025572,0.007396697998046875
8c865b709e854cd6bcddeda1fa86733d,k-means,warm,exec,queue,0.007028102874755859,4.76837158203125e-07,2.384185791015625e-07,1609701938.5492234,1609701938.6904762,0.14125275611877441,1609701938.5990012,1609701938.6089168,0.009915590286254883
479dc5d2ac224ab4b3196da0f9101295,k-means,warm,exec,queue,0.04716134071350098,2.384185791015625e-07,0.0,1609701938.5534382,1609701938.9707441,0.41730594635009766,1609701938.6419795,1609701938.6471708,0.005191326141357422
d5d209408ce0438c839c6c81987a558e,k-means,warm,exec,queue,0.051688194274902344,4.76837158203125e-07,2.384185791015625e-07,1609701938.5562396,1609701938.9286368,0.37239718437194824,1609701938.6472366,1609701938.6539047,0.0066680908203125
e67bdab61ff443d992094785d249f6a6,k-means,warm,exec,queue,0.05709576606750488,2.384185791015625e-07,0.0,1609701938.55901,1609701938.929729,0.37071895599365234,1609701938.653097,1609701938.6592612,0.0061643123626708984
0a31ae2f65c74b55a4e03fb5243fb53c,k-means,warm,exec,queue,0.02060389518737793,2.384185791015625e-07,4.76837158203125e-07,1609701938.561363,1609701938.720198,0.15883493423461914,1609701938.6102157,1609701938.6184044,0.008188724517822266
8241cd163f40478ba6b953271a1774c1,k-means,warm,exec,queue,0.02561163902282715,4.76837158203125e-07,2.384185791015625e-07,1609701938.5630157,1609701938.7532065,0.19019079208374023,1609701938.6169524,1609701938.6251993,0.008246898651123047
5745da17d2fc41f3ba076f4bb86acea0,k-means,warm,exec,queue,0.031052112579345703,2.384185791015625e-07,2.384185791015625e-07,1609701938.5646937,1609701938.7890763,0.22438263893127441,1609701938.620812,1609701938.6275392,0.0067272186279296875
ccdf2f3d16db44c88694561059621285,k-means,warm,exec,queue,0.03600263595581055,2.384185791015625e-07,2.384185791015625e-07,1609701938.566362,1609701938.8201947,0.2538328170776367,1609701938.6264448,1609701938.6330388,0.006593942642211914
c81eb83d246c4278b0e351164d9d4d70,k-means,warm,exec,queue,0.04043936729431152,2.384185791015625e-07,0.0,1609701938.5680397,1609701938.7896538,0.22161412239074707,1609701938.6327124,1609701938.6392791,0.006566762924194336
121a3aac355e4c7ab6ace2469777baca,k-means,warm,exec,queue,0.044952392578125,2.384185791015625e-07,2.384185791015625e-07,1609701938.569865,1609701938.9046164,0.3347513675689697,1609701938.6380408,1609701938.6447806,0.00673985481262207
0593170f5679458598f293edbd8b77b9,k-means,warm,exec,queue,0.015279054641723633,2.384185791015625e-07,2.384185791015625e-07,1609701938.5715673,1609701938.689774,0.11820673942565918,1609701938.6046312,1609701938.6146445,0.010013341903686523
b2d272d998674554bdacd0e5c5dd1198,k-means,warm,exec,queue,0.010289907455444336,2.384185791015625e-07,0.0,1609701938.573301,1609701938.6867814,0.1134803295135498,1609701938.5988371,1609701938.607341,0.008503913879394531
735adc38e2904d7fb2e3d10d4bc56f16,k-means,warm,exec,queue,0.06224489212036133,2.384185791015625e-07,2.384185791015625e-07,1609701938.5749822,1609701938.9724872,0.3975050449371338,1609701938.6600947,1609701938.6667342,0.0066394805908203125
fabb6ab4572941d9a4c25d0c25c416b3,k-means,warm,exec,queue,0.005986928939819336,4.76837158203125e-07,0.0,1609701939.5465202,1609701939.6678393,0.12131905555725098,1609701939.5867085,1609701939.5949817,0.008273124694824219
05563b8e047046ce890f8fd2fb1f4190,video,warm,exec,queue,0.01746821403503418,2.384185791015625e-07,2.384185791015625e-07,1609701939.5506015,1609701939.7135847,0.16298317909240723,1609701939.607449,1609701939.6251998,0.01775074005126953
2561c9a60ff9427ab97e338e83f470fa,k-means,warm,exec,queue,0.04216909408569336,2.384185791015625e-07,2.384185791015625e-07,1609701939.5532022,1609701939.847601,0.29439878463745117,1609701939.6282794,1609701939.635259,0.006979465484619141
259e513e34a143e1a47616dcea3d3e02,k-means,warm,exec,queue,0.04696249961853027,2.384185791015625e-07,2.384185791015625e-07,1609701939.5557463,1609701939.8493323,0.29358601570129395,1609701939.6354873,1609701939.6432624,0.007775068283081055
e96d9ec2a8f94794aed7bef4354288ac,k-means,warm,exec,queue,0.01916217803955078,2.384185791015625e-07,2.384185791015625e-07,1609701939.5586066,1609701939.7483487,0.1897420883178711,1609701939.606265,1609701939.6136568,0.007391691207885742
ebdd643000684ed1ac29cebdebfee68d,k-means,warm,exec,queue,0.024809598922729492,2.384185791015625e-07,0.0,1609701939.560962,1609701939.697281,0.13631892204284668,1609701939.6073198,1609701939.612296,0.0049762725830078125
f7cbfab4050f4bd28cc1007388d6b339,k-means,warm,exec,queue,0.029306411743164062,2.384185791015625e-07,2.384185791015625e-07,1609701939.5625339,1609701939.7818007,0.2192668914794922,1609701939.611979,1609701939.618807,0.0068280696868896484
c294f06ff59f423ca2f171d4d77bd8b8,k-means,warm,exec,queue,0.03401684761047363,2.384185791015625e-07,2.384185791015625e-07,1609701939.5640953,1609701939.715251,0.15115571022033691,1609701939.62035,1609701939.6284602,0.008110284805297852
067eb36c4f9d4c958feb44e3f661e724,k-means,warm,exec,queue,0.03914976119995117,2.384185791015625e-07,0.0,1609701939.5656755,1609701939.822695,0.2570195198059082,1609701939.6245515,1609701939.6316254,0.007073879241943359
7f9b96bddf784a17a41d360311ab6e80,k-means,warm,exec,queue,0.014535665512084961,4.76837158203125e-07,4.76837158203125e-07,1609701939.567375,1609701939.6670732,0.09969830513000488,1609701939.5962949,1609701939.6046972,0.008402347564697266
714dc167598b4adabb8f84717ef6b436,k-means,warm,exec,queue,0.009798049926757812,2.384185791015625e-07,2.384185791015625e-07,1609701939.5689538,1609701939.6639245,0.094970703125,1609701939.5909467,1609701939.599499,0.008552312850952148
e95f1038718d4900b4b64669b3cc49be,k-means,warm,exec,queue,0.005304574966430664,7.152557373046875e-07,2.384185791015625e-07,1609701940.5486586,1609701940.6844513,0.13579273223876953,1609701940.5907636,1609701940.5992758,0.008512258529663086
f9f7d647827f4e9f92e60efe94b21642,k-means,warm,exec,queue,0.009480476379394531,7.152557373046875e-07,0.0,1609701940.5527232,1609701940.6827068,0.12998366355895996,1609701940.592791,1609701940.601369,0.008577823638916016
5077630fa1804aca9730f2fc9adcf7e6,k-means,warm,exec,queue,0.050907135009765625,2.384185791015625e-07,2.384185791015625e-07,1609701940.5552995,1609701940.9346313,0.3793318271636963,1609701940.642933,1609701940.6495204,0.006587505340576172
0dd063457752454b9a8da51c48a2d8b8,k-means,warm,exec,queue,0.046062469482421875,2.384185791015625e-07,0.0,1609701940.5579042,1609701940.8014843,0.24358010292053223,1609701940.635792,1609701940.643148,0.007355928421020508
85f0a41f6a9343b0a84eef2c70af2f83,k-means,warm,exec,queue,0.04123520851135254,4.76837158203125e-07,2.384185791015625e-07,1609701940.560601,1609701940.8523011,0.2917001247406006,1609701940.630809,1609701940.6378903,0.007081270217895508
340121dbab124f7484f9188a22e25e7e,k-means,warm,exec,queue,0.0364534854888916,2.384185791015625e-07,4.76837158203125e-07,1609701940.5621524,1609701940.799605,0.23745250701904297,1609701940.6270561,1609701940.6327255,0.005669355392456055
b3f08e43f08a4b65a164ca6c20846431,k-means,warm,exec,queue,0.013393878936767578,2.384185791015625e-07,0.0,1609701940.563696,1609701940.719517,0.1558210849761963,1609701940.5978303,1609701940.6074126,0.009582281112670898
0079bde0785c4574ba44f3719f805c40,k-means,warm,exec,queue,0.018703460693359375,4.76837158203125e-07,2.384185791015625e-07,1609701940.5652559,1609701940.8498142,0.2845582962036133,1609701940.6048245,1609701940.6135035,0.008678913116455078
e6234a71d2394aac90a0802734ced18b,k-means,warm,exec,queue,0.023110151290893555,2.384185791015625e-07,0.0,1609701940.5668044,1609701940.7189524,0.15214800834655762,1609701940.6094074,1609701940.6163156,0.0069081783294677734
95d209299974466ea2cd764c3ee5d723,k-means,warm,exec,queue,0.028334856033325195,2.384185791015625e-07,0.0,1609701940.5684834,1609701940.7496533,0.18116998672485352,1609701940.614201,1609701940.6215973,0.007396221160888672
63986f1bd05b4da78c72d95732478c57,k-means,warm,exec,queue,0.03366374969482422,2.384185791015625e-07,0.0,1609701940.5700288,1609701940.8511624,0.28113365173339844,1609701940.6212854,1609701940.6284196,0.007134199142456055
1eae737ac2d3429cbd125d6bf5b553e3,matmul,warm,exec,queue,0.015561342239379883,2.384185791015625e-07,2.384185791015625e-07,1609701940.571571,1609701940.7161539,0.14458274841308594,1609701940.6102355,1609701940.6211393,0.01090383529663086
4c08d79ea928475f8b1995bd2958fcbb,k-means,warm,exec,queue,0.0025773048400878906,4.76837158203125e-07,2.384185791015625e-07,1609701941.5492568,1609701941.6678598,0.11860299110412598,1609701941.5940366,1609701941.6025255,0.008488893508911133
a195b950f9144f328e530e6f1e66dc9d,k-means,warm,exec,queue,0.016218900680541992,4.76837158203125e-07,2.384185791015625e-07,1609701941.5528383,1609701941.9023955,0.34955716133117676,1609701941.6047804,1609701941.6132154,0.00843501091003418
9081d8634d9540c2b534c37e5d54c984,k-means,warm,exec,queue,0.02313542366027832,4.76837158203125e-07,2.384185791015625e-07,1609701941.5557995,1609701941.9271524,0.3713529109954834,1609701941.614393,1609701941.6223128,0.007919788360595703
d350c3fd620b42b8a6181d1e15324d92,k-means,warm,exec,queue,0.027583837509155273,2.384185791015625e-07,2.384185791015625e-07,1609701941.5583863,1609701941.7860777,0.2276914119720459,1609701941.6166499,1609701941.6234987,0.006848812103271484
f6547a3c99054064ad5926459a20af27,k-means,warm,exec,queue,0.03275609016418457,2.384185791015625e-07,2.384185791015625e-07,1609701941.5609074,1609701941.7272072,0.16629981994628906,1609701941.622346,1609701941.6290464,0.0067005157470703125
9dd4474f5c8e4f0ba0d917babdda6c7e,k-means,warm,exec,queue,0.0372011661529541,4.76837158203125e-07,2.384185791015625e-07,1609701941.56244,1609701941.8348658,0.27242588996887207,1609701941.6303563,1609701941.6370862,0.006729841232299805
d832e256ab6a4f1c9a47c206f504bffc,k-means,warm,exec,queue,0.042432308197021484,2.384185791015625e-07,2.384185791015625e-07,1609701941.5639713,1609701941.7846901,0.2207188606262207,1609701941.634641,1609701941.6415224,0.0068814754486083984
6db955c543b6450d91ac088bef7cd6fb,k-means,warm,exec,queue,0.047643423080444336,4.76837158203125e-07,2.384185791015625e-07,1609701941.5655222,1609701941.903974,0.3384518623352051,1609701941.6392486,1609701941.6462908,0.0070421695709228516
a7ababc1e53544d3bf8b89c7b32b6e7c,k-means,warm,exec,queue,0.052367210388183594,4.76837158203125e-07,0.0,1609701941.567075,1609701941.7872953,0.22022032737731934,1609701941.644529,1609701941.6501184,0.00558924674987793
1a3983fe302a4b3292589431cdd6d362,k-means,warm,exec,queue,0.011780023574829102,2.384185791015625e-07,0.0,1609701941.5687654,1609701941.6701336,0.10136818885803223,1609701941.6000466,1609701941.608621,0.008574247360229492
a6c7317810b94bb197eae97127bd3dff,k-means,warm,exec,queue,0.009377717971801758,2.384185791015625e-07,0.0,1609701941.570304,1609701941.6706028,0.10029888153076172,1609701941.59432,1609701941.6036785,0.009358406066894531
a2c71272544d441794729ce7ddf972d1,video,warm,exec,queue,0.024849653244018555,2.384185791015625e-07,0.0,1609701941.571859,1609701941.7885282,0.21666932106018066,1609701941.6141481,1609701941.6316423,0.01749420166015625
baf188692ab1479c89d622b44f402144,k-means,warm,exec,queue,0.0012345314025878906,4.76837158203125e-07,2.384185791015625e-07,1609701942.5558398,1609701942.6866071,0.1307673454284668,1609701942.6109943,1609701942.6201572,0.00916290283203125
73d04f4d15ae41fe8aabb78a87be3478,k-means,warm,exec,queue,0.02292656898498535,2.384185791015625e-07,2.384185791015625e-07,1609701942.56002,1609701942.7201416,0.16012167930603027,1609701942.6303403,1609701942.638157,0.007816553115844727
2e102fc2cb244dc1a664e78c28e6f637,k-means,warm,exec,queue,0.027669668197631836,2.384185791015625e-07,2.384185791015625e-07,1609701942.5626304,1609701942.7217038,0.1590733528137207,1609701942.632739,1609701942.6392236,0.006484508514404297
d110200653894b1cb96e07ad7f27c6fc,k-means,warm,exec,queue,0.032976627349853516,2.384185791015625e-07,2.384185791015625e-07,1609701942.5652022,1609701942.8645537,0.29935145378112793,1609701942.6389112,1609701942.6457322,0.0068209171295166016
94fad69568774c139fbde189350e2f11,k-means,warm,exec,queue,0.03789949417114258,4.76837158203125e-07,2.384185791015625e-07,1609701942.5680547,1609701942.7622223,0.1941676139831543,1609701942.6456478,1609701942.6520815,0.006433725357055664
8b083d6e08b3482e9298daf39e713b61,k-means,warm,exec,queue,0.041907310485839844,2.384185791015625e-07,2.384185791015625e-07,1609701942.5696673,1609701942.9292603,0.35959291458129883,1609701942.6509635,1609701942.657999,0.007035493850708008
6d302ad9d1d742c3b2aa3c90bfb0ed84,k-means,warm,exec,queue,0.04659867286682129,2.384185791015625e-07,2.384185791015625e-07,1609701942.5711982,1609701942.7961273,0.2249290943145752,1609701942.6546319,1609701942.660042,0.005410194396972656
525a40be9285417c9d8268c9773bb80f,k-means,warm,exec,queue,0.05157208442687988,2.384185791015625e-07,2.384185791015625e-07,1609701942.5727441,1609701942.7640357,0.19129157066345215,1609701942.6600215,1609701942.666809,0.006787538528442383
2bcce4647b4e419db833531f9c3e0d6e,k-means,warm,exec,queue,0.057073116302490234,2.384185791015625e-07,2.384185791015625e-07,1609701942.5742917,1609701942.767363,0.1930713653564453,1609701942.6657858,1609701942.6718955,0.006109714508056641
908e313f05a04685966ffc734c1fe9a4,k-means,warm,exec,queue,0.06230664253234863,2.384185791015625e-07,2.384185791015625e-07,1609701942.5759761,1609701942.9799943,0.4040181636810303,1609701942.6729481,1609701942.6794412,0.006493091583251953
75946cb7012a44a7850add1c823c95cd,k-means,warm,exec,queue,0.06696367263793945,7.152557373046875e-07,2.384185791015625e-07,1609701942.5775218,1609701942.9959657,0.4184439182281494,1609701942.6783257,1609701942.6863656,0.00803995132446289
18ffc97b27db45c1bd2f97a9effbd64a,k-means,warm,exec,queue,0.0030736923217773438,4.76837158203125e-07,2.384185791015625e-07,1609701942.579065,1609701942.797978,0.21891283988952637,1609701942.6116354,1609701942.6200883,0.008452892303466797
e872e29951fb490c95931de9027ec052,k-means,warm,exec,queue,0.010709762573242188,2.384185791015625e-07,0.0,1609701942.5806222,1609701942.688776,0.1081538200378418,1609701942.6115391,1609701942.6194158,0.00787663459777832
5ff570863fab4e3cbec0473f315ba614,k-means,warm,exec,queue,0.01574850082397461,4.76837158203125e-07,2.384185791015625e-07,1609701942.5823078,1609701942.689128,0.10682010650634766,1609701942.6174183,1609701942.626486,0.009067773818969727
86abd6c98b864ed3bf7aa0c417090d41,k-means,warm,exec,queue,0.021085262298583984,2.384185791015625e-07,0.0,1609701942.583851,1609701942.7657156,0.18186450004577637,1609701942.6232908,1609701942.631518,0.008227109909057617
8f638a31896e43ff97c925316a93cf09,k-means,warm,exec,queue,0.0009229183197021484,4.76837158203125e-07,2.384185791015625e-07,1609701943.553792,1609701943.7193909,0.16559886932373047,1609701943.6037216,1609701943.6120496,0.008327960968017578
4cae8e49e71a47fca3b4b03ffa9f319a,k-means,warm,exec,queue,0.01491236686706543,2.384185791015625e-07,2.384185791015625e-07,1609701943.55792,1609701943.8595092,0.3015892505645752,1609701943.6147838,1609701943.6215985,0.006814718246459961
206eadeadd3c41f399412fdf478cf314,k-means,warm,exec,queue,0.014066219329833984,2.384185791015625e-07,2.384185791015625e-07,1609701943.5605385,1609701943.717776,0.15723752975463867,1609701943.609813,1609701943.6178617,0.008048772811889648
227b77d86387494780c158fe2e001ca4,k-means,warm,exec,queue,0.019713640213012695,2.384185791015625e-07,0.0,1609701943.563105,1609701943.7171884,0.154083251953125,1609701943.6247337,1609701943.6311085,0.006374835968017578
86d3ff453bd943a29507ac2ebf02f724,k-means,warm,exec,queue,0.02543354034423828,2.384185791015625e-07,0.0,1609701943.5659602,1609701944.0033708,0.4374105930328369,1609701943.6280966,1609701943.6341698,0.0060732364654541016
0e5f5edb0b2f433dbe276aaaa58c2e74,k-means,warm,exec,queue,0.030777692794799805,4.76837158203125e-07,2.384185791015625e-07,1609701943.5684793,1609701943.9983034,0.4298241138458252,1609701943.6335642,1609701943.6400502,0.006485939025878906
63cba3c1aa8b418e97e98719aa0ff739,k-means,warm,exec,queue,0.03557300567626953,2.384185791015625e-07,0.0,1609701943.5700383,1609701943.8578043,0.2877659797668457,1609701943.639062,1609701943.6462283,0.007166385650634766
9e37ad7ebd4f445c97ab547590762098,k-means,warm,exec,queue,0.04046297073364258,2.384185791015625e-07,2.384185791015625e-07,1609701943.5715802,1609701944.0028086,0.4312283992767334,1609701943.6419163,1609701943.6479166,0.0060002803802490234
98252af6ea21475db98193d327fa5ce3,k-means,warm,exec,queue,0.04514932632446289,4.76837158203125e-07,2.384185791015625e-07,1609701943.57314,1609701944.0002267,0.42708683013916016,1609701943.6487453,1609701943.6540928,0.005347490310668945
f51a10f0576744c7abd3941e167d423c,k-means,warm,exec,queue,0.050174713134765625,2.384185791015625e-07,0.0,1609701943.5748103,1609701943.8558252,0.28101491928100586,1609701943.6537201,1609701943.6596515,0.005931377410888672
c33c338cd6724d7db4cdd3b8a638f6c0,k-means,warm,exec,queue,0.00296783447265625,2.384185791015625e-07,2.384185791015625e-07,1609701943.5763807,1609701943.7143965,0.1380157470703125,1609701943.6036649,1609701943.6109054,0.0072405338287353516
65818a0e9cac406c8cd76e3c2e819d51,k-means,warm,exec,queue,0.009036779403686523,2.384185791015625e-07,2.384185791015625e-07,1609701943.5779283,1609701943.783412,0.20548367500305176,1609701943.6047413,1609701943.61296,0.008218765258789062
fbb1570877f94788a06b5f687b9b326e,video,warm,exec,queue,0.021801471710205078,2.384185791015625e-07,2.384185791015625e-07,1609701943.5794747,1609701943.781437,0.20196223258972168,1609701943.6253557,1609701943.6422052,0.016849517822265625
049135c4bbdd48c5a2981b535ca84697,k-means,warm,exec,queue,0.011934757232666016,2.384185791015625e-07,2.384185791015625e-07,1609701944.5609517,1609701944.7088919,0.14794015884399414,1609701944.6180878,1609701944.6264727,0.008384943008422852
a0244aaf43424ce581a1aabf880e1c9c,k-means,warm,exec,queue,0.0311887264251709,2.384185791015625e-07,0.0,1609701944.5651271,1609701944.725995,0.16086792945861816,1609701944.639936,1609701944.6452825,0.005346536636352539
5be999d0f92b42d3b278df494d798b46,k-means,warm,exec,queue,0.036608219146728516,2.384185791015625e-07,0.0,1609701944.5676725,1609701944.7582111,0.19053864479064941,1609701944.6467228,1609701944.6529472,0.006224393844604492
570f132860644806ba34b536b7603240,k-means,warm,exec,queue,0.0418696403503418,2.384185791015625e-07,0.0,1609701944.5702102,1609701944.8362675,0.26605725288391113,1609701944.6511152,1609701944.6555936,0.00447845458984375
56fae78d1a7746e88e6aa27f6ce03563,k-means,warm,exec,queue,0.04740571975708008,2.384185791015625e-07,2.384185791015625e-07,1609701944.5728514,1609701944.8012257,0.22837424278259277,1609701944.6588657,1609701944.66583,0.006964206695556641
24429cb4c86445a1b6643506a8a28813,k-means,warm,exec,queue,0.05227303504943848,2.384185791015625e-07,0.0,1609701944.574359,1609701944.724391,0.15003204345703125,1609701944.6625237,1609701944.66869,0.006166219711303711
194dd49dfdca47f8b74bb73faf23b2e0,k-means,warm,exec,queue,0.057761192321777344,4.76837158203125e-07,0.0,1609701944.5758739,1609701944.804295,0.22842121124267578,1609701944.66899,1609701944.67595,0.006960153579711914
98b333dcd015496dbf1b32b154394eab,k-means,warm,exec,queue,0.06305170059204102,4.76837158203125e-07,2.384185791015625e-07,1609701944.57741,1609701944.9181032,0.34069323539733887,1609701944.6743433,1609701944.6804774,0.006134033203125
a50a241080964640b4720c2de88a7577,k-means,warm,exec,queue,0.06853437423706055,4.76837158203125e-07,2.384185791015625e-07,1609701944.5789294,1609701944.8333597,0.25443029403686523,1609701944.682305,1609701944.6895282,0.0072231292724609375
1ebd5d7f60fe49b48c697a874cac54c4,k-means,warm,exec,queue,0.026292085647583008,2.384185791015625e-07,0.0,1609701944.5805855,1609701944.8048928,0.22430729866027832,1609701944.6344929,1609701944.6409948,0.006501913070678711
7fffc37f7df3432481c2874d9056ebc7,k-means,warm,exec,queue,0.015728235244750977,7.152557373046875e-07,0.0,1609701944.5820987,1609701944.711845,0.1297461986541748,1609701944.623031,1609701944.6312742,0.008243322372436523
28a9098e7eff4cb7a6d0ab0b9354b7d9,k-means,warm,exec,queue,0.021077871322631836,4.76837158203125e-07,4.76837158203125e-07,1609701944.5836136,1609701944.7113092,0.12769556045532227,1609701944.6293478,1609701944.63756,0.008212089538574219
d89e5a48d3d340ea91af715b34edc429,k-means,warm,exec,queue,0.07296156883239746,4.76837158203125e-07,2.384185791015625e-07,1609701944.5851405,1609701944.9601505,0.37501001358032227,1609701944.6869812,1609701944.6939104,0.006929159164428711
d1a82efb9b294074937fde63b8285d81,k-means,warm,exec,queue,0.07777261734008789,2.384185791015625e-07,2.384185791015625e-07,1609701944.5867677,1609701944.8348527,0.24808502197265625,1609701944.6921065,1609701944.6999145,0.00780797004699707
c93bbc28ddb246e68c3515343dc0bbce,k-means,warm,exec,queue,0.08324050903320312,2.384185791015625e-07,2.384185791015625e-07,1609701944.588286,1609701944.9850006,0.3967146873474121,1609701944.6986783,1609701944.7038968,0.005218505859375
4f029501a87f407a8f6e9cf7891b923f,k-means,warm,exec,queue,0.08811807632446289,2.384185791015625e-07,0.0,1609701944.589803,1609701944.96228,0.37247705459594727,1609701944.702881,1609701944.7091043,0.006223201751708984
e4fbd7bb537d47c0ab385752523e1a4a,k-means,warm,exec,queue,0.09253597259521484,2.384185791015625e-07,2.384185791015625e-07,1609701944.5914352,1609701945.0773108,0.48587560653686523,1609701944.7122443,1609701944.7185447,0.006300449371337891
d6d8cae2fb4146df8d618acfe3602191,k-means,warm,exec,queue,0.0971980094909668,2.384185791015625e-07,2.384185791015625e-07,1609701944.5929782,1609701945.0178123,0.4248340129852295,1609701944.714743,1609701944.721189,0.006446123123168945
c7f0622dafc449c5b09ee951d193f9ba,k-means,warm,exec,queue,0.0038018226623535156,2.384185791015625e-07,2.384185791015625e-07,1609701945.5536413,1609701945.6860478,0.13240647315979004,1609701945.5968938,1609701945.6053085,0.008414745330810547
b8a55f9baa1543cea63f9d0d85cbf4eb,disk,warm,exec,queue,0.031766653060913086,2.384185791015625e-07,0.0,1609701945.5577013,1609701945.7621136,0.20441222190856934,1609701945.6295142,1609701945.6379223,0.008408069610595703
43cace76dbdf47b296dd7707870a3903,k-means,warm,exec,queue,0.034609079360961914,4.76837158203125e-07,0.0,1609701945.5603092,1609701945.8295743,0.26926517486572266,1609701945.6291187,1609701945.6364584,0.0073397159576416016
bf6c86d98ea74bd1bb13990349ecd3c8,k-means,warm,exec,queue,0.029746294021606445,4.76837158203125e-07,2.384185791015625e-07,1609701945.5628698,1609701945.7656028,0.20273303985595703,1609701945.6284173,1609701945.6366856,0.008268356323242188
035e8365d93647168c0ad4a3671ca2ea,k-means,warm,exec,queue,0.021918535232543945,2.384185791015625e-07,0.0,1609701945.5652854,1609701945.7036915,0.13840603828430176,1609701945.6218925,1609701945.6294239,0.007531404495239258
11e8e6dc46324b4aa047e78441afd01f,k-means,warm,exec,queue,0.01448369026184082,2.384185791015625e-07,2.384185791015625e-07,1609701945.56682,1609701945.7021568,0.13533687591552734,1609701945.60679,1609701945.6149259,0.008135795593261719
6a6fd421898f41a481e503b0b66ef587,k-means,warm,exec,queue,0.01002359390258789,2.384185791015625e-07,0.0,1609701945.568379,1609701945.7650328,0.1966538429260254,1609701945.6015599,1609701945.6102586,0.008698701858520508
5361e79ac6a34953b14e65f0a66032fc,video,warm,exec,queue,0.02584695816040039,2.384185791015625e-07,2.384185791015625e-07,1609701945.569916,1609701945.767284,0.19736790657043457,1609701945.621964,1609701945.6388223,0.016858339309692383
f980b287f4a942b58046d93166a911a6,map_reduce,warm,exec,queue,0.03356432914733887,2.384185791015625e-07,2.384185791015625e-07,1609701945.5714684,1609701945.8277364,0.2562680244445801,1609701945.628583,1609701945.7140598,0.08547687530517578
f9cda62ab02a49feb80ed8f3996fa9c8,matmul,warm,exec,queue,0.029052019119262695,2.384185791015625e-07,2.384185791015625e-07,1609701945.5731778,1609701945.7945926,0.22141480445861816,1609701945.627034,1609701945.6379228,0.010888814926147461
ce8839e692ce4759a68d5d998fb65913,k-means,warm,exec,queue,0.0065155029296875,2.384185791015625e-07,2.384185791015625e-07,1609701945.57472,1609701945.6877358,0.11301589012145996,1609701945.5974388,1609701945.6061404,0.008701562881469727
3d9a0804d9204e5fa90a3dd6d3520a92,k-means,warm,exec,queue,0.008504390716552734,4.76837158203125e-07,0.0,1609701946.5572581,1609701946.7124894,0.15523123741149902,1609701946.603476,1609701946.611671,0.008194923400878906
4d5c433a4bcc4296a6a85d5786215f77,k-means,warm,exec,queue,0.05666708946228027,2.384185791015625e-07,2.384185791015625e-07,1609701946.561323,1609701946.7770276,0.21570467948913574,1609701946.6606066,1609701946.6671276,0.006520986557006836
71557dda803d4430ab673a384fbfe01d,k-means,warm,exec,queue,0.0619349479675293,2.384185791015625e-07,2.384185791015625e-07,1609701946.5638866,1609701946.878015,0.31412839889526367,1609701946.6651223,1609701946.6705906,0.0054683685302734375
ad4d2531f47e4d738433bb2c2ad2c62c,k-means,warm,exec,queue,0.0406951904296875,2.384185791015625e-07,0.0,1609701946.5664575,1609701946.7786155,0.2121579647064209,1609701946.638957,1609701946.6450593,0.006102323532104492
1493303e373c4306a5adb973db4f1b6c,k-means,warm,exec,queue,0.04504895210266113,2.384185791015625e-07,0.0,1609701946.5689805,1609701946.812609,0.24362850189208984,1609701946.642876,1609701946.647267,0.004391193389892578
442c96862b1c43b5a997753b89e0d714,k-means,warm,exec,queue,0.0360867977142334,2.384185791015625e-07,2.384185791015625e-07,1609701946.5705042,1609701946.876294,0.3057897090911865,1609701946.6324697,1609701946.637073,0.004603385925292969
0ab9bb9b7fff4ed6a9559739d0578a11,k-means,warm,exec,queue,0.031139373779296875,4.76837158203125e-07,2.384185791015625e-07,1609701946.5720296,1609701946.8729024,0.300872802734375,1609701946.6272573,1609701946.6333036,0.006046295166015625
59dbae9e135e4f20be7dc764a6d8d946,k-means,warm,exec,queue,0.026378631591796875,4.76837158203125e-07,2.384185791015625e-07,1609701946.5735757,1609701946.8711262,0.2975504398345947,1609701946.6218872,1609701946.6266153,0.004728078842163086
61c3bb7361224efab82b9adad8997e10,k-means,warm,exec,queue,0.021643638610839844,2.384185791015625e-07,2.384185791015625e-07,1609701946.575118,1609701946.8756363,0.300518274307251,1609701946.6214948,1609701946.6294408,0.007946014404296875
da9762b05cd24f8fa1f293fe8c88cf24,k-means,warm,exec,queue,0.01718926429748535,2.384185791015625e-07,2.384185791015625e-07,1609701946.5768056,1609701946.8146567,0.23785114288330078,1609701946.6119366,1609701946.6199121,0.007975578308105469
6032dba11c9d4452826499cbfef939a2,k-means,warm,exec,queue,0.012563228607177734,2.384185791015625e-07,0.0,1609701946.5783494,1609701946.710676,0.13232660293579102,1609701946.6060781,1609701946.61324,0.007161855697631836
69b7d792924046628a6dd36b8cffd196,k-means,warm,exec,queue,0.04929924011230469,2.384185791015625e-07,2.384185791015625e-07,1609701946.579894,1609701946.965594,0.385699987411499,1609701946.6485493,1609701946.6551158,0.006566524505615234
9bd1ba5b6e234830baae83bbcf8f8630,k-means,warm,exec,queue,0.05364823341369629,4.76837158203125e-07,2.384185791015625e-07,1609701946.5814693,1609701946.8463662,0.26489686965942383,1609701946.6529024,1609701946.658294,0.005391597747802734
407f5cc766f3480f80ee8d0b20e7da51,k-means,warm,exec,queue,0.0005254745483398438,2.384185791015625e-07,2.384185791015625e-07,1609701947.557854,1609701947.708418,0.15056395530700684,1609701947.608451,1609701947.6163585,0.007907629013061523
17d7293fc7574400996cd5f4c17a5521,k-means,warm,exec,queue,0.03631997108459473,2.384185791015625e-07,2.384185791015625e-07,1609701947.561925,1609701947.8734643,0.3115394115447998,1609701947.643987,1609701947.651306,0.007318973541259766
5d7a8c06d2f7403eac461d4b63b76f44,k-means,warm,exec,queue,0.040848731994628906,2.384185791015625e-07,2.384185791015625e-07,1609701947.5645218,1609701948.0853195,0.5207977294921875,1609701947.6481485,1609701947.6545959,0.006447315216064453
57c6d1e1e5ae4264b2ba3e06f5266a26,k-means,warm,exec,queue,0.04561567306518555,2.384185791015625e-07,0.0,1609701947.5670748,1609701947.7391918,0.17211699485778809,1609701947.65252,1609701947.659012,0.006492137908935547
b4b11eb6f6c7489c88429f7895748d54,k-means,warm,exec,queue,0.04997706413269043,2.384185791015625e-07,0.0,1609701947.569958,1609701948.0859303,0.515972375869751,1609701947.6576052,1609701947.6622834,0.004678249359130859
2b87fbc76b834cb4a25a9e4e80cf15cf,k-means,warm,exec,queue,0.0058515071868896484,4.76837158203125e-07,2.384185791015625e-07,1609701947.5724425,1609701947.7727594,0.2003169059753418,1609701947.6097295,1609701947.618171,0.008441448211669922
de94d9d815334f3998c7f27ff4d181af,k-means,warm,exec,queue,0.010849475860595703,2.384185791015625e-07,2.384185791015625e-07,1609701947.5739708,1609701947.7066753,0.132704496383667,1609701947.6101253,1609701947.6187832,0.00865793228149414
fc54039f3ec94d9bb8332ca85d1c444f,k-means,warm,exec,queue,0.015970945358276367,4.76837158203125e-07,0.0,1609701947.5755074,1609701947.8325129,0.2570054531097412,1609701947.6152012,1609701947.6243584,0.009157180786132812
3d64c7585e2a4769bc58433790b0f85c,k-means,warm,exec,queue,0.020407438278198242,2.384185791015625e-07,2.384185791015625e-07,1609701947.5770617,1609701947.9739907,0.3969290256500244,1609701947.6208346,1609701947.6294138,0.008579254150390625
3335cfa7aee04082851cb741861575cc,k-means,warm,exec,queue,0.02545309066772461,4.76837158203125e-07,0.0,1609701947.5787194,1609701947.9152336,0.3365142345428467,1609701947.6293588,1609701947.6363401,0.006981372833251953
7f7e61651d64409c95b9dfe5da70b523,k-means,warm,exec,queue,0.02973198890686035,2.384185791015625e-07,0.0,1609701947.5802636,1609701947.7409096,0.1606459617614746,1609701947.6317332,1609701947.6383758,0.006642580032348633
5870f236bccc48b4bfe703eba5868bb1,k-means,warm,exec,queue,0.03514885902404785,2.384185791015625e-07,0.0,1609701947.5817928,1609701947.9171734,0.33538055419921875,1609701947.6363156,1609701947.6429613,0.006645679473876953
0ff75c02068f482e95cf449f161484e7,video,warm,exec,queue,0.021007061004638672,2.384185791015625e-07,2.384185791015625e-07,1609701947.5833223,1609701947.9758918,0.39256954193115234,1609701947.6295707,1609701947.6466696,0.01709890365600586
717133ceb9ee4d4d8144f04d3aee4d95,k-means,warm,exec,queue,0.009038209915161133,4.76837158203125e-07,2.384185791015625e-07,1609701948.5573864,1609701948.6786563,0.12126994132995605,1609701948.6013312,1609701948.6098452,0.008513927459716797
19012a3bd45d4c13aafb2abd723de609,k-means,warm,exec,queue,0.03193521499633789,4.76837158203125e-07,2.384185791015625e-07,1609701948.5609856,1609701948.7092237,0.1482381820678711,1609701948.6261923,1609701948.6327882,0.0065958499908447266
532d687cef4142ce8993971d418ef346,k-means,warm,exec,queue,0.03647947311401367,2.384185791015625e-07,4.76837158203125e-07,1609701948.5639496,1609701948.9019017,0.3379521369934082,1609701948.6329205,1609701948.640277,0.007356405258178711
b6f8213f2f914f208b88b31bd545bf8c,k-means,warm,exec,queue,0.041962385177612305,2.384185791015625e-07,0.0,1609701948.5665383,1609701948.8178813,0.2513430118560791,1609701948.6384683,1609701948.6449463,0.006478071212768555
c2f0909697ac418688f336a9e35c229e,k-means,warm,exec,queue,0.02672719955444336,4.76837158203125e-07,2.384185791015625e-07,1609701948.5691059,1609701948.752565,0.18345904350280762,1609701948.622511,1609701948.630855,0.008344173431396484
62c308033a2647e798cbd02af08ee181,k-means,warm,exec,queue,0.02227926254272461,2.384185791015625e-07,2.384185791015625e-07,1609701948.5706418,1609701948.7508254,0.18018364906311035,1609701948.617559,1609701948.6255746,0.008015632629394531
671a72a4c1754ed09008aee485ef274f,k-means,warm,exec,queue,0.01767587661743164,7.152557373046875e-07,2.384185791015625e-07,1609701948.5721898,1609701948.6758397,0.10364985466003418,1609701948.6107628,1609701948.6189277,0.00816488265991211
e7ad70f10b0440219f96161391274113,k-means,warm,exec,queue,0.013101339340209961,2.384185791015625e-07,0.0,1609701948.5737166,1609701948.678183,0.10446643829345703,1609701948.6054907,1609701948.614239,0.008748292922973633
6afaacde6e4b49cf8a800c59ad49f031,k-means,warm,exec,queue,0.06065869331359863,2.384185791015625e-07,0.0,1609701948.5752535,1609701948.903782,0.32852840423583984,1609701948.6606236,1609701948.6676672,0.007043600082397461
40a8d9903e5640a482b245b5e6af3810,k-means,warm,exec,queue,0.056252479553222656,2.384185791015625e-07,2.384185791015625e-07,1609701948.5769393,1609701948.851345,0.27440571784973145,1609701948.6539888,1609701948.6586854,0.00469660758972168
9426ebcbed9c48e4b930955d292d7b52,k-means,warm,exec,queue,0.05138564109802246,2.384185791015625e-07,0.0,1609701948.57847,1609701948.8532782,0.2748081684112549,1609701948.6496096,1609701948.6559105,0.006300926208496094
9a187b092ab640c29c6903c34df481b9,k-means,warm,exec,queue,0.046208858489990234,2.384185791015625e-07,2.384185791015625e-07,1609701948.5800116,1609701948.8765082,0.2964966297149658,1609701948.6425614,1609701948.647875,0.0053136348724365234
2367e530d1b343c99d92d8d497ad8851,k-means,warm,exec,queue,0.0006873607635498047,2.384185791015625e-07,2.384185791015625e-07,1609701949.5564015,1609701949.6862633,0.12986183166503906,1609701949.5995712,1609701949.6096468,0.010075569152832031
fff9fb1c89ec4e89a0991c03e219a8b5,matmul,warm,exec,queue,0.026882410049438477,2.384185791015625e-07,2.384185791015625e-07,1609701949.5604377,1609701949.7549253,0.1944875717163086,1609701949.6290824,1609701949.638616,0.00953364372253418
22abf6e56db74d79a861aa55bf865f6b,k-means,warm,exec,queue,0.008730888366699219,4.76837158203125e-07,2.384185791015625e-07,1609701949.5630398,1609701949.8127072,0.24966740608215332,1609701949.6053002,1609701949.6152096,0.009909391403198242
da7cf8dad16b4ad787671e68638f3140,k-means,warm,exec,queue,0.013251304626464844,2.384185791015625e-07,0.0,1609701949.5656362,1609701949.8147197,0.2490835189819336,1609701949.610303,1609701949.6187322,0.008429288864135742
c03fea313cea4ff6a54bd1d9b32e0a09,k-means,warm,exec,queue,0.021196842193603516,4.76837158203125e-07,0.0,1609701949.5685263,1609701949.722698,0.15417170524597168,1609701949.6256578,1609701949.6328793,0.0072214603424072266
a067369c9f7146e7b36fe55133342903,k-means,warm,exec,queue,0.02678823471069336,2.384185791015625e-07,0.0,1609701949.5701563,1609701949.7532651,0.18310880661010742,1609701949.6294084,1609701949.6368382,0.007429838180541992
7cf1a838f4f04fcaad349860bfc92db1,k-means,warm,exec,queue,0.03142547607421875,2.384185791015625e-07,0.0,1609701949.5717058,1609701949.7232757,0.15156984329223633,1609701949.629519,1609701949.6350312,0.005512237548828125
ff2c18181c1c4bf3921c9ff59c255dda,k-means,warm,exec,queue,0.0022323131561279297,4.76837158203125e-07,2.384185791015625e-07,1609701949.5732882,1609701949.6525722,0.0792839527130127,1609701949.5999594,1609701949.6079965,0.008037090301513672
f406581a2b8c4bb894d636de59bd93d7,k-means,warm,exec,queue,0.008733749389648438,2.384185791015625e-07,0.0,1609701949.574857,1609701949.6879745,0.11311745643615723,1609701949.6006002,1609701949.6092548,0.008654594421386719
619222bbbbfd457cb3fbedc85233a79b,video,warm,exec,queue,0.024278640747070312,2.384185791015625e-07,2.384185791015625e-07,1609701949.5765762,1609701949.719965,0.1433887481689453,1609701949.62613,1609701949.643707,0.017576932907104492
de19f0df0b0f44a3a56697f66e429efb,k-means,warm,exec,queue,0.0027332305908203125,2.384185791015625e-07,2.384185791015625e-07,1609701950.5645149,1609701950.69908,0.13456511497497559,1609701950.618539,1609701950.6271944,0.008655309677124023
29b076f1d6524136bbdd59d8c16f21a1,k-means,warm,exec,queue,0.024514198303222656,2.384185791015625e-07,2.384185791015625e-07,1609701950.5686433,1609701950.8238518,0.25520849227905273,1609701950.6375225,1609701950.6446955,0.007173061370849609
0b163501a3cb4d38b06666ae3cc24108,k-means,warm,exec,queue,0.02983856201171875,2.384185791015625e-07,2.384185791015625e-07,1609701950.5712023,1609701950.9212277,0.3500254154205322,1609701950.6397316,1609701950.646256,0.006524324417114258
2dfde0c0b91241fca27a2d3560345649,k-means,warm,exec,queue,0.03501296043395996,4.76837158203125e-07,2.384185791015625e-07,1609701950.5737953,1609701950.7909477,0.21715235710144043,1609701950.6455505,1609701950.6521525,0.006602048873901367
983e37d142bd4bb1a43ee2fe3f0ebf2a,k-means,warm,exec,queue,0.039772748947143555,2.384185791015625e-07,2.384185791015625e-07,1609701950.5765448,1609701950.9206185,0.3440737724304199,1609701950.6525545,1609701950.6587276,0.006173133850097656
7c1e5ed7bfe44de4869d655bab6159a8,k-means,warm,exec,queue,0.04440045356750488,2.384185791015625e-07,4.76837158203125e-07,1609701950.5780694,1609701950.9217932,0.34372377395629883,1609701950.6579099,1609701950.6647804,0.0068705081939697266
e597a4f450804a0faf7fc56018e077fd,k-means,warm,exec,queue,0.04904675483703613,2.384185791015625e-07,0.0,1609701950.5796015,1609701950.7566261,0.17702460289001465,1609701950.6627648,1609701950.669185,0.006420135498046875
6347c2b117e14041adf7ed8e938b119b,k-means,warm,exec,queue,0.05360126495361328,4.76837158203125e-07,2.384185791015625e-07,1609701950.5811493,1609701950.755045,0.17389559745788574,1609701950.66683,1609701950.6729078,0.006077766418457031
ed0ada8d9d7546cca62733bac0da2cd4,k-means,warm,exec,queue,0.05873298645019531,4.76837158203125e-07,0.0,1609701950.582695,1609701950.965683,0.38298797607421875,1609701950.6737638,1609701950.679878,0.00611424446105957
d3bc5ace42fb48bb9c50cd551566921a,k-means,warm,exec,queue,0.019335508346557617,4.76837158203125e-07,2.384185791015625e-07,1609701950.5844007,1609701950.7211878,0.13678717613220215,1609701950.6293335,1609701950.6378574,0.008523941040039062
6f4054e1881545d39ba29c9e8e53b4f8,k-means,warm,exec,queue,0.012309551239013672,2.384185791015625e-07,0.0,1609701950.5859501,1609701950.6970959,0.1111457347869873,1609701950.618538,1609701950.626613,0.00807499885559082
5c4ce13a49ba44ca80e408994bf8a634,k-means,warm,exec,queue,0.017180681228637695,4.76837158203125e-07,2.384185791015625e-07,1609701950.5875063,1609701950.7582686,0.170762300491333,1609701950.6233954,1609701950.6313872,0.007991790771484375
c5825044223f4a358c59899c57d457d2,k-means,warm,exec,queue,0.06346797943115234,2.384185791015625e-07,2.384185791015625e-07,1609701950.589107,1609701950.9164174,0.32731032371520996,1609701950.678518,1609701950.6844225,0.005904436111450195
f105e4749b154879b14d0e50e1b91eb7,k-means,warm,exec,queue,0.06792259216308594,4.76837158203125e-07,2.384185791015625e-07,1609701950.590786,1609701950.9234588,0.3326728343963623,1609701950.6851451,1609701950.691594,0.0064487457275390625
a8cd82c7315b40be889e895585da4997,k-means,warm,exec,queue,0.07245540618896484,7.152557373046875e-07,2.384185791015625e-07,1609701950.592359,1609701950.8221538,0.22979474067687988,1609701950.690658,1609701950.6980054,0.0073473453521728516
835ef68e08c643d28e7f79d90a8275ba,k-means,warm,exec,queue,0.010788679122924805,2.384185791015625e-07,0.0,1609701951.5639691,1609701951.6815312,0.11756205558776855,1609701951.6138918,1609701951.6210809,0.007189035415649414
6c1d698cd1c24204adb48b00ad08b933,k-means,warm,exec,queue,0.02892136573791504,2.384185791015625e-07,0.0,1609701951.5680268,1609701951.8910306,0.32300376892089844,1609701951.6353893,1609701951.6416538,0.006264448165893555
1e95190cbb5846dd93b7093033372763,k-means,warm,exec,queue,0.03336143493652344,2.384185791015625e-07,2.384185791015625e-07,1609701951.5706248,1609701951.7079394,0.1373145580291748,1609701951.6423376,1609701951.648759,0.006421327590942383
f4792cb703eb4a13907a0464ec728f72,k-means,warm,exec,queue,0.03818202018737793,2.384185791015625e-07,0.0,1609701951.5732007,1609701951.7878478,0.2146470546722412,1609701951.6474466,1609701951.653561,0.006114482879638672
6dc8da4733ae4a95941f86f82b399b61,k-means,warm,exec,queue,0.04297590255737305,2.384185791015625e-07,0.0,1609701951.576058,1609701951.7507625,0.17470455169677734,1609701951.651636,1609701951.6582875,0.006651639938354492
0eef705069714446a217d2b6f06376d5,k-means,warm,exec,queue,0.04811573028564453,2.384185791015625e-07,2.384185791015625e-07,1609701951.5778303,1609701951.8928015,0.3149712085723877,1609701951.6586623,1609701951.6647892,0.006126880645751953
c7fe813c108c4629b60a31212e1d4994,k-means,warm,exec,queue,0.052806854248046875,2.384185791015625e-07,0.0,1609701951.5793602,1609701951.7828014,0.20344114303588867,1609701951.663915,1609701951.6706629,0.0067479610443115234
0dfc11023096416193f631e63985a2c6,k-means,warm,exec,queue,0.057320594787597656,8.58306884765625e-06,2.384185791015625e-07,1609701951.5809097,1609701951.929185,0.34827518463134766,1609701951.6677003,1609701951.6725118,0.004811525344848633
216b6cc11ea34166bde072b940c70d26,k-means,warm,exec,queue,0.061777591705322266,2.384185791015625e-07,2.384185791015625e-07,1609701951.5824475,1609701951.784614,0.20216655731201172,1609701951.6729307,1609701951.6789322,0.006001472473144531
7eacf02f097141beb17c358052190332,k-means,warm,exec,queue,0.02401256561279297,2.384185791015625e-07,2.384185791015625e-07,1609701951.584123,1609701951.7862337,0.20211076736450195,1609701951.63042,1609701951.635605,0.005185127258300781
45f53853358d42f2adae3a058cfb5db6,k-means,warm,exec,queue,0.014069557189941406,2.384185791015625e-07,0.0,1609701951.5856726,1609701951.7490573,0.16338467597961426,1609701951.6192985,1609701951.6273365,0.008038043975830078
29b8a28fa38b4b4db8893080b3ca587b,k-means,warm,exec,queue,0.01844930648803711,2.384185791015625e-07,2.384185791015625e-07,1609701951.5872154,1609701951.7094712,0.12225580215454102,1609701951.6247478,1609701951.6323645,0.007616758346557617
f64c3aeee4874b849778891101df94e0,k-means,warm,exec,queue,0.06631660461425781,2.384185791015625e-07,2.384185791015625e-07,1609701951.5887651,1609701951.9265459,0.3377807140350342,1609701951.6781116,1609701951.6839197,0.005808115005493164
c4ca9f9d4b754f4aa1a2c892a7fa0056,k-means,warm,exec,queue,0.07128071784973145,2.384185791015625e-07,2.384185791015625e-07,1609701951.5904253,1609701951.924796,0.33437085151672363,1609701951.6850593,1609701951.6914816,0.006422281265258789
f57f57c3857b406f8ce57256cfc19193,video,warm,exec,queue,0.014539718627929688,2.384185791015625e-07,2.384185791015625e-07,1609701951.591949,1609701951.9297166,0.3377676010131836,1609701951.6310062,1609701951.6484087,0.01740241050720215
88c539f405524501abb8eeea5f078ef4,k-means,warm,exec,queue,0.0018825531005859375,4.76837158203125e-07,2.384185791015625e-07,1609701952.5650141,1609701952.7037284,0.13871431350708008,1609701952.6223621,1609701952.6301572,0.007795095443725586
ff3e4c427ea344fdad7b534f37d3ee28,k-means,warm,exec,queue,0.04287123680114746,2.384185791015625e-07,2.384185791015625e-07,1609701952.569121,1609701952.8461127,0.2769918441772461,1609701952.662697,1609701952.6694212,0.006724119186401367
ee8f49fef6a5478bac3507778d0d150a,k-means,warm,exec,queue,0.04719138145446777,2.384185791015625e-07,2.384185791015625e-07,1609701952.5716784,1609701952.802442,0.23076367378234863,1609701952.6677208,1609701952.6738262,0.0061054229736328125
09b1eb3494ec46e9b3f24b3006c3814f,k-means,warm,exec,queue,0.05250072479248047,0.0,2.384185791015625e-07,1609701952.5742748,1609701952.8493268,0.2750520706176758,1609701952.6723094,1609701952.6776497,0.0053403377532958984
ad77821fb42649b79928f30d6412dca7,k-means,warm,exec,queue,0.026114225387573242,1.430511474609375e-06,4.76837158203125e-07,1609701952.5771334,1609701952.880494,0.3033607006072998,1609701952.6457188,1609701952.652701,0.006982088088989258
dfa506ae1f6748b4b3e800baf5462fc4,k-means,warm,exec,queue,0.0316312313079834,0.0,2.384185791015625e-07,1609701952.5796838,1609701952.8059068,0.22622299194335938,1609701952.6464162,1609701952.653817,0.0074007511138916016
60a58b230a534199a00e6d778d7f108c,k-means,warm,exec,queue,0.03583407402038574,2.384185791015625e-07,2.384185791015625e-07,1609701952.5816228,1609701952.849934,0.2683112621307373,1609701952.6499288,1609701952.656391,0.00646209716796875
deb814b0c964471cbbf5f0f596d62a4f,k-means,warm,exec,queue,0.04111337661743164,2.384185791015625e-07,0.0,1609701952.5831518,1609701952.7514415,0.1682896614074707,1609701952.6555197,1609701952.66277,0.007250308990478516
ec862468e994456ab991a32c35f8dcc5,k-means,warm,exec,queue,0.02176642417907715,4.76837158203125e-07,2.384185791015625e-07,1609701952.5847044,1609701952.726558,0.14185357093811035,1609701952.6350653,1609701952.6424258,0.0073604583740234375
b88c5885de95472d91e0a3ebe99306eb,k-means,warm,exec,queue,0.017255544662475586,4.76837158203125e-07,2.384185791015625e-07,1609701952.5863776,1609701952.72824,0.1418623924255371,1609701952.6289446,1609701952.6376672,0.008722543716430664
994e4257c96b4170a01f61641044ad61,k-means,warm,exec,queue,0.012047052383422852,2.384185791015625e-07,0.0,1609701952.5879092,1609701952.8775465,0.28963732719421387,1609701952.623664,1609701952.6321595,0.008495569229125977
c9ef89a1a9074edfac19b4a444fa2bbf,k-means,warm,exec,queue,0.008381843566894531,7.152557373046875e-07,2.384185791015625e-07,1609701952.5894542,1609701952.7019374,0.11248326301574707,1609701952.6234336,1609701952.6322253,0.008791685104370117
036cb43430df4423bddfad1c20abdcb1,k-means,warm,exec,queue,0.05730891227722168,4.76837158203125e-07,2.384185791015625e-07,1609701952.5909834,1609701952.8053267,0.21434330940246582,1609701952.6808553,1609701952.6882849,0.007429599761962891
b081f580452b4464ae9220498f93b713,k-means,warm,exec,queue,0.06337952613830566,4.76837158203125e-07,4.76837158203125e-07,1609701952.5929568,1609701952.8810906,0.2881338596343994,1609701952.6853566,1609701952.6899319,0.004575252532958984
c799420b664f478a861a28d31c35d44e,k-means,warm,exec,queue,0.06827640533447266,4.76837158203125e-07,2.384185791015625e-07,1609701952.5944982,1609701952.9562337,0.36173558235168457,1609701952.6912374,1609701952.6984267,0.007189273834228516
c4a131dec3c140a1b99a0fda9e84f02a,video,warm,exec,queue,8.082389831542969e-05,4.76837158203125e-07,2.384185791015625e-07,1609701953.5438044,1609701953.6550155,0.11121106147766113,1609701953.5554156,1609701953.5729299,0.01751422882080078
945919117163484bbafd659e361ecbd1,k-means,warm,exec,queue,0.004864692687988281,4.76837158203125e-07,4.76837158203125e-07,1609701954.5751808,1609701954.8064082,0.23122739791870117,1609701954.6391551,1609701954.6473787,0.008223533630371094
4633d747b50c4066b5ee193c49ac2a27,k-means,warm,exec,queue,0.01484823226928711,2.384185791015625e-07,2.384185791015625e-07,1609701954.5796378,1609701954.8088243,0.2291865348815918,1609701954.6385195,1609701954.6460729,0.0075533390045166016
71bd66f9080e4f6786abde50a385d7bd,k-means,warm,exec,queue,0.06078600883483887,4.76837158203125e-07,2.384185791015625e-07,1609701954.5821986,1609701955.0827549,0.500556230545044,1609701954.6961448,1609701954.703726,0.007581233978271484
cf36e56a04464909895bc9390b78b65f,k-means,warm,exec,queue,0.055866241455078125,2.384185791015625e-07,2.384185791015625e-07,1609701954.5847301,1609701954.921333,0.33660292625427246,1609701954.6894007,1609701954.6962938,0.006893157958984375
e01120c7340941aa9694f49cb98feebd,k-means,warm,exec,queue,0.05054450035095215,2.384185791015625e-07,0.0,1609701954.5875368,1609701954.8729823,0.2854454517364502,1609701954.6845407,1609701954.6931567,0.008615970611572266
1b01d5f579964eb2b813284b68d5efae,k-means,warm,exec,queue,0.04570508003234863,4.76837158203125e-07,2.384185791015625e-07,1609701954.5893157,1609701954.9583488,0.3690330982208252,1609701954.6797569,1609701954.6879532,0.008196353912353516
84529cba671d43ecb1e75f56806dad01,k-means,warm,exec,queue,0.04070615768432617,2.384185791015625e-07,0.0,1609701954.5907679,1609701954.9202032,0.3294353485107422,1609701954.6725338,1609701954.6789002,0.0063664913177490234
d57325d492604361bda6b91d83b039b5,k-means,warm,exec,queue,0.03597903251647949,4.76837158203125e-07,2.384185791015625e-07,1609701954.5922184,1609701954.920774,0.3285555839538574,1609701954.6656747,1609701954.6718786,0.006203889846801758
855f76da05864a39b92eec257349f127,k-means,warm,exec,queue,0.01895904541015625,2.384185791015625e-07,0.0,1609701954.5937767,1609701954.8094065,0.21562981605529785,1609701954.6437552,1609701954.6511092,0.007354021072387695
e09a2efaccf0467f85318da338d1bb53,k-means,warm,exec,queue,0.0235292911529541,2.384185791015625e-07,0.0,1609701954.5952299,1609701955.0816257,0.48639583587646484,1609701954.6496708,1609701954.6578724,0.00820159912109375
17845a89fa9348ee8d5741b09ae5faab,k-means,warm,exec,queue,0.028684377670288086,2.384185791015625e-07,2.384185791015625e-07,1609701954.596695,1609701955.0832646,0.4865696430206299,1609701954.657401,1609701954.6645443,0.007143259048461914
ee36898d24bf417f965ef1f00baf8d5f,k-means,warm,exec,queue,0.06536054611206055,2.384185791015625e-07,4.76837158203125e-07,1609701954.5981522,1609701954.8746488,0.27649664878845215,1609701954.701448,1609701954.7088418,0.007393836975097656
d624da37aa0f47a9b4c01f71d51ffca8,k-means,warm,exec,queue,0.033435821533203125,2.384185791015625e-07,0.0,1609701954.5997138,1609701954.9162087,0.3164949417114258,1609701954.6601565,1609701954.6662858,0.006129264831542969
a8c495edcb74418197cdc527fc6a7747,k-means,warm,exec,queue,0.06995606422424316,0.0,2.384185791015625e-07,1609701954.601185,1609701954.9608297,0.35964465141296387,1609701954.7043033,1609701954.7103257,0.006022453308105469
27fff755bb29464cb5575be77c75dd4f,k-means,warm,exec,queue,0.07523751258850098,2.384185791015625e-07,2.384185791015625e-07,1609701954.6026356,1609701955.0822206,0.4795849323272705,1609701954.709756,1609701954.715466,0.005710124969482422
0353a6192a29469e970274054d360431,k-means,warm,exec,queue,0.08025836944580078,2.384185791015625e-07,0.0,1609701954.6040747,1609701954.956727,0.35265231132507324,1609701954.7167525,1609701954.7225847,0.005832195281982422
88adf5dcfc8840d99574fce4fa87841b,k-means,warm,exec,queue,0.0857841968536377,2.384185791015625e-07,2.384185791015625e-07,1609701954.605617,1609701954.9229481,0.31733107566833496,1609701954.721142,1609701954.7259033,0.004761219024658203
9f5ca7a90e1f4eaeb5b417d562995de7,k-means,warm,exec,queue,0.09122228622436523,4.76837158203125e-07,2.384185791015625e-07,1609701954.6070619,1609701955.0766523,0.469590425491333,1609701954.7288687,1609701954.7359138,0.00704503059387207
808ecb3340bf4a8ea1d648444fd6d5a8,k-means,warm,exec,queue,0.09632349014282227,2.384185791015625e-07,2.384185791015625e-07,1609701954.6085167,1609701954.9613664,0.35284972190856934,1609701954.732902,1609701954.7375772,0.004675149917602539
859020da2e7341f7b90e453646c2502f,video,warm,exec,queue,0.015458106994628906,2.384185791015625e-07,2.384185791015625e-07,1609701954.6099677,1609701954.9997442,0.38977646827697754,1609701954.6564763,1609701954.6724117,0.015935420989990234
091aab508864484b8e2a0e7ffc9450d9,k-means,warm,exec,queue,0.0033881664276123047,4.76837158203125e-07,2.384185791015625e-07,1609701955.5674767,1609701955.7966425,0.22916579246520996,1609701955.6144202,1609701955.6222432,0.007822990417480469
03450d6c61b4476ab84276aab5ee3f6b,k-means,warm,exec,queue,0.05435824394226074,2.384185791015625e-07,2.384185791015625e-07,1609701955.5709345,1609701955.854245,0.2833104133605957,1609701955.6677344,1609701955.674665,0.00693058967590332
21de7328a4d444408f8c90d82693733a,k-means,warm,exec,queue,0.04901623725891113,2.384185791015625e-07,2.384185791015625e-07,1609701955.573051,1609701956.436993,0.8639419078826904,1609701955.6587796,1609701955.6644163,0.005636692047119141
1ed9fc21420b4eddbd73921aa01918e9,k-means,warm,exec,queue,0.04442644119262695,2.384185791015625e-07,2.384185791015625e-07,1609701955.5750964,1609701955.85616,0.2810635566711426,1609701955.6547837,1609701955.6606772,0.0058934688568115234
9223ca5f777947b3b69c042c75c8601b,k-means,warm,exec,queue,0.03893399238586426,2.384185791015625e-07,2.384185791015625e-07,1609701955.5774288,1609701956.9503005,1.3728716373443604,1609701955.6532116,1609701955.6604395,0.007227897644042969
eb982f0e38a94ac385ecf3f97893be68,k-means,warm,exec,queue,0.03423714637756348,2.384185791015625e-07,2.384185791015625e-07,1609701955.5794308,1609701955.7451856,0.1657547950744629,1609701955.64336,1609701955.649871,0.006511211395263672
79d53e25fc9f4f509841275e5455901c,k-means,warm,exec,queue,0.028956174850463867,2.384185791015625e-07,2.384185791015625e-07,1609701955.5812604,1609701955.898378,0.31711745262145996,1609701955.639439,1609701955.6464872,0.007048130035400391
195606216d874cd086b38a0f656b3813,k-means,warm,exec,queue,0.02345132827758789,2.384185791015625e-07,0.0,1609701955.582807,1609701956.433565,0.8507578372955322,1609701955.635888,1609701955.6436715,0.007783412933349609
1c9894d1526049a2829a9fc26c7a868c,k-means,warm,exec,queue,0.009868144989013672,4.76837158203125e-07,2.384185791015625e-07,1609701955.5843916,1609701955.6955686,0.11117696762084961,1609701955.6139903,1609701955.6218603,0.007869958877563477
793a88bb7c9f47cdbe70233e4cafba91,k-means,warm,exec,queue,0.014847040176391602,4.76837158203125e-07,2.384185791015625e-07,1609701955.5860465,1609701955.6973267,0.11128020286560059,1609701955.6199076,1609701955.6276498,0.007742166519165039
14bda2687aa149d8a6650d5da20fbe09,k-means,warm,exec,queue,0.019510746002197266,2.384185791015625e-07,2.384185791015625e-07,1609701955.587577,1609701955.7468567,0.15927958488464355,1609701955.6246045,1609701955.6326325,0.008028030395507812
1ab5a85132f04726b294b19b470c5c75,matmul,warm,exec,queue,0.0239870548248291,4.76837158203125e-07,4.76837158203125e-07,1609701955.5891452,1609701956.435357,0.8462119102478027,1609701955.6365252,1609701955.6448894,0.008364200592041016
ce6fc990b5de4c1389e53b9165d21a12,map_reduce,warm,exec,queue,0.021317005157470703,2.384185791015625e-07,2.384185791015625e-07,1609701955.5906868,1609701957.2159348,1.6252479553222656,1609701955.6381934,1609701955.7239053,0.08571195602416992
95945b8285154336877e6d8c9f4dc7a1,k-means,warm,exec,queue,0.0007309913635253906,7.152557373046875e-07,2.384185791015625e-07,1609701956.571246,1609701957.067868,0.49662208557128906,1609701956.6240785,1609701956.6326807,0.008602142333984375
fdd5e973d9784fdeaa1b46cb1c49c967,k-means,warm,exec,queue,0.04056406021118164,7.152557373046875e-07,4.76837158203125e-07,1609701956.5756001,1609701957.219642,0.6440417766571045,1609701956.67114,1609701956.678543,0.007403135299682617
027fabc5d53c43db8feef3dc2a3dfa6d,k-means,warm,exec,queue,0.04901719093322754,4.76837158203125e-07,2.384185791015625e-07,1609701956.578194,1609701957.3641787,0.7859847545623779,1609701956.6710825,1609701956.6784177,0.007335186004638672
95b3ffec987242fba586f193b1e9c32b,k-means,warm,exec,queue,0.0543975830078125,0.0,2.384185791015625e-07,1609701956.5807521,1609701957.434075,0.8533229827880859,1609701956.6748302,1609701956.6822298,0.007399559020996094
21908ca1242e4694bf40eabe9a0d828c,k-means,warm,exec,queue,0.059725284576416016,7.152557373046875e-07,2.384185791015625e-07,1609701956.5837593,1609701957.3648179,0.7810585498809814,1609701956.6892698,1609701956.696737,0.0074672698974609375
08229d48a52848958004a9538b9045c8,k-means,warm,exec,queue,0.0660257339477539,4.76837158203125e-07,4.76837158203125e-07,1609701956.585537,1609701957.4352348,0.8496978282928467,1609701956.6899784,1609701956.6969275,0.006949186325073242
53b6ecc7957a49af9e174686dc59ea21,k-means,warm,exec,queue,0.07117605209350586,2.384185791015625e-07,2.384185791015625e-07,1609701956.5870392,1609701957.4346836,0.8476443290710449,1609701956.693944,1609701956.7009556,0.0070116519927978516
e827ceb56ac742fb8d1d4a9f50cdd38f,k-means,warm,exec,queue,0.004551410675048828,2.384185791015625e-07,2.384185791015625e-07,1609701956.5885594,1609701957.2858748,0.6973154544830322,1609701956.6244342,1609701956.6323247,0.007890462875366211
03c80724ad844e36bf96f111bcc34432,k-means,warm,exec,queue,0.010303258895874023,2.384185791015625e-07,4.76837158203125e-07,1609701956.5900593,1609701957.0713487,0.4812893867492676,1609701956.6249018,1609701956.6334405,0.00853872299194336
8f43d3a05992426c9702724caedd3fb3,k-means,warm,exec,queue,0.015551090240478516,2.384185791015625e-07,2.384185791015625e-07,1609701956.592079,1609701957.4297023,0.8376233577728271,1609701956.6292577,1609701956.6373744,0.008116722106933594
dea600ee3532455389f62cc0f85a279a,k-means,warm,exec,queue,0.020921707153320312,4.76837158203125e-07,2.384185791015625e-07,1609701956.5935965,1609701957.0729752,0.47937870025634766,1609701956.6477785,1609701956.6557367,0.007958173751831055
8b73a4212f56486ebe1ecb65861a2019,k-means,warm,exec,queue,0.02851271629333496,4.76837158203125e-07,4.76837158203125e-07,1609701956.595093,1609701957.22031,0.6252169609069824,1609701956.6479785,1609701956.6554286,0.007450103759765625
91cc12addbe8486f8f9c5cde17239825,k-means,warm,exec,queue,0.032924652099609375,2.384185791015625e-07,4.76837158203125e-07,1609701956.596693,1609701957.0707352,0.4740421772003174,1609701956.6486244,1609701956.6550791,0.0064547061920166016
2c0fb8aef3614e6296b63c6b5daeef69,k-means,warm,exec,queue,0.037628889083862305,2.384185791015625e-07,0.0,1609701956.598206,1609701957.2876363,0.6894302368164062,1609701956.6537008,1609701956.6613154,0.007614612579345703
6c3c356e26f741d5b888f5f198072faf,k-means,warm,exec,queue,0.005563020706176758,4.76837158203125e-07,2.384185791015625e-07,1609701957.5627456,1609701957.6747942,0.11204862594604492,1609701957.6006937,1609701957.608436,0.007742404937744141
3a915691b32d4c8bb532a945ea043399,k-means,warm,exec,queue,0.042055606842041016,4.76837158203125e-07,2.384185791015625e-07,1609701957.5692945,1609701957.847445,0.2781505584716797,1609701957.643984,1609701957.6499171,0.005933046340942383
76b8c72c7426474aac95979877fc993a,k-means,warm,exec,queue,0.037253379821777344,2.384185791015625e-07,2.384185791015625e-07,1609701957.57087,1609701957.7418427,0.1709728240966797,1609701957.6368003,1609701957.6411052,0.0043048858642578125
12445d6c908343a5aabb79c0ac04ff4d,k-means,warm,exec,queue,0.010219573974609375,4.76837158203125e-07,2.384185791015625e-07,1609701957.5724669,1609701957.6762989,0.10383200645446777,1609701957.603621,1609701957.6111562,0.007535219192504883
0d03a2c6284f49d6a74a45737e866fb3,k-means,warm,exec,queue,0.014617681503295898,4.76837158203125e-07,2.384185791015625e-07,1609701957.5740466,1609701957.8454475,0.27140092849731445,1609701957.6090086,1609701957.6165926,0.007584095001220703
cffe2353c1664d279c07d81711bd12fe,k-means,warm,exec,queue,0.01916790008544922,4.76837158203125e-07,7.152557373046875e-07,1609701957.5756185,1609701957.7126572,0.1370387077331543,1609701957.6189747,1609701957.6260512,0.0070765018463134766
2959d8811af846e4be83d01bc328b7f9,k-means,warm,exec,queue,0.024887561798095703,2.384185791015625e-07,2.384185791015625e-07,1609701957.5774362,1609701957.7120621,0.13462591171264648,1609701957.6202283,1609701957.6260474,0.005819082260131836
2e814355a69b42659716195dfeb3ff17,video,warm,exec,queue,0.020565509796142578,2.384185791015625e-07,2.384185791015625e-07,1609701957.5790114,1609701957.7093816,0.1303701400756836,1609701957.6202152,1609701957.6370757,0.016860485076904297
b1347f1a5c114269b468cf1b3de29c7f,k-means,warm,exec,queue,0.02918410301208496,2.384185791015625e-07,0.0,1609701957.5806072,1609701957.7866318,0.2060246467590332,1609701957.6250052,1609701957.6308846,0.005879402160644531
eedbfb680d4442cf88a45db6b9d4c146,k-means,warm,exec,queue,0.03416776657104492,2.384185791015625e-07,0.0,1609701957.5820546,1609701957.7848296,0.2027750015258789,1609701957.6331694,1609701957.6402779,0.007108449935913086
b99e62f8a86b49ea98c2c5c25f39c40e,k-means,warm,exec,queue,0.003301858901977539,4.76837158203125e-07,0.0,1609701958.5690494,1609701958.7077928,0.13874340057373047,1609701958.616374,1609701958.6252308,0.008856773376464844
cfd61aba405e4fa69b7b2dc98166e4ba,k-means,warm,exec,queue,0.02069711685180664,2.384185791015625e-07,0.0,1609701958.573285,1609701959.0320706,0.4587855339050293,1609701958.6356165,1609701958.644491,0.00887441635131836
d918151be24548bdadab5af6f9155797,k-means,warm,exec,queue,0.02599048614501953,2.384185791015625e-07,0.0,1609701958.5758848,1609701958.748729,0.17284417152404785,1609701958.6371968,1609701958.6436565,0.006459712982177734
ea767011041e4ff0afb96393c908b1de,k-means,warm,exec,queue,0.030517578125,2.384185791015625e-07,0.0,1609701958.5785036,1609701958.9821198,0.40361618995666504,1609701958.6441617,1609701958.651507,0.0073451995849609375
b7622bdf9bf44e95bdfd4fcb562bd0b1,k-means,warm,exec,queue,0.03548574447631836,2.384185791015625e-07,4.76837158203125e-07,1609701958.5814183,1609701958.7812076,0.19978928565979004,1609701958.6497428,1609701958.6564925,0.006749629974365234
07fc61b769f249009e4a027d66c393eb,k-means,warm,exec,queue,0.04041743278503418,4.76837158203125e-07,2.384185791015625e-07,1609701958.5840049,1609701958.7472773,0.16327238082885742,1609701958.65364,1609701958.6612158,0.0075757503509521484
1f4755a9c09141e68d9e9ffe386dc34d,k-means,warm,exec,queue,0.04574751853942871,2.384185791015625e-07,2.384185791015625e-07,1609701958.5858557,1609701958.8587193,0.27286362648010254,1609701958.6587267,1609701958.663567,0.004840373992919922
90eb59514cb945268790c49a0a742c84,k-means,warm,exec,queue,0.05130720138549805,7.152557373046875e-07,4.76837158203125e-07,1609701958.5874598,1609701958.9403112,0.35285139083862305,1609701958.6665008,1609701958.672751,0.006250143051147461
0c1723d2d19e4277be2bdbd5213a7d6d,k-means,warm,exec,queue,0.056505441665649414,2.384185791015625e-07,4.76837158203125e-07,1609701958.5890715,1609701958.9849465,0.3958749771118164,1609701958.670391,1609701958.674782,0.0043909549713134766
65847c67aa844e2c8bf0f917967b315b,k-means,warm,exec,queue,0.008858203887939453,2.384185791015625e-07,2.384185791015625e-07,1609701958.5908048,1609701958.7063737,0.11556887626647949,1609701958.6165795,1609701958.6252975,0.008718013763427734
fb60708c530a4e5c9a25e71e97eb9ed9,k-means,warm,exec,queue,0.014117240905761719,4.76837158203125e-07,4.76837158203125e-07,1609701958.5924203,1609701958.782718,0.19029760360717773,1609701958.6217635,1609701958.6302106,0.00844717025756836
5a64c7c39c1d4bd1872f913846714a6d,k-means,warm,exec,queue,0.01871347427368164,4.76837158203125e-07,2.384185791015625e-07,1609701958.5940185,1609701958.8899376,0.29591917991638184,1609701958.6274056,1609701958.6368742,0.009468555450439453
56cf967a51014db08ea86c0c6d7e8a18,k-means,warm,exec,queue,0.0024764537811279297,4.76837158203125e-07,2.384185791015625e-07,1609701959.5711749,1609701959.7002358,0.12906098365783691,1609701959.6209486,1609701959.628992,0.008043527603149414
1aef78fed92948c3a52bfe0a2c576d96,k-means,warm,exec,queue,0.03881335258483887,2.384185791015625e-07,2.384185791015625e-07,1609701959.5752296,1609701959.800677,0.225447416305542,1609701959.655931,1609701959.661967,0.006036043167114258
2c23ac8e995740c28f22479fdfd6dfe8,k-means,warm,exec,queue,0.04404807090759277,2.384185791015625e-07,0.0,1609701959.5777864,1609701959.912863,0.33507657051086426,1609701959.6612847,1609701959.6659176,0.0046329498291015625
47cdd54a18c641efb7d144e9e0e6af07,k-means,warm,exec,queue,0.049697160720825195,2.384185791015625e-07,0.0,1609701959.5803838,1609701959.7665846,0.18620085716247559,1609701959.66835,1609701959.6758196,0.007469654083251953
4e228ab207274b729f29bb7b9e7d8955,k-means,warm,exec,queue,0.054534912109375,2.384185791015625e-07,0.0,1609701959.5821924,1609701959.9087725,0.3265800476074219,1609701959.6713512,1609701959.6758697,0.0045185089111328125
27669616c3584eb1b1b4d9414566d702,k-means,warm,exec,queue,0.06003975868225098,2.384185791015625e-07,0.0,1609701959.583702,1609701959.8033276,0.21962547302246094,1609701959.677636,1609701959.6843219,0.006685972213745117
e2e919cb1bcf4a349f811098b69a42a2,k-means,warm,exec,queue,0.033196210861206055,2.384185791015625e-07,2.384185791015625e-07,1609701959.5852296,1609701959.9114761,0.3262465000152588,1609701959.6487336,1609701959.654288,0.0055544376373291016
bd3b3b086a87426aa1cf70f110032abc,k-means,warm,exec,queue,0.028536319732666016,2.384185791015625e-07,2.384185791015625e-07,1609701959.5867422,1609701959.910131,0.32338881492614746,1609701959.6439872,1609701959.6503456,0.00635838508605957
06c1e040cf574c43a46d7af3f905f751,k-means,warm,exec,queue,0.023193836212158203,2.384185791015625e-07,2.384185791015625e-07,1609701959.588273,1609701959.725339,0.13706588745117188,1609701959.6390567,1609701959.6453452,0.0062885284423828125
7ef4f9aab60d4d9fbf2179e6fd5d2dc3,k-means,warm,exec,queue,0.017670154571533203,2.384185791015625e-07,0.0,1609701959.589928,1609701959.8036547,0.21372675895690918,1609701959.6322994,1609701959.639893,0.007593631744384766
b51a2bb27f634350bf36edf9e75bb46d,k-means,warm,exec,queue,0.009990453720092773,4.76837158203125e-07,0.0,1609701959.5914445,1609701959.7022822,0.11083769798278809,1609701959.6210968,1609701959.630502,0.009405136108398438
9cda740e8f444ff988e3b2716fd67cd9,k-means,warm,exec,queue,0.014697074890136719,2.384185791015625e-07,2.384185791015625e-07,1609701959.5929782,1609701959.7026238,0.10964560508728027,1609701959.6267018,1609701959.635574,0.008872270584106445
d9db6ab10a6241b0b1196fefd653cea9,k-means,warm,exec,queue,0.06545901298522949,2.384185791015625e-07,2.384185791015625e-07,1609701959.5945096,1609701959.8836114,0.28910183906555176,1609701959.6844482,1609701959.6918519,0.00740361213684082
a36535ee554c48db8e669fe72830b7a5,k-means,warm,exec,queue,0.07059264183044434,2.384185791015625e-07,2.384185791015625e-07,1609701959.596122,1609701959.801757,0.20563507080078125,1609701959.6914186,1609701959.6983967,0.006978034973144531
85c17460d42a442f9b4dc427dd713424,video,warm,exec,queue,0.016301393508911133,2.384185791015625e-07,2.384185791015625e-07,1609701959.5976617,1609701959.8048446,0.2071828842163086,1609701959.6398358,1609701959.6565652,0.016729354858398438
1ec799e622cc4ebba13a964f575e530c,k-means,warm,exec,queue,0.0020351409912109375,4.76837158203125e-07,2.384185791015625e-07,1609701960.5698884,1609701960.7148583,0.14496994018554688,1609701960.6169384,1609701960.6247241,0.007785797119140625
c95a864eef464b1cbe497a0c3c44d4ad,k-means,warm,exec,queue,0.039168596267700195,2.384185791015625e-07,4.76837158203125e-07,1609701960.574165,1609701960.8542979,0.2801327705383301,1609701960.6556714,1609701960.6620817,0.006410360336303711
8cc899111aea4e9089634a5d5d43cb19,k-means,warm,exec,queue,0.04378843307495117,4.76837158203125e-07,2.384185791015625e-07,1609701960.5768018,1609701960.7804823,0.20368051528930664,1609701960.6598582,1609701960.6658795,0.006021261215209961
e5a6ce12530d49a1b7f1cf45a9c5aa5f,k-means,warm,exec,queue,0.04806208610534668,2.384185791015625e-07,2.384185791015625e-07,1609701960.5793836,1609701960.8530498,0.2736661434173584,1609701960.6649022,1609701960.6695888,0.004686594009399414
33b03359fe854142b1b957d269978383,k-means,warm,exec,queue,0.004207611083984375,4.76837158203125e-07,2.384185791015625e-07,1609701960.5823157,1609701960.878832,0.29651641845703125,1609701960.6179972,1609701960.626581,0.008583784103393555
ec5e4c81b4bc4214bc00f486d69a1dc8,k-means,warm,exec,queue,0.008720159530639648,2.384185791015625e-07,2.384185791015625e-07,1609701960.5847435,1609701960.7153842,0.13064074516296387,1609701960.6193354,1609701960.6276636,0.00832819938659668
dcab506303a34fa1898b0517e67542da,k-means,warm,exec,queue,0.014033794403076172,2.384185791015625e-07,2.384185791015625e-07,1609701960.5863492,1609701960.711993,0.12564373016357422,1609701960.6250885,1609701960.633525,0.008436441421508789
fd085924631c46999df4f86025ba1aca,k-means,warm,exec,queue,0.019237756729125977,2.384185791015625e-07,0.0,1609701960.587945,1609701960.8776162,0.2896711826324463,1609701960.6374257,1609701960.6445258,0.007100105285644531
5ec41482ef0d48b0a1cbcf26147578d6,k-means,warm,exec,queue,0.02668476104736328,4.76837158203125e-07,2.384185791015625e-07,1609701960.58957,1609701960.7818038,0.19223380088806152,1609701960.6402507,1609701960.646576,0.006325244903564453
7af7cd784fd44afe99b925c8ad0ad14c,k-means,warm,exec,queue,0.03185296058654785,2.384185791015625e-07,2.384185791015625e-07,1609701960.5913029,1609701960.7799733,0.18867039680480957,1609701960.643838,1609701960.649487,0.005649089813232422
ccc99f60c03d455d8aad7731f258874c,k-means,warm,exec,queue,0.03640890121459961,2.384185791015625e-07,2.384185791015625e-07,1609701960.5929067,1609701960.7439032,0.15099644660949707,1609701960.6519113,1609701960.6591272,0.007215976715087891
070a35e4dee941f6b2a11a6b2e0e579d,matmul,warm,exec,queue,0.026543140411376953,2.384185791015625e-07,2.384185791015625e-07,1609701960.5945077,1609701960.7776551,0.18314743041992188,1609701960.6388316,1609701960.6474905,0.008658885955810547
42c3efe9b0b946baa65e57086484ca64,k-means,warm,exec,queue,8.20159912109375e-05,7.152557373046875e-07,2.384185791015625e-07,1609701961.5703664,1609701961.696736,0.12636971473693848,1609701961.61241,1609701961.6208618,0.008451700210571289
4769a1a7e4ef4a9fab6fa2ca6f2c0ed3,video,warm,exec,queue,0.021914243698120117,2.384185791015625e-07,2.384185791015625e-07,1609701961.574413,1609701961.7965233,0.22211027145385742,1609701961.6356494,1609701961.6531253,0.01747584342956543
77145e00d2be43b9bef28126010d3265,k-means,warm,exec,queue,0.004567384719848633,7.152557373046875e-07,2.384185791015625e-07,1609701961.5770495,1609701961.7980697,0.22102022171020508,1609701961.612588,1609701961.621055,0.008466958999633789
3613c90b95ea413d94a0b6249731597d,k-means,warm,exec,queue,0.009602069854736328,2.384185791015625e-07,0.0,1609701961.5796144,1609701961.7586439,0.1790294647216797,1609701961.6175458,1609701961.6260033,0.008457422256469727
84038179720e495f83e9d7fa68f1019c,k-means,warm,exec,queue,0.014804601669311523,4.76837158203125e-07,0.0,1609701961.5821793,1609701961.839451,0.25727176666259766,1609701961.623477,1609701961.6316416,0.008164644241333008
437fd61eb5394222bd73e9fe69438aba,k-means,warm,exec,queue,0.021068334579467773,2.384185791015625e-07,2.384185791015625e-07,1609701961.584747,1609701961.7559075,0.17116045951843262,1609701961.6348975,1609701961.641485,0.006587505340576172
c8cb35e52bb74f57b0437582634fc095,k-means,warm,exec,queue,0.026579618453979492,2.384185791015625e-07,2.384185791015625e-07,1609701961.5862956,1609701961.7995825,0.2132868766784668,1609701961.637782,1609701961.6440618,0.006279706954956055
b6a5f47a08ce4d27aef2e0ba811ce069,k-means,warm,exec,queue,0.03138542175292969,2.384185791015625e-07,0.0,1609701961.5878456,1609701961.8896587,0.30181312561035156,1609701961.6403072,1609701961.6463954,0.0060882568359375
3a4520c4396b4d8aa05620ed084ca472,k-means,warm,exec,queue,0.03686380386352539,4.76837158203125e-07,2.384185791015625e-07,1609701961.5894141,1609701961.8882923,0.29887819290161133,1609701961.6481087,1609701961.6548584,0.006749629974365234
b78229a8cd5948c6b0b60d4592cc80e8,k-means,warm,exec,queue,0.041497230529785156,7.152557373046875e-07,2.384185791015625e-07,1609701961.5911093,1609701961.8911986,0.30008935928344727,1609701961.6525679,1609701961.6584876,0.005919694900512695
bcaaa0dd1252400d80c4fb112fa3c510,k-means,warm,exec,queue,0.0463712215423584,2.384185791015625e-07,2.384185791015625e-07,1609701961.592684,1609701961.7591918,0.16650772094726562,1609701961.6577244,1609701961.6642044,0.006479978561401367
9c51779ff1c24ec9b1230798724a950d,k-means,warm,exec,queue,0.009103775024414062,4.76837158203125e-07,2.384185791015625e-07,1609701962.5725753,1609701962.7070348,0.1344594955444336,1609701962.6169014,1609701962.6257298,0.008828401565551758
98baeeb1769f4869a08c95c24af9a6b6,k-means,warm,exec,queue,0.01632523536682129,2.384185791015625e-07,2.384185791015625e-07,1609701962.5767415,1609701962.7509673,0.1742258071899414,1609701962.6263993,1609701962.6351027,0.008703470230102539
3e8fa38277ef4bf4a07325ebecc4ac0a,k-means,warm,exec,queue,0.020791053771972656,2.384185791015625e-07,0.0,1609701962.579308,1609701962.8665237,0.2872157096862793,1609701962.6358228,1609701962.644427,0.008604288101196289
4e20d2da17224122a6b10b47e846e9d9,k-means,warm,exec,queue,0.0253603458404541,2.384185791015625e-07,2.384185791015625e-07,1609701962.5819068,1609701962.7480443,0.1661374568939209,1609701962.6389189,1609701962.6470106,0.00809168815612793
fc02b0f8623c4ed2931505372203874f,k-means,warm,exec,queue,0.029957294464111328,0.0,2.384185791015625e-07,1609701962.5847683,1609701962.8648608,0.2800924777984619,1609701962.6423523,1609701962.6494722,0.007119894027709961
1453063f5a5045ceab06599df03b375f,k-means,warm,exec,queue,0.03454303741455078,4.76837158203125e-07,2.384185791015625e-07,1609701962.5863214,1609701962.9154277,0.32910633087158203,1609701962.6462736,1609701962.6533916,0.0071179866790771484
22b00b1bdaaf4d879a88688240cd7468,k-means,warm,exec,queue,0.039078474044799805,2.384185791015625e-07,0.0,1609701962.5878787,1609701962.82398,0.23610138893127441,1609701962.6540916,1609701962.6607625,0.006670951843261719
6877230100864ee287794815046b98ef,k-means,warm,exec,queue,0.04442262649536133,4.76837158203125e-07,2.384185791015625e-07,1609701962.589452,1609701962.827325,0.23787307739257812,1609701962.6596997,1609701962.665788,0.0060882568359375
1e0ff7a15c1f4a14b694ea4ed3021a70,k-means,warm,exec,queue,0.049030303955078125,2.384185791015625e-07,0.0,1609701962.5910163,1609701962.8267922,0.23577594757080078,1609701962.6627269,1609701962.6677563,0.005029439926147461
17c639a21e3843d396073a1e80145371,k-means,warm,exec,queue,0.05352163314819336,4.76837158203125e-07,7.152557373046875e-07,1609701962.592713,1609701962.917143,0.324429988861084,1609701962.6681151,1609701962.6730716,0.004956483840942383
c4e26c347d7f45cfaee7eedafdb2c967,video,warm,exec,queue,0.02581024169921875,2.384185791015625e-07,2.384185791015625e-07,1609701962.5942786,1609701962.7504642,0.15618562698364258,1609701962.6375518,1609701962.6542745,0.016722679138183594
21dbeab7ade644e49d3d63847b8f5b60,k-means,warm,exec,queue,0.011572837829589844,4.76837158203125e-07,4.76837158203125e-07,1609701962.5958471,1609701962.7523448,0.15649771690368652,1609701962.6214445,1609701962.6299222,0.00847768783569336
42b8cd2c6e5e4307aec636e09d059976,k-means,warm,exec,queue,0.003094911575317383,4.76837158203125e-07,2.384185791015625e-07,1609701963.5762122,1609701963.7274034,0.15119123458862305,1609701963.6271775,1609701963.6344059,0.007228374481201172
aa5cbebf2ee74ae696f8f4da23676698,k-means,warm,exec,queue,0.05902242660522461,2.384185791015625e-07,4.76837158203125e-07,1609701963.5802846,1609701963.8330154,0.2527308464050293,1609701963.6844575,1609701963.6922534,0.007795810699462891
e7b52fc1f0a847b799d61beded21096a,k-means,warm,exec,queue,0.05420374870300293,2.384185791015625e-07,2.384185791015625e-07,1609701963.5828662,1609701963.9362743,0.3534080982208252,1609701963.6793368,1609701963.6862164,0.006879568099975586
7bfa7dbf4ac64c3ab78612ba70e84e42,k-means,warm,exec,queue,0.0488896369934082,2.384185791015625e-07,2.384185791015625e-07,1609701963.5854378,1609701964.0511863,0.46574854850769043,1609701963.67179,1609701963.6781967,0.0064067840576171875
76dec148a71340b7b90cabbd23f65c54,k-means,warm,exec,queue,0.044138431549072266,2.384185791015625e-07,2.384185791015625e-07,1609701963.5882835,1609701963.811946,0.2236623764038086,1609701963.6667051,1609701963.6734781,0.0067729949951171875
3aad55e766d745b4a03a2460a563e479,k-means,warm,exec,queue,0.03947162628173828,2.384185791015625e-07,2.384185791015625e-07,1609701963.5898144,1609701963.8125653,0.22275090217590332,1609701963.6630688,1609701963.669691,0.006622314453125
9207478939044f9b8c5b5469adcbb644,k-means,warm,exec,queue,0.03438711166381836,2.384185791015625e-07,2.384185791015625e-07,1609701963.5913405,1609701964.053124,0.46178340911865234,1609701963.6561327,1609701963.6635585,0.007425785064697266
90f6ccf9614a4a5e8b2ba750c79fc687,k-means,warm,exec,queue,0.02895522117614746,2.384185791015625e-07,2.384185791015625e-07,1609701963.5928876,1609701963.8921428,0.2992551326751709,1609701963.6499918,1609701963.6566346,0.006642818450927734
b1b7a60d68f041e3b7eeb34d24a6ed36,k-means,warm,exec,queue,0.024404525756835938,4.76837158203125e-07,2.384185791015625e-07,1609701963.594428,1609701963.7578888,0.16346073150634766,1609701963.6484935,1609701963.6535509,0.005057334899902344
36193a92a8a84507ac4c1adb6cc2ea63,k-means,warm,exec,queue,0.009780645370483398,2.384185791015625e-07,0.0,1609701963.5961149,1609701963.7278976,0.13178277015686035,1609701963.6280596,1609701963.6363611,0.008301496505737305
de695ab7248c4e179ffad200cf1b3662,k-means,warm,exec,queue,0.014859914779663086,2.384185791015625e-07,0.0,1609701963.5976524,1609701963.8090475,0.2113950252532959,1609701963.6323764,1609701963.6388764,0.0065000057220458984
df2408d18c9347d39a3138d7ec1f498d,k-means,warm,exec,queue,0.02008199691772461,7.152557373046875e-07,2.384185791015625e-07,1609701963.5991836,1609701963.7251174,0.12593388557434082,1609701963.6456575,1609701963.6535425,0.007884979248046875
468cde9894934fd3a0f164eb0a0b2521,k-means,warm,exec,queue,0.06344127655029297,2.384185791015625e-07,2.384185791015625e-07,1609701963.6007416,1609701964.0092852,0.40854358673095703,1609701963.6879637,1609701963.6945705,0.0066068172454833984
b12e06ac09164205bc64e072959949c2,k-means,warm,exec,queue,0.06831789016723633,2.384185791015625e-07,0.0,1609701963.6024067,1609701964.0777981,0.4753913879394531,1609701963.6935189,1609701963.700506,0.006987094879150391
e0e012657198469993ff09a7a9b0d62d,k-means,warm,exec,queue,0.07301115989685059,2.384185791015625e-07,2.384185791015625e-07,1609701963.603935,1609701963.9772255,0.3732905387878418,1609701963.7004306,1609701963.707659,0.007228374481201172
80d5efe71a614df69250cbf58129ee7e,k-means,warm,exec,queue,8.225440979003906e-05,4.76837158203125e-07,2.384185791015625e-07,1609701964.5684903,1609701964.6938765,0.12538623809814453,1609701964.6300344,1609701964.6383483,0.008313894271850586
e709ed900fd24a9999e0da5570913bfe,k-means,warm,exec,queue,0.005446434020996094,2.384185791015625e-07,2.384185791015625e-07,1609701964.5725274,1609701964.752254,0.17972660064697266,1609701964.6301987,1609701964.6387932,0.008594512939453125
811f388807e849088e5151bfee21a8b9,k-means,warm,exec,queue,0.010249853134155273,2.384185791015625e-07,2.384185791015625e-07,1609701964.5751169,1609701964.8113053,0.23618841171264648,1609701964.6355708,1609701964.6443803,0.008809566497802734
92624cd6f09b4c7b839f4f472aad2041,k-means,warm,exec,queue,0.014880657196044922,4.76837158203125e-07,2.384185791015625e-07,1609701964.5777044,1609701964.730905,0.15320062637329102,1609701964.6412828,1609701964.6498873,0.00860452651977539
4d2031f5a0324230ba5bb50ddf9d1758,k-means,warm,exec,queue,0.019651412963867188,4.76837158203125e-07,2.384185791015625e-07,1609701964.5802948,1609701964.7303047,0.1500098705291748,1609701964.6475348,1609701964.6534836,0.005948781967163086
a2214fae60094e53b09e2d616fa64c86,k-means,warm,exec,queue,0.0252993106842041,2.384185791015625e-07,2.384185791015625e-07,1609701964.6064732,1609701964.8786135,0.2721402645111084,1609701964.6517096,1609701964.656871,0.0051615238189697266
528c2a73a7c34033b3fcadc133b0c446,k-means,warm,exec,queue,0.029873132705688477,2.384185791015625e-07,2.384185791015625e-07,1609701964.60802,1609701964.7274811,0.1194610595703125,1609701964.6568582,1609701964.6619453,0.005087137222290039
1215da0dd3274a398da17816109a850b,k-means,warm,exec,queue,0.03506207466125488,2.384185791015625e-07,2.384185791015625e-07,1609701964.6095843,1609701964.8805394,0.27095508575439453,1609701964.6625972,1609701964.6698966,0.0072994232177734375
255ab343d35b4ef285539eed5bd0da06,k-means,warm,exec,queue,0.03972196578979492,4.76837158203125e-07,2.384185791015625e-07,1609701964.6112156,1609701964.9036028,0.2923872470855713,1609701964.667593,1609701964.672191,0.004597902297973633
2346cb6d82cf4766b39bf57412aa12bc,k-means,warm,exec,queue,0.006953001022338867,2.384185791015625e-07,0.0,1609701965.579616,1609701965.7216535,0.14203739166259766,1609701965.6283295,1609701965.6371362,0.008806705474853516
f902e2ec87ac4c5f9f49b188a95f09cf,k-means,warm,exec,queue,0.05239248275756836,2.384185791015625e-07,0.0,1609701965.5838583,1609701965.9171178,0.33325958251953125,1609701965.6810815,1609701965.689474,0.008392572402954102
fca0cb86b9f84410b3e83b4666026edf,k-means,warm,exec,queue,0.057880401611328125,4.76837158203125e-07,7.152557373046875e-07,1609701965.5864966,1609701966.0516372,0.46514058113098145,1609701965.6844058,1609701965.691691,0.007285118103027344
b36315c2e1124290b993c8b75c8f8510,k-means,warm,exec,queue,0.06385540962219238,2.384185791015625e-07,2.384185791015625e-07,1609701965.588789,1609701965.9213016,0.33251261711120605,1609701965.691733,1609701965.699521,0.007788181304931641
5e786007c25048e986a8d2a9e81df49b,k-means,warm,exec,queue,0.029690027236938477,2.384185791015625e-07,0.0,1609701965.5905275,1609701965.8475115,0.25698399543762207,1609701965.6571372,1609701965.6654208,0.008283615112304688
a95417a94ec94f77a00422607508d6b7,k-means,warm,exec,queue,0.03406357765197754,4.76837158203125e-07,2.384185791015625e-07,1609701965.5920975,1609701966.0534205,0.4613230228424072,1609701965.6580732,1609701965.66687,0.008796930313110352
e8724c0ab60c46b683b922013c253b40,k-means,warm,exec,queue,0.038976192474365234,2.384185791015625e-07,0.0,1609701965.5936956,1609701965.9188511,0.32515549659729004,1609701965.6621144,1609701965.669671,0.0075566768646240234
90b5de6046d24eb495fcbfb1ef4aa342,k-means,warm,exec,queue,0.04398608207702637,2.384185791015625e-07,0.0,1609701965.5952628,1609701965.7636938,0.16843104362487793,1609701965.6677005,1609701965.6748989,0.007198333740234375
d26f1623fb27470886f71bb7ee9f261c,k-means,warm,exec,queue,0.048862457275390625,4.76837158203125e-07,7.152557373046875e-07,1609701965.5968688,1609701965.9415264,0.34465765953063965,1609701965.6770968,1609701965.6832867,0.006189823150634766
3550adbeaf374311ab3f6f46c7515cf7,k-means,warm,exec,queue,0.020476102828979492,2.384185791015625e-07,0.0,1609701965.5985818,1609701965.7651827,0.16660094261169434,1609701965.6511066,1609701965.65891,0.007803440093994141
be0a40f6b3164fd79456d4a988f12a35,k-means,warm,exec,queue,0.015089750289916992,4.76837158203125e-07,2.384185791015625e-07,1609701965.6001558,1609701965.8237567,0.2236008644104004,1609701965.6360848,1609701965.6444654,0.008380651473999023
3048fe8898d64fac9496d14856cc9960,k-means,warm,exec,queue,0.00982975959777832,2.384185791015625e-07,0.0,1609701965.6017509,1609701965.7232752,0.12152433395385742,1609701965.630219,1609701965.6389878,0.008768796920776367
987cd2c085754f55ac34911ecdd0dd05,video,warm,exec,queue,0.016731977462768555,0.0,4.76837158203125e-07,1609701965.6034167,1609701966.0114882,0.40807151794433594,1609701965.656457,1609701965.673046,0.01658916473388672
24442c95318c493d9d9610d75403b1d4,matmul,warm,exec,queue,0.020008563995361328,4.76837158203125e-07,2.384185791015625e-07,1609701965.6050177,1609701965.9218168,0.3167991638183594,1609701965.6570516,1609701965.667622,0.010570526123046875
4251079782494b40a6ba84deb7ddbb60,map_reduce,warm,exec,queue,0.025936365127563477,2.384185791015625e-07,0.0,1609701965.606599,1609701965.822183,0.21558380126953125,1609701965.6584194,1609701965.7439106,0.08549118041992188
43f9359920a544189f07450dc1d38840,k-means,warm,exec,queue,0.005262136459350586,4.76837158203125e-07,2.384185791015625e-07,1609701966.5740707,1609701966.6893823,0.1153116226196289,1609701966.6143014,1609701966.622514,0.008212566375732422
c0a40f8f818340fead2be06abbe10352,k-means,warm,exec,queue,0.051363229751586914,4.76837158203125e-07,2.384185791015625e-07,1609701966.5781105,1609701966.8680894,0.2899789810180664,1609701966.664197,1609701966.669869,0.005671977996826172
8a14ea94d87641479580b5067f6a514d,k-means,warm,exec,queue,0.04605412483215332,7.152557373046875e-07,2.384185791015625e-07,1609701966.5806277,1609701966.793191,0.21256327629089355,1609701966.6584,1609701966.6639664,0.00556635856628418
4ee6d6cd94b547b9b2c8c983526c0c7f,k-means,warm,exec,queue,0.04043149948120117,2.384185791015625e-07,2.384185791015625e-07,1609701966.5831084,1609701966.9233136,0.34020519256591797,1609701966.652034,1609701966.6560774,0.0040433406829833984
aa988171ff8b43a291be72627f70519c,k-means,warm,exec,queue,0.034888505935668945,2.384185791015625e-07,2.384185791015625e-07,1609701966.5853338,1609701966.9250894,0.3397555351257324,1609701966.645946,1609701966.650441,0.004494905471801758
080a8ec62c234bb3988229fa10cab1d6,k-means,warm,exec,queue,0.008902549743652344,2.384185791015625e-07,2.384185791015625e-07,1609701966.586762,1609701966.8658118,0.2790498733520508,1609701966.6152248,1609701966.6231203,0.007895469665527344
13f82bd7e3444fa0a1b1aee7663c008a,k-means,warm,exec,queue,0.01397562026977539,4.76837158203125e-07,7.152557373046875e-07,1609701966.588194,1609701966.8685968,0.28040289878845215,1609701966.6205812,1609701966.6287909,0.008209705352783203
662091fcde2c4c158ff64542afde1d08,k-means,warm,exec,queue,0.018527746200561523,4.76837158203125e-07,2.384185791015625e-07,1609701966.5896113,1609701966.7912648,0.20165348052978516,1609701966.625829,1609701966.6335387,0.0077097415924072266
79525db06d1b4eb08425b8db1c3df662,k-means,warm,exec,queue,0.023361682891845703,2.384185791015625e-07,0.0,1609701966.5910301,1609701966.71387,0.12283992767333984,1609701966.6310372,1609701966.637986,0.006948709487915039
5eeefb830e6544a8926e7ff5d789d457,k-means,warm,exec,queue,0.02813553810119629,7.152557373046875e-07,2.384185791015625e-07,1609701966.5925605,1609701966.9266562,0.33409571647644043,1609701966.6356957,1609701966.6402955,0.004599809646606445
c644c02119734cf695d753880c0cf587,k-means,warm,exec,queue,0.032497406005859375,4.76837158203125e-07,2.384185791015625e-07,1609701966.5939708,1609701966.8642292,0.27025842666625977,1609701966.6406925,1609701966.6451683,0.004475831985473633
ce15ea28d05943d4a3ba2b8141824593,k-means,warm,exec,queue,7.271766662597656e-05,4.76837158203125e-07,2.384185791015625e-07,1609701967.5802896,1609701967.7080142,0.12772464752197266,1609701967.6253023,1609701967.633601,0.008298635482788086
803acfd587344b3b90b49e641766f96e,k-means,warm,exec,queue,0.007829904556274414,2.384185791015625e-07,0.0,1609701967.5831416,1609701967.7068808,0.12373924255371094,1609701967.6262023,1609701967.6346304,0.008428096771240234
c02fd7c983f84e489f180e903029392d,k-means,warm,exec,queue,0.012596607208251953,2.384185791015625e-07,0.0,1609701967.5847487,1609701967.7989743,0.21422553062438965,1609701967.6312222,1609701967.6393616,0.008139371871948242
46d6f2c9d8c84500b9232f6d974e45c6,k-means,warm,exec,queue,0.01700139045715332,2.384185791015625e-07,2.384185791015625e-07,1609701967.5866728,1609701967.9089441,0.32227134704589844,1609701967.6364417,1609701967.6446254,0.008183717727661133
9051c6806b584add985fc2a4983b07ce,k-means,warm,exec,queue,0.023242712020874023,4.76837158203125e-07,2.384185791015625e-07,1609701967.588819,1609701967.7407696,0.15195059776306152,1609701967.6449528,1609701967.6511703,0.006217479705810547
a41c4023e4f64c1581e121a5be709b04,k-means,warm,exec,queue,0.02764749526977539,2.384185791015625e-07,2.384185791015625e-07,1609701967.5907288,1609701967.824192,0.23346328735351562,1609701967.6479235,1609701967.655162,0.007238626480102539
f3a1c59872a445e89c96c8a98fe4cf13,k-means,warm,exec,queue,0.03231668472290039,2.384185791015625e-07,0.0,1609701967.592653,1609701967.9670954,0.37444233894348145,1609701967.6524887,1609701967.6586957,0.006206989288330078
482a54396e12498fa1184f59ffbce1c3,k-means,warm,exec,queue,0.037821054458618164,2.384185791015625e-07,2.384185791015625e-07,1609701967.5938027,1609701968.0730836,0.479280948638916,1609701967.6585948,1609701967.6646113,0.00601649284362793
cf58a5af060b41c7afcd692c6c6ccca3,k-means,warm,exec,queue,0.04250144958496094,2.384185791015625e-07,0.0,1609701967.5949988,1609701967.7670152,0.17201638221740723,1609701967.664652,1609701967.6696656,0.005013465881347656
2956b67ef5c94e709b62a47b75b11d6b,k-means,warm,exec,queue,0.04801535606384277,4.76837158203125e-07,2.384185791015625e-07,1609701967.5962632,1609701967.766153,0.1698899269104004,1609701967.67086,1609701967.6776252,0.006765127182006836
5f4ded6008ff4700ac36857f27c1684a,k-means,warm,exec,queue,0.053519248962402344,2.384185791015625e-07,2.384185791015625e-07,1609701967.597478,1609701967.765269,0.16779112815856934,1609701967.675196,1609701967.6794846,0.004288673400878906
ab04f55217c74f0baa91076da1052aa2,k-means,warm,exec,queue,0.05907869338989258,4.76837158203125e-07,4.76837158203125e-07,1609701967.598624,1609701968.0692332,0.470609188079834,1609701967.6841187,1609701967.690906,0.006787300109863281
0484f398c2c342b1bf286740a6598cc5,k-means,warm,exec,queue,0.06395983695983887,4.76837158203125e-07,2.384185791015625e-07,1609701967.599808,1609701968.0724897,0.47268176078796387,1609701967.6867526,1609701967.6927521,0.005999565124511719
375cc0b6fdc549889cbfe1517eb361f4,k-means,warm,exec,queue,0.06839895248413086,4.76837158203125e-07,4.76837158203125e-07,1609701967.6012921,1609701967.86566,0.26436781883239746,1609701967.6936939,1609701967.7008684,0.007174491882324219
ed3df4cd00244af9a8f3470407bfc86b,k-means,warm,exec,queue,0.07365536689758301,2.384185791015625e-07,2.384185791015625e-07,1609701967.602483,1609701967.9077454,0.30526232719421387,1609701967.6998787,1609701967.7060473,0.0061686038970947266
280c9ecf8c5a48d1803f441b3d17d258,video,warm,exec,queue,0.015624761581420898,2.384185791015625e-07,2.384185791015625e-07,1609701967.6036792,1609701967.8000317,0.19635248184204102,1609701967.6458461,1609701967.663066,0.01721978187561035
78f6a6767de245abba073e0e81171d47,k-means,warm,exec,queue,7.772445678710938e-05,2.384185791015625e-07,2.384185791015625e-07,1609701968.5749779,1609701968.6853406,0.11036276817321777,1609701968.6186638,1609701968.6274562,0.008792400360107422
aeeca18733824b6da1c32ee983ba3232,k-means,warm,exec,queue,0.007285118103027344,4.76837158203125e-07,2.384185791015625e-07,1609701968.579072,1609701968.6870286,0.1079566478729248,1609701968.6185308,1609701968.6271262,0.008595466613769531
cd5c7523cb624639b6c1add9ffac3aaa,k-means,warm,exec,queue,0.012485027313232422,2.384185791015625e-07,2.384185791015625e-07,1609701968.5816963,1609701968.7449224,0.16322612762451172,1609701968.622806,1609701968.6316571,0.008851051330566406
584a10edf20140b2ab8b5f330275d9de,k-means,warm,exec,queue,0.016834497451782227,2.384185791015625e-07,2.384185791015625e-07,1609701968.5843234,1609701968.7100232,0.12569975852966309,1609701968.6278749,1609701968.636161,0.008286237716674805
b3969e16a7804de597fe1fed852db7bb,k-means,warm,exec,queue,0.021216154098510742,2.384185791015625e-07,2.384185791015625e-07,1609701968.5862265,1609701968.743243,0.15701651573181152,1609701968.635576,1609701968.643734,0.008157968521118164
a8d09b917ec042a78c144f6bb00a631d,k-means,warm,exec,queue,0.0255126953125,2.384185791015625e-07,0.0,1609701968.5878124,1609701968.778118,0.19030547142028809,1609701968.6383042,1609701968.645059,0.006754875183105469
59da9c5bde004ad980a2be50643c3965,k-means,warm,exec,queue,0.030379056930541992,2.384185791015625e-07,0.0,1609701968.5894186,1609701968.969266,0.37984728813171387,1609701968.6426485,1609701968.6478724,0.005223989486694336
5750ef1c966947ee978be6785c84d3d3,k-means,warm,exec,queue,0.03493237495422363,2.384185791015625e-07,2.384185791015625e-07,1609701968.5910099,1609701968.8698545,0.27884459495544434,1609701968.650287,1609701968.6561399,0.005852937698364258
a7be35b49c584b7fbe0504c9ce97a84c,k-means,warm,exec,queue,0.03921961784362793,2.384185791015625e-07,2.384185791015625e-07,1609701968.5926168,1609701968.9380429,0.345426082611084,1609701968.6537747,1609701968.658738,0.0049631595611572266
4d4304a226be408f84e50678cb1856b4,k-means,warm,exec,queue,0.04368782043457031,2.384185791015625e-07,0.0,1609701968.594356,1609701968.9360852,0.34172916412353516,1609701968.6579611,1609701968.6646519,0.0066907405853271484
c270d368172848038e9de986984dac76,k-means,warm,exec,queue,0.04856395721435547,2.384185791015625e-07,2.384185791015625e-07,1609701968.5959015,1609701968.9709628,0.3750612735748291,1609701968.664503,1609701968.6707,0.0061969757080078125
bd897f09efa74b6fb810fdbca1a44f37,k-means,warm,exec,queue,0.006933689117431641,4.76837158203125e-07,4.76837158203125e-07,1609701969.584157,1609701969.722495,0.1383380889892578,1609701969.6431165,1609701969.6511683,0.008051872253417969
fe165b7569aa47448958cbb7d93bd365,k-means,warm,exec,queue,0.05257773399353027,4.76837158203125e-07,2.384185791015625e-07,1609701969.5884233,1609701969.800302,0.21187877655029297,1609701969.6928751,1609701969.699714,0.006838798522949219
14e6f243636349968d08bac5d438ea25,k-means,warm,exec,queue,0.05791282653808594,2.384185791015625e-07,0.0,1609701969.5910244,1609701969.9009671,0.30994272232055664,1609701969.695664,1609701969.7022595,0.006595611572265625
4c52a60936964762938a790f8a0c55a6,k-means,warm,exec,queue,0.06353282928466797,2.384185791015625e-07,2.384185791015625e-07,1609701969.5936077,1609701969.930273,0.33666539192199707,1609701969.7025807,1609701969.7102947,0.007714033126831055
449da463f4b340e2ba55725fae1b3f8c,k-means,warm,exec,queue,0.015835285186767578,2.384185791015625e-07,2.384185791015625e-07,1609701969.5963948,1609701969.823293,0.226898193359375,1609701969.6479335,1609701969.6562748,0.008341312408447266
f887b623fba84cd99726aecec04d3185,k-means,warm,exec,queue,0.02017807960510254,2.384185791015625e-07,2.384185791015625e-07,1609701969.597949,1609701969.797686,0.1997370719909668,1609701969.6532252,1609701969.6604774,0.007252216339111328
2ee2aad45d06402fb8582f08963bfebc,k-means,warm,exec,queue,0.026755571365356445,2.384185791015625e-07,0.0,1609701969.5995052,1609701969.7544746,0.1549694538116455,1609701969.6618462,1609701969.6680658,0.006219625473022461
e191ad8342c344dd979246ea79e3b301,k-means,warm,exec,queue,0.03212404251098633,2.384185791015625e-07,2.384185791015625e-07,1609701969.6010768,1609701969.7959666,0.19488978385925293,1609701969.6674707,1609701969.6754563,0.007985591888427734
6748268da0124bc5a736f8ec44780024,k-means,warm,exec,queue,0.036800384521484375,2.384185791015625e-07,2.384185791015625e-07,1609701969.6027749,1609701969.8019736,0.19919872283935547,1609701969.6709335,1609701969.6773562,0.006422758102416992
dbd90f798a264c2f8b69da4d85b4ba99,k-means,warm,exec,queue,0.04180479049682617,2.384185791015625e-07,0.0,1609701969.6043634,1609701969.8008096,0.19644618034362793,1609701969.676692,1609701969.6834586,0.006766557693481445
d1dcd16a4bee4f19be72c96093d99a66,k-means,warm,exec,queue,0.04854297637939453,7.152557373046875e-07,2.384185791015625e-07,1609701969.6059227,1609701969.8630655,0.2571427822113037,1609701969.6921446,1609701969.6992953,0.0071506500244140625
30371599a2d44c039909c81a602bb875,k-means,warm,exec,queue,0.010931015014648438,2.384185791015625e-07,0.0,1609701969.6074834,1609701969.721358,0.11387467384338379,1609701969.6425776,1609701969.6507773,0.008199691772460938
b119889c9dee402f9c4481d14fc54fa9,k-means,warm,exec,queue,0.06837344169616699,0.0,2.384185791015625e-07,1609701969.6091616,1609701970.0808022,0.47164058685302734,1609701969.707975,1609701969.714021,0.0060460567474365234
07f1cc096aa6429f852c97804422039d,k-means,warm,exec,queue,0.07289886474609375,2.384185791015625e-07,2.384185791015625e-07,1609701969.610719,1609701969.9920218,0.3813028335571289,1609701969.711787,1609701969.716906,0.0051190853118896484
f85b092caddb46fbbc45b801228ed071,k-means,warm,exec,queue,0.07828903198242188,2.384185791015625e-07,0.0,1609701969.6122928,1609701970.0827057,0.4704129695892334,1609701969.7192883,1609701969.7244308,0.0051424503326416016
92084d3b254c4a8fa76110765f7f9351,k-means,warm,exec,queue,0.0841984748840332,2.384185791015625e-07,2.384185791015625e-07,1609701969.6138582,1609701969.8988056,0.28494739532470703,1609701969.724406,1609701969.729166,0.004760026931762695
7576e87f64584c10876ac14877de3c1a,k-means,warm,exec,queue,0.08981800079345703,2.384185791015625e-07,0.0,1609701969.615525,1609701970.248969,0.63344407081604,1609701969.7300398,1609701969.734276,0.0042362213134765625
959d4ed087de488b978097c664027ea6,video,warm,exec,queue,0.01636481285095215,2.384185791015625e-07,2.384185791015625e-07,1609701969.6171143,1609701969.7561278,0.13901352882385254,1609701969.6621115,1609701969.678123,0.016011476516723633
f519b08329c442c3b3d77e9f62bd3747,k-means,warm,exec,queue,0.005449056625366211,2.384185791015625e-07,2.384185791015625e-07,1609701970.5781767,1609701970.7197607,0.14158391952514648,1609701970.6189146,1609701970.6275408,0.008626222610473633
a3ab6b374d7c4144b12b9bd1fdc956ac,matmul,warm,exec,queue,0.01832103729248047,0.0,2.384185791015625e-07,1609701970.5822415,1609701970.7502978,0.16805624961853027,1609701970.6400673,1609701970.6498373,0.009769916534423828
43b298b4048f426396b6e99e23c45b86,k-means,warm,exec,queue,0.03624987602233887,2.384185791015625e-07,2.384185791015625e-07,1609701970.5848835,1609701970.7738469,0.1889634132385254,1609701970.6548903,1609701970.660491,0.005600690841674805
c0a049c9f13a4f4e80205d05e4d0a198,k-means,warm,exec,queue,0.04103899002075195,2.384185791015625e-07,0.0,1609701970.5874584,1609701970.7782266,0.19076824188232422,1609701970.659071,1609701970.6657996,0.006728649139404297
83f2b218fac2401b99d2b82bcc0493b1,k-means,warm,exec,queue,0.04561257362365723,2.384185791015625e-07,2.384185791015625e-07,1609701970.589554,1609701970.7788253,0.1892712116241455,1609701970.6628644,1609701970.6692073,0.006342887878417969
74256f35e6f5463ebfe59132156daa9e,k-means,warm,exec,queue,0.023944616317749023,2.384185791015625e-07,2.384185791015625e-07,1609701970.5911102,1609701970.8857741,0.2946639060974121,1609701970.6391413,1609701970.6443765,0.005235195159912109
f28b3e80d0724d75a95ad12d532e71db,k-means,warm,exec,queue,0.028681516647338867,2.384185791015625e-07,0.0,1609701970.5926898,1609701970.775527,0.18283724784851074,1609701970.6415954,1609701970.648198,0.00660252571105957
fc292bf26a304a8eb594e6a06b90b491,k-means,warm,exec,queue,0.03360605239868164,2.384185791015625e-07,0.0,1609701970.5942352,1609701970.8253677,0.23113250732421875,1609701970.646984,1609701970.6535232,0.006539106369018555
f98f40b1cce14899a06bd7b921557b88,k-means,warm,exec,queue,0.017226696014404297,2.384185791015625e-07,2.384185791015625e-07,1609701970.5957882,1609701970.7486105,0.15282225608825684,1609701970.6300905,1609701970.6385987,0.00850820541381836
dc33cea91a5144ff93fc2d35a6c7bea8,k-means,warm,exec,queue,0.012851953506469727,2.384185791015625e-07,0.0,1609701970.5974858,1609701970.7163706,0.11888480186462402,1609701970.6248512,1609701970.632821,0.007969856262207031
8de4c9b659a349dba360a585f9b2cf13,k-means,warm,exec,queue,0.008287429809570312,2.384185791015625e-07,2.384185791015625e-07,1609701970.5990314,1609701970.7191763,0.12014484405517578,1609701970.62095,1609701970.6294208,0.008470773696899414
53a65e67141645748a37334461ef1063,k-means,warm,exec,queue,0.009529829025268555,4.76837158203125e-07,2.384185791015625e-07,1609701971.5794942,1609701971.709952,0.13045787811279297,1609701971.6261814,1609701971.6346092,0.008427858352661133
10c53d13b9d449feb15981c540325006,k-means,warm,exec,queue,0.05985212326049805,2.384185791015625e-07,0.0,1609701971.5835924,1609701971.8596644,0.27607202529907227,1609701971.6837442,1609701971.6906068,0.006862640380859375
e0b8157c542b4509a038654b4b760a8a,k-means,warm,exec,queue,0.05541801452636719,2.384185791015625e-07,0.0,1609701971.5862024,1609701971.7717965,0.1855940818786621,1609701971.6768165,1609701971.6815956,0.00477910041809082
e9bcb90946be49928da51ad853e670fb,k-means,warm,exec,queue,0.05060243606567383,2.384185791015625e-07,4.76837158203125e-07,1609701971.5887718,1609701971.855187,0.2664151191711426,1609701971.6711621,1609701971.6773117,0.0061495304107666016
6c6a5b389fef4562950b7ccaaae5fe7e,k-means,warm,exec,queue,0.0456545352935791,2.384185791015625e-07,2.384185791015625e-07,1609701971.591604,1609701971.7759724,0.18436837196350098,1609701971.6657948,1609701971.6709723,0.005177497863769531
893816b12dbc4afb875219afbc07803a,k-means,warm,exec,queue,0.04094505310058594,4.76837158203125e-07,2.384185791015625e-07,1609701971.5934746,1609701971.8592832,0.2658085823059082,1609701971.6605442,1609701971.6656306,0.005086421966552734
dd1f1478a1264466921ff07c6049e140,k-means,warm,exec,queue,0.03576397895812988,2.384185791015625e-07,2.384185791015625e-07,1609701971.595002,1609701971.7424462,0.1474442481994629,1609701971.654612,1609701971.6596115,0.004999399185180664
7952e1614f7646e9bfda25901b1a8154,k-means,warm,exec,queue,0.03103780746459961,2.384185791015625e-07,2.384185791015625e-07,1609701971.5965438,1609701971.9109905,0.31444668769836426,1609701971.6489964,1609701971.6541164,0.005120038986206055
b6ec9c5eb5354541b4a7d9b61a5a3356,k-means,warm,exec,queue,0.026297807693481445,4.76837158203125e-07,2.384185791015625e-07,1609701971.5980694,1609701971.7440226,0.14595317840576172,1609701971.6458225,1609701971.6525624,0.00673985481262207
963c1aaa310c4cf89afe7914776c20d6,k-means,warm,exec,queue,0.014111995697021484,2.384185791015625e-07,2.384185791015625e-07,1609701971.599722,1609701971.7732897,0.1735677719116211,1609701971.6314228,1609701971.6398044,0.00838160514831543
7491c112b8764b11be6d1387058623fa,k-means,warm,exec,queue,0.0187990665435791,2.384185791015625e-07,4.76837158203125e-07,1609701971.6012726,1609701971.712825,0.11155247688293457,1609701971.6369,1609701971.6456225,0.008722543716430664
af1aad26ce8e4a3096215452bac9a49a,k-means,warm,exec,queue,0.06451559066772461,2.384185791015625e-07,2.384185791015625e-07,1609701971.6028028,1609701971.767811,0.1650083065032959,1609701971.687606,1609701971.6944084,0.00680232048034668
e53e654661e94796a44da4ae4e5b5e25,video,warm,exec,queue,0.017468690872192383,2.384185791015625e-07,2.384185791015625e-07,1609701971.604357,1609701971.7724123,0.16805529594421387,1609701971.6465974,1609701971.6636746,0.017077207565307617
92d1548622b049d6af272d42d4fe15ce,k-means,warm,exec,queue,0.008049488067626953,4.76837158203125e-07,4.76837158203125e-07,1609701972.5924582,1609701972.719122,0.1266636848449707,1609701972.6341946,1609701972.6423388,0.008144140243530273
577410720885404b8a0faf1ace17a0c2,k-means,warm,exec,queue,0.0318753719329834,2.384185791015625e-07,2.384185791015625e-07,1609701972.596117,1609701972.7518554,0.15573835372924805,1609701972.661137,1609701972.6666389,0.005501747131347656
47e143ee989e4f5f9990bfb30c67d4ec,k-means,warm,exec,queue,0.03653383255004883,2.384185791015625e-07,0.0,1609701972.599101,1609701972.9309824,0.3318812847137451,1609701972.6665184,1609701972.6732225,0.006704092025756836
0c29990b55d242888cd972deb14890de,k-means,warm,exec,queue,0.041142940521240234,2.384185791015625e-07,4.76837158203125e-07,1609701972.6016886,1609701972.9315636,0.32987499237060547,1609701972.671587,1609701972.6775405,0.005953550338745117
97f8e3d9918d4fda943cffa7e90686a9,k-means,warm,exec,queue,0.04563188552856445,2.384185791015625e-07,2.384185791015625e-07,1609701972.6044545,1609701972.8202941,0.21583962440490723,1609701972.6755311,1609701972.6812754,0.005744218826293945
30ced7e4164549b0962d992361362f71,k-means,warm,exec,queue,0.05009007453918457,2.384185791015625e-07,2.384185791015625e-07,1609701972.6060026,1609701972.8694181,0.2634155750274658,1609701972.68321,1609701972.6896913,0.0064814090728759766
13b4964937124e4aa65f2fde890d8947,k-means,warm,exec,queue,0.055006980895996094,4.76837158203125e-07,2.384185791015625e-07,1609701972.6075342,1609701972.9279888,0.32045459747314453,1609701972.6877604,1609701972.6937296,0.00596928596496582
ee763d1e669f4de3bc828167e02f847c,k-means,warm,exec,queue,0.02729201316833496,2.384185791015625e-07,2.384185791015625e-07,1609701972.6090906,1609701972.777022,0.16793131828308105,1609701972.654895,1609701972.6610441,0.0061490535736083984
ff30e64896de4260b1489109d8313bd2,k-means,warm,exec,queue,0.02234816551208496,4.76837158203125e-07,2.384185791015625e-07,1609701972.6106334,1609701972.8452144,0.23458099365234375,1609701972.648927,1609701972.6549425,0.0060155391693115234
e1cdba9ebbcd4266878203bf0808472c,k-means,warm,exec,queue,0.012099027633666992,4.76837158203125e-07,2.384185791015625e-07,1609701972.612319,1609701972.7225723,0.11025333404541016,1609701972.6387637,1609701972.6473825,0.008618831634521484
0ad2c4c5239345a0a81055346c191696,k-means,warm,exec,queue,0.01691150665283203,2.384185791015625e-07,0.0,1609701972.613861,1609701972.7219687,0.1081075668334961,1609701972.6436174,1609701972.6514962,0.007878780364990234
9ad34380b6de4c64999d8bac2bab07ac,k-means,warm,exec,queue,0.0008618831634521484,7.152557373046875e-07,2.384185791015625e-07,1609701973.5810657,1609701973.7301059,0.14904022216796875,1609701973.6301632,1609701973.638617,0.008453845977783203
1a45f81f6c03489f93e0d0a5440bd0a9,k-means,warm,exec,queue,0.02709794044494629,2.384185791015625e-07,2.384185791015625e-07,1609701973.5851295,1609701973.7712917,0.18616223335266113,1609701973.655036,1609701973.661296,0.006259918212890625
8b018eac73394c0888e01537868cf700,k-means,warm,exec,queue,0.03245902061462402,2.384185791015625e-07,4.76837158203125e-07,1609701973.5876915,1609701973.9095485,0.3218569755554199,1609701973.6580873,1609701973.6630595,0.004972219467163086
9221e3fcbf614562aa9e909e1e5c66c2,k-means,warm,exec,queue,0.03694772720336914,2.384185791015625e-07,2.384185791015625e-07,1609701973.5902617,1609701973.846132,0.25587034225463867,1609701973.6639786,1609701973.6720705,0.008091926574707031
7505309393b4481a84bd3b65e2a8e6e6,k-means,warm,exec,queue,0.042380571365356445,2.384185791015625e-07,2.384185791015625e-07,1609701973.5931115,1609701973.8120384,0.21892690658569336,1609701973.6690907,1609701973.6737447,0.0046539306640625
83d3a3e6ea9c4a338f033e61abcfa3b9,k-means,warm,exec,queue,0.04744362831115723,2.384185791015625e-07,2.384185791015625e-07,1609701973.5956867,1609701973.807224,0.21153736114501953,1609701973.6772385,1609701973.6841106,0.0068721771240234375
e06926db4c2a4e4a978dc725ad043407,k-means,warm,exec,queue,0.0037763118743896484,4.76837158203125e-07,0.0,1609701973.597521,1609701973.7335596,0.13603854179382324,1609701973.6308355,1609701973.6395767,0.008741140365600586
f659b33b347a4fbfaaa8adeb9e7404fd,k-means,warm,exec,queue,0.008466482162475586,4.76837158203125e-07,2.384185791015625e-07,1609701973.5990868,1609701973.8126109,0.21352410316467285,1609701973.6304247,1609701973.6389587,0.008533954620361328
11ca3b59dd924ecb92c1fcd6265fb633,k-means,warm,exec,queue,0.013301610946655273,2.384185791015625e-07,2.384185791015625e-07,1609701973.60067,1609701973.73298,0.1323099136352539,1609701973.6348355,1609701973.6435993,0.008763790130615234
7ae0d7d6c4804f079800faf5d3cf3136,k-means,warm,exec,queue,0.017796039581298828,4.76837158203125e-07,2.384185791015625e-07,1609701973.60237,1609701973.811446,0.209075927734375,1609701973.640985,1609701973.6496398,0.00865483283996582
d12b50184e8e458795744bd1a9e9063c,k-means,warm,exec,queue,0.024801254272460938,2.384185791015625e-07,2.384185791015625e-07,1609701973.6039376,1609701973.9075067,0.30356907844543457,1609701973.653148,1609701973.659745,0.006597042083740234
8e76fd1ca9ed4cf68645a7493f6c3799,video,warm,exec,queue,0.023152828216552734,2.384185791015625e-07,2.384185791015625e-07,1609701973.6055248,1609701973.7730856,0.16756081581115723,1609701973.6540427,1609701973.671479,0.01743626594543457
7d14b0a54c184f12a325a54abea85c85,k-means,warm,exec,queue,8.058547973632812e-05,7.152557373046875e-07,0.0,1609701974.5823073,1609701974.7179055,0.13559818267822266,1609701974.6250412,1609701974.6337354,0.008694171905517578
71aeb5c8b013455583dcc19f33b0763a,k-means,warm,exec,queue,0.005223274230957031,2.384185791015625e-07,0.0,1609701974.5864153,1609701974.7152987,0.12888336181640625,1609701974.625115,1609701974.6336472,0.008532285690307617
92c4343b272542f6836ab78729fecd02,k-means,warm,exec,queue,0.010333538055419922,7.152557373046875e-07,2.384185791015625e-07,1609701974.5890431,1609701974.7777858,0.18874263763427734,1609701974.6303465,1609701974.6392617,0.008915185928344727
e88750294773431281bca7045eb35d82,k-means,warm,exec,queue,0.014732837677001953,2.384185791015625e-07,0.0,1609701974.591608,1609701974.7184544,0.1268463134765625,1609701974.6352344,1609701974.6439617,0.008727312088012695
a0fc0dfd934f4a28b592e1c03a39d6c0,k-means,warm,exec,queue,0.019379138946533203,4.76837158203125e-07,2.384185791015625e-07,1609701974.5944648,1609701974.7730777,0.17861294746398926,1609701974.642823,1609701974.6516166,0.00879359245300293
858d9ec1189d4b8ba22eae642352a1f3,k-means,warm,exec,queue,0.023982763290405273,4.76837158203125e-07,2.384185791015625e-07,1609701974.5968053,1609701974.774729,0.17792367935180664,1609701974.646405,1609701974.654304,0.007899045944213867
1d38e2545bc9427da8ce16cbdbe76805,k-means,warm,exec,queue,0.02881026268005371,2.384185791015625e-07,4.76837158203125e-07,1609701974.5983589,1609701974.7392673,0.14090847969055176,1609701974.6513638,1609701974.6584618,0.007097959518432617
8cb3687da7cc4106b53df7f6116f1255,k-means,warm,exec,queue,0.033843278884887695,2.384185791015625e-07,0.0,1609701974.5999146,1609701974.8767319,0.27681732177734375,1609701974.6553004,1609701974.662226,0.0069255828857421875
f3442f77f01241fc8642051d9b75f72e,k-means,warm,exec,queue,0.03903603553771973,2.384185791015625e-07,0.0,1609701974.6014822,1609701974.8733883,0.27190613746643066,1609701974.6608558,1609701974.6672914,0.0064356327056884766
c1d47e94ba8f4b46acf00544c7643423,k-means,warm,exec,queue,0.044646263122558594,2.384185791015625e-07,0.0,1609701974.6031764,1609701974.777281,0.1741046905517578,1609701974.668066,1609701974.6752706,0.007204532623291016
9758b20683e3481f83aa59164f3348a7,k-means,warm,exec,queue,0.04936552047729492,2.384185791015625e-07,2.384185791015625e-07,1609701974.6047592,1609701974.8751447,0.2703855037689209,1609701974.6732368,1609701974.679998,0.006761074066162109
b1029faa47ea4845b35a1fa57e9e2626,k-means,warm,exec,queue,0.005901813507080078,4.76837158203125e-07,2.384185791015625e-07,1609701975.5869162,1609701975.699539,0.11262273788452148,1609701975.6335692,1609701975.6414735,0.007904291152954102
d9f142d8161a45678e99e66c35819d16,matmul,warm,exec,queue,0.021384000778198242,4.76837158203125e-07,2.384185791015625e-07,1609701975.5909667,1609701975.7438047,0.15283799171447754,1609701975.6624188,1609701975.673611,0.011192083358764648
882dcff020c94e91b797a8f06e3f264b,k-means,warm,exec,queue,0.044394493103027344,2.384185791015625e-07,2.384185791015625e-07,1609701975.5935783,1609701977.8710709,2.2774925231933594,1609701975.682382,1609701975.6898112,0.0074291229248046875
a3bbd7bc27034b7d8ea1bb8c8b1371bc,k-means,warm,exec,queue,0.05005359649658203,2.384185791015625e-07,0.0,1609701975.5961163,1609701976.5721228,0.9760065078735352,1609701975.6831777,1609701975.6900337,0.006855964660644531
f4d75fb1b5224bf2a945cbe9e9fd777f,k-means,warm,exec,queue,0.009648323059082031,2.384185791015625e-07,2.384185791015625e-07,1609701975.5989497,1609701975.7007966,0.10184693336486816,1609701975.6369472,1609701975.6447878,0.007840633392333984
9d902b76d1384cedbcc371f493579c44,k-means,warm,exec,queue,0.014195919036865234,2.384185791015625e-07,2.384185791015625e-07,1609701975.601179,1609701975.7252803,0.12410140037536621,1609701975.6422327,1609701975.6505077,0.008275032043457031
317a1d09ff994ac1b63f06964915e7f3,k-means,warm,exec,queue,0.019406795501708984,4.76837158203125e-07,2.384185791015625e-07,1609701975.602697,1609701975.7266634,0.12396645545959473,1609701975.6569502,1609701975.6648533,0.007903099060058594
8cdd709b0e67405680bf92a93f81818c,k-means,warm,exec,queue,0.02802872657775879,4.76837158203125e-07,2.384185791015625e-07,1609701975.6042209,1609701976.570306,0.9660851955413818,1609701975.6630514,1609701975.670857,0.007805585861206055
f3367d22075b4ad0bc0b437279554ad7,k-means,warm,exec,queue,0.0340423583984375,2.384185791015625e-07,0.0,1609701975.605755,1609701976.747889,1.1421339511871338,1609701975.6634426,1609701975.6682656,0.004822969436645508
da844eb7b25140e6aff91f486c588391,k-means,warm,exec,queue,0.03957033157348633,2.384185791015625e-07,2.384185791015625e-07,1609701975.607425,1609701975.7421257,0.13470077514648438,1609701975.6758168,1609701975.6835568,0.007740020751953125
41f0430307bb42439f7bdabc537c2178,video,warm,exec,queue,0.01977229118347168,2.384185791015625e-07,0.0,1609701975.60898,1609701976.6633306,1.0543506145477295,1609701975.6579635,1609701975.674082,0.016118526458740234
7d7a6f15c90e41bcb14b7fbcdb57b280,map_reduce,warm,exec,queue,0.03531289100646973,2.384185791015625e-07,2.384185791015625e-07,1609701975.6105368,1609701976.8577964,1.2472596168518066,1609701975.6643374,1609701975.7498748,0.08553743362426758
dc4ab6406caa469698bca16ea71aa05c,disk,warm,exec,queue,0.03837871551513672,2.384185791015625e-07,2.384185791015625e-07,1609701975.6120965,1609701976.663968,1.0518715381622314,1609701975.6784773,1609701975.6863234,0.00784611701965332
1f633f01694f492eade2705287e545ce,image,cold,exec,create,0.04092693328857422,4.283309698104858,2.384185791015625e-07,1609701975.6137962,1609701980.0521395,4.438343286514282,1609701979.9584835,1609701979.983126,0.024642467498779297
391c439560fc4419806413d26d33746d,k-means,warm,exec,queue,7.534027099609375e-05,4.76837158203125e-07,2.384185791015625e-07,1609701976.5902772,1609701976.749199,0.1589217185974121,1609701976.6363769,1609701976.645252,0.008875131607055664
5b62834b145b4887abedb9f3ddebb703,k-means,warm,exec,queue,0.007200956344604492,4.76837158203125e-07,2.384185791015625e-07,1609701976.5937989,1609701977.7363591,1.1425602436065674,1609701976.6365812,1609701976.6437294,0.007148265838623047
fc48276fd0ee43c9b849308556e69368,k-means,warm,exec,queue,0.012356758117675781,2.384185791015625e-07,4.76837158203125e-07,1609701976.5953734,1609701978.4270492,1.8316757678985596,1609701976.6422935,1609701976.650791,0.008497476577758789
773ab7a8ed5e4d5f8d50696fe9fdcd0a,k-means,warm,exec,queue,0.016786813735961914,2.384185791015625e-07,0.0,1609701976.5970604,1609701978.0490062,1.4519457817077637,1609701976.6474555,1609701976.6557984,0.008342981338500977
c8ed27107cc341e690439eb45353099f,k-means,warm,exec,queue,0.022240161895751953,2.384185791015625e-07,2.384185791015625e-07,1609701976.5989168,1609701977.8748925,1.2759757041931152,1609701976.6526906,1609701976.6594954,0.006804704666137695
4b175483f62c44b1a0bbc27a90b0f659,k-means,warm,exec,queue,0.026999711990356445,4.76837158203125e-07,0.0,1609701976.6005414,1609701978.2696888,1.6691474914550781,1609701976.6580002,1609701976.663491,0.005490779876708984
b124289c41f5421d9deee5896ee0c859,k-means,warm,exec,queue,0.03258466720581055,2.384185791015625e-07,2.384185791015625e-07,1609701976.602138,1609701976.9189675,0.3168294429779053,1609701976.665761,1609701976.6719823,0.006221294403076172
22ca5f539e6d4556b9b8201a42c1b722,k-means,warm,exec,queue,0.03726053237915039,2.384185791015625e-07,0.0,1609701976.6037118,1609701978.4247234,1.8210115432739258,1609701976.669349,1609701976.6738641,0.004515171051025391
6070ae8be0eb4d0287896c1e0b7be28e,k-means,warm,exec,queue,0.04186367988586426,2.384185791015625e-07,0.0,1609701976.605444,1609701978.266154,1.660710096359253,1609701976.6750896,1609701976.6823728,0.007283210754394531
c562e694339c4caf98da554a912dee0b,k-means,warm,exec,queue,0.04699873924255371,4.76837158203125e-07,0.0,1609701976.6070206,1609701976.9209032,0.31388258934020996,1609701976.6809042,1609701976.6877186,0.006814479827880859
9aff18976b8a4b9db46d79fe6ae9f13b,k-means,warm,exec,queue,0.05164909362792969,7.152557373046875e-07,2.384185791015625e-07,1609701976.6086085,1609701977.738077,1.1294684410095215,1609701976.6856627,1609701976.692566,0.006903171539306641
0ec7cceb356441f08331f790c50367c0,k-means,warm,exec,queue,0.056700706481933594,2.384185791015625e-07,2.384185791015625e-07,1609701976.6101704,1609701978.26789,1.657719612121582,1609701976.6911397,1609701976.6976407,0.006500959396362305
708c36e76c0f4e7c987f0bd5c7e2f325,k-means,warm,exec,queue,0.061797142028808594,4.76837158203125e-07,2.384185791015625e-07,1609701976.6118743,1609701978.4199216,1.8080472946166992,1609701976.6981847,1609701976.705103,0.006918191909790039
2977ca84f1a14a0ea390a4d383c19617,k-means,warm,exec,queue,0.0667724609375,4.76837158203125e-07,2.384185791015625e-07,1609701976.6134636,1609701976.801599,0.18813538551330566,1609701976.7032008,1609701976.7092793,0.006078481674194336
4d1df5481ee2419f9a369690f487d90d,k-means,warm,exec,queue,0.0012309551239013672,2.384185791015625e-07,2.384185791015625e-07,1609701977.5916133,1609701977.9571922,0.36557888984680176,1609701977.6491003,1609701977.6571295,0.00802922248840332
ab2c455caa0d4cdfab51503cbe2a081c,k-means,warm,exec,queue,0.03973793983459473,2.384185791015625e-07,2.384185791015625e-07,1609701977.5960293,1609701978.0526226,0.45659327507019043,1609701977.6850917,1609701977.6932461,0.00815439224243164
b0b69b9e257d471c8b62ca653bda4f7b,k-means,warm,exec,queue,0.04579019546508789,2.384185791015625e-07,2.384185791015625e-07,1609701977.5986207,1609701978.0027473,0.4041266441345215,1609701977.6927323,1609701977.7000015,0.007269144058227539
a89a8938865c44918aebf00c2bd9b054,k-means,warm,exec,queue,0.05124831199645996,4.76837158203125e-07,2.384185791015625e-07,1609701977.6011655,1609701977.9992282,0.39806270599365234,1609701977.6971786,1609701977.703916,0.006737470626831055
71e6c98b84bd4b409b3bb39de020c398,k-means,warm,exec,queue,0.05623364448547363,2.384185791015625e-07,2.384185791015625e-07,1609701977.6041396,1609701978.003325,0.3991854190826416,1609701977.7020686,1609701977.7085168,0.006448268890380859
93d5d8e7ab1e412e8c133a1fa3d769f7,k-means,warm,exec,queue,0.061464786529541016,4.76837158203125e-07,2.384185791015625e-07,1609701977.6057296,1609701977.9998102,0.39408063888549805,1609701977.7087789,1609701977.7148297,0.006050825119018555
b2e06edb6ea540a3ae6e1933d54a12ff,k-means,warm,exec,queue,0.06631898880004883,2.384185791015625e-07,2.384185791015625e-07,1609701977.6072311,1609701978.1674137,0.5601825714111328,1609701977.71438,1609701977.7198448,0.005464792251586914
587e9cc35a1f4019a5edb322108fcdee,k-means,warm,exec,queue,0.07132244110107422,4.76837158203125e-07,2.384185791015625e-07,1609701977.6087096,1609701978.0529635,0.44425392150878906,1609701977.719357,1609701977.725309,0.005951881408691406
86c13511a77b451b8b1feb99f595d5bb,k-means,warm,exec,queue,0.07608509063720703,2.384185791015625e-07,2.384185791015625e-07,1609701977.610186,1609701978.4179146,0.8077285289764404,1609701977.7244172,1609701977.7309935,0.0065762996673583984
0966844e0b4a4310b449ee64830a613a,k-means,warm,exec,queue,0.004326343536376953,4.76837158203125e-07,2.384185791015625e-07,1609701977.6117663,1609701977.9028215,0.29105520248413086,1609701977.6491735,1609701977.657388,0.008214473724365234
fdce458c4bea4e2a8b6f6a2fd667ac47,k-means,warm,exec,queue,0.00910806655883789,2.384185791015625e-07,2.384185791015625e-07,1609701977.6132495,1609701978.0532894,0.44003987312316895,1609701977.6489837,1609701977.6560347,0.007050991058349609
749d9962360f495391598fa3ad4e4505,k-means,warm,exec,queue,0.01424717903137207,4.76837158203125e-07,2.384185791015625e-07,1609701977.6147203,1609701978.3388176,0.7240972518920898,1609701977.6563642,1609701977.6644592,0.008095026016235352
06e864b0fae947a3b615525160f29047,k-means,warm,exec,queue,0.019516706466674805,4.76837158203125e-07,2.384185791015625e-07,1609701977.616297,1609701978.4240925,0.807795524597168,1609701977.673623,1609701977.681538,0.007915019989013672
005bc607075b45659cbca43b6996d1cc,k-means,warm,exec,queue,0.02670574188232422,4.76837158203125e-07,2.384185791015625e-07,1609701977.6177526,1609701978.169469,0.5517165660858154,1609701977.675116,1609701977.6817408,0.006624698638916016
e662e8ad521341a582e956f07538e45f,k-means,warm,exec,queue,0.032476186752319336,2.384185791015625e-07,0.0,1609701977.619208,1609701977.8760173,0.2568092346191406,1609701977.6758504,1609701977.6823225,0.006472110748291016
408ddefaa12849909f2378fa45ff3f1d,k-means,warm,exec,queue,0.03721189498901367,2.384185791015625e-07,2.384185791015625e-07,1609701977.6206691,1609701978.4252837,0.8046145439147949,1609701977.679034,1609701977.686226,0.007191896438598633
f5b426571dfb48bfae38db9be4152c00,video,warm,exec,queue,0.021924734115600586,4.76837158203125e-07,2.384185791015625e-07,1609701977.6231863,1609701977.8754568,0.2522704601287842,1609701977.6756084,1609701977.694709,0.019100666046142578
5f5b0d9961c544af8b95a86b24ef71aa,k-means,warm,exec,queue,0.0056269168853759766,4.76837158203125e-07,2.384185791015625e-07,1609701978.5806625,1609701978.7814271,0.20076465606689453,1609701978.6250527,1609701978.6330986,0.00804591178894043
30798c490ea04e57993b7f260fbc2201,k-means,warm,exec,queue,0.0529019832611084,4.76837158203125e-07,0.0,1609701978.5840394,1609701979.0706367,0.48659729957580566,1609701978.6804361,1609701978.6879237,0.00748753547668457
99a3bc69aab44492b7e89e0f08ecb788,k-means,warm,exec,queue,0.04734921455383301,2.384185791015625e-07,4.76837158203125e-07,1609701978.5854862,1609701978.8364246,0.25093841552734375,1609701978.6718717,1609701978.6777558,0.0058841705322265625
e8e884cd30e345068bc0f01df5e3f92e,k-means,warm,exec,queue,0.04215431213378906,4.76837158203125e-07,2.384185791015625e-07,1609701978.5869007,1609701978.7750113,0.1881105899810791,1609701978.667966,1609701978.674559,0.006593227386474609
f950d6f1c2eb4185979fa6871b141d5f,k-means,warm,exec,queue,0.03741264343261719,2.384185791015625e-07,2.384185791015625e-07,1609701978.5885818,1609701978.833766,0.24518418312072754,1609701978.6613297,1609701978.6661708,0.0048410892486572266
af9afb51c51040149982cd4f55b81b97,k-means,warm,exec,queue,0.009582996368408203,7.152557373046875e-07,2.384185791015625e-07,1609701978.5899973,1609701978.8369718,0.24697446823120117,1609701978.6281316,1609701978.6355095,0.0073778629302978516
ff1440c483e04d36889f7a06c2c50204,k-means,warm,exec,queue,0.014180898666381836,4.76837158203125e-07,2.384185791015625e-07,1609701978.5914164,1609701978.7793236,0.18790721893310547,1609701978.6329646,1609701978.6399188,0.006954193115234375
7e7b1c02a21e458c8b4a07b6abbe9eee,k-means,warm,exec,queue,0.01945805549621582,2.384185791015625e-07,0.0,1609701978.5940967,1609701978.7787476,0.18465089797973633,1609701978.6411693,1609701978.6486325,0.007463216781616211
0effacba435c441d9545a8f83acc0413,k-means,warm,exec,queue,0.024133682250976562,2.384185791015625e-07,2.384185791015625e-07,1609701978.596932,1609701979.0009656,0.4040336608886719,1609701978.6447408,1609701978.6502047,0.005463838577270508
0adc3c2e40de473a9628867073b72415,k-means,warm,exec,queue,0.029438495635986328,4.76837158203125e-07,2.384185791015625e-07,1609701978.6000063,1609701979.068479,0.4684727191925049,1609701978.649959,1609701978.6552472,0.005288124084472656
1afbc6ba8a7e4193a741486b5b4879ef,k-means,warm,exec,queue,0.03435683250427246,4.76837158203125e-07,2.384185791015625e-07,1609701978.602983,1609701978.7798457,0.1768627166748047,1609701978.6568847,1609701978.6626103,0.0057256221771240234
0e6647ae97864e808b836ffe162b1585,k-means,warm,exec,queue,7.390975952148438e-05,4.76837158203125e-07,4.76837158203125e-07,1609701979.583885,1609701979.7199337,0.1360487937927246,1609701979.626585,1609701979.6340265,0.007441520690917969
6da932b407d44eda8ce9e5d5b1fa1db2,k-means,warm,exec,queue,0.005806684494018555,2.384185791015625e-07,4.76837158203125e-07,1609701979.5879698,1609701979.7193005,0.1313307285308838,1609701979.6269646,1609701979.6344917,0.00752711296081543
7ee908c0bfc74fa6b2337c3b13c56f79,k-means,warm,exec,queue,0.010299444198608398,4.76837158203125e-07,2.384185791015625e-07,1609701979.5905042,1609701979.7853687,0.19486451148986816,1609701979.628912,1609701979.6364753,0.007563352584838867
12aab7a38a8f449fb6073fe2d726a3a3,k-means,warm,exec,queue,0.014571428298950195,2.384185791015625e-07,2.384185791015625e-07,1609701979.5927124,1609701979.7154307,0.12271833419799805,1609701979.6331263,1609701979.639163,0.0060367584228515625
332aebb473bd4788becc925780f5d220,k-means,warm,exec,queue,0.01970982551574707,4.76837158203125e-07,2.384185791015625e-07,1609701979.5943267,1609701979.8390741,0.24474740028381348,1609701979.6472495,1609701979.6529925,0.0057430267333984375
a07040bb09df4a8987f24851002b8d29,k-means,warm,exec,queue,0.025377988815307617,2.384185791015625e-07,2.384185791015625e-07,1609701979.5957415,1609701979.976162,0.380420446395874,1609701979.649131,1609701979.6559052,0.006774187088012695
6efd1805ce214f3b83d63b8aa55bf033,k-means,warm,exec,queue,0.029294490814208984,2.384185791015625e-07,0.0,1609701979.5972342,1609701979.783503,0.18626880645751953,1609701979.6500793,1609701979.6563308,0.00625157356262207
43b48e13f3294854ac25ec36cb1bd0c5,k-means,warm,exec,queue,0.03440427780151367,2.384185791015625e-07,0.0,1609701979.5986547,1609701979.8383431,0.23968839645385742,1609701979.6561067,1609701979.6627288,0.0066220760345458984
7648637e1d49492385b19ae10c11bb71,k-means,warm,exec,queue,0.03943943977355957,4.76837158203125e-07,2.384185791015625e-07,1609701979.6000826,1609701979.83516,0.2350773811340332,1609701979.6672873,1609701979.67391,0.0066225528717041016
944c1bc0bc32457c828dca502b065cd8,k-means,warm,exec,queue,0.046346187591552734,2.384185791015625e-07,0.0,1609701979.601624,1609701979.838706,0.23708200454711914,1609701979.6712174,1609701979.6778588,0.006641387939453125
fa4b2cf01cd3418f89b4a393d767f1e8,k-means,warm,exec,queue,0.04892539978027344,2.384185791015625e-07,2.384185791015625e-07,1609701979.6030452,1609701979.740583,0.13753771781921387,1609701979.673279,1609701979.6793826,0.006103515625
23892d7443c547d0a4b7f84c34cc09dc,video,warm,exec,queue,0.019719362258911133,2.384185791015625e-07,0.0,1609701979.6044848,1609701979.866482,0.2619972229003906,1609701979.6497004,1609701979.6663668,0.016666412353515625
ad8c8d258d1c44e6bfa7c750ef496756,k-means,warm,exec,queue,0.0011119842529296875,4.76837158203125e-07,2.384185791015625e-07,1609701980.5924888,1609701980.7236564,0.13116765022277832,1609701980.6458762,1609701980.6531105,0.007234334945678711
b64fa3d8e9f74d1885cb9ccd358b42df,k-means,warm,exec,queue,0.03975963592529297,2.384185791015625e-07,0.0,1609701980.596681,1609701980.8250487,0.22836756706237793,1609701980.6849973,1609701980.6926644,0.007667064666748047
df276999a3374f8fbffc42a7ca0394bf,k-means,warm,exec,queue,0.04451346397399902,2.384185791015625e-07,2.384185791015625e-07,1609701980.5991876,1609701981.0000792,0.4008915424346924,1609701980.6901212,1609701980.697178,0.007056713104248047
f663f49d28a3416f9d9cb861f82b09a7,k-means,warm,exec,queue,0.04947018623352051,2.384185791015625e-07,2.384185791015625e-07,1609701980.6016676,1609701980.81996,0.2182924747467041,1609701980.6939673,1609701980.7008908,0.0069234371185302734
c7a8c7fc372c4cbbbad91b90ea14a7a2,k-means,warm,exec,queue,0.054952383041381836,2.384185791015625e-07,2.384185791015625e-07,1609701980.6044493,1609701981.0972264,0.49277710914611816,1609701980.6994023,1609701980.7048614,0.0054590702056884766
e4ef75aa277b4d9e8eecf395931c16ec,k-means,warm,exec,queue,0.06016278266906738,2.384185791015625e-07,2.384185791015625e-07,1609701980.605864,1609701980.9980156,0.3921515941619873,1609701980.7066529,1609701980.712378,0.00572514533996582
e2978ecd9e2d4ff3be6fe0620a899688,k-means,warm,exec,queue,0.06544089317321777,2.384185791015625e-07,2.384185791015625e-07,1609701980.6072738,1609701980.822053,0.21477913856506348,1609701980.710683,1609701980.715094,0.004410982131958008
19a6f4ba8a6846a0a62f8d4624f6e8f0,k-means,warm,exec,queue,0.0711369514465332,2.384185791015625e-07,4.76837158203125e-07,1609701980.6087112,1609701980.8957846,0.28707337379455566,1609701980.719038,1609701980.7249577,0.005919694900512695
bf838215d334408f94239277edeb4de1,k-means,warm,exec,queue,0.005112648010253906,2.384185791015625e-07,0.0,1609701980.6101313,1609701980.723089,0.11295771598815918,1609701980.6464136,1609701980.6537375,0.0073239803314208984
8bfb9600174f4dfb9ddd218ddab740c2,k-means,warm,exec,queue,0.009353876113891602,2.384185791015625e-07,2.384185791015625e-07,1609701980.6116712,1609701980.719432,0.10776090621948242,1609701980.6477346,1609701980.6551588,0.007424116134643555
7121c6112457451286db49b527b9bf6c,k-means,warm,exec,queue,0.019530534744262695,2.384185791015625e-07,4.76837158203125e-07,1609701980.6131077,1609701980.8246121,0.21150445938110352,1609701980.666306,1609701980.6740859,0.007779836654663086
6c8893338aec453abc978e27bd38fd53,k-means,warm,exec,queue,0.014676094055175781,2.384185791015625e-07,0.0,1609701980.6145232,1609701980.7430477,0.1285245418548584,1609701980.6542456,1609701980.6617851,0.007539510726928711
97c0d7b2c6f940888511f7fe780fba65,k-means,warm,exec,queue,0.026955604553222656,2.384185791015625e-07,0.0,1609701980.6159482,1609701980.8281627,0.21221446990966797,1609701980.6685703,1609701980.674221,0.005650758743286133
969feb62b12c4c34aaf3adeeeaba7470,k-means,warm,exec,queue,0.031485557556152344,2.384185791015625e-07,2.384185791015625e-07,1609701980.6174757,1609701980.827731,0.21025514602661133,1609701980.6712945,1609701980.6767247,0.0054302215576171875
cc93ff0c728048c0a60b8a700e67b796,k-means,warm,exec,queue,0.03700089454650879,2.384185791015625e-07,2.384185791015625e-07,1609701980.6188896,1609701980.8286295,0.20973992347717285,1609701980.6797676,1609701980.6866298,0.006862163543701172
372611ee690b4f91b8f472f77cf9e21c,video,warm,exec,queue,0.01984858512878418,0.0,2.384185791015625e-07,1609701980.6203196,1609701980.8224893,0.20216965675354004,1609701980.6670022,1609701980.683474,0.01647186279296875
313af22271fd4cd5b084d3ae48c96330,matmul,warm,exec,queue,0.022799015045166016,2.384185791015625e-07,0.0,1609701980.6218321,1609701980.7441099,0.12227773666381836,1609701980.6687117,1609701980.679106,0.01039433479309082
5e655f287b3a401195bf0873b1a9c907,k-means,warm,exec,queue,0.003332376480102539,4.76837158203125e-07,2.384185791015625e-07,1609701981.5804782,1609701981.679943,0.09946489334106445,1609701981.6097078,1609701981.6171775,0.007469654083251953
aede4c436803478b9573ebb8cff55a5f,k-means,warm,exec,queue,0.030248641967773438,2.384185791015625e-07,0.0,1609701981.5844314,1609701981.8385262,0.25409483909606934,1609701981.6418483,1609701981.6482353,0.006386995315551758
beb0bd1f93864288860348795daf0ea0,k-means,warm,exec,queue,0.025487661361694336,4.76837158203125e-07,2.384185791015625e-07,1609701981.586915,1609701981.7483137,0.16139864921569824,1609701981.6338837,1609701981.6394074,0.005523681640625
1ca4bf52119440d49df530e8470bba29,k-means,warm,exec,queue,0.007950067520141602,2.384185791015625e-07,2.384185791015625e-07,1609701981.5894253,1609701981.7968094,0.2073841094970703,1609701981.6124547,1609701981.6199834,0.007528781890869141
e52e4583c20541f9946026a0ef28aaa0,k-means,warm,exec,queue,0.013153553009033203,2.384185791015625e-07,2.384185791015625e-07,1609701981.5919278,1609701981.6822572,0.09032940864562988,1609701981.6188273,1609701981.625402,0.0065746307373046875
8cacc48f613b4a0981dcaa767e34f3e1,k-means,warm,exec,queue,0.01791667938232422,4.76837158203125e-07,0.0,1609701981.5936866,1609701981.7989855,0.20529890060424805,1609701981.6285543,1609701981.636574,0.008019685745239258
4f87139e2ed3484bb7e283dc8c861681,k-means,warm,exec,queue,0.022414684295654297,2.384185791015625e-07,2.384185791015625e-07,1609701981.5951185,1609701981.713306,0.11818742752075195,1609701981.6300452,1609701981.6347623,0.004717111587524414
d47590c7dc6249d188ee4674db99a9fd,k-means,warm,exec,queue,0.0069086551666259766,4.76837158203125e-07,4.76837158203125e-07,1609701982.59285,1609701982.7250636,0.13221359252929688,1609701982.6478808,1609701982.657915,0.010034322738647461
a45bba3d4c274bda86e178c59f5d6e52,k-means,warm,exec,queue,0.05057382583618164,2.384185791015625e-07,0.0,1609701982.5970376,1609701982.845395,0.24835753440856934,1609701982.6940084,1609701982.7024105,0.008402109146118164
5bff403d28504f95a7422526b68976c3,k-means,warm,exec,queue,0.05516242980957031,2.384185791015625e-07,0.0,1609701982.5996203,1609701982.8487518,0.249131441116333,1609701982.698823,1609701982.7045066,0.0056836605072021484
805f52d7e5f641bca1bc19fcf6c1af4a,k-means,warm,exec,queue,0.06071043014526367,2.384185791015625e-07,0.0,1609701982.6022189,1609701982.8457239,0.24350500106811523,1609701982.704553,1609701982.709645,0.005092144012451172
99e83a0232b64faaa9e7fab77c1b6b61,k-means,warm,exec,queue,0.02513909339904785,4.76837158203125e-07,4.76837158203125e-07,1609701982.6050878,1609701982.8460886,0.24100089073181152,1609701982.6766942,1609701982.684123,0.007428884506225586
7bb0b7df4cb944acb1d4e172046dc97b,k-means,warm,exec,queue,0.03374838829040527,4.76837158203125e-07,4.76837158203125e-07,1609701982.6076658,1609701982.8404858,0.2328200340270996,1609701982.6771588,1609701982.6829135,0.005754709243774414
3fc43e32d99a42dea785f3704f2f487c,k-means,warm,exec,queue,0.0386202335357666,2.384185791015625e-07,2.384185791015625e-07,1609701982.6095314,1609701982.8360398,0.22650837898254395,1609701982.678624,1609701982.687061,0.008437156677246094
d2d79bd2ad6046a1981b57d54e197760,k-means,warm,exec,queue,0.043555259704589844,2.384185791015625e-07,2.384185791015625e-07,1609701982.6111207,1609701982.8410084,0.2298877239227295,1609701982.6830583,1609701982.6901515,0.007093191146850586
3965581234634865812873e483d86761,k-means,warm,exec,queue,0.047933101654052734,2.384185791015625e-07,2.384185791015625e-07,1609701982.6127243,1609701982.8496642,0.2369399070739746,1609701982.6902115,1609701982.696236,0.006024360656738281
c26ad517b2f64ab48af81348c51ad7ef,k-means,warm,exec,queue,0.02059340476989746,4.76837158203125e-07,0.0,1609701982.6144607,1609701982.7506592,0.1361985206604004,1609701982.6580617,1609701982.665795,0.007733345031738281
8e137aa950b543b8b94a6c129990e861,k-means,warm,exec,queue,0.015460491180419922,2.384185791015625e-07,2.384185791015625e-07,1609701982.616047,1609701982.7490053,0.13295841217041016,1609701982.6521575,1609701982.6604679,0.008310317993164062
ec2f8c8a221246928b6cb43ff2c8d44c,k-means,warm,exec,queue,0.010919570922851562,2.384185791015625e-07,0.0,1609701982.6176581,1609701982.7235148,0.10585665702819824,1609701982.6478045,1609701982.6579182,0.010113716125488281
d3515d8d0319491c8b10fc227d0b759b,k-means,warm,exec,queue,0.06588482856750488,2.384185791015625e-07,2.384185791015625e-07,1609701982.6192522,1609701982.8399036,0.22065138816833496,1609701982.7100477,1609701982.714408,0.004360198974609375
e97b2e7e3e6b471d9dfd35007dd7e8cb,k-means,warm,exec,queue,0.07151317596435547,2.384185791015625e-07,2.384185791015625e-07,1609701982.6209424,1609701982.846483,0.2255406379699707,1609701982.715979,1609701982.7201984,0.0042192935943603516
94619f8b42a14a64b45041f61503c002,video,warm,exec,queue,0.022084951400756836,2.384185791015625e-07,2.384185791015625e-07,1609701982.6225107,1609701982.8484266,0.22591590881347656,1609701982.6777868,1609701982.6947856,0.016998767852783203
4cded2c4653945699aee09624c1ede2a,k-means,warm,exec,queue,0.008385658264160156,4.76837158203125e-07,2.384185791015625e-07,1609701983.5883553,1609701983.7092905,0.12093520164489746,1609701983.6305904,1609701983.6387575,0.008167028427124023
9a9857e816f24898a3dd7e627e961f49,k-means,warm,exec,queue,0.035054922103881836,2.384185791015625e-07,2.384185791015625e-07,1609701983.5925014,1609701983.8119211,0.2194197177886963,1609701983.6615527,1609701983.6684194,0.0068666934967041016
86cac7a4723444ad9192a96efea4820c,k-means,warm,exec,queue,0.03991818428039551,2.384185791015625e-07,2.384185791015625e-07,1609701983.5949965,1609701983.8148756,0.219879150390625,1609701983.6668427,1609701983.6734648,0.0066220760345458984
f90e811ad49b4aa382d6bd99be08bca5,k-means,warm,exec,queue,0.04509854316711426,2.384185791015625e-07,2.384185791015625e-07,1609701983.5975027,1609701983.8427794,0.24527668952941895,1609701983.6705585,1609701983.6763544,0.005795955657958984
9466790eba0c4f2186810603660908fc,k-means,warm,exec,queue,0.04977822303771973,2.384185791015625e-07,4.76837158203125e-07,1609701983.600308,1609701983.8443244,0.24401640892028809,1609701983.676242,1609701983.6812432,0.005001068115234375
619e1377f2094073a39e2409485c2313,k-means,warm,exec,queue,0.05516934394836426,4.76837158203125e-07,2.384185791015625e-07,1609701983.601815,1609701983.9195552,0.31774020195007324,1609701983.6835532,1609701983.6896625,0.0061092376708984375
84527bdbc8cd4ba59bb9a2606facac92,k-means,warm,exec,queue,0.060495615005493164,4.76837158203125e-07,4.76837158203125e-07,1609701983.6032405,1609701983.8152814,0.21204090118408203,1609701983.6883106,1609701983.693275,0.004964351654052734
657457f08c064f97b428910b866f88a3,k-means,warm,exec,queue,0.030681371688842773,4.76837158203125e-07,2.384185791015625e-07,1609701983.604671,1609701983.7420855,0.13741445541381836,1609701983.6545618,1609701983.6604884,0.005926609039306641
17d869948fd14c4c8ae9d1c0ce2fe348,k-means,warm,exec,queue,0.026300430297851562,2.384185791015625e-07,0.0,1609701983.6061008,1609701983.8464909,0.24039006233215332,1609701983.6500719,1609701983.6548212,0.004749298095703125
bc1021ef3b8044bca656c58b08cbaa86,k-means,warm,exec,queue,0.012223958969116211,2.384185791015625e-07,2.384185791015625e-07,1609701983.6076355,1609701983.7117767,0.1041412353515625,1609701983.6345427,1609701983.6427772,0.008234500885009766
c360589d7e004274bb6cf88e2580d934,k-means,warm,exec,queue,0.01660633087158203,2.384185791015625e-07,2.384185791015625e-07,1609701983.60907,1609701983.7123413,0.1032712459564209,1609701983.639471,1609701983.6477308,0.008259773254394531
86de7b94d9b949c1b88a211203eb1ff7,k-means,warm,exec,queue,0.02178025245666504,2.384185791015625e-07,2.384185791015625e-07,1609701983.6104882,1609701983.7755635,0.16507530212402344,1609701983.6473417,1609701983.6550326,0.007690906524658203
35233e021d164a179328aca6752a5e11,k-means,warm,exec,queue,7.987022399902344e-05,7.152557373046875e-07,2.384185791015625e-07,1609701984.595668,1609701984.7333064,0.13763833045959473,1609701984.6487021,1609701984.6548238,0.006121635437011719
9e99b90a69134726a36b688de159eba9,k-means,warm,exec,queue,0.009455442428588867,2.384185791015625e-07,0.0,1609701984.5999417,1609701984.7284198,0.1284780502319336,1609701984.6501667,1609701984.6586537,0.00848698616027832
dc22c7097ddb42ce96955bfbbd1d7d58,k-means,warm,exec,queue,0.014019966125488281,4.76837158203125e-07,2.384185791015625e-07,1609701984.6025422,1609701984.7324426,0.12990045547485352,1609701984.6555016,1609701984.6637464,0.008244752883911133
8b052906f36243939a0ac26a504c62d5,k-means,warm,exec,queue,0.019147157669067383,4.76837158203125e-07,2.384185791015625e-07,1609701984.6051753,1609701984.7525492,0.14737391471862793,1609701984.6637003,1609701984.672147,0.008446693420410156
ff68c7697fba4180a2af23ea385d2d19,k-means,warm,exec,queue,0.024986982345581055,2.384185791015625e-07,2.384185791015625e-07,1609701984.6080656,1609701984.796758,0.18869233131408691,1609701984.667452,1609701984.673692,0.006239891052246094
f3b489fb7ca74238902eb436920ada92,k-means,warm,exec,queue,0.029365062713623047,2.384185791015625e-07,2.384185791015625e-07,1609701984.609815,1609701984.9623368,0.3525218963623047,1609701984.671367,1609701984.6764781,0.005111217498779297
7e30e8189f3c4d748f6c953a654911e9,k-means,warm,exec,queue,0.03464221954345703,2.384185791015625e-07,2.384185791015625e-07,1609701984.6113842,1609701984.8534415,0.24205732345581055,1609701984.6808474,1609701984.6885183,0.007670879364013672
5251ad8d25404743ac95d854d4d11aa9,k-means,warm,exec,queue,0.04010486602783203,2.384185791015625e-07,0.0,1609701984.6129665,1609701984.8301666,0.21720004081726074,1609701984.6839309,1609701984.688924,0.0049932003021240234
0549e5375d5a4a438f71b34a7d45945d,k-means,warm,exec,queue,0.04479408264160156,2.384185791015625e-07,2.384185791015625e-07,1609701984.614543,1609701984.9315767,0.3170337677001953,1609701984.6892028,1609701984.6963606,0.007157802581787109
3ed911e67b1e4f2f87150c68707228e7,k-means,warm,exec,queue,0.04987764358520508,2.384185791015625e-07,0.0,1609701984.6162608,1609701984.9642951,0.3480343818664551,1609701984.6962316,1609701984.70116,0.0049283504486083984
f143ed2663c94ed9b8d0027668b6f83f,k-means,warm,exec,queue,0.054326534271240234,2.384185791015625e-07,0.0,1609701984.6178267,1609701984.7985353,0.180708646774292,1609701984.7018552,1609701984.7079737,0.0061185359954833984
168712e7208a45068b69b52c44551f9e,k-means,warm,exec,queue,0.05919027328491211,2.384185791015625e-07,0.0,1609701984.6194072,1609701984.794506,0.17509889602661133,1609701984.706948,1609701984.713364,0.006415843963623047
976ebbf1a51c4492afad74b26eb1acb2,k-means,warm,exec,queue,0.06364798545837402,2.384185791015625e-07,0.0,1609701984.620999,1609701984.8550193,0.23402023315429688,1609701984.7109618,1609701984.715778,0.004816293716430664
fa43e73fbae0450196df1984536a9dea,k-means,warm,exec,queue,0.0681617259979248,2.384185791015625e-07,2.384185791015625e-07,1609701984.622697,1609701985.0376492,0.41495203971862793,1609701984.716084,1609701984.7207737,0.004689693450927734
4b421211871c42e7a9f9e34748edbac6,k-means,warm,exec,queue,0.07349729537963867,2.384185791015625e-07,0.0,1609701984.6242716,1609701984.833082,0.20881032943725586,1609701984.721859,1609701984.7260547,0.004195690155029297
9aacf8b76b1b48a28109bb8bfeaae152,k-means,warm,exec,queue,0.0013217926025390625,4.76837158203125e-07,2.384185791015625e-07,1609701985.5954604,1609701985.7524447,0.1569843292236328,1609701985.6503675,1609701985.65709,0.006722450256347656
9c279c58216e40a9a67846cd4722a639,k-means,warm,exec,queue,0.010715007781982422,2.384185791015625e-07,4.76837158203125e-07,1609701985.599696,1609701985.753348,0.15365219116210938,1609701985.6567624,1609701985.6653228,0.008560419082641602
2578277ed98545a7a77363fef8608170,k-means,warm,exec,queue,0.01602458953857422,2.384185791015625e-07,0.0,1609701985.6023138,1609701985.8740208,0.27170705795288086,1609701985.6711562,1609701985.678345,0.0071887969970703125
af3286460d504df594ff817eb8b1014f,k-means,warm,exec,queue,0.02528691291809082,2.384185791015625e-07,2.384185791015625e-07,1609701985.6049037,1609701985.870195,0.2652912139892578,1609701985.673457,1609701985.680828,0.007371187210083008
2d6518b285054d1dbbb18e4fc4e9e919,k-means,warm,exec,queue,0.029512882232666016,2.384185791015625e-07,2.384185791015625e-07,1609701985.6078026,1609701985.8055859,0.1977832317352295,1609701985.6788669,1609701985.687422,0.008555173873901367
617940a1505442beb45ae5f1db782b72,k-means,warm,exec,queue,0.034462690353393555,2.384185791015625e-07,0.0,1609701985.609628,1609701985.8690557,0.2594277858734131,1609701985.6840372,1609701985.6911774,0.007140159606933594
79f2f96f07db4dd492c288aabc6ea00d,k-means,warm,exec,queue,0.03950762748718262,4.76837158203125e-07,2.384185791015625e-07,1609701985.6111836,1609701985.8746727,0.2634890079498291,1609701985.690304,1609701985.698814,0.00850987434387207
b94326da749543e2ad720e579f338f81,k-means,warm,exec,queue,0.04568958282470703,4.76837158203125e-07,2.384185791015625e-07,1609701985.6127338,1609701985.874972,0.2622382640838623,1609701985.7002132,1609701985.7068064,0.006593227386474609
de010f49d9964d9cabfac8a1fc09671d,k-means,warm,exec,queue,0.050801992416381836,4.76837158203125e-07,4.76837158203125e-07,1609701985.6142924,1609701985.9531968,0.33890438079833984,1609701985.7009978,1609701985.70795,0.0069522857666015625
eaf1bb99e8d24bc8a65f913bcd363b55,k-means,warm,exec,queue,0.055670976638793945,4.76837158203125e-07,2.384185791015625e-07,1609701985.6159792,1609701986.048187,0.4322078227996826,1609701985.705692,1609701985.7123911,0.006699085235595703
a583ea3f9fb143489bb48081cfd99aac,k-means,warm,exec,queue,0.0036292076110839844,4.76837158203125e-07,2.384185791015625e-07,1609701985.6175408,1609701985.7528076,0.13526678085327148,1609701985.6512327,1609701985.6589563,0.007723569869995117
d6459bfa44e44db4a1f66efd32e8e4fd,k-means,warm,exec,queue,0.010729074478149414,2.384185791015625e-07,2.384185791015625e-07,1609701985.6190856,1609701985.7481155,0.1290299892425537,1609701985.651764,1609701985.6603405,0.008576631546020508
17408e45b416437c8d856fdcb995d7d3,video,warm,exec,queue,0.024196863174438477,0.0,0.0,1609701985.6206486,1609701985.8743582,0.2537095546722412,1609701985.6733828,1609701985.6909108,0.017528057098388672
97aadda651ab4613bf2d01207779c943,matmul,warm,exec,queue,0.027012348175048828,2.384185791015625e-07,0.0,1609701985.6223462,1609701985.8696797,0.24733352661132812,1609701985.6743517,1609701985.686161,0.011809349060058594
7eab2e33b8ae401d89cafe62fbda8583,map_reduce,warm,exec,queue,0.02744579315185547,2.384185791015625e-07,2.384185791015625e-07,1609701985.6239066,1609701986.0503712,0.4264645576477051,1609701985.6737342,1609701985.7591605,0.08542633056640625
9e4a3a0b3f4e49f2b9e5db46363abf1c,k-means,warm,exec,queue,0.006101369857788086,2.384185791015625e-07,0.0,1609701986.5877652,1609701986.7318347,0.14406943321228027,1609701986.6231303,1609701986.63117,0.008039712905883789
fef22858a5cc40609c79d0a49550d2d0,k-means,warm,exec,queue,0.03941798210144043,2.384185791015625e-07,0.0,1609701986.5918617,1609701986.774141,0.18227934837341309,1609701986.659771,1609701986.6638088,0.0040378570556640625
c136292d82994f0989af78a5499bae7a,k-means,warm,exec,queue,0.034578800201416016,2.384185791015625e-07,2.384185791015625e-07,1609701986.594487,1609701986.8980772,0.3035902976989746,1609701986.6546757,1609701986.6593244,0.004648685455322266
3cf8712e5a544972827f110cc543feb1,k-means,warm,exec,queue,0.029904842376708984,2.384185791015625e-07,0.0,1609701986.597097,1609701986.868485,0.27138805389404297,1609701986.6494684,1609701986.6542044,0.0047359466552734375
728938a0ad34426ca7c6bb63c09ee4e1,k-means,warm,exec,queue,0.02526116371154785,2.384185791015625e-07,0.0,1609701986.599692,1609701986.7724931,0.17280101776123047,1609701986.6439779,1609701986.648782,0.004804134368896484
fefa3d9dcb264739be5df8e48fe8adc0,k-means,warm,exec,queue,0.020106077194213867,2.384185791015625e-07,0.0,1609701986.601858,1609701986.8705342,0.2686762809753418,1609701986.6379924,1609701986.6422892,0.004296779632568359
4cf19a8b50b94ba5867e6bffdd437597,k-means,warm,exec,queue,0.015194892883300781,2.384185791015625e-07,0.0,1609701986.6034472,1609701986.7757752,0.17232799530029297,1609701986.6340709,1609701986.6422894,0.008218526840209961
b69ee75d6a434435bd7d63775ad7e26f,k-means,warm,exec,queue,0.010489225387573242,4.76837158203125e-07,2.384185791015625e-07,1609701986.6050465,1609701986.7333424,0.1282958984375,1609701986.6286383,1609701986.6371443,0.008506059646606445
7b6818866ee343c7846e433b0a3ca11e,k-means,warm,exec,queue,0.04401898384094238,2.384185791015625e-07,2.384185791015625e-07,1609701986.6066375,1609701986.87093,0.26429247856140137,1609701986.6651247,1609701986.671035,0.005910396575927734
710a2a079176426890766877433b9c01,k-means,warm,exec,queue,0.0020380020141601562,2.384185791015625e-07,2.384185791015625e-07,1609701987.596406,1609701987.750129,0.15372300148010254,1609701987.6473217,1609701987.656147,0.008825302124023438
67738344756848729d6bc396c69f2e5d,k-means,warm,exec,queue,0.04166674613952637,2.384185791015625e-07,2.384185791015625e-07,1609701987.6008153,1609701987.9779198,0.3771045207977295,1609701987.6867545,1609701987.6925495,0.005795001983642578
fdd29a35ea734b588edd634af46713f6,k-means,warm,exec,queue,0.04621267318725586,2.384185791015625e-07,0.0,1609701987.6034243,1609701988.0026133,0.3991889953613281,1609701987.6930242,1609701987.6978161,0.004791975021362305
9744b54c132e45b8b3db1128593de485,k-means,warm,exec,queue,0.05098295211791992,0.0,2.384185791015625e-07,1609701987.6060636,1609701988.160373,0.5543093681335449,1609701987.6999106,1609701987.7076137,0.007703065872192383
e06a6b3169544b9a9b9191c364d20ec8,k-means,warm,exec,queue,0.02437138557434082,2.384185791015625e-07,2.384185791015625e-07,1609701987.6086924,1609701988.0595155,0.4508230686187744,1609701987.6671343,1609701987.6737764,0.00664210319519043
8f673ed451c34192b6a44f7a535b09f1,k-means,warm,exec,queue,0.02933979034423828,2.384185791015625e-07,0.0,1609701987.6102653,1609701987.92991,0.3196446895599365,1609701987.6722078,1609701987.679991,0.007783174514770508
43d63ed70e05438c93d01637b25c5cb5,k-means,warm,exec,queue,0.03394174575805664,2.384185791015625e-07,0.0,1609701987.6118388,1609701988.000939,0.3891000747680664,1609701987.6770396,1609701987.6839843,0.0069446563720703125
f1fd7ad32fa64d78afa0bf9efa48b109,k-means,warm,exec,queue,0.03837919235229492,4.76837158203125e-07,0.0,1609701987.613434,1609701988.061114,0.4476799964904785,1609701987.6808345,1609701987.6857452,0.004910707473754883
3a7187fd4fd640d4ac782bc45ad12600,k-means,warm,exec,queue,0.01981520652770996,2.384185791015625e-07,2.384185791015625e-07,1609701987.6150062,1609701987.9292707,0.31426453590393066,1609701987.6612427,1609701987.6708336,0.009590864181518555
36421ba0a5e643ffb80609bb8621b48a,k-means,warm,exec,queue,0.014530181884765625,2.384185791015625e-07,2.384185791015625e-07,1609701987.616727,1609701987.9264064,0.3096792697906494,1609701987.6546857,1609701987.6643486,0.009662866592407227
a88ccdaaaee9433a913316813b84e144,k-means,warm,exec,queue,0.01003718376159668,2.384185791015625e-07,0.0,1609701987.6183064,1609701987.975933,0.35762667655944824,1609701987.6496747,1609701987.658484,0.008809328079223633
a3651be7beca4325b7661f50f08f07c4,k-means,warm,exec,queue,0.00814366340637207,4.76837158203125e-07,4.76837158203125e-07,1609701987.6198742,1609701988.0624778,0.44260358810424805,1609701987.6483157,1609701987.6570663,0.008750677108764648
b6c34766f33e42b683a55d4d825d0aa8,k-means,warm,exec,queue,0.05579733848571777,2.384185791015625e-07,2.384185791015625e-07,1609701987.621474,1609701988.0053954,0.38392138481140137,1609701987.7035952,1609701987.7096322,0.006036996841430664
200a4af3342e4cb5a6f66e65ffb0b1fe,video,warm,exec,queue,0.015570878982543945,2.384185791015625e-07,2.384185791015625e-07,1609701987.6231368,1609701988.0048873,0.38175058364868164,1609701987.668941,1609701987.686456,0.017514944076538086
bc617ea3f24f4f55a2ec18454506b610,k-means,warm,exec,queue,0.0023000240325927734,4.76837158203125e-07,2.384185791015625e-07,1609701988.608472,1609701988.7555273,0.14705514907836914,1609701988.677275,1609701988.685277,0.008002042770385742
9f9489c5b5e04e11970b332ff8f0d29d,k-means,warm,exec,queue,0.04675650596618652,2.384185791015625e-07,4.76837158203125e-07,1609701988.6130354,1609701988.8043075,0.19127202033996582,1609701988.717088,1609701988.7216473,0.00455927848815918
8c823e0d1004416aa199470660a80db6,k-means,warm,exec,queue,0.05176424980163574,2.384185791015625e-07,2.384185791015625e-07,1609701988.6156073,1609701988.8610282,0.2454209327697754,1609701988.722468,1609701988.7294466,0.006978750228881836
fac47a9025e6429bb5cd354925cd120c,k-means,warm,exec,queue,0.05722689628601074,2.384185791015625e-07,2.384185791015625e-07,1609701988.6182098,1609701988.8570375,0.23882770538330078,1609701988.728922,1609701988.7331603,0.0042383670806884766
df568347b4cf4a37872e45ffad4200f3,k-means,warm,exec,queue,0.013152122497558594,2.384185791015625e-07,0.0,1609701988.620864,1609701988.7536051,0.13274121284484863,1609701988.6783257,1609701988.6861966,0.007870912551879883
6057bfa9c3e8477da28fbbfae2d0b76c,k-means,warm,exec,queue,0.01828765869140625,4.76837158203125e-07,2.384185791015625e-07,1609701988.6224048,1609701988.8607183,0.2383134365081787,1609701988.6838393,1609701988.6917307,0.007891416549682617
638711f74dc84bd49df7800b7a4857a0,k-means,warm,exec,queue,0.02383255958557129,4.76837158203125e-07,0.0,1609701988.6239545,1609701988.8027976,0.17884302139282227,1609701988.6899266,1609701988.697648,0.007721424102783203
94560684866844919eb026424e90a8d3,k-means,warm,exec,queue,0.02985858917236328,4.76837158203125e-07,2.384185791015625e-07,1609701988.6255221,1609701988.8613365,0.23581433296203613,1609701988.6995254,1609701988.7066195,0.007094144821166992
fd9fbef5caca430887fbeed653a86820,k-means,warm,exec,queue,0.03432750701904297,4.76837158203125e-07,2.384185791015625e-07,1609701988.6272101,1609701988.857612,0.23040175437927246,1609701988.7004728,1609701988.7060258,0.005553007125854492
4ed627f8e86c4ed2aeede80dd0ed4ae7,k-means,warm,exec,queue,0.03917646408081055,2.384185791015625e-07,2.384185791015625e-07,1609701988.6287777,1609701988.854228,0.2254502773284912,1609701988.705199,1609701988.7108977,0.005698680877685547
48bfaab2cf8f4028a6ebd249151a285c,k-means,warm,exec,queue,0.04423356056213379,2.384185791015625e-07,2.384185791015625e-07,1609701988.6303241,1609701988.9200284,0.2897043228149414,1609701988.714116,1609701988.7211134,0.006997346878051758
d3221b41e2da49c2b6a209e4cbf19ca1,k-means,warm,exec,queue,0.006666898727416992,2.384185791015625e-07,2.384185791015625e-07,1609701988.63187,1609701988.7524803,0.12061023712158203,1609701988.6785614,1609701988.6862574,0.007695913314819336
5e1a20c216a444ee88b37ffa7c6a17ef,k-means,warm,exec,queue,0.06228828430175781,2.384185791015625e-07,2.384185791015625e-07,1609701988.6338527,1609701988.8603945,0.22654175758361816,1609701988.735588,1609701988.7418385,0.0062503814697265625
93e213227d2c4d9a92e4edc44567e30f,k-means,warm,exec,queue,0.06672859191894531,4.76837158203125e-07,2.384185791015625e-07,1609701988.6353831,1609701988.9214823,0.2860991954803467,1609701988.7395654,1609701988.7444384,0.004873037338256836
62f10c4d65ba431f81902d238425e0c0,k-means,warm,exec,queue,0.07187414169311523,2.384185791015625e-07,2.384185791015625e-07,1609701988.6369243,1609701989.0331862,0.39626193046569824,1609701988.7443888,1609701988.7487464,0.004357576370239258
3b4df033e0dc4d1fbbfc8596a8209015,k-means,warm,exec,queue,0.07697772979736328,2.384185791015625e-07,2.384185791015625e-07,1609701988.6384487,1609701988.8803415,0.24189281463623047,1609701988.750853,1609701988.7552269,0.004373788833618164
d25a56fec2534c4abaa476ad1a8c22b8,k-means,warm,exec,queue,0.08188390731811523,4.76837158203125e-07,2.384185791015625e-07,1609701988.6400728,1609701989.0384734,0.39840054512023926,1609701988.7586458,1609701988.765071,0.006425142288208008
2d2547f2823441fe9b05b744fdd56fcf,k-means,warm,exec,queue,0.08707141876220703,2.384185791015625e-07,0.0,1609701988.64162,1609701989.0337698,0.3921499252319336,1609701988.7613919,1609701988.7667887,0.005396842956542969
5aff39ec365f42758ebf4b1339d183ee,k-means,warm,exec,queue,0.09257388114929199,2.384185791015625e-07,0.0,1609701988.6431532,1609701989.0379004,0.394747257232666,1609701988.7677002,1609701988.773727,0.006026744842529297
1062fb65097d4e368544231383fae171,k-means,warm,exec,queue,0.09702205657958984,2.384185791015625e-07,2.384185791015625e-07,1609701988.644705,1609701988.8784463,0.23374128341674805,1609701988.77297,1609701988.7772167,0.004246711730957031
ec587c03d3af45269935442fa3e84fbd,k-means,warm,exec,queue,0.10192513465881348,2.384185791015625e-07,2.384185791015625e-07,1609701988.647181,1609701989.0373242,0.39014315605163574,1609701988.7791116,1609701988.7853322,0.006220579147338867
5d7df1188090450899c2e9d887d561c6,k-means,warm,exec,queue,7.390975952148438e-05,2.384185791015625e-07,2.384185791015625e-07,1609701989.593459,1609701989.7348003,0.1413414478302002,1609701989.635083,1609701989.643731,0.008648157119750977
e59160c6438742aa81ee7f6ecbf08381,video,warm,exec,queue,0.023203134536743164,4.76837158203125e-07,2.384185791015625e-07,1609701989.5977683,1609701989.8958027,0.2980344295501709,1609701989.661877,1609701989.6795866,0.017709732055664062
a826beb3ed97465f8ffa45ce66b2e430,k-means,warm,exec,queue,0.005578756332397461,4.76837158203125e-07,2.384185791015625e-07,1609701989.6003308,1609701989.7342374,0.13390660285949707,1609701989.6351528,1609701989.6438868,0.008733987808227539
453b60f17c9e4ea984013209e8b55704,k-means,warm,exec,queue,0.010691404342651367,4.76837158203125e-07,2.384185791015625e-07,1609701989.6027617,1609701989.7318544,0.12909269332885742,1609701989.6408734,1609701989.649802,0.008928537368774414
53d5fbf32d5146d49674014184edd31e,k-means,warm,exec,queue,0.015531063079833984,4.76837158203125e-07,2.384185791015625e-07,1609701989.605234,1609701989.8155336,0.21029973030090332,1609701989.6468937,1609701989.655468,0.008574247360229492
511e9c0881b945dea75637e6d0587c7c,k-means,warm,exec,queue,0.023743867874145508,4.76837158203125e-07,2.384185791015625e-07,1609701989.6079805,1609701989.8649013,0.25692081451416016,1609701989.6612935,1609701989.6675174,0.006223917007446289
de8f701e2aaf4e909116aa8a8d6951a3,k-means,warm,exec,queue,0.028513193130493164,2.384185791015625e-07,2.384185791015625e-07,1609701989.6098533,1609701989.8935783,0.2837250232696533,1609701989.664241,1609701989.6719532,0.007712125778198242
8255f704165c42b7afcfbd2bfa71c8a5,k-means,warm,exec,queue,0.033696651458740234,2.384185791015625e-07,2.384185791015625e-07,1609701989.6114361,1609701989.8172085,0.20577239990234375,1609701989.6652637,1609701989.6710224,0.005758762359619141
124ed7c4f5f741058159d2f4a69fe393,k-means,warm,exec,queue,0.038524627685546875,4.76837158203125e-07,2.384185791015625e-07,1609701989.6130657,1609701989.9777997,0.3647339344024658,1609701989.6712155,1609701989.6788943,0.0076787471771240234
9c29b9d6a6644359875a0a23fc2120b1,k-means,warm,exec,queue,0.043578386306762695,4.76837158203125e-07,2.384185791015625e-07,1609701989.6147752,1609701989.866608,0.2518327236175537,1609701989.6797886,1609701989.6880026,0.008213996887207031
f27cd2b42fd6441bae370ec25fa47ac5,k-means,warm,exec,queue,0.0010890960693359375,4.76837158203125e-07,2.384185791015625e-07,1609701990.599276,1609701990.7274103,0.12813425064086914,1609701990.6418655,1609701990.649593,0.007727622985839844
f8347e40faec468d867ccd1ce632da14,k-means,warm,exec,queue,0.005612611770629883,2.384185791015625e-07,0.0,1609701990.6035619,1609701990.7256367,0.12207484245300293,1609701990.6431477,1609701990.6515083,0.008360624313354492
0b677ff919e14becb5bd742544224382,k-means,warm,exec,queue,0.010929346084594727,7.152557373046875e-07,7.152557373046875e-07,1609701990.606119,1609701990.8179007,0.21178174018859863,1609701990.6496696,1609701990.6579468,0.008277177810668945
8013af6999a242a1a675ed9462d22d85,k-means,warm,exec,queue,0.015734195709228516,4.76837158203125e-07,2.384185791015625e-07,1609701990.608627,1609701990.8212676,0.21264052391052246,1609701990.6609328,1609701990.669068,0.008135318756103516
c566858d6ac94abc84b269f6054d84dd,k-means,warm,exec,queue,0.02112722396850586,2.384185791015625e-07,2.384185791015625e-07,1609701990.6102967,1609701990.8593583,0.24906158447265625,1609701990.6611085,1609701990.6674712,0.0063626766204833984
37deddaa40d7442e8f917b5ea54a479f,k-means,warm,exec,queue,0.026799440383911133,7.152557373046875e-07,2.384185791015625e-07,1609701990.611753,1609701990.7760584,0.1643054485321045,1609701990.6667137,1609701990.672786,0.006072282791137695
6dead6d4ffd348a4955385cdc3fe5ff3,k-means,warm,exec,queue,0.031586408615112305,7.152557373046875e-07,4.76837158203125e-07,1609701990.613222,1609701990.91861,0.3053882122039795,1609701990.6762922,1609701990.6833403,0.007048130035400391
d2b26191db864d63a73d7b3cb5491982,k-means,warm,exec,queue,0.03698873519897461,2.384185791015625e-07,0.0,1609701990.6146724,1609701990.7780392,0.16336679458618164,1609701990.680255,1609701990.687371,0.007116079330444336
e94a298609124bf7a8d34e8d33fd0a97,k-means,warm,exec,queue,0.04211616516113281,2.384185791015625e-07,0.0,1609701990.616131,1609701990.8207018,0.20457077026367188,1609701990.6825218,1609701990.688459,0.005937099456787109
6cf45802e6e4434580250a38424c3858,k-means,warm,exec,queue,0.04762864112854004,4.76837158203125e-07,4.76837158203125e-07,1609701990.6177163,1609701990.9600885,0.34237217903137207,1609701990.6957593,1609701990.7027063,0.006947040557861328
fc2bab3115284c45846b33d68917b260,k-means,warm,exec,queue,0.05401325225830078,2.384185791015625e-07,2.384185791015625e-07,1609701990.6191647,1609701990.9617379,0.3425731658935547,1609701990.6986918,1609701990.705135,0.0064432621002197266
5b64e7c972d84057974d852235c0273b,matmul,warm,exec,queue,0.02286362648010254,4.76837158203125e-07,7.152557373046875e-07,1609701990.6206393,1609701990.822451,0.2018117904663086,1609701990.6616309,1609701990.6723835,0.010752677917480469
6e9c543e9fed425ab72ec52f766f10f1,k-means,warm,exec,queue,9.012222290039062e-05,4.76837158203125e-07,2.384185791015625e-07,1609701991.6007297,1609701991.7286496,0.12791991233825684,1609701991.6539984,1609701991.6626809,0.008682489395141602
ac359a111f2a4544b9703e36f8a14976,k-means,warm,exec,queue,0.0073854923248291016,2.384185791015625e-07,2.384185791015625e-07,1609701991.604992,1609701991.7298217,0.12482976913452148,1609701991.6547043,1609701991.6633306,0.008626222610473633
ece4eb4dff0a45568c801dace41b139f,k-means,warm,exec,queue,0.01228642463684082,4.76837158203125e-07,2.384185791015625e-07,1609701991.6075432,1609701991.8070383,0.1994950771331787,1609701991.6599956,1609701991.6683524,0.008356809616088867
f26956bf91e640afab14529373b0fe4e,k-means,warm,exec,queue,0.016780853271484375,2.384185791015625e-07,0.0,1609701991.6101074,1609701991.8054702,0.19536280632019043,1609701991.665167,1609701991.6735415,0.008374452590942383
e924c954bbea467c877a666e0b8b871b,k-means,warm,exec,queue,0.023087263107299805,4.76837158203125e-07,2.384185791015625e-07,1609701991.6129704,1609701991.7699053,0.1569349765777588,1609701991.675016,1609701991.6810503,0.006034374237060547
4ea39e5bd3354776a2520e091e6278c4,k-means,warm,exec,queue,0.027665376663208008,2.384185791015625e-07,2.384185791015625e-07,1609701991.615514,1609701991.91289,0.2973759174346924,1609701991.677515,1609701991.6848116,0.007296562194824219
3dca8db1a7104ca7948c930dbd781093,k-means,warm,exec,queue,0.03321957588195801,4.76837158203125e-07,2.384185791015625e-07,1609701991.617509,1609701991.7711918,0.15368294715881348,1609701991.6835718,1609701991.688844,0.0052721500396728516
75022f9d4f634b3ba15306da7c491456,k-means,warm,exec,queue,0.03868746757507324,2.384185791015625e-07,2.384185791015625e-07,1609701991.619046,1609701991.916194,0.2971479892730713,1609701991.6885421,1609701991.695231,0.006688833236694336
8f70f77c9449496d871f803a9acbe4b4,k-means,warm,exec,queue,0.04378151893615723,2.384185791015625e-07,2.384185791015625e-07,1609701991.6206052,1609701991.9156508,0.2950456142425537,1609701991.6952589,1609701991.7024841,0.0072252750396728516
67094fd666994c82a0aa9b24c7010602,k-means,warm,exec,queue,0.04853653907775879,7.152557373046875e-07,2.384185791015625e-07,1609701991.6222923,1609701991.8454046,0.2231123447418213,1609701991.7018936,1609701991.7097135,0.007819890975952148
5f1f07e251824d82b50b5f8b969d570f,k-means,warm,exec,queue,0.05315828323364258,2.384185791015625e-07,0.0,1609701991.6238322,1609701991.892202,0.2683696746826172,1609701991.7038844,1609701991.7105052,0.006620883941650391
5cc2166b9e0f4841a70435286de37531,k-means,warm,exec,queue,0.05778002738952637,2.384185791015625e-07,0.0,1609701991.6253893,1609701991.8036644,0.17827510833740234,1609701991.709187,1609701991.7150786,0.005891561508178711
f7eb717a3b1a4cbb97231caa6aa94d49,k-means,warm,exec,queue,0.06239128112792969,4.76837158203125e-07,0.0,1609701991.6269286,1609701991.892718,0.2657895088195801,1609701991.7173254,1609701991.7238727,0.006547212600708008
ca03aed571c345af96f2a993766f363c,k-means,warm,exec,queue,0.06760430335998535,2.384185791015625e-07,0.0,1609701991.6285734,1609701991.8932185,0.2646450996398926,1609701991.7213886,1609701991.7266088,0.005220174789428711
a29bcf7b2a2b4695a5d33e277cdec334,video,warm,exec,queue,0.01583552360534668,2.384185791015625e-07,0.0,1609701991.630097,1609701991.8886213,0.25852441787719727,1609701991.6756704,1609701991.6936045,0.017934083938598633
c6549b25122143b79aee3d2e9e2ba1f4,k-means,warm,exec,queue,0.0064182281494140625,4.76837158203125e-07,2.384185791015625e-07,1609701992.5962794,1609701992.705536,0.10925650596618652,1609701992.6324449,1609701992.640646,0.008201122283935547
eb0d4fcda0064eb99c4b0ce2974ec566,k-means,warm,exec,queue,0.015684843063354492,7.152557373046875e-07,2.384185791015625e-07,1609701992.600425,1609701992.755151,0.1547260284423828,1609701992.6437004,1609701992.6520581,0.008357763290405273
fe72e4aeb2e645f7bbbcffc37c7a436b,k-means,warm,exec,queue,0.020386457443237305,2.384185791015625e-07,2.384185791015625e-07,1609701992.6029325,1609701992.7886932,0.1857607364654541,1609701992.6474125,1609701992.6535704,0.006157875061035156
eb6663c8622d4b32ab5d448b58b1bf81,k-means,warm,exec,queue,0.02611255645751953,4.76837158203125e-07,2.384185791015625e-07,1609701992.6054485,1609701992.7603679,0.15491938591003418,1609701992.654145,1609701992.659262,0.005116939544677734
520d03357ba140a582ee9f0c8ab70c29,k-means,warm,exec,queue,0.030714988708496094,2.384185791015625e-07,2.384185791015625e-07,1609701992.6079497,1609701992.757656,0.14970636367797852,1609701992.6605718,1609701992.6660285,0.005456686019897461
a0a5fe5b96504f66859da4a44aaf829f,k-means,warm,exec,queue,0.03647136688232422,2.384185791015625e-07,0.0,1609701992.6097717,1609701992.7563274,0.14655566215515137,1609701992.66538,1609701992.6699672,0.0045871734619140625
a908fc7acbcf45a7b152f1a57bacefd8,k-means,warm,exec,queue,0.041095733642578125,4.76837158203125e-07,2.384185791015625e-07,1609701992.611237,1609701992.7590103,0.14777326583862305,1609701992.6720693,1609701992.6788723,0.006803035736083984
bff5415e27184ab08b2d2c1533bbbfff,k-means,warm,exec,queue,0.04604029655456543,4.76837158203125e-07,2.384185791015625e-07,1609701992.6127088,1609701992.867241,0.2545320987701416,1609701992.675847,1609701992.6803105,0.0044634342193603516
83a8ea8bcb7346c9850879a8dbc5f22a,k-means,warm,exec,queue,0.050696372985839844,4.76837158203125e-07,2.384185791015625e-07,1609701992.6141806,1609701992.8813708,0.26719021797180176,1609701992.6827998,1609701992.6918132,0.00901341438293457
8911546617d1475a8fad494b76cace30,k-means,warm,exec,queue,0.010847091674804688,4.76837158203125e-07,2.384185791015625e-07,1609701992.6157503,1609701992.7071688,0.09141850471496582,1609701992.6382627,1609701992.6466796,0.008416891098022461
4e6e5be0efc149c39406bccce45116a8,k-means,warm,exec,queue,0.006768226623535156,2.384185791015625e-07,2.384185791015625e-07,1609701993.6027474,1609701993.7345788,0.13183140754699707,1609701993.650961,1609701993.6596887,0.008727788925170898
592ba822f558427facfcf47e6be9a6ab,k-means,warm,exec,queue,0.049959421157836914,2.384185791015625e-07,2.384185791015625e-07,1609701993.6069853,1609701994.0338075,0.4268221855163574,1609701993.6977203,1609701993.7041364,0.0064160823822021484
c9bcce2e36af4791b21984c48c8562b3,k-means,warm,exec,queue,0.054727792739868164,2.384185791015625e-07,2.384185791015625e-07,1609701993.6096106,1609701993.961696,0.3520853519439697,1609701993.7043989,1609701993.7105622,0.006163358688354492
0f5acbc0e6bc47fba9d0e5f7aa8a41b2,k-means,warm,exec,queue,0.060022830963134766,2.384185791015625e-07,0.0,1609701993.6122122,1609701993.842272,0.23005986213684082,1609701993.70973,1609701993.7162573,0.006527423858642578
ff3e3745b63a409289cc7267d57718b2,k-means,warm,exec,queue,0.019255876541137695,4.76837158203125e-07,2.384185791015625e-07,1609701993.6141374,1609701993.959629,0.3454916477203369,1609701993.6637745,1609701993.6711252,0.0073506832122802734
6804c1ffd6ac4baa9475899ca9d3fd6a,k-means,warm,exec,queue,0.025571346282958984,4.76837158203125e-07,4.76837158203125e-07,1609701993.6156816,1609701993.88556,0.2698783874511719,1609701993.679238,1609701993.6868618,0.0076236724853515625
fbe08eb56e16476fae8bc2faa87a845b,k-means,warm,exec,queue,0.030759572982788086,2.384185791015625e-07,2.384185791015625e-07,1609701993.6172469,1609701993.767448,0.15020108222961426,1609701993.6810644,1609701993.6883626,0.00729823112487793
4f49b08d905a4d71bd5e3956f38d7999,k-means,warm,exec,queue,0.035481929779052734,2.384185791015625e-07,2.384185791015625e-07,1609701993.6187952,1609701994.035816,0.4170207977294922,1609701993.6819165,1609701993.6896868,0.0077702999114990234
bbb3059f292843a295dc63052928302a,k-means,warm,exec,queue,0.04076743125915527,4.76837158203125e-07,0.0,1609701993.6204467,1609701994.0378063,0.4173595905303955,1609701993.6861281,1609701993.6940746,0.007946491241455078
dee196346f774d8982b8487d5651d42e,k-means,warm,exec,queue,0.0463106632232666,2.384185791015625e-07,2.384185791015625e-07,1609701993.6221488,1609701993.802068,0.17991924285888672,1609701993.6944196,1609701993.701292,0.006872415542602539
caf89a91d6f6418ca5bfd94ad27fbc9b,k-means,warm,exec,queue,0.014870405197143555,2.384185791015625e-07,2.384185791015625e-07,1609701993.6237123,1609701993.7659843,0.1422719955444336,1609701993.6577713,1609701993.6665714,0.008800029754638672
c80ccb5891dc4d849745d17243868d02,k-means,warm,exec,queue,0.009830474853515625,2.384185791015625e-07,0.0,1609701993.6252968,1609701993.732928,0.10763120651245117,1609701993.6525383,1609701993.6611078,0.008569478988647461
d2d381b49c0244eda903d2055dedbf2d,k-means,warm,exec,queue,0.06467819213867188,2.384185791015625e-07,0.0,1609701993.6268632,1609701993.8877459,0.2608826160430908,1609701993.7150054,1609701993.721284,0.006278514862060547
7ecf45f125fc46fda4693d0a8d92d189,video,warm,exec,queue,0.016553640365600586,2.384185791015625e-07,2.384185791015625e-07,1609701993.6285517,1609701993.8001108,0.17155909538269043,1609701993.6804762,1609701993.6983268,0.017850637435913086
d660cb017cb64a5aabb966b5fe344525,k-means,warm,exec,queue,8.034706115722656e-05,2.384185791015625e-07,2.384185791015625e-07,1609701994.6040487,1609701994.7404475,0.1363987922668457,1609701994.6566982,1609701994.6652517,0.008553504943847656
12b856805be048c4a6fbae10c8bf8ead,k-means,warm,exec,queue,0.009539127349853516,4.76837158203125e-07,2.384185791015625e-07,1609701994.608592,1609701994.7398136,0.13122153282165527,1609701994.6566365,1609701994.6641128,0.007476329803466797
82783b7ca73b42b88e640342306eedbc,k-means,warm,exec,queue,0.014229297637939453,2.384185791015625e-07,0.0,1609701994.6112092,1609701994.7363257,0.12511658668518066,1609701994.661394,1609701994.671196,0.009802103042602539
05d9cb60c20e476a98162dfec6c9bc15,k-means,warm,exec,queue,0.01958179473876953,2.384185791015625e-07,2.384185791015625e-07,1609701994.6138473,1609701994.8444939,0.23064661026000977,1609701994.668136,1609701994.6769888,0.008852958679199219
ebed14a9f2b34ed2a3758054e7498779,k-means,warm,exec,queue,0.025295019149780273,4.76837158203125e-07,0.0,1609701994.6166837,1609701994.7594078,0.14272403717041016,1609701994.6732502,1609701994.6787167,0.005466461181640625
abd8002b43a54600a1dbb3bb39e40c37,k-means,warm,exec,queue,0.029960155487060547,2.384185791015625e-07,0.0,1609701994.618252,1609701994.810011,0.1917588710784912,1609701994.678317,1609701994.6842573,0.00594019889831543
bb4010be3f6d4e30b345a7d8d042739a,k-means,warm,exec,queue,0.035063982009887695,2.384185791015625e-07,2.384185791015625e-07,1609701994.619829,1609701994.8134267,0.19359779357910156,1609701994.6855118,1609701994.6912591,0.005747318267822266
f73d04dc0b27487d9363beb86b0bf847,k-means,warm,exec,queue,0.039566993713378906,2.384185791015625e-07,0.0,1609701994.621431,1609701994.8116992,0.19026803970336914,1609701994.6900535,1609701994.6969519,0.006898403167724609
d368061f831b4fc8a6f79aec5defe8d1,k-means,warm,exec,queue,0.04394817352294922,2.384185791015625e-07,0.0,1609701994.623016,1609701994.9560583,0.3330421447753906,1609701994.6943526,1609701994.6997018,0.005349159240722656
ea7682b557b64ea6bbffb4d4fc299190,k-means,warm,exec,queue,0.04888176918029785,2.384185791015625e-07,2.384185791015625e-07,1609701994.624741,1609701994.9542272,0.3294861316680908,1609701994.6999276,1609701994.7061398,0.0062122344970703125
cf0197fc0dfa4c62a85b6d3b272a9a6b,k-means,warm,exec,queue,0.05349135398864746,2.384185791015625e-07,2.384185791015625e-07,1609701994.626312,1609701994.9045453,0.27823328971862793,1609701994.706413,1609701994.7130537,0.00664067268371582
6ad1f33afff5413a90274ddc3444263d,k-means,warm,exec,queue,0.05795598030090332,2.384185791015625e-07,0.0,1609701994.6278892,1609701995.0194468,0.3915576934814453,1609701994.7114174,1609701994.716476,0.0050585269927978516
c38ecf075633431685ebff2cb87e8a2d,k-means,warm,exec,queue,0.06325316429138184,2.384185791015625e-07,4.76837158203125e-07,1609701994.629498,1609701994.9536421,0.3241441249847412,1609701994.7181005,1609701994.7234864,0.005385875701904297
0b0c18a4ef4b4dbaa20859d634dbe52f,k-means,warm,exec,queue,0.06787467002868652,4.76837158203125e-07,2.384185791015625e-07,1609701994.6311593,1609701994.868377,0.23721766471862793,1609701994.72272,1609701994.7289202,0.006200313568115234
be2eda03015345a1852da6f7a313617e,k-means,warm,exec,queue,7.319450378417969e-05,4.76837158203125e-07,2.384185791015625e-07,1609701995.601747,1609701995.7206492,0.11890220642089844,1609701995.6492386,1609701995.6577337,0.008495092391967773
ae928ee8b14e41848f95536b7fed71df,video,warm,exec,queue,0.02310943603515625,2.384185791015625e-07,2.384185791015625e-07,1609701995.6059668,1609701995.9403152,0.3343484401702881,1609701995.6750028,1609701995.6926033,0.017600536346435547
9ee1b3d5d6764610bb6de1c937826f7a,k-means,warm,exec,queue,0.00550532341003418,2.384185791015625e-07,0.0,1609701995.608591,1609701995.722524,0.11393284797668457,1609701995.6493053,1609701995.6595314,0.010226011276245117
cacbc1f78acd41be9d3130c6d2c33d0b,k-means,warm,exec,queue,0.01047968864440918,2.384185791015625e-07,2.384185791015625e-07,1609701995.6111526,1609701995.808389,0.1972362995147705,1609701995.6549523,1609701995.6644087,0.009456396102905273
c262baa791434884b1c6e1e5c6c0ad25,k-means,warm,exec,queue,0.0157926082611084,2.384185791015625e-07,0.0,1609701995.6140382,1609701995.8711047,0.2570664882659912,1609701995.6599145,1609701995.6675253,0.007610797882080078
30853ba56e6d4b848bcdf8b9f456e725,k-means,warm,exec,queue,0.022356271743774414,2.384185791015625e-07,0.0,1609701995.616609,1609701995.8105521,0.19394302368164062,1609701995.6740298,1609701995.680962,0.006932258605957031
9bd23c32cc58451897ee000198891515,k-means,warm,exec,queue,0.030375957489013672,2.384185791015625e-07,2.384185791015625e-07,1609701995.618165,1609701995.753484,0.13531899452209473,1609701995.6772282,1609701995.6827643,0.005536079406738281
1856ab1ac5c143a3984b9050f2cf5a06,k-means,warm,exec,queue,0.03543901443481445,2.384185791015625e-07,2.384185791015625e-07,1609701995.6197724,1609701995.8089316,0.18915915489196777,1609701995.6813617,1609701995.6911995,0.009837865829467773
c86ec83084a5496bb0a06556d84e60a9,k-means,warm,exec,queue,0.0410459041595459,2.384185791015625e-07,0.0,1609701995.6214082,1609701995.803957,0.18254876136779785,1609701995.6894653,1609701995.6965802,0.007114887237548828
70cbbf4d85494c6580fa80c85b3ede7a,k-means,warm,exec,queue,0.04632759094238281,2.384185791015625e-07,2.384185791015625e-07,1609701995.62338,1609701995.9098926,0.2865126132965088,1609701995.6946723,1609701995.7019362,0.007263898849487305
b8f3162d41984f328a4381bb1926086a,k-means,warm,exec,queue,0.05193614959716797,2.384185791015625e-07,2.384185791015625e-07,1609701995.6250129,1609701995.8372993,0.21228647232055664,1609701995.6999934,1609701995.7079988,0.008005380630493164
9d70cb31fc6e4ee48f6f1585beece764,matmul,warm,exec,queue,0.02230691909790039,2.384185791015625e-07,2.384185791015625e-07,1609701995.6266198,1609701995.8077612,0.18114137649536133,1609701995.6775005,1609701995.6871521,0.009651660919189453
ad1b1a48431b42f585d7a07092cdda09,map_reduce,warm,exec,queue,0.025385141372680664,2.384185791015625e-07,0.0,1609701995.628251,1609701995.9082804,0.280029296875,1609701995.6781404,1609701995.763839,0.08569860458374023
42f67f55eded4978bd14852b279fee52,k-means,warm,exec,queue,0.0004038810729980469,2.384185791015625e-07,2.384185791015625e-07,1609701996.5992723,1609701997.0329518,0.43367958068847656,1609701996.639758,1609701996.6483161,0.008558034896850586
b81b78e3c0214ff68243425221a41bfc,k-means,warm,exec,queue,0.02983379364013672,2.384185791015625e-07,2.384185791015625e-07,1609701996.6030424,1609701996.8723614,0.2693190574645996,1609701996.6698585,1609701996.6763504,0.006491899490356445
fdd17c4c0eae4b3badb96043b82fa8bd,k-means,warm,exec,queue,0.03490567207336426,4.76837158203125e-07,4.76837158203125e-07,1609701996.6053963,1609701997.0279834,0.42258715629577637,1609701996.6737669,1609701996.6787624,0.004995584487915039
aad4e91bdd914bada361781bdaa5597b,k-means,warm,exec,queue,0.03945350646972656,2.384185791015625e-07,2.384185791015625e-07,1609701996.607697,1609701997.0983393,0.4906423091888428,1609701996.6793203,1609701996.6857667,0.006446361541748047
1d83f23191a64ba59f5a248fa4197416,k-means,warm,exec,queue,0.004379987716674805,4.76837158203125e-07,2.384185791015625e-07,1609701996.6100326,1609701997.094818,0.4847855567932129,1609701996.6409147,1609701996.6491783,0.008263587951660156
02f0958ccf474d4891dcc78e7b4fcfc5,k-means,warm,exec,queue,0.008592605590820312,2.384185791015625e-07,2.384185791015625e-07,1609701996.6125567,1609701996.8302412,0.21768450736999512,1609701996.6414871,1609701996.6498883,0.008401155471801758
49b77240a76948a981eef6f2d6d647b5,k-means,warm,exec,queue,0.01343846321105957,2.384185791015625e-07,0.0,1609701996.6140113,1609701996.8733304,0.2593190670013428,1609701996.647042,1609701996.655689,0.008646965026855469
3a9a3448491a45f899f3248de6e0397a,k-means,warm,exec,queue,0.01859450340270996,2.384185791015625e-07,2.384185791015625e-07,1609701996.6154568,1609701997.0323825,0.41692566871643066,1609701996.6514862,1609701996.6584437,0.006957530975341797
fa31e2bfec394a1f8e3f4088bf75f782,k-means,warm,exec,queue,0.023148059844970703,2.384185791015625e-07,0.0,1609701996.6169233,1609701997.0297513,0.4128279685974121,1609701996.657917,1609701996.662977,0.005059957504272461
07c7dbf14e50445eb8c42547a0aa74db,k-means,warm,exec,queue,0.02757406234741211,4.76837158203125e-07,4.76837158203125e-07,1609701996.6184828,1609701996.8144236,0.19594073295593262,1609701996.6672802,1609701996.6732416,0.005961418151855469
ed95d993856d45eea95864de9334210d,k-means,warm,exec,queue,0.0006587505340576172,4.76837158203125e-07,2.384185791015625e-07,1609701997.6112983,1609701997.770387,0.1590886116027832,1609701997.6705868,1609701997.6790597,0.008472919464111328
dd3c690b46ab4eb6b6d0aa2f2a3aa54a,k-means,warm,exec,queue,0.007146358489990234,2.384185791015625e-07,0.0,1609701997.6155627,1609701997.81637,0.2008073329925537,1609701997.6711228,1609701997.679882,0.008759260177612305
c66dd96328d74eeaacf7b6a074bf7b40,k-means,warm,exec,queue,0.01209568977355957,4.76837158203125e-07,2.384185791015625e-07,1609701997.6181495,1609701997.7372043,0.11905479431152344,1609701997.6738214,1609701997.6837165,0.009895086288452148
0d7e7da56d1f427cbc110191b696f054,k-means,warm,exec,queue,0.017380714416503906,2.384185791015625e-07,2.384185791015625e-07,1609701997.6207142,1609701997.813895,0.19318079948425293,1609701997.6799653,1609701997.6882873,0.008322000503540039
7ca09233bea54b9791706f54d0d53359,k-means,warm,exec,queue,0.02185678482055664,2.384185791015625e-07,2.384185791015625e-07,1609701997.6235487,1609701997.7718937,0.1483449935913086,1609701997.6929786,1609701997.7009392,0.00796055793762207
e277b8e49a144109a9325e3607733e7a,k-means,warm,exec,queue,0.027753114700317383,2.384185791015625e-07,0.0,1609701997.6255739,1609701997.977255,0.3516812324523926,1609701997.6957042,1609701997.703497,0.00779271125793457
881dfb7c90de4312ac623d42ebfdf577,k-means,warm,exec,queue,0.032648563385009766,2.384185791015625e-07,2.384185791015625e-07,1609701997.6271138,1609701997.9742506,0.3471367359161377,1609701997.696985,1609701997.701919,0.004934072494506836
cbf4f3b1824148629e6155eaa37c3e96,k-means,warm,exec,queue,0.03807425498962402,4.76837158203125e-07,0.0,1609701997.6288836,1609701997.9092572,0.28037357330322266,1609701997.703147,1609701997.7111404,0.007993459701538086
809c80d54240410eb103fe4706ed7655,k-means,warm,exec,queue,0.043298959732055664,2.384185791015625e-07,2.384185791015625e-07,1609701997.63058,1609701997.976764,0.34618401527404785,1609701997.7102375,1609701997.7175274,0.007289886474609375
a5fb577e6ef54d1689fb220589685434,k-means,warm,exec,queue,0.04849720001220703,7.152557373046875e-07,4.76837158203125e-07,1609701997.6321416,1609701998.097891,0.46574950218200684,1609701997.7135823,1609701997.7204263,0.006844043731689453
164ffc03860e4197862639dfdb3215ea,k-means,warm,exec,queue,0.05382490158081055,2.384185791015625e-07,0.0,1609701997.6337085,1609701997.8123314,0.17862296104431152,1609701997.720437,1609701997.7271726,0.006735563278198242
1cffe3a95522403aadc8f5a649d210b1,k-means,warm,exec,queue,0.05907249450683594,2.384185791015625e-07,2.384185791015625e-07,1609701997.635277,1609701998.180719,0.5454418659210205,1609701997.7259471,1609701997.7321186,0.006171464920043945
87f49ab7fd2b4573877427bbe548e4a0,k-means,warm,exec,queue,0.0637049674987793,2.384185791015625e-07,0.0,1609701997.6369376,1609701998.1824303,0.5454926490783691,1609701997.7300487,1609701997.7370186,0.006969928741455078
a66b73004daf4c64b42b7da83967e95f,k-means,warm,exec,queue,0.06859350204467773,2.384185791015625e-07,2.384185791015625e-07,1609701997.6384854,1609701997.9070032,0.26851773262023926,1609701997.7366016,1609701997.7438614,0.007259845733642578
8048a0139919425282bada9f1e4a84c7,k-means,warm,exec,queue,0.07114648818969727,2.384185791015625e-07,2.384185791015625e-07,1609701997.6400347,1609701998.0967715,0.45673680305480957,1609701997.7431614,1609701997.7498055,0.006644010543823242
80463a9fe57b40059301f1761a0b0382,k-means,warm,exec,queue,0.0767221450805664,2.384185791015625e-07,2.384185791015625e-07,1609701997.641597,1609701998.0989869,0.45738983154296875,1609701997.749295,1609701997.7554636,0.0061686038970947266
906ce6ec75ed4e62867168068746b2e5,k-means,warm,exec,queue,0.08216047286987305,2.384185791015625e-07,2.384185791015625e-07,1609701997.6432474,1609701997.9718792,0.3286318778991699,1609701997.7522216,1609701997.758461,0.006239414215087891
a35386c99d2b42d28499ae178b5aee92,video,warm,exec,queue,0.017107725143432617,7.152557373046875e-07,2.384185791015625e-07,1609701997.6448202,1609701997.816854,0.17203378677368164,1609701997.69658,1609701997.7140956,0.01751565933227539
62d3c6e705074f58b2c25b5a4469dbf4,k-means,warm,exec,queue,0.003998517990112305,2.384185791015625e-07,2.384185791015625e-07,1609701998.6021028,1609701998.740832,0.13872933387756348,1609701998.6477072,1609701998.6566732,0.00896596908569336
1798ee878d2a4a6d9469355495bdac14,video,warm,exec,queue,0.02036142349243164,2.384185791015625e-07,2.384185791015625e-07,1609701998.606275,1609701998.8177524,0.21147727966308594,1609701998.6707673,1609701998.6885068,0.017739534378051758
2da13c11a92d4aaea8b9096886999f57,k-means,warm,exec,queue,0.045317888259887695,2.384185791015625e-07,2.384185791015625e-07,1609701998.6089199,1609701998.884561,0.27564120292663574,1609701998.6904564,1609701998.6975262,0.007069826126098633
36300d4ccf994059b28a152558547e21,k-means,warm,exec,queue,0.039931297302246094,4.76837158203125e-07,4.76837158203125e-07,1609701998.611485,1609701998.8148856,0.2034006118774414,1609701998.6902757,1609701998.697948,0.007672309875488281
8913ca483616429290848506212b4a13,k-means,warm,exec,queue,0.03533363342285156,2.384185791015625e-07,2.384185791015625e-07,1609701998.6140852,1609701998.8198812,0.2057960033416748,1609701998.6792464,1609701998.686886,0.007639646530151367
6b90649bdd114443a9ae301244a86bd2,k-means,warm,exec,queue,0.03097677230834961,2.384185791015625e-07,2.384185791015625e-07,1609701998.6167884,1609701998.781582,0.1647937297821045,1609701998.6736524,1609701998.6805365,0.006884098052978516
ea04f48ee32b4fc08d755795a2c18da1,k-means,warm,exec,queue,0.026149988174438477,2.384185791015625e-07,2.384185791015625e-07,1609701998.6183517,1609701998.82038,0.2020282745361328,1609701998.6705015,1609701998.6788929,0.008391380310058594
813e2f7f8cd348458dc334a9c6d35277,k-means,warm,exec,queue,0.009085655212402344,2.384185791015625e-07,2.384185791015625e-07,1609701998.6199224,1609701998.7436724,0.12374997138977051,1609701998.6479237,1609701998.6567543,0.008830547332763672
1f17847d285943ba8fe323493c2950eb,k-means,warm,exec,queue,0.01378774642944336,2.384185791015625e-07,2.384185791015625e-07,1609701998.6214955,1609701998.744302,0.12280654907226562,1609701998.6523755,1609701998.661439,0.009063482284545898
89a5fa675fd949e79fc7672d21703e1c,k-means,warm,exec,queue,0.018346309661865234,2.384185791015625e-07,0.0,1609701998.623196,1609701998.8163474,0.19315147399902344,1609701998.6578162,1609701998.666643,0.008826732635498047
a953df5b7dc64dd998951a8997ac98fa,k-means,warm,exec,queue,0.022922515869140625,4.76837158203125e-07,4.76837158203125e-07,1609701998.6247723,1609701998.7829542,0.15818190574645996,1609701998.670068,1609701998.6787431,0.008675098419189453
f94276a53d444108a79db2e18827e4a5,k-means,warm,exec,queue,0.0023620128631591797,4.76837158203125e-07,2.384185791015625e-07,1609701999.6055377,1609701999.7870882,0.1815505027770996,1609701999.6580563,1609701999.6668332,0.00877690315246582
56a779e8f4884dbfb137c3064a923383,k-means,warm,exec,queue,0.04238152503967285,4.76837158203125e-07,2.384185791015625e-07,1609701999.6097622,1609701999.8548076,0.24504542350769043,1609701999.6976528,1609701999.7023218,0.0046689510345458984
8ae56b4c68c64173806b4cf789011e8a,k-means,warm,exec,queue,0.047328948974609375,2.384185791015625e-07,2.384185791015625e-07,1609701999.6124413,1609702000.1787307,0.5662894248962402,1609701999.7032943,1609701999.7103157,0.007021427154541016
decef27d094f48c28e8c56dc3eaf735b,k-means,warm,exec,queue,0.05244922637939453,2.384185791015625e-07,2.384185791015625e-07,1609701999.6150484,1609701999.8554263,0.24037790298461914,1609701999.70972,1609701999.714506,0.004786014556884766
ff298943f48a43fbb0ad2adbd1ed04bc,k-means,warm,exec,queue,0.01572871208190918,2.384185791015625e-07,2.384185791015625e-07,1609701999.6179895,1609701999.7902927,0.1723031997680664,1609701999.6638637,1609701999.6719728,0.008109092712402344
10d282849fc941cb9f0aec0606d61e00,k-means,warm,exec,queue,0.020099163055419922,2.384185791015625e-07,2.384185791015625e-07,1609701999.6205635,1609701999.8509693,0.2304058074951172,1609701999.6694784,1609701999.6780279,0.00854945182800293
b910476732014e568c63606fcbf33a05,k-means,warm,exec,queue,0.02467799186706543,2.384185791015625e-07,2.384185791015625e-07,1609701999.6221135,1609702000.1773083,0.5551948547363281,1609701999.677192,1609701999.6865892,0.009397268295288086
26d9be79f20a4958a9ac8d6d4a5d534c,k-means,warm,exec,queue,0.029916048049926758,2.384185791015625e-07,4.76837158203125e-07,1609701999.6236997,1609701999.9711409,0.3474411964416504,1609701999.6803727,1609701999.687099,0.006726264953613281
5aabdfbada544c179b544a839260ad33,k-means,warm,exec,queue,0.03429007530212402,2.384185791015625e-07,0.0,1609701999.625269,1609701999.7876565,0.16238760948181152,1609701999.6844738,1609701999.6894958,0.0050220489501953125
3d4a091fd66346469bfb9542adcc2564,k-means,warm,exec,queue,0.0396575927734375,2.384185791015625e-07,2.384185791015625e-07,1609701999.6269789,1609702000.180646,0.5536670684814453,1609701999.6970663,1609701999.703751,0.006684780120849609
ddee24a34ea24d8a8281a1c6448b8391,k-means,warm,exec,queue,0.010494232177734375,2.384185791015625e-07,2.384185791015625e-07,1609701999.6285512,1609701999.7842307,0.15567946434020996,1609701999.6589932,1609701999.6676252,0.00863194465637207
f831cecf9a5f4591af8c70785d072cc0,k-means,warm,exec,queue,0.0076634883880615234,4.76837158203125e-07,2.384185791015625e-07,1609701999.6301398,1609701999.7908711,0.16073131561279297,1609701999.658924,1609701999.6679273,0.009003162384033203
eee3be733de749f8ac6c31d2fed56d3a,k-means,warm,exec,queue,0.05714535713195801,2.384185791015625e-07,2.384185791015625e-07,1609701999.631697,1609701999.9717295,0.34003257751464844,1609701999.7148669,1609701999.719794,0.004927158355712891
22177a44153240e8a84afbf589d7f62d,k-means,warm,exec,queue,0.0009183883666992188,2.384185791015625e-07,4.76837158203125e-07,1609702000.6047626,1609702000.722523,0.11776041984558105,1609702000.651538,1609702000.6603844,0.008846521377563477
17681ce5ed6d4753a79978b041d21972,k-means,warm,exec,queue,0.010046958923339844,7.152557373046875e-07,2.384185791015625e-07,1609702000.6090162,1609702000.8384511,0.22943496704101562,1609702000.657701,1609702000.666868,0.009166955947875977
f6a75c05b2ce452faf0a50651b64d929,k-means,warm,exec,queue,0.014765739440917969,7.152557373046875e-07,4.76837158203125e-07,1609702000.6116416,1609702000.7832663,0.17162466049194336,1609702000.6630466,1609702000.6709604,0.007913827896118164
1ed8b9be4ab341eb9d4a9fa8287c17a3,k-means,warm,exec,queue,0.021951913833618164,2.384185791015625e-07,2.384185791015625e-07,1609702000.6143007,1609702000.7859619,0.1716611385345459,1609702000.674847,1609702000.6811342,0.006287336349487305
99bdef03416c459981878f849abb13ad,k-means,warm,exec,queue,0.027694225311279297,2.384185791015625e-07,0.0,1609702000.6169024,1609702000.7826715,0.16576910018920898,1609702000.67739,1609702000.6844916,0.007101535797119141
9d2e428ad9b6477eb2ecd411cfdda9de,k-means,warm,exec,queue,0.03298664093017578,2.384185791015625e-07,0.0,1609702000.6185024,1609702000.7799177,0.16141533851623535,1609702000.6816232,1609702000.688754,0.007130861282348633
1cc6b82e8c84446cb17298d8c043432d,k-means,warm,exec,queue,0.03820013999938965,7.152557373046875e-07,2.384185791015625e-07,1609702000.6201017,1609702000.778192,0.15809035301208496,1609702000.6895962,1609702000.6969326,0.00733637809753418
052888a50fa44ce18a088f7854ea0591,k-means,warm,exec,queue,0.0435643196105957,4.76837158203125e-07,2.384185791015625e-07,1609702000.6217172,1609702000.9139855,0.2922682762145996,1609702000.694411,1609702000.7014463,0.007035255432128906
5265ba9fbf974c248ba9731c36c74ddf,k-means,warm,exec,queue,0.04823732376098633,2.384185791015625e-07,0.0,1609702000.6233346,1609702000.786564,0.16322946548461914,1609702000.699082,1609702000.7069938,0.007911920547485352
95eea8dde7984076b30b3184b7b83235,k-means,warm,exec,queue,0.002480030059814453,2.384185791015625e-07,0.0,1609702000.6250927,1609702000.7199793,0.09488654136657715,1609702000.6522243,1609702000.6608336,0.008609294891357422
94176084638849929064c864618aa8b9,k-means,warm,exec,queue,0.007393598556518555,2.384185791015625e-07,0.0,1609702000.6266973,1609702000.722104,0.09540677070617676,1609702000.6526875,1609702000.6614711,0.008783578872680664
6ae3bd77bb67439eaa005b018dc8afd9,matmul,warm,exec,queue,0.0231783390045166,2.384185791015625e-07,0.0,1609702000.628327,1609702000.744804,0.11647701263427734,1609702000.675619,1609702000.6863914,0.010772466659545898
43346e2303d04b65ad295838d81dc189,k-means,warm,exec,queue,0.0011646747589111328,4.76837158203125e-07,2.384185791015625e-07,1609702001.6109343,1609702002.042148,0.4312138557434082,1609702001.6637154,1609702001.6721148,0.008399486541748047
b69e3d2e7b3e43d6a3bd2474785fb9d4,k-means,warm,exec,queue,0.0534665584564209,2.384185791015625e-07,2.384185791015625e-07,1609702001.6151426,1609702001.8471828,0.2320401668548584,1609702001.7127209,1609702001.7200117,0.007290840148925781
23ef91d8fa5f47298633e63a7bf646fe,k-means,warm,exec,queue,0.058643341064453125,2.384185791015625e-07,2.384185791015625e-07,1609702001.617777,1609702002.1118324,0.49405527114868164,1609702001.7195687,1609702001.7277198,0.008151054382324219
f0ef730a1a6145f393d6386a4c6e379c,k-means,warm,exec,queue,0.0630495548248291,2.384185791015625e-07,2.384185791015625e-07,1609702001.620363,1609702002.108084,0.48772096633911133,1609702001.7284548,1609702001.7358189,0.007364034652709961
f092fed6e55c4a758bbce0d620152acb,k-means,warm,exec,queue,0.06799030303955078,2.384185791015625e-07,0.0,1609702001.6222637,1609702001.9311123,0.30884861946105957,1609702001.7289557,1609702001.734973,0.006017208099365234
9108a642e54547efb8918576b0cffc1d,k-means,warm,exec,queue,0.07267427444458008,2.384185791015625e-07,0.0,1609702001.6238194,1609702001.9342346,0.31041526794433594,1609702001.7352433,1609702001.741846,0.006602764129638672
82cadfbd688b4d839112056c3b30766a,k-means,warm,exec,queue,0.07761693000793457,9.5367431640625e-07,2.384185791015625e-07,1609702001.625399,1609702002.111222,0.4858229160308838,1609702001.7454684,1609702001.7519069,0.006438493728637695
f3d6d49230e14d23a32f21498a926e09,k-means,warm,exec,queue,0.08304452896118164,2.384185791015625e-07,2.384185791015625e-07,1609702001.6269636,1609702001.9336944,0.3067307472229004,1609702001.747653,1609702001.7532325,0.005579471588134766
ab15ab28f722420abea5d928994d8435,k-means,warm,exec,queue,0.0883643627166748,2.384185791015625e-07,2.384185791015625e-07,1609702001.6285439,1609702001.937313,0.30876922607421875,1609702001.749939,1609702001.756019,0.006080150604248047
f45dc682fbbe4b83bb16a7508af76623,k-means,warm,exec,queue,0.003723621368408203,2.384185791015625e-07,0.0,1609702001.6302507,1609702001.7968712,0.16662049293518066,1609702001.663475,1609702001.6711583,0.007683277130126953
4ade8a3a4ed34aa5aa6cf6d1bf4c7895,k-means,warm,exec,queue,0.008278369903564453,4.76837158203125e-07,2.384185791015625e-07,1609702001.6318102,1609702001.8460844,0.21427416801452637,1609702001.6636577,1609702001.6714153,0.007757663726806641
974ebb06c5874cd5a674fe9c1b1211ee,k-means,warm,exec,queue,0.013422727584838867,4.76837158203125e-07,2.384185791015625e-07,1609702001.6333647,1609702001.8965511,0.2631864547729492,1609702001.6704473,1609702001.6791286,0.008681297302246094
32ed172d22554d2fb6e0e60011727588,k-means,warm,exec,queue,0.0179903507232666,7.152557373046875e-07,2.384185791015625e-07,1609702001.634901,1609702001.8482761,0.21337509155273438,1609702001.675126,1609702001.6834838,0.008357763290405273
9cb4d877aff6456caa2326a83c6f3353,k-means,warm,exec,queue,0.050136566162109375,2.384185791015625e-07,2.384185791015625e-07,1609702001.6365771,1609702001.8492458,0.21266865730285645,1609702001.7127683,1609702001.720138,0.0073697566986083984
c2015b035c2042d5aae1f77862decef3,video,warm,exec,queue,0.04764199256896973,2.384185791015625e-07,2.384185791015625e-07,1609702001.6381443,1609702001.9366562,0.29851198196411133,1609702001.7127948,1609702001.7298894,0.01709461212158203
579760341c124a6181701088e2c0b690,k-means,warm,exec,queue,0.007311820983886719,2.384185791015625e-07,2.384185791015625e-07,1609702002.6092603,1609702002.7399979,0.1307375431060791,1609702002.656674,1609702002.6635342,0.006860256195068359
ef8c46eac4174e03957d86ea861aa5d5,k-means,warm,exec,queue,0.047987937927246094,7.152557373046875e-07,2.384185791015625e-07,1609702002.613576,1609702002.9244998,0.31092381477355957,1609702002.7083893,1609702002.7161498,0.007760524749755859
abb064b4584e4f899d918738d43368cf,k-means,warm,exec,queue,0.05274677276611328,2.384185791015625e-07,2.384185791015625e-07,1609702002.616416,1609702003.0840027,0.4675867557525635,1609702002.7093287,1609702002.714989,0.005660295486450195
1eed2afffd614bfb9aae753f44f8180a,k-means,warm,exec,queue,0.05801749229431152,4.76837158203125e-07,0.0,1609702002.6192105,1609702002.9669056,0.34769511222839355,1609702002.7147694,1609702002.722374,0.0076045989990234375
df1d365696924033b4cb01b70ee3c925,k-means,warm,exec,queue,0.019223928451538086,4.76837158203125e-07,4.76837158203125e-07,1609702002.6217139,1609702002.790469,0.16875505447387695,1609702002.6721413,1609702002.6821883,0.010046958923339844
c3cab26c8af0471a84c04fa4d0864c1b,k-means,warm,exec,queue,0.02441239356994629,4.76837158203125e-07,2.384185791015625e-07,1609702002.623407,1609702002.8425412,0.21913433074951172,1609702002.6758425,1609702002.6842422,0.008399724960327148
7ffccfaaa69d422aa9e7180ad16b6106,k-means,warm,exec,queue,0.03021717071533203,4.76837158203125e-07,2.384185791015625e-07,1609702002.6251245,1609702002.8866296,0.261505126953125,1609702002.6827857,1609702002.6893513,0.006565570831298828
423b41a7fd1d49b79ede5557b6a5e06d,k-means,warm,exec,queue,0.035138607025146484,2.384185791015625e-07,0.0,1609702002.6268227,1609702003.0857084,0.45888566970825195,1609702002.6927845,1609702002.7008123,0.008027791976928711
c043b991431043f4b70bf85872d95538,k-means,warm,exec,queue,0.04069089889526367,2.384185791015625e-07,2.384185791015625e-07,1609702002.6285462,1609702002.9993398,0.37079358100891113,1609702002.693741,1609702002.6998668,0.006125688552856445
199a18a67ab34fbfbd0450328e585f9b,k-means,warm,exec,queue,0.04523730278015137,2.384185791015625e-07,2.384185791015625e-07,1609702002.630363,1609702002.8836362,0.25327324867248535,1609702002.6999493,1609702002.7079625,0.008013248443603516
6464cf2bd8c841779054b70ea1ea5159,k-means,warm,exec,queue,0.014562606811523438,7.152557373046875e-07,2.384185791015625e-07,1609702002.6320546,1609702002.8872523,0.25519776344299316,1609702002.665692,1609702002.6740763,0.008384227752685547
ecf7d8c67a7040e99772ac0ba14ea118,k-means,warm,exec,queue,0.010137796401977539,2.384185791015625e-07,2.384185791015625e-07,1609702002.633758,1609702002.7918794,0.15812134742736816,1609702002.661381,1609702002.6699724,0.008591413497924805
ed907e16a3ad4a6e9a634551ad2e7b5a,k-means,warm,exec,queue,0.06283164024353027,2.384185791015625e-07,2.384185791015625e-07,1609702002.6354475,1609702002.8407714,0.2053239345550537,1609702002.7226913,1609702002.729797,0.007105588912963867
0bdcd3f85d2f4848a77a9c841eaec053,k-means,warm,exec,queue,0.002450704574584961,4.76837158203125e-07,2.384185791015625e-07,1609702003.6056623,1609702003.89374,0.28807759284973145,1609702003.6700778,1609702003.6783395,0.008261680603027344
afc5e9607c5f4ab3a2acec323e2ccbf8,video,warm,exec,queue,0.02017998695373535,2.384185791015625e-07,2.384185791015625e-07,1609702003.60984,1609702004.1351752,0.5253353118896484,1609702003.6901882,1609702003.7078502,0.01766204833984375
3cb8fe4dfd974282ac8cdcb48617e144,k-means,warm,exec,queue,0.0151214599609375,7.152557373046875e-07,0.0,1609702003.6124926,1609702004.1369555,0.5244629383087158,1609702003.6892452,1609702003.6979144,0.008669137954711914
9a9f65d87ea04501b15a44bfaae521fe,k-means,warm,exec,queue,0.02088308334350586,2.384185791015625e-07,0.0,1609702003.6150749,1609702004.086024,0.4709491729736328,1609702003.6897476,1609702003.6974247,0.0076770782470703125
e6993221d2314dee84c0aa5f9862df1c,k-means,warm,exec,queue,0.02633357048034668,2.384185791015625e-07,2.384185791015625e-07,1609702003.6425273,1609702003.895558,0.25303077697753906,1609702003.6949077,1609702003.7011628,0.006255149841308594
5099d49a4aa34a8c82e01e3e13bd7295,k-means,warm,exec,queue,0.03114628791809082,7.152557373046875e-07,2.384185791015625e-07,1609702003.644245,1609702004.2941287,0.6498837471008301,1609702003.7002857,1609702003.7088087,0.008522987365722656
26cc4338e03341d6a2a9c7732bc38419,k-means,warm,exec,queue,0.03623819351196289,2.384185791015625e-07,0.0,1609702003.6457846,1609702003.9515173,0.30573272705078125,1609702003.7067845,1609702003.7142096,0.007425069808959961
b53a723df2214a02852b0b66d0d46bda,k-means,warm,exec,queue,0.04153919219970703,4.76837158203125e-07,2.384185791015625e-07,1609702003.6474106,1609702004.2375622,0.5901515483856201,1609702003.715198,1609702003.7221448,0.0069468021392822266
faf7ff9fa1c24c26970c00b723758859,k-means,warm,exec,queue,0.008021116256713867,4.76837158203125e-07,0.0,1609702003.6489615,1609702004.0879564,0.4389948844909668,1609702003.671043,1609702003.6800237,0.008980751037597656
80f35d5c5fff418e8ec71e235f556744,k-means,warm,exec,queue,0.013016700744628906,2.384185791015625e-07,2.384185791015625e-07,1609702003.6504803,1609702003.9532666,0.30278635025024414,1609702003.6778967,1609702003.6864998,0.008603096008300781
379aac9e651a475b825583fbde65baf8,k-means,warm,exec,queue,0.0008106231689453125,4.76837158203125e-07,2.384185791015625e-07,1609702004.6159303,1609702004.8865118,0.2705814838409424,1609702004.674688,1609702004.6833131,0.008625030517578125
f5da294c04ed4f53954a1161843f0cef,k-means,warm,exec,queue,0.06431818008422852,2.384185791015625e-07,2.384185791015625e-07,1609702004.6202207,1609702005.1480005,0.5277798175811768,1609702004.7367167,1609702004.743039,0.006322145462036133
a91d72426aea40188dddc243a5be9d82,k-means,warm,exec,queue,0.06883931159973145,4.76837158203125e-07,2.384185791015625e-07,1609702004.6227996,1609702005.0577164,0.43491673469543457,1609702004.7432077,1609702004.749655,0.006447315216064453
6d350358ac4f47c69c8142ff5107200b,k-means,warm,exec,queue,0.07430577278137207,2.384185791015625e-07,2.384185791015625e-07,1609702004.6253855,1609702005.0219362,0.39655065536499023,1609702004.7499726,1609702004.7585156,0.008543014526367188
84e45396b3464db88dd2be9cd215ff0f,k-means,warm,exec,queue,0.07926154136657715,4.76837158203125e-07,2.384185791015625e-07,1609702004.6282752,1609702005.205921,0.5776457786560059,1609702004.755591,1609702004.7645476,0.008956670761108398
e07eb33668d34143b3cf40fd526ff23c,k-means,warm,exec,queue,0.007565975189208984,4.76837158203125e-07,2.384185791015625e-07,1609702004.6299024,1609702004.7451718,0.11526942253112793,1609702004.6755219,1609702004.6835878,0.008065938949584961
840f38e6f588442396b4e6fe3d094074,k-means,warm,exec,queue,0.011996746063232422,4.76837158203125e-07,2.384185791015625e-07,1609702004.631466,1609702004.7482982,0.11683225631713867,1609702004.6780553,1609702004.6879854,0.009930133819580078
a6dd988b75b74c5aa14e373f6f5aee89,k-means,warm,exec,queue,0.01655411720275879,4.76837158203125e-07,2.384185791015625e-07,1609702004.633044,1609702004.7477372,0.11469316482543945,1609702004.6832628,1609702004.6916177,0.008354902267456055
98033eca9c22424ba2f18d2e1ce3e862,k-means,warm,exec,queue,0.021467208862304688,2.384185791015625e-07,2.384185791015625e-07,1609702004.6346145,1609702004.8882954,0.253680944442749,1609702004.6936934,1609702004.7024875,0.008794069290161133
15816869b99348e3ba01182ec57fe460,k-means,warm,exec,queue,0.027313709259033203,2.384185791015625e-07,2.384185791015625e-07,1609702004.6363215,1609702004.8369207,0.20059919357299805,1609702004.6943712,1609702004.7002048,0.005833625793457031
422949da3da240f0b64e4d19449e584e,k-means,warm,exec,queue,0.03200674057006836,2.384185791015625e-07,4.76837158203125e-07,1609702004.6378846,1609702004.9379513,0.3000667095184326,1609702004.6981413,1609702004.7052093,0.00706791877746582
76d513cc38cd4a62a6952809e502d591,k-means,warm,exec,queue,0.03745150566101074,4.76837158203125e-07,2.384185791015625e-07,1609702004.6394534,1609702004.8916585,0.25220513343811035,1609702004.7062232,1609702004.7138286,0.007605314254760742
da0b353634e347caa3cc7d533528d39a,k-means,warm,exec,queue,0.04190802574157715,2.384185791015625e-07,2.384185791015625e-07,1609702004.64112,1609702004.8910377,0.24991774559020996,1609702004.7101772,1609702004.7167656,0.006588459014892578
035ee6b38c0c497a979378308dacf0bf,k-means,warm,exec,queue,0.04647016525268555,4.76837158203125e-07,4.76837158203125e-07,1609702004.6426806,1609702004.9392686,0.2965879440307617,1609702004.714206,1609702004.7209148,0.006708860397338867
52237cf502244c7ab2e0e0284a9b91ff,k-means,warm,exec,queue,0.051950693130493164,2.384185791015625e-07,2.384185791015625e-07,1609702004.6442707,1609702004.9366336,0.29236292839050293,1609702004.7204335,1609702004.727042,0.006608486175537109
025cbcbb517b4957b7771389280736a9,k-means,warm,exec,queue,0.05659055709838867,2.384185791015625e-07,2.384185791015625e-07,1609702004.6458368,1609702005.060331,0.41449427604675293,1609702004.7268014,1609702004.7337158,0.006914377212524414
2f17555496db4264b85a1db9fcf74e10,k-means,warm,exec,queue,0.061003923416137695,2.384185791015625e-07,2.384185791015625e-07,1609702004.6475017,1609702005.0583215,0.41081976890563965,1609702004.7317488,1609702004.7383173,0.006568431854248047
bb236b230b93457fb61930cb4ca8020b,k-means,warm,exec,queue,0.004788637161254883,4.76837158203125e-07,2.384185791015625e-07,1609702005.6087883,1609702005.7311854,0.12239718437194824,1609702005.650314,1609702005.6616132,0.01129913330078125
f94b039bd21a400eb049d578f25bfb56,disk,warm,exec,queue,0.04121756553649902,4.76837158203125e-07,0.0,1609702005.6129127,1609702005.7904725,0.17755985260009766,1609702005.6830313,1609702005.690076,0.007044792175292969
9782714f96f24fe9b5e1c6049025523c,k-means,warm,exec,queue,0.027318716049194336,2.384185791015625e-07,2.384185791015625e-07,1609702005.6155138,1609702005.7888274,0.17331361770629883,1609702005.6828496,1609702005.6911676,0.008317947387695312
a699a4c1da9245b7a3b1b93e6835ed42,k-means,warm,exec,queue,0.018536806106567383,2.384185791015625e-07,2.384185791015625e-07,1609702005.6181164,1609702005.8611455,0.24302911758422852,1609702005.6662838,1609702005.6752384,0.008954524993896484
8d6697ddbb6841918bd40838161a9e7f,k-means,warm,exec,queue,0.013860225677490234,2.384185791015625e-07,2.384185791015625e-07,1609702005.62054,1609702005.7555447,0.13500475883483887,1609702005.6611612,1609702005.6704168,0.009255647659301758
3e97e5b1abe5410f96b6330493b20b33,k-means,warm,exec,queue,0.008148431777954102,2.384185791015625e-07,0.0,1609702005.6222954,1609702005.7329986,0.1107032299041748,1609702005.6506822,1609702005.6618474,0.011165142059326172
ac0eaca518544aeab67532b9653b3bbe,k-means,warm,exec,queue,0.013024091720581055,2.384185791015625e-07,2.384185791015625e-07,1609702005.6238573,1609702005.7572079,0.13335061073303223,1609702005.6553903,1609702005.6642416,0.008851289749145508
8f47c028c3df4accb4887696ce3fd198,video,warm,exec,queue,0.028365612030029297,2.384185791015625e-07,2.384185791015625e-07,1609702005.6254468,1609702005.8605373,0.2350904941558838,1609702005.68098,1609702005.698848,0.0178680419921875
b4ab802b614c4f9c9fbe44095e9a6dcd,matmul,warm,exec,queue,0.02895355224609375,2.384185791015625e-07,0.0,1609702005.627034,1609702005.8573697,0.23033571243286133,1609702005.6813486,1609702005.6904523,0.009103775024414062
5a55f8cdc1ff46368184c1b6cddc88dd,map_reduce,warm,exec,queue,0.028942108154296875,2.384185791015625e-07,2.384185791015625e-07,1609702005.6287568,1609702005.8628316,0.23407483100891113,1609702005.6826236,1609702005.7677145,0.08509087562561035
b105b01b187e4a75a442fca61a649f0f,k-means,warm,exec,queue,0.006808042526245117,4.76837158203125e-07,0.0,1609702006.6104827,1609702006.8583329,0.2478501796722412,1609702006.6477258,1609702006.6558778,0.008152008056640625
a97f6f75793942cca56901bce3d4c327,k-means,warm,exec,queue,0.02112436294555664,4.76837158203125e-07,2.384185791015625e-07,1609702006.6146483,1609702006.976434,0.3617856502532959,1609702006.6643574,1609702006.6705945,0.006237030029296875
dc0c9840f4dd4a0fb6de28d61e57a9e1,k-means,warm,exec,queue,0.026480436325073242,2.384185791015625e-07,2.384185791015625e-07,1609702006.6171842,1609702006.8552687,0.2380845546722412,1609702006.6723235,1609702006.6785312,0.006207704544067383
44ffbe9518044de88434ca32228b024e,k-means,warm,exec,queue,0.0316464900970459,0.0,2.384185791015625e-07,1609702006.619693,1609702006.9759543,0.3562612533569336,1609702006.676133,1609702006.6811574,0.005024433135986328
8fd5f544cf7048de98e5dd666d8f823c,k-means,warm,exec,queue,0.03696632385253906,2.384185791015625e-07,2.384185791015625e-07,1609702006.6217277,1609702007.1330936,0.5113658905029297,1609702006.6812654,1609702006.690599,0.009333610534667969
dffeea022de743df82a85723b51b6b72,k-means,warm,exec,queue,0.042482614517211914,2.384185791015625e-07,2.384185791015625e-07,1609702006.6231773,1609702006.8588376,0.23566031455993652,1609702006.687395,1609702006.6934142,0.006019115447998047
cdfacc6dcda7469aa007b04e52623fcc,k-means,warm,exec,queue,0.04844784736633301,2.384185791015625e-07,2.384185791015625e-07,1609702006.6246524,1609702006.8620856,0.23743319511413574,1609702006.6960516,1609702006.7030845,0.007032871246337891
fae75b7d0a5f42848495f89637b35655,k-means,warm,exec,queue,0.05393385887145996,2.384185791015625e-07,2.384185791015625e-07,1609702006.626105,1609702006.9739878,0.3478827476501465,1609702006.699503,1609702006.7038717,0.004368782043457031
f82a1ce7088b4cf7b0d772c739959c50,k-means,warm,exec,queue,0.058643341064453125,2.384185791015625e-07,0.0,1609702006.627556,1609702007.0490139,0.42145776748657227,1609702006.7048233,1609702006.7118924,0.007069110870361328
3aa58b2d9eb8487f90f52bcf2e7a6ff1,k-means,warm,exec,queue,0.010791540145874023,1.8358230590820312e-05,2.384185791015625e-07,1609702006.629121,1609702007.0474312,0.41831016540527344,1609702006.6532562,1609702006.6613393,0.008083105087280273
6387cfa5bf884b1d8651c4b4fc785af8,k-means,warm,exec,queue,0.015481948852539062,2.384185791015625e-07,0.0,1609702006.6305683,1609702006.861516,0.23094773292541504,1609702006.6582413,1609702006.666496,0.008254766464233398
9989937f9f974b45b442a721a0ad479a,k-means,warm,exec,queue,0.0014085769653320312,2.384185791015625e-07,4.76837158203125e-07,1609702007.616669,1609702007.7489166,0.1322476863861084,1609702007.673908,1609702007.6832588,0.009350776672363281
d42b5a59eb6442d8897031a84498d783,k-means,warm,exec,queue,0.012938737869262695,2.384185791015625e-07,0.0,1609702007.6209595,1609702007.7501261,0.1291666030883789,1609702007.6734245,1609702007.6815581,0.008133649826049805
31ae4ca506d444adbdd66301f19a9a7f,k-means,warm,exec,queue,0.019880294799804688,4.76837158203125e-07,2.384185791015625e-07,1609702007.6235735,1609702007.9125276,0.2889540195465088,1609702007.685042,1609702007.6942935,0.009251594543457031
1d501932ccdd4134b220730f739a3763,k-means,warm,exec,queue,0.028252601623535156,7.152557373046875e-07,2.384185791015625e-07,1609702007.6262186,1609702007.8371356,0.21091699600219727,1609702007.698956,1609702007.7062933,0.007337331771850586
801e68daa6224b238cb2b6198358e023,k-means,warm,exec,queue,0.03404521942138672,2.384185791015625e-07,2.384185791015625e-07,1609702007.6291437,1609702008.0108082,0.381664514541626,1609702007.7013092,1609702007.707153,0.0058438777923583984
9cbbb3dd2f1a4f6984eef258ec850547,k-means,warm,exec,queue,0.03905797004699707,2.384185791015625e-07,2.384185791015625e-07,1609702007.631772,1609702008.0135267,0.38175463676452637,1609702007.7051795,1609702007.7125108,0.007331371307373047
49293c9a4ca342ba9d5555758c1644f0,k-means,warm,exec,queue,0.04401230812072754,4.76837158203125e-07,2.384185791015625e-07,1609702007.6336634,1609702007.9130733,0.27940988540649414,1609702007.7157717,1609702007.723611,0.007839441299438477
1f7cdbf1ddab421c870d8b1000d7dc8c,k-means,warm,exec,queue,0.048891544342041016,2.384185791015625e-07,0.0,1609702007.6352873,1609702007.8366044,0.20131707191467285,1609702007.7182968,1609702007.7240608,0.005764007568359375
62a32f1a3f434b51a01b596738204ba6,k-means,warm,exec,queue,0.05347490310668945,7.152557373046875e-07,0.0,1609702007.6369326,1609702007.9086416,0.27170896530151367,1609702007.723356,1609702007.7305853,0.007229328155517578
74717dee74714f76912d37c44ebfcd35,k-means,warm,exec,queue,0.05787396430969238,2.384185791015625e-07,2.384185791015625e-07,1609702007.6386914,1609702007.8333771,0.194685697555542,1609702007.7274857,1609702007.734974,0.007488250732421875
09a98759e4f94f069141ba941b8de53d,k-means,warm,exec,queue,0.0627443790435791,4.76837158203125e-07,2.384185791015625e-07,1609702007.640318,1609702007.9139805,0.2736625671386719,1609702007.7318475,1609702007.736898,0.0050504207611083984
2c2f0b5251684dd7afa2784998177d51,k-means,warm,exec,queue,0.015314102172851562,4.76837158203125e-07,2.384185791015625e-07,1609702007.641953,1609702007.7900748,0.14812183380126953,1609702007.678927,1609702007.6877654,0.008838415145874023
99d6e9b975af4495a9ee59f0f33d27b4,k-means,warm,exec,queue,0.06778192520141602,2.384185791015625e-07,0.0,1609702007.6435776,1609702007.8339448,0.1903672218322754,1609702007.7372546,1609702007.7442915,0.007036924362182617
da3e697ed39548269744592b24add86d,k-means,warm,exec,queue,0.07222795486450195,2.384185791015625e-07,0.0,1609702007.6453013,1609702008.0582197,0.4129183292388916,1609702007.7425773,1609702007.7470012,0.004423856735229492
efe3ebb600b74d97a6c1386246811964,video,warm,exec,queue,0.017116069793701172,4.76837158203125e-07,2.384185791015625e-07,1609702007.6469088,1609702007.913535,0.26662635803222656,1609702007.699283,1609702007.7167766,0.017493724822998047
c20cc89c1b4b4addae2282d25d7d53ec,k-means,warm,exec,queue,0.0037834644317626953,4.76837158203125e-07,4.76837158203125e-07,1609702008.61193,1609702008.7426522,0.1307222843170166,1609702008.6552417,1609702008.6642478,0.009006023406982422
6e08ef348eef40ad8ded920093095802,k-means,warm,exec,queue,0.05287742614746094,9.5367431640625e-07,4.76837158203125e-07,1609702008.616089,1609702008.894057,0.2779679298400879,1609702008.709241,1609702008.715965,0.006724119186401367
150f8bab26a740c6903d2ae5fd7d2198,k-means,warm,exec,queue,0.04760313034057617,2.384185791015625e-07,2.384185791015625e-07,1609702008.6187217,1609702008.895663,0.27694129943847656,1609702008.6997347,1609702008.7067082,0.0069735050201416016
0fe1858744d24e549ebcf7f8f5016270,k-means,warm,exec,queue,0.042700767517089844,2.384185791015625e-07,2.384185791015625e-07,1609702008.6209385,1609702008.8369398,0.21600127220153809,1609702008.6955428,1609702008.7012136,0.005670785903930664
f341f335a9c14f6cade9e253ad4332e6,k-means,warm,exec,queue,0.038080453872680664,2.384185791015625e-07,2.384185791015625e-07,1609702008.622718,1609702008.7676299,0.1449117660522461,1609702008.6903675,1609702008.6973417,0.006974220275878906
6e7904bc40dc4869b3680e489749b1ed,k-means,warm,exec,queue,0.03328752517700195,2.384185791015625e-07,2.384185791015625e-07,1609702008.6243715,1609702008.802374,0.17800235748291016,1609702008.683372,1609702008.690526,0.007153987884521484
27aa43f530ec418ab4b5a526f3c6d3ab,k-means,warm,exec,queue,0.028191089630126953,2.384185791015625e-07,0.0,1609702008.6259942,1609702008.8400376,0.21404337882995605,1609702008.6782331,1609702008.683522,0.005288839340209961
ff03595be01a4b149fd1d0048691dd45,k-means,warm,exec,queue,0.008937358856201172,2.384185791015625e-07,2.384185791015625e-07,1609702008.6276312,1609702008.7438734,0.1162421703338623,1609702008.654562,1609702008.6635065,0.008944511413574219
52b59fcca289445c862a7f3a396f6889,k-means,warm,exec,queue,0.014317035675048828,4.76837158203125e-07,2.384185791015625e-07,1609702008.6292832,1609702008.771209,0.14192581176757812,1609702008.6613069,1609702008.6702547,0.00894784927368164
322879d760d6498db03ee777c68fed39,k-means,warm,exec,queue,0.018957138061523438,2.384185791015625e-07,4.76837158203125e-07,1609702008.6310627,1609702008.8407307,0.20966792106628418,1609702008.6667004,1609702008.6757596,0.00905919075012207
572d96505f514013b6878b2c4f04a2e7,k-means,warm,exec,queue,0.025270700454711914,2.384185791015625e-07,2.384185791015625e-07,1609702008.6326568,1609702008.7694628,0.13680601119995117,1609702008.674415,1609702008.681563,0.007147789001464844
cfc9e815855249e0a692eaf37fd6b89a,k-means,warm,exec,queue,0.006370067596435547,2.384185791015625e-07,0.0,1609702009.615728,1609702009.7531235,0.13739562034606934,1609702009.6618528,1609702009.6697328,0.007879972457885742
d4929ac59fff4ef08e7683ea941ed2dc,k-means,warm,exec,queue,0.047616004943847656,2.384185791015625e-07,0.0,1609702009.6200228,1609702010.5569315,0.9369087219238281,1609702009.7070901,1609702009.71225,0.005159854888916016
b895d00770a043a8a21e0bbcfc095aad,k-means,warm,exec,queue,0.052393436431884766,2.384185791015625e-07,2.384185791015625e-07,1609702009.6226578,1609702010.4157348,0.7930769920349121,1609702009.712555,1609702009.7176533,0.0050983428955078125
49a83a6abe424599b0a4d8465651b82d,k-means,warm,exec,queue,0.057775020599365234,2.384185791015625e-07,0.0,1609702009.624913,1609702010.5549774,0.9300644397735596,1609702009.7181396,1609702009.7227254,0.004585742950439453
9d77027b82c344089f1cd1982ca2f71b,k-means,warm,exec,queue,0.019807815551757812,4.76837158203125e-07,2.384185791015625e-07,1609702009.626666,1609702009.9035707,0.2769045829772949,1609702009.6787121,1609702009.6874304,0.008718252182006836
f2771823e9424609b7ed976b25568b87,k-means,warm,exec,queue,0.024419784545898438,2.384185791015625e-07,4.76837158203125e-07,1609702009.628258,1609702010.504332,0.8760740756988525,1609702009.681201,1609702009.6884696,0.007268667221069336
826475d6e70b4dd3abc5d084c76fc456,k-means,warm,exec,queue,0.02915358543395996,4.76837158203125e-07,2.384185791015625e-07,1609702009.629838,1609702009.9052315,0.2753934860229492,1609702009.687512,1609702009.6954515,0.007939577102661133
0c51a58a8c7b4c5e875ed572212270a8,k-means,warm,exec,queue,0.034032344818115234,2.384185791015625e-07,2.384185791015625e-07,1609702009.6314142,1609702009.770473,0.13905882835388184,1609702009.691464,1609702009.6986086,0.0071446895599365234
04319ae1eb384f80acea4d2144f000d6,k-means,warm,exec,queue,0.03915715217590332,4.76837158203125e-07,2.384185791015625e-07,1609702009.6330245,1609702010.4479318,0.8149073123931885,1609702009.6976595,1609702009.7042165,0.006556987762451172
2344613ed53c4a20acfe1487fbac048b,k-means,warm,exec,queue,0.0443112850189209,2.384185791015625e-07,2.384185791015625e-07,1609702009.6347468,1609702010.4460237,0.811276912689209,1609702009.703878,1609702009.7107584,0.006880521774291992
363d234277aa46aea7d189ecee0f8f20,k-means,warm,exec,queue,0.015097856521606445,4.76837158203125e-07,2.384185791015625e-07,1609702009.6363513,1609702009.755893,0.11954164505004883,1609702009.6719894,1609702009.6817236,0.009734153747558594
399c3cf031de44d39cfbce22198ac575,k-means,warm,exec,queue,0.009746789932250977,4.76837158203125e-07,2.384185791015625e-07,1609702009.637908,1609702009.7554138,0.11750578880310059,1609702009.6659517,1609702009.67433,0.008378267288208008
a536bedfb4364ad39d101a3124cb6754,k-means,warm,exec,queue,0.06246590614318848,2.384185791015625e-07,2.384185791015625e-07,1609702009.6394706,1609702010.5055845,0.8661139011383057,1609702009.7232616,1609702009.7274323,0.004170656204223633
25ccc4a2f4ca4e82b782ef21c96a2003,video,warm,exec,queue,0.015607833862304688,4.76837158203125e-07,2.384185791015625e-07,1609702009.6411772,1609702009.7691293,0.12795209884643555,1609702009.679469,1609702009.6968515,0.017382383346557617
4dff8562736648cf8d87e5388d5b6f82,k-means,warm,exec,queue,0.0025794506072998047,2.384185791015625e-07,2.384185791015625e-07,1609702010.615172,1609702010.7499938,0.13482189178466797,1609702010.6638868,1609702010.6721306,0.008243799209594727
8f348ce3aee2400698107deed62b34e0,k-means,warm,exec,queue,0.034798622131347656,2.384185791015625e-07,2.384185791015625e-07,1609702010.6193445,1609702010.889928,0.2705836296081543,1609702010.6940029,1609702010.7010827,0.0070798397064208984
ee8eb1c751844182ab5722719d1316ea,k-means,warm,exec,queue,0.039305686950683594,9.5367431640625e-07,2.384185791015625e-07,1609702010.6219513,1609702010.8318205,0.2098691463470459,1609702010.7063007,1609702010.7135859,0.007285118103027344
a271ba6144ac435a8b57b49c9220c277,k-means,warm,exec,queue,0.04413723945617676,4.76837158203125e-07,2.384185791015625e-07,1609702010.62454,1609702010.9951198,0.37057971954345703,1609702010.709962,1609702010.7158222,0.005860328674316406
4b0be0412c6b4d0ea7692e26c4859ff6,k-means,warm,exec,queue,0.05011487007141113,2.384185791015625e-07,0.0,1609702010.627715,1609702010.9957614,0.36804628372192383,1609702010.7111537,1609702010.7180932,0.006939411163330078
14db68afe61642f9a353c0aa2246c9ca,k-means,warm,exec,queue,0.05483531951904297,2.384185791015625e-07,0.0,1609702010.6296213,1609702010.7892792,0.15965795516967773,1609702010.7169464,1609702010.7250025,0.008056163787841797
07b346c218a040b6869b54ad71bca75e,k-means,warm,exec,queue,0.06035470962524414,2.384185791015625e-07,0.0,1609702010.631185,1609702010.9653926,0.33420753479003906,1609702010.72336,1609702010.7289126,0.005552530288696289
ae3bfcc331544be28615b14dbac05027,k-means,warm,exec,queue,0.0069544315338134766,2.384185791015625e-07,0.0,1609702010.6327648,1609702010.9907124,0.35794758796691895,1609702010.6647563,1609702010.6742136,0.00945734977722168
1cd4ae9b1ec949a9832245a130ad1b16,k-means,warm,exec,queue,0.011619091033935547,4.76837158203125e-07,4.76837158203125e-07,1609702010.6343224,1609702010.74823,0.1139075756072998,1609702010.6682084,1609702010.6758866,0.00767827033996582
f158d907599942e0b541a72065d5b9b9,k-means,warm,exec,queue,0.016216278076171875,4.76837158203125e-07,2.384185791015625e-07,1609702010.636005,1609702010.790958,0.1549530029296875,1609702010.674124,1609702010.6815755,0.007451534271240234
0f26e840a2744b569a4dc87c855a46fa,k-means,warm,exec,queue,0.025005578994750977,4.76837158203125e-07,2.384185791015625e-07,1609702010.6375718,1609702010.860788,0.22321629524230957,1609702010.6894417,1609702010.696669,0.007227420806884766
aeae1137cd274dc0a55c4f535ff255b7,k-means,warm,exec,queue,0.03028726577758789,2.384185791015625e-07,2.384185791015625e-07,1609702010.6391478,1609702010.8569674,0.2178196907043457,1609702010.6902318,1609702010.6980593,0.007827520370483398
a45ef92a41eb4b7aa54c03b44691cebb,matmul,warm,exec,queue,0.0166170597076416,2.384185791015625e-07,2.384185791015625e-07,1609702010.640709,1609702010.8587706,0.2180616855621338,1609702010.6902087,1609702010.700539,0.010330438613891602
26f725966a04490485b070552fa46aca,k-means,warm,exec,queue,8.20159912109375e-05,4.76837158203125e-07,2.384185791015625e-07,1609702011.6111329,1609702011.7934816,0.18234872817993164,1609702011.6458066,1609702011.6537004,0.007893800735473633
dcd5a6e05f0b40618525af384e6012e5,k-means,warm,exec,queue,0.0050013065338134766,2.384185791015625e-07,0.0,1609702011.6153002,1609702011.7922306,0.17693042755126953,1609702011.6457515,1609702011.6543682,0.00861668586730957
eb96f8f1766d4176b58be49d5c0ce95d,video,warm,exec,queue,0.020428180694580078,4.76837158203125e-07,2.384185791015625e-07,1609702011.6172392,1609702012.2946174,0.6773781776428223,1609702011.6662433,1609702011.6834514,0.017208099365234375
8dd9309a07bf498da5b42b78f22f85cd,k-means,warm,exec,queue,0.00923919677734375,2.384185791015625e-07,0.0,1609702011.6191368,1609702011.8598244,0.24068760871887207,1609702011.651367,1609702011.6600518,0.008684873580932617
77b97bf0818e4072a36baafcfa37c8c2,k-means,warm,exec,queue,0.013977527618408203,2.384185791015625e-07,2.384185791015625e-07,1609702011.621015,1609702011.7945201,0.17350506782531738,1609702011.6563513,1609702011.6655495,0.009198188781738281
7bdba9e159664deb9b4a3b39e55d1a20,k-means,warm,exec,queue,0.020479917526245117,2.384185791015625e-07,0.0,1609702011.623085,1609702011.8250556,0.20197057723999023,1609702011.66518,1609702011.6702154,0.005035400390625
19fd763088d14e84b7fbbfe0905e1445,k-means,warm,exec,queue,0.024947404861450195,4.76837158203125e-07,0.0,1609702011.6249652,1609702012.4932098,0.8682446479797363,1609702011.6678984,1609702011.6753287,0.007430315017700195
d547a965d4384f9fb535f8c9a8be8480,k-means,warm,exec,queue,0.029781579971313477,2.384185791015625e-07,0.0,1609702011.626809,1609702011.860293,0.23348402976989746,1609702011.6740956,1609702011.6831799,0.009084224700927734
54e9f22c0e594784a48f7ff57a6d4a3b,k-means,warm,exec,queue,0.0009696483612060547,2.384185791015625e-07,2.384185791015625e-07,1609702012.6235278,1609702012.8354833,0.21195554733276367,1609702012.6801343,1609702012.6880784,0.007944107055664062
340e060772a3460b82c9bde60d3d382d,k-means,warm,exec,queue,0.07094526290893555,4.76837158203125e-07,2.384185791015625e-07,1609702012.6271942,1609702013.1017687,0.47457456588745117,1609702012.7516818,1609702012.7584827,0.00680088996887207
a11ddff08993470a91824343a1de14e1,k-means,warm,exec,queue,0.07580709457397461,2.384185791015625e-07,2.384185791015625e-07,1609702012.6293461,1609702013.0471408,0.41779470443725586,1609702012.756821,1609702012.7630148,0.006193876266479492
cbba19a30ffe475b964b97fd6f9a3097,k-means,warm,exec,queue,0.009518861770629883,4.76837158203125e-07,2.384185791015625e-07,1609702012.6312163,1609702012.8304262,0.19920992851257324,1609702012.6807275,1609702012.6900656,0.009338140487670898
4a8e687796be4eedaab244120e1be1d8,k-means,warm,exec,queue,0.014799833297729492,4.76837158203125e-07,0.0,1609702012.633305,1609702012.8338187,0.20051360130310059,1609702012.6842582,1609702012.69372,0.00946187973022461
62ae68fe486045d2abb2554653640c8c,k-means,warm,exec,queue,0.020132780075073242,2.384185791015625e-07,2.384185791015625e-07,1609702012.6351657,1609702012.9259524,0.2907867431640625,1609702012.6950514,1609702012.7020786,0.007027149200439453
56abc46fa0654e4b9fc0747c13003c22,k-means,warm,exec,queue,0.026006698608398438,2.384185791015625e-07,0.0,1609702012.6370392,1609702012.833214,0.19617486000061035,1609702012.6988866,1609702012.7055318,0.00664520263671875
70df9db4ec9445ba9429e153419bbd36,k-means,warm,exec,queue,0.030347347259521484,2.384185791015625e-07,2.384185791015625e-07,1609702012.6389077,1609702012.9278698,0.28896212577819824,1609702012.7013755,1609702012.7076762,0.006300687789916992
7d9c09a3ed0e4cd89edae659cd412ba7,k-means,warm,exec,queue,0.034941911697387695,2.384185791015625e-07,2.384185791015625e-07,1609702012.6407208,1609702013.1099236,0.46920275688171387,1609702012.7088068,1609702012.7166057,0.007798910140991211
3938dd3468fa4f69b9892c1661529e38,k-means,warm,exec,queue,0.03945517539978027,2.384185791015625e-07,4.76837158203125e-07,1609702012.6423805,1609702013.1066482,0.4642677307128906,1609702012.712718,1609702012.7186396,0.005921602249145508
404bc8eb25a24bc88109727b8d759980,k-means,warm,exec,queue,0.04389786720275879,2.384185791015625e-07,2.384185791015625e-07,1609702012.64389,1609702012.9264483,0.2825584411621094,1609702012.7167547,1609702012.7226286,0.005873918533325195
853d3ad23a6040d4876975034d0b869a,k-means,warm,exec,queue,0.048362016677856445,2.384185791015625e-07,2.384185791015625e-07,1609702012.6454632,1609702012.9230583,0.27759504318237305,1609702012.7248733,1609702012.7318928,0.007019519805908203
9c02a511891d4c8994e344a742db6fc5,k-means,warm,exec,queue,0.05332303047180176,4.76837158203125e-07,2.384185791015625e-07,1609702012.6469867,1609702012.9919605,0.3449738025665283,1609702012.7289374,1609702012.7336617,0.004724264144897461
3d67e9e1607c4a51bf89f78cea9ba2e1,k-means,warm,exec,queue,0.0579833984375,4.76837158203125e-07,2.384185791015625e-07,1609702012.6486008,1609702013.0489097,0.40030884742736816,1609702012.7331736,1609702012.739768,0.006594419479370117
59fc1bc2e856488583c3f69c3d82426c,k-means,warm,exec,queue,0.06253647804260254,2.384185791015625e-07,2.384185791015625e-07,1609702012.6500988,1609702013.1060781,0.4559793472290039,1609702012.739499,1609702012.7454631,0.005964040756225586
f17c112ae50f45fdbb33de9ba88ebfc9,k-means,warm,exec,queue,0.06746363639831543,2.384185791015625e-07,0.0,1609702012.6516182,1609702013.100015,0.4483966827392578,1609702012.745331,1609702012.7511544,0.005823373794555664
7010d86962ef4436b77f2494bfc4ef86,k-means,warm,exec,queue,0.08034276962280273,2.384185791015625e-07,2.384185791015625e-07,1609702012.6532042,1609702013.1054802,0.45227599143981934,1609702012.7602198,1609702012.764629,0.004409074783325195
18091769c11b4cea8b6a7c628781dbd4,k-means,warm,exec,queue,0.0007104873657226562,7.152557373046875e-07,2.384185791015625e-07,1609702013.6211782,1609702013.8279815,0.2068033218383789,1609702013.675144,1609702013.6830971,0.007953166961669922
3ff55aa2837a4234ab92cb1d166225a9,k-means,warm,exec,queue,0.032579898834228516,7.152557373046875e-07,4.76837158203125e-07,1609702013.6253438,1609702013.909892,0.284548282623291,1609702013.7070308,1609702013.714273,0.0072422027587890625
01bb9b8283754e0aa028821d88198d11,k-means,warm,exec,queue,0.03780484199523926,4.76837158203125e-07,0.0,1609702013.627909,1609702014.1174061,0.48949718475341797,1609702013.7103157,1609702013.7167253,0.006409645080566406
af9fb194fc364c87a6d94be84b06f7d8,k-means,warm,exec,queue,0.04338240623474121,2.384185791015625e-07,2.384185791015625e-07,1609702013.6304789,1609702013.9133546,0.28287577629089355,1609702013.717747,1609702013.725531,0.007784128189086914
f203ca98cdb74c118c30b5b415791470,k-means,warm,exec,queue,0.04864144325256348,2.384185791015625e-07,0.0,1609702013.63336,1609702013.9763668,0.34300684928894043,1609702013.7230358,1609702013.7277153,0.004679441452026367
17b0a6fb9f344f1b856d175d0b708dd1,k-means,warm,exec,queue,0.05347847938537598,4.76837158203125e-07,2.384185791015625e-07,1609702013.6359186,1609702013.9126942,0.276775598526001,1609702013.7272375,1609702013.734096,0.0068585872650146484
a880e5b5355449c7a633fa7aa6b13d81,k-means,warm,exec,queue,0.05852794647216797,2.384185791015625e-07,0.0,1609702013.6376827,1609702014.0612104,0.42352771759033203,1609702013.7335262,1609702013.7393198,0.005793571472167969
718bbde9302c43daa5c4e2a020f6730d,k-means,warm,exec,queue,0.06332778930664062,2.384185791015625e-07,2.384185791015625e-07,1609702013.6392665,1609702014.0634944,0.4242279529571533,1609702013.7388947,1609702013.7434654,0.004570722579956055
f8bcfe1420994415b081faf149381033,k-means,warm,exec,queue,0.0038912296295166016,2.384185791015625e-07,2.384185791015625e-07,1609702013.6408603,1609702013.824362,0.1835017204284668,1609702013.6769977,1609702013.6863618,0.009364128112792969
d3291782ee2849479c171b75fe605d91,k-means,warm,exec,queue,0.008265495300292969,2.384185791015625e-07,0.0,1609702013.6425853,1609702013.827306,0.18472075462341309,1609702013.6770117,1609702013.6853955,0.008383750915527344
0894938bbf374255b1501dd5f8903e91,k-means,warm,exec,queue,0.013262033462524414,2.384185791015625e-07,2.384185791015625e-07,1609702013.644173,1609702013.9790282,0.334855318069458,1609702013.682225,1609702013.692213,0.009988069534301758
a55aec9cef7e439a96642f4f7413603f,k-means,warm,exec,queue,0.018702268600463867,4.76837158203125e-07,2.384185791015625e-07,1609702013.6457658,1609702013.9743552,0.32858943939208984,1609702013.6932817,1609702013.7021708,0.008889198303222656
48d2ccff8b81465caa531a69e522f38f,k-means,warm,exec,queue,0.024608850479125977,2.384185791015625e-07,2.384185791015625e-07,1609702013.647347,1609702013.8297434,0.18239641189575195,1609702013.6950374,1609702013.700542,0.005504608154296875
acc6751f136c439aa519a4159bfc89e0,k-means,warm,exec,queue,0.030040502548217773,7.152557373046875e-07,2.384185791015625e-07,1609702013.6493177,1609702013.907872,0.25855422019958496,1609702013.6996927,1609702013.70754,0.007847309112548828
ccc664f51c0b40e6b11163fc61341819,video,warm,exec,queue,0.02021503448486328,2.384185791015625e-07,2.384185791015625e-07,1609702013.6508653,1609702013.9151127,0.26424741744995117,1609702013.69493,1609702013.7115033,0.016573190689086914
a2041606ca144034be7cb5ddb34cddc7,k-means,warm,exec,queue,0.006465435028076172,4.76837158203125e-07,2.384185791015625e-07,1609702014.6187515,1609702014.7369206,0.11816906929016113,1609702014.659703,1609702014.6683135,0.00861048698425293
2fef0e69e5714ab3a9fb0cbeecd8f49a,k-means,warm,exec,queue,0.05500197410583496,2.384185791015625e-07,2.384185791015625e-07,1609702014.6229339,1609702014.9210212,0.29808735847473145,1609702014.71235,1609702014.7196186,0.007268667221069336
fb4753eab643472ba2dac4d0951b136e,k-means,warm,exec,queue,0.05017733573913574,4.76837158203125e-07,2.384185791015625e-07,1609702014.625776,1609702014.8300195,0.20424342155456543,1609702014.706999,1609702014.7116065,0.004607439041137695
54a925f229a94feab60d591bf9eeae6e,k-means,warm,exec,queue,0.044648170471191406,2.384185791015625e-07,0.0,1609702014.628384,1609702014.8278587,0.19947457313537598,1609702014.7033393,1609702014.7108202,0.0074808597564697266
29e4fdc918ac465ba2cda2c8627bd812,k-means,warm,exec,queue,0.0393223762512207,2.384185791015625e-07,2.384185791015625e-07,1609702014.6312745,1609702014.978746,0.3474714756011963,1609702014.6958623,1609702014.7009254,0.005063056945800781
94b946aed4a14c528e6a0c91c4f01a70,k-means,warm,exec,queue,0.03468513488769531,4.76837158203125e-07,4.76837158203125e-07,1609702014.6332848,1609702014.9448874,0.3116025924682617,1609702014.6948683,1609702014.7035336,0.008665323257446289
40f3f1a2298b45c79fca9aff795d1281,k-means,warm,exec,queue,0.030149221420288086,7.152557373046875e-07,4.76837158203125e-07,1609702014.6348531,1609702014.9190114,0.28415822982788086,1609702014.6899276,1609702014.6965241,0.006596565246582031
c7271bbe1fb34b67904bdc07640faf83,k-means,warm,exec,queue,0.02501511573791504,2.384185791015625e-07,2.384185791015625e-07,1609702014.6364357,1609702014.7852373,0.14880156517028809,1609702014.6795342,1609702014.6851106,0.005576372146606445
21d09a8c86a04512abb5ed98af56f781,k-means,warm,exec,queue,0.010230302810668945,4.76837158203125e-07,2.384185791015625e-07,1609702014.6380134,1609702014.7351131,0.09709978103637695,1609702014.6633139,1609702014.6712916,0.007977724075317383
7ce6c5d9e26f48f78628c74bbec25521,k-means,warm,exec,queue,0.015029430389404297,7.152557373046875e-07,0.0,1609702014.6397128,1609702014.786985,0.14727210998535156,1609702014.6702821,1609702014.6794593,0.009177207946777344
7be35321af254542972c1daf7e200c5d,k-means,warm,exec,queue,0.019844770431518555,4.76837158203125e-07,2.384185791015625e-07,1609702014.6412983,1609702014.9769711,0.33567285537719727,1609702014.6789398,1609702014.6876943,0.008754491806030273
1aa293e80c61491fb2115d12aee4f7c6,k-means,warm,exec,queue,0.0021305084228515625,4.76837158203125e-07,4.76837158203125e-07,1609702015.6243494,1609702015.7916198,0.16727042198181152,1609702015.6793013,1609702015.6895993,0.010298013687133789
ebc1f174f8194e74a9a2d93ce1f9cfa4,k-means,warm,exec,queue,0.04031968116760254,4.76837158203125e-07,2.384185791015625e-07,1609702015.6285665,1609702016.0584989,0.4299323558807373,1609702015.7173233,1609702015.7254183,0.008095026016235352
80404219f2f74a38b46de90ce9bb7ccb,k-means,warm,exec,queue,0.04526829719543457,2.384185791015625e-07,2.384185791015625e-07,1609702015.6311293,1609702015.8875566,0.2564272880554199,1609702015.722599,1609702015.730073,0.007473945617675781
a57069bad8e54a84b5bfed1acc1ff5bf,k-means,warm,exec,queue,0.05000114440917969,2.384185791015625e-07,2.384185791015625e-07,1609702015.6337042,1609702015.8870077,0.25330352783203125,1609702015.726595,1609702015.733356,0.006761074066162109
78c5301bcdde42d1870d95b894bc6e93,k-means,warm,exec,queue,0.05447268486022949,2.384185791015625e-07,2.384185791015625e-07,1609702015.6365333,1609702015.8372045,0.20067119598388672,1609702015.7314196,1609702015.7382152,0.006795644760131836
ddb1c91f532b4dd79b848bf9306d342b,k-means,warm,exec,queue,0.015857934951782227,2.384185791015625e-07,0.0,1609702015.638075,1609702015.7889,0.15082478523254395,1609702015.684941,1609702015.6932065,0.008265495300292969
30d5d65e83964b9db6925788a681d5a2,k-means,warm,exec,queue,0.020519495010375977,2.384185791015625e-07,0.0,1609702015.639615,1609702015.7872162,0.14760112762451172,1609702015.6904068,1609702015.6989756,0.008568763732910156
471c9fabfd5b4776b885392c6a1d21b9,k-means,warm,exec,queue,0.02565908432006836,2.384185791015625e-07,2.384185791015625e-07,1609702015.641168,1609702015.882305,0.24113678932189941,1609702015.7033572,1609702015.7107646,0.007407426834106445
04d66ef353c34575978e1092dfe02992,k-means,warm,exec,queue,0.033960580825805664,4.76837158203125e-07,0.0,1609702015.6427178,1609702015.8863993,0.2436814308166504,1609702015.7063894,1609702015.714997,0.008607625961303711
cc64e649c14140ea81369d5a76b96d22,k-means,warm,exec,queue,0.03854966163635254,2.384185791015625e-07,0.0,1609702015.6444244,1609702015.9397483,0.29532384872436523,1609702015.7094216,1609702015.7165225,0.007100820541381836
a45971d4f3b74db5a386e611477a96ac,k-means,warm,exec,queue,0.010684490203857422,2.384185791015625e-07,2.384185791015625e-07,1609702015.6459672,1609702015.745143,0.09917569160461426,1609702015.6791534,1609702015.6866586,0.007505178451538086
c2e818fb79204599b898bd0c5f186c07,k-means,warm,exec,queue,0.0063512325286865234,4.76837158203125e-07,7.152557373046875e-07,1609702015.647512,1609702015.792229,0.14471697807312012,1609702015.6795719,1609702015.6883364,0.008764505386352539
80fd94ba81da4a9981e86d81d831292d,video,warm,exec,queue,0.0161895751953125,2.384185791015625e-07,2.384185791015625e-07,1609702015.649083,1609702015.938044,0.28896117210388184,1609702015.703512,1609702015.7206936,0.0171816349029541
cdb49480e9d6418e93fdaabde964899d,matmul,warm,exec,queue,0.02036428451538086,2.384185791015625e-07,0.0,1609702015.6507676,1609702015.9415116,0.2907440662384033,1609702015.7036915,1609702015.7125049,0.00881338119506836
9c3cfa2848f34ac0a2978e995763b6b4,map_reduce,warm,exec,queue,0.023822546005249023,2.384185791015625e-07,4.76837158203125e-07,1609702015.6523454,1609702016.1679187,0.515573263168335,1609702015.7054164,1609702015.7901595,0.08474302291870117
304911cd99be472e90f1aa5cc560ee8c,k-means,warm,exec,queue,0.0005059242248535156,7.152557373046875e-07,2.384185791015625e-07,1609702016.6206956,1609702016.7695615,0.1488659381866455,1609702016.6671715,1609702016.6755722,0.008400678634643555
00cab730829647b1a05fe6b2a002174f,k-means,warm,exec,queue,0.03739809989929199,2.384185791015625e-07,2.384185791015625e-07,1609702016.6247568,1609702016.9035242,0.27876734733581543,1609702016.7036793,1609702016.7102118,0.006532430648803711
e7ba1869877a4f4280b147a865302540,k-means,warm,exec,queue,0.042258262634277344,2.384185791015625e-07,2.384185791015625e-07,1609702016.6273115,1609702017.1532216,0.5259101390838623,1609702016.7081892,1609702016.7131078,0.004918575286865234
7e5ce50826f648c4aed7c3487cdb7b8b,k-means,warm,exec,queue,0.04779791831970215,2.384185791015625e-07,2.384185791015625e-07,1609702016.6298873,1609702017.1128776,0.4829902648925781,1609702016.7159863,1609702016.722088,0.006101846694946289
962c17bcc044432f889bf39801c5649f,k-means,warm,exec,queue,0.05252408981323242,2.384185791015625e-07,2.384185791015625e-07,1609702016.632755,1609702016.8703306,0.23757553100585938,1609702016.7199316,1609702016.72452,0.00458836555480957
f4137617240e4d97be1f5f9b9a595f64,k-means,warm,exec,queue,0.005175352096557617,4.76837158203125e-07,2.384185791015625e-07,1609702016.6353102,1609702016.7701552,0.13484501838684082,1609702016.6674726,1609702016.6760268,0.008554220199584961
dd9f79ec0e094d05b654400c3c5ba1c7,k-means,warm,exec,queue,0.010177850723266602,2.384185791015625e-07,2.384185791015625e-07,1609702016.63742,1609702016.7667441,0.12932419776916504,1609702016.6700084,1609702016.6776395,0.007631063461303711
7740d4061df6449386b427bf8eb38f67,k-means,warm,exec,queue,0.014544248580932617,2.384185791015625e-07,0.0,1609702016.6389802,1609702017.0555532,0.41657304763793945,1609702016.6758976,1609702016.684082,0.008184432983398438
c97a54ccb8d745d988caec168e95922f,k-means,warm,exec,queue,0.018996238708496094,2.384185791015625e-07,0.0,1609702016.6405475,1609702016.960701,0.32015347480773926,1609702016.6813905,1609702016.6891916,0.007801055908203125
94b25096ff6840ab8e9d50d311df1743,k-means,warm,exec,queue,0.025132417678833008,2.384185791015625e-07,2.384185791015625e-07,1609702016.6422417,1609702016.868596,0.22635436058044434,1609702016.6887126,1609702016.6964464,0.007733821868896484
9e8b8e76809d4ece8cfc44dbcc4bd296,k-means,warm,exec,queue,0.029538393020629883,2.384185791015625e-07,4.76837158203125e-07,1609702016.6437967,1609702016.8185632,0.17476654052734375,1609702016.6925914,1609702016.6988168,0.0062253475189208984
e7aecc1d97c749a7b74742fb2a40c8e3,k-means,warm,exec,queue,0.03417038917541504,2.384185791015625e-07,0.0,1609702016.6453762,1609702017.0536673,0.4082911014556885,1609702016.69717,1609702016.7020297,0.0048596858978271484
e22b6da9a1d84cb68e993e02ae42e6bc,k-means,warm,exec,queue,0.0063800811767578125,2.384185791015625e-07,2.384185791015625e-07,1609702017.6246166,1609702017.765059,0.1404423713684082,1609702017.6688626,1609702017.6772397,0.0083770751953125
0ffaca98c6a048f2a7de0ac913480688,k-means,warm,exec,queue,0.04781079292297363,2.384185791015625e-07,2.384185791015625e-07,1609702017.6287322,1609702017.9681568,0.33942461013793945,1609702017.716162,1609702017.7230597,0.006897687911987305
854c8d1855324c4885d27feeadfe142a,k-means,warm,exec,queue,0.05242204666137695,4.76837158203125e-07,4.76837158203125e-07,1609702017.6312943,1609702017.8806624,0.24936819076538086,1609702017.7212613,1609702017.7277808,0.0065195560455322266
0b8136425772461e8d246a4db216e150,k-means,warm,exec,queue,0.05714535713195801,2.384185791015625e-07,2.384185791015625e-07,1609702017.6338882,1609702017.9630852,0.3291969299316406,1609702017.7253077,1609702017.730673,0.0053653717041015625
3b9bc3121e66419c9bcdda760341664b,k-means,warm,exec,queue,0.015044212341308594,2.384185791015625e-07,2.384185791015625e-07,1609702017.6366696,1609702017.7667081,0.13003849983215332,1609702017.6782444,1609702017.6897342,0.0114898681640625
6627ff42449d49e69603e0c0301fa31c,k-means,warm,exec,queue,0.02033400535583496,2.384185791015625e-07,2.384185791015625e-07,1609702017.6382065,1609702017.9967093,0.3585028648376465,1609702017.6897905,1609702017.697984,0.008193492889404297
b13111e7086e4a71b805dfe344e77d4b,k-means,warm,exec,queue,0.0251922607421875,2.384185791015625e-07,2.384185791015625e-07,1609702017.639744,1609702017.787849,0.14810490608215332,1609702017.690118,1609702017.6967962,0.006678104400634766
b2ebddec27044112b1864fd0b914031f,k-means,warm,exec,queue,0.029546022415161133,2.384185791015625e-07,2.384185791015625e-07,1609702017.641299,1609702017.830129,0.18882989883422852,1609702017.6936002,1609702017.701188,0.007587909698486328
b0bdd28f2da044bca2e884efa61e38eb,k-means,warm,exec,queue,0.03491401672363281,4.76837158203125e-07,4.76837158203125e-07,1609702017.642844,1609702017.9675686,0.3247246742248535,1609702017.6996157,1609702017.7068849,0.007269144058227539
a297330d64be4a42916490c371d323ca,k-means,warm,exec,queue,0.03985881805419922,2.384185791015625e-07,2.384185791015625e-07,1609702017.6445332,1609702018.047033,0.4024999141693115,1609702017.7047033,1609702017.7114503,0.006747007369995117
c18aa15945ff42678b5cf912465cf8ca,k-means,warm,exec,queue,0.044756174087524414,2.384185791015625e-07,0.0,1609702017.6460779,1609702017.9698553,0.323777437210083,1609702017.7101626,1609702017.7164946,0.006331920623779297
17108b0b7483432d821a17edda1e0530,k-means,warm,exec,queue,0.010028362274169922,4.76837158203125e-07,2.384185791015625e-07,1609702017.647617,1609702017.763393,0.11577582359313965,1609702017.6726098,1609702017.6811907,0.008580923080444336
894215c46571482dbb011ec6b8e6dc9f,video,warm,exec,queue,0.0167236328125,2.384185791015625e-07,2.384185791015625e-07,1609702017.6491756,1609702017.9648385,0.31566286087036133,1609702017.690973,1609702017.70864,0.017667055130004883
45bd37497fa44ea6b4e5da5ec3e88390,k-means,warm,exec,queue,0.006741046905517578,4.76837158203125e-07,2.384185791015625e-07,1609702018.62371,1609702018.7487686,0.12505865097045898,1609702018.6695817,1609702018.6783004,0.008718729019165039
67ef3b93ab764fee8c4711336194478e,k-means,warm,exec,queue,0.04825925827026367,4.76837158203125e-07,2.384185791015625e-07,1609702018.6279316,1609702018.840971,0.21303939819335938,1609702018.719111,1609702018.7243476,0.005236625671386719
b24f60266c9e41ca8fd2db52552cda70,k-means,warm,exec,queue,0.053006887435913086,2.384185791015625e-07,0.0,1609702018.6305358,1609702018.9769106,0.3463747501373291,1609702018.7200513,1609702018.7271793,0.007128000259399414
1b41e445b6de489a9993abdb41653551,k-means,warm,exec,queue,0.05736994743347168,7.152557373046875e-07,2.384185791015625e-07,1609702018.6331112,1609702018.935211,0.30209970474243164,1609702018.726305,1609702018.733355,0.007050037384033203
2e848fef4dcd4b698fcc3d921cdbdbaf,k-means,warm,exec,queue,0.030269145965576172,9.5367431640625e-07,2.384185791015625e-07,1609702018.6359615,1609702018.9331443,0.2971827983856201,1609702018.699885,1609702018.7069492,0.007064342498779297
fe73be0e2dd0443b80ad4d46539cad26,k-means,warm,exec,queue,0.03644371032714844,4.76837158203125e-07,2.384185791015625e-07,1609702018.6376545,1609702018.9749985,0.3373439311981201,1609702018.7017155,1609702018.7085364,0.0068209171295166016
5ecfe3891eaf42ab9884a2f753ad0714,k-means,warm,exec,queue,0.04078865051269531,2.384185791015625e-07,2.384185791015625e-07,1609702018.6392026,1609702018.84433,0.20512747764587402,1609702018.7033575,1609702018.710419,0.007061481475830078
da18d14a30c14ad6a5ed0a79ad9c75c3,k-means,warm,exec,queue,0.04614114761352539,7.152557373046875e-07,2.384185791015625e-07,1609702018.6407745,1609702019.1260529,0.4852783679962158,1609702018.7170262,1609702018.7243714,0.0073451995849609375
b9281137541e45c692495f425a6c0a6f,k-means,warm,exec,queue,0.025645971298217773,2.384185791015625e-07,0.0,1609702018.6423352,1609702018.7808378,0.1385025978088379,1609702018.6867046,1609702018.6947188,0.008014202117919922
c7c747fd421b4e568f26420019bce8f1,k-means,warm,exec,queue,0.020192861557006836,2.384185791015625e-07,0.0,1609702018.6440163,1609702018.8449082,0.20089197158813477,1609702018.68134,1609702018.6896617,0.008321762084960938
34536d129bf94a1a9aca5ae06244b139,k-means,warm,exec,queue,0.014890909194946289,2.384185791015625e-07,0.0,1609702018.6455889,1609702018.8647792,0.21919035911560059,1609702018.6750758,1609702018.68617,0.011094331741333008
bfcffcfb8637469fa625ee6123a70e25,k-means,warm,exec,queue,0.010001182556152344,2.384185791015625e-07,2.384185791015625e-07,1609702018.6471431,1609702018.7476203,0.10047721862792969,1609702018.670182,1609702018.6788092,0.008627176284790039
5671645a7e774db9812b3aadc0775c32,k-means,warm,exec,queue,0.002422332763671875,7.152557373046875e-07,2.384185791015625e-07,1609702019.6280606,1609702020.0422087,0.41414809226989746,1609702019.6819272,1609702019.6923575,0.010430335998535156
c20a7472be67449abd9a0b944ec68abe,k-means,warm,exec,queue,0.02567434310913086,2.384185791015625e-07,0.0,1609702019.632324,1609702019.9348433,0.3025193214416504,1609702019.702044,1609702019.708903,0.0068590641021728516
22e7b07d16fe4673a2a009c04f7921a6,k-means,warm,exec,queue,0.030167818069458008,4.76837158203125e-07,4.76837158203125e-07,1609702019.6348763,1609702019.8772736,0.24239730834960938,1609702019.7063236,1609702019.7138324,0.007508754730224609
73276b98641544ddb9bcf076da1bcd35,k-means,warm,exec,queue,0.03501296043395996,0.0,2.384185791015625e-07,1609702019.6374512,1609702020.0387952,0.40134406089782715,1609702019.7114644,1609702019.7188678,0.007403373718261719
d2b0abd3f08f40d4ac52e93ff8f1c638,k-means,warm,exec,queue,0.0397794246673584,2.384185791015625e-07,4.76837158203125e-07,1609702019.6403108,1609702019.801442,0.1611311435699463,1609702019.7159615,1609702019.7230196,0.007058143615722656
f21fb95da9de4461bcecf0b966c3391e,k-means,warm,exec,queue,0.044219255447387695,2.384185791015625e-07,0.0,1609702019.6419253,1609702019.8755581,0.23363280296325684,1609702019.7209523,1609702019.7274501,0.006497859954833984
60975f92c9524eabaff84d80101d6180,k-means,warm,exec,queue,0.05001211166381836,7.152557373046875e-07,4.76837158203125e-07,1609702019.643441,1609702020.03513,0.3916890621185303,1609702019.7281156,1609702019.7341578,0.0060422420501708984
b96b8d5bd2eb4065b85dcbd75f48224f,k-means,warm,exec,queue,0.054799795150756836,0.0,0.0,1609702019.6449702,1609702020.0381644,0.39319419860839844,1609702019.7333763,1609702019.7396464,0.006270170211791992
3710e1ffac014f29ac6769ef16a87ce2,k-means,warm,exec,queue,0.02094101905822754,2.384185791015625e-07,2.384185791015625e-07,1609702019.6464996,1609702019.8028712,0.1563715934753418,1609702019.6948817,1609702019.7039373,0.009055614471435547
d990139495e54cae8fd1f31587a2b6ae,k-means,warm,exec,queue,0.016533374786376953,2.384185791015625e-07,2.384185791015625e-07,1609702019.648156,1609702020.041581,0.39342498779296875,1609702019.6896129,1609702019.6981883,0.008575439453125
a422f40f243b49d1bacdabebbb38c263,k-means,warm,exec,queue,0.012058734893798828,2.384185791015625e-07,0.0,1609702019.6496894,1609702019.8424075,0.1927180290222168,1609702019.6847532,1609702019.693535,0.008781909942626953
a5e19f65e5fa4542b239401c0b8ddd2c,k-means,warm,exec,queue,0.009502887725830078,7.152557373046875e-07,2.384185791015625e-07,1609702019.6512208,1609702019.7586105,0.10738968849182129,1609702019.6813354,1609702019.6898558,0.008520364761352539
cc85f335ef584be7a33677d8c052d985,k-means,warm,exec,queue,0.05703568458557129,2.384185791015625e-07,2.384185791015625e-07,1609702019.6527581,1609702020.146894,0.49413585662841797,1609702019.7370272,1609702019.7432334,0.0062062740325927734
75ab264e7d6c4ddc91f4bb87e5e39f52,k-means,warm,exec,queue,0.06261515617370605,4.76837158203125e-07,2.384185791015625e-07,1609702019.6544142,1609702019.8788102,0.2243959903717041,1609702019.7442763,1609702019.750133,0.005856752395629883
4aeefbce24084892b0ff311482c28e3d,video,warm,exec,queue,0.01588296890258789,2.384185791015625e-07,0.0,1609702019.6559434,1609702019.799978,0.14403462409973145,1609702019.7026021,1609702019.719094,0.01649188995361328
331c81e0bd584628b6c334190d3dc600,k-means,warm,exec,queue,8.0108642578125e-05,4.76837158203125e-07,0.0,1609702020.6195676,1609702020.7284262,0.10885858535766602,1609702020.6550415,1609702020.6629593,0.00791788101196289
fbdc85dec21c456cb1e69067349e524f,matmul,warm,exec,queue,0.02201366424560547,2.384185791015625e-07,2.384185791015625e-07,1609702020.623716,1609702020.763199,0.13948297500610352,1609702020.6828072,1609702020.6937475,0.010940313339233398
569aadb39b6f424d89e8f754e38394e8,k-means,warm,exec,queue,0.004501819610595703,4.76837158203125e-07,4.76837158203125e-07,1609702020.6263874,1609702020.7950487,0.16866135597229004,1609702020.6560287,1609702020.6649334,0.008904695510864258
4bab3e8a2e2443e2a96e2280712ff8f9,k-means,warm,exec,queue,0.009733438491821289,7.152557373046875e-07,2.384185791015625e-07,1609702020.629051,1609702020.7614574,0.13240647315979004,1609702020.6608016,1609702020.6695788,0.008777141571044922
df71d18f42304c95924363eb2d8d0437,k-means,warm,exec,queue,0.014528274536132812,2.384185791015625e-07,0.0,1609702020.6316798,1609702020.76488,0.13320016860961914,1609702020.6652198,1609702020.6725135,0.007293701171875
a17c8f64fcd1455faf6d9a64eade1c01,k-means,warm,exec,queue,0.022464990615844727,4.76837158203125e-07,2.384185791015625e-07,1609702020.6334226,1609702020.8299522,0.19652962684631348,1609702020.6820798,1609702020.6889918,0.0069119930267333984
76f56c8a2e9444c09cea5b0a27789948,k-means,warm,exec,queue,0.030559062957763672,2.384185791015625e-07,2.384185791015625e-07,1609702020.6347868,1609702020.832542,0.1977550983428955,1609702020.6836405,1609702020.691191,0.007550477981567383
fc6bc066158b4ed988b7772e8218fdc9,k-means,warm,exec,queue,0.03493189811706543,7.152557373046875e-07,2.384185791015625e-07,1609702020.6361375,1609702020.830553,0.19441556930541992,1609702020.6883,1609702020.69631,0.008010149002075195
177cae2aa8104ba8939590c821fa008d,k-means,warm,exec,queue,0.004374265670776367,7.152557373046875e-07,2.384185791015625e-07,1609702021.6340637,1609702021.8077474,0.17368364334106445,1609702021.7172732,1609702021.7255852,0.008311986923217773
be0b23cbbe1c4c3985df5a6aee601a70,k-means,warm,exec,queue,0.029209375381469727,4.76837158203125e-07,2.384185791015625e-07,1609702021.6424115,1609702022.061142,0.4187304973602295,1609702021.7410145,1609702021.7487776,0.0077631473541259766
3db42cbc7e9749b581bbfcccb48ce68d,k-means,warm,exec,queue,0.03372025489807129,4.76837158203125e-07,2.384185791015625e-07,1609702021.6463747,1609702021.9110105,0.2646358013153076,1609702021.7449944,1609702021.7513566,0.006362199783325195
2c58e222f4a34eb1bf55817d66448913,k-means,warm,exec,queue,0.038483381271362305,4.76837158203125e-07,2.384185791015625e-07,1609702021.6494179,1609702022.063821,0.41440320014953613,1609702021.7573783,1609702021.7649255,0.007547140121459961
81af162ab82c404e99ee0f8f43730d4f,k-means,warm,exec,queue,0.012118339538574219,2.384185791015625e-07,0.0,1609702021.652791,1609702021.9141676,0.26137661933898926,1609702021.7175422,1609702021.7258382,0.008296012878417969
c83a82276d6c4136b28a60b60c67fd7c,k-means,warm,exec,queue,0.05144381523132324,0.0,2.384185791015625e-07,1609702021.6558237,1609702022.0605476,0.4047238826751709,1609702021.763972,1609702021.7693608,0.005388736724853516
c8c9e1fa23e54faf9318ba04c875dbde,k-means,warm,exec,queue,0.05620741844177246,2.384185791015625e-07,2.384185791015625e-07,1609702021.65888,1609702021.9136105,0.2547304630279541,1609702021.7715082,1609702021.7794394,0.007931232452392578
679bf053470e46118513ebfcafa772e4,k-means,warm,exec,queue,0.061150550842285156,4.76837158203125e-07,2.384185791015625e-07,1609702021.6618907,1609702022.0578232,0.3959324359893799,1609702021.7803106,1609702021.7873583,0.0070476531982421875
c1a20ee1019f48ada65407296a1d077b,k-means,warm,exec,queue,0.06727313995361328,2.384185791015625e-07,2.384185791015625e-07,1609702021.6649005,1609702022.0558872,0.39098668098449707,1609702021.7809224,1609702021.7864318,0.005509376525878906
b94b276f8052497ea079dca49c713623,k-means,warm,exec,queue,0.016172170639038086,2.384185791015625e-07,2.384185791015625e-07,1609702021.6681209,1609702021.8060834,0.13796257972717285,1609702021.722579,1609702021.7307603,0.008181333541870117
0c9bb3449be740f8a024e3800dc545c4,k-means,warm,exec,queue,0.021303892135620117,4.76837158203125e-07,2.384185791015625e-07,1609702021.6710951,1609702021.981602,0.31050682067871094,1609702021.7287776,1609702021.737354,0.008576393127441406
4b3e04b724c242b29cb785bcb8bd4722,k-means,warm,exec,queue,0.04511284828186035,4.76837158203125e-07,2.384185791015625e-07,1609702021.6740828,1609702021.9104602,0.23637747764587402,1609702021.7632995,1609702021.7700462,0.006746768951416016
f88d23eb72574cce8df81a510db89701,k-means,warm,exec,queue,0.027132749557495117,2.384185791015625e-07,2.384185791015625e-07,1609702021.6770687,1609702021.9061093,0.22904062271118164,1609702021.7389038,1609702021.7461634,0.0072596073150634766
01be905dc9ad45a2a35634057d0bee2d,k-means,warm,exec,queue,0.07213354110717773,2.384185791015625e-07,0.0,1609702021.680228,1609702021.9098783,0.22965025901794434,1609702021.7863123,1609702021.7923315,0.006019115447998047
1f7b0f35119642b8b857ef8d02dfdef4,k-means,warm,exec,queue,0.07648801803588867,7.152557373046875e-07,2.384185791015625e-07,1609702021.683167,1609702022.0644128,0.38124585151672363,1609702021.794037,1609702021.8010879,0.007050752639770508
314d07288d444203832e307bd73560a1,video,warm,exec,queue,0.01677727699279785,2.384185791015625e-07,2.384185791015625e-07,1609702021.686124,1609702021.8465407,0.1604166030883789,1609702021.7392354,1609702021.755993,0.016757488250732422
7e15728559ff4e3383b01d693df58b08,k-means,warm,exec,queue,0.0072367191314697266,2.384185791015625e-07,2.384185791015625e-07,1609702022.630258,1609702022.8138514,0.1835932731628418,1609702022.679765,1609702022.6872802,0.0075151920318603516
65d2fdc9b65842dabea845ef6345e42b,k-means,warm,exec,queue,0.04831981658935547,2.384185791015625e-07,2.384185791015625e-07,1609702022.6343884,1609702022.8673522,0.23296380043029785,1609702022.7242754,1609702022.7304251,0.006149768829345703
5e4e6b9b505c454a87d697a615a784e8,k-means,warm,exec,queue,0.05349898338317871,2.384185791015625e-07,2.384185791015625e-07,1609702022.6370242,1609702022.8322463,0.1952221393585205,1609702022.7329543,1609702022.739809,0.0068547725677490234
376b1a954fc64f88983cc9fc9005051b,k-means,warm,exec,queue,0.030979156494140625,2.384185791015625e-07,2.384185791015625e-07,1609702022.6395917,1609702022.812107,0.1725153923034668,1609702022.7024233,1609702022.7090983,0.006675004959106445
91fb83b475b64ed1b83536d75c3a038b,k-means,warm,exec,queue,0.05833697319030762,2.384185791015625e-07,0.0,1609702022.641619,1609702022.967523,0.32590413093566895,1609702022.7364826,1609702022.742578,0.006095409393310547
454af7b42b044f68a49d1287274935f8,k-means,warm,exec,queue,0.03616476058959961,7.152557373046875e-07,2.384185791015625e-07,1609702022.6432009,1609702023.2028475,0.5596466064453125,1609702022.709462,1609702022.7177646,0.008302688598632812
9a6a486acb6949fe9aea22cc275be4f0,k-means,warm,exec,queue,0.04137611389160156,2.384185791015625e-07,2.384185791015625e-07,1609702022.6448386,1609702022.811511,0.1666724681854248,1609702022.718345,1609702022.725071,0.00672602653503418
c9cc89ad214c440bbabdead840bfdd52,k-means,warm,exec,queue,0.04572701454162598,2.384185791015625e-07,0.0,1609702022.646447,1609702022.8656306,0.21918368339538574,1609702022.7197623,1609702022.726411,0.0066487789154052734
d572645b38f3422bbc8e0bc20540606b,k-means,warm,exec,queue,0.02532672882080078,4.76837158203125e-07,2.384185791015625e-07,1609702022.6480646,1609702022.8691158,0.22105121612548828,1609702022.7023714,1609702022.7104006,0.00802922248840332
97304419205845d6bde571000b413394,k-means,warm,exec,queue,0.02028059959411621,4.76837158203125e-07,2.384185791015625e-07,1609702022.6498682,1609702022.8086145,0.15874624252319336,1609702022.6922884,1609702022.699945,0.007656574249267578
3f3cd3fff9bd43178f88ba7646e045c2,k-means,warm,exec,queue,0.01542806625366211,2.384185791015625e-07,2.384185791015625e-07,1609702022.6513965,1609702023.0342338,0.38283729553222656,1609702022.6867497,1609702022.695072,0.00832223892211914
4640ed6f367e4121ad8b2b5521688ea2,k-means,warm,exec,queue,0.010220527648925781,2.384185791015625e-07,2.384185791015625e-07,1609702022.6529386,1609702023.0362868,0.3833482265472412,1609702022.680286,1609702022.6888714,0.008585453033447266
171061787df646f49fb648e713da2a21,k-means,warm,exec,queue,0.06393933296203613,2.384185791015625e-07,0.0,1609702022.6544724,1609702023.1010935,0.4466211795806885,1609702022.7413,1609702022.74751,0.006209850311279297
b815ba074697407a8d19a559435a7428,k-means,warm,exec,queue,0.06890559196472168,2.384185791015625e-07,0.0,1609702022.6561205,1609702023.203527,0.5474064350128174,1609702022.7476625,1609702022.7538319,0.006169319152832031
909398fa67f747f784d054701e3b20f1,k-means,warm,exec,queue,6.437301635742188e-05,4.76837158203125e-07,0.0,1609702023.6146777,1609702023.71047,0.09579229354858398,1609702023.633621,1609702023.6437201,0.010099172592163086
11164ae2a7fb40edbd42f2caee47be75,video,warm,exec,queue,0.007506608963012695,7.152557373046875e-07,4.76837158203125e-07,1609702023.6186907,1609702023.7346826,0.11599183082580566,1609702023.644771,1609702023.6622295,0.017458438873291016
a19f34f3bd8c4f48aff44399295c47d7,k-means,warm,exec,queue,0.0031881332397460938,7.152557373046875e-07,9.5367431640625e-07,1609702023.6213048,1609702023.7364264,0.11512160301208496,1609702023.6433697,1609702023.652118,0.008748292922973633
637c11bbf5f341f19859f0149c6818e0,k-means,warm,exec,queue,0.001222372055053711,4.76837158203125e-07,2.384185791015625e-07,1609702024.6344602,1609702024.7886796,0.154219388961792,1609702024.6891842,1609702024.6981447,0.008960485458374023
a3594fb5d9e6477ca2490a5c776013a4,k-means,warm,exec,queue,0.0668942928314209,2.384185791015625e-07,2.384185791015625e-07,1609702024.638683,1609702025.1632364,0.5245532989501953,1609702024.7549834,1609702024.7622771,0.007293701171875
d2a8918b4b8b48dcb41cfd574660d511,k-means,warm,exec,queue,0.01218724250793457,2.384185791015625e-07,2.384185791015625e-07,1609702024.6412992,1609702024.7892778,0.1479785442352295,1609702024.688682,1609702024.6971502,0.008468151092529297
abc1a48a644e40cb89bdbc9318d91aff,k-means,warm,exec,queue,0.019246816635131836,4.76837158203125e-07,2.384185791015625e-07,1609702024.6438828,1609702024.879459,0.23557615280151367,1609702024.7004075,1609702024.7079542,0.007546663284301758
2a5beff5a16a4b979a65112d97ec3544,k-means,warm,exec,queue,0.02405095100402832,2.384185791015625e-07,2.384185791015625e-07,1609702024.646793,1609702024.790935,0.14414215087890625,1609702024.7063198,1609702024.7147796,0.008459806442260742
7758f847898242cfbe84a1b4756b2e49,k-means,warm,exec,queue,0.03005075454711914,4.76837158203125e-07,2.384185791015625e-07,1609702024.6490715,1609702024.9118853,0.2628138065338135,1609702024.7175403,1609702024.7242846,0.006744384765625
32fa38ed92254c79b2201ca3d3e971a3,k-means,warm,exec,queue,0.03441286087036133,7.152557373046875e-07,2.384185791015625e-07,1609702024.6506464,1609702024.8731358,0.2224893569946289,1609702024.7177246,1609702024.7251132,0.007388591766357422
d7bd7cdd2af04a53baf3d6eb7935eb60,k-means,warm,exec,queue,0.03894829750061035,2.384185791015625e-07,0.0,1609702024.6522393,1609702024.8788917,0.2266523838043213,1609702024.7215352,1609702024.728444,0.006908893585205078
9ea58f3e7177412c88240f9e6d93fb88,k-means,warm,exec,queue,0.04424905776977539,7.152557373046875e-07,2.384185791015625e-07,1609702024.6538246,1609702024.8783035,0.22447896003723145,1609702024.7360814,1609702024.7432086,0.007127285003662109
93da36d26e694c0883fdfaeb1ea566f5,k-means,warm,exec,queue,0.05045795440673828,4.76837158203125e-07,2.384185791015625e-07,1609702024.6555407,1609702024.8264124,0.17087173461914062,1609702024.736229,1609702024.7427452,0.006516218185424805
9d9862bc485748c1b95e4a56dada4d8f,k-means,warm,exec,queue,0.055561065673828125,2.384185791015625e-07,2.384185791015625e-07,1609702024.65713,1609702024.8725295,0.21539950370788574,1609702024.739921,1609702024.7465932,0.0066721439361572266
9b24e767ede040b486063aa71dde39ad,k-means,warm,exec,queue,0.014316797256469727,2.384185791015625e-07,2.384185791015625e-07,1609702024.6586988,1609702024.7857838,0.12708497047424316,1609702024.6958303,1609702024.7042382,0.008407831192016602
143c50eb3a6e497e8026d5d53ed3db5f,k-means,warm,exec,queue,0.06103658676147461,2.384185791015625e-07,2.384185791015625e-07,1609702024.660285,1609702024.9101403,0.24985527992248535,1609702024.7538702,1609702024.7612157,0.007345438003540039
b6fd0b042b494e41ba485bed1d6b411a,k-means,warm,exec,queue,0.0719757080078125,2.384185791015625e-07,2.384185791015625e-07,1609702024.661999,1609702024.8799977,0.21799874305725098,1609702024.7576087,1609702024.7631042,0.005495548248291016
f4a1bd98fbe54cdc92f2440ba1d0b31a,k-means,warm,exec,queue,0.07711625099182129,7.152557373046875e-07,2.384185791015625e-07,1609702024.6635487,1609702025.1615093,0.49796056747436523,1609702024.7650447,1609702024.7718012,0.00675654411315918
8115e4b3298846ba868b29f89a2133e1,k-means,warm,exec,queue,0.007148027420043945,2.384185791015625e-07,0.0,1609702025.6371944,1609702025.7799368,0.14274239540100098,1609702025.6887896,1609702025.6970274,0.008237838745117188
bbcba4071748455da7a06ccde8296e94,k-means,warm,exec,queue,0.05529308319091797,2.384185791015625e-07,0.0,1609702025.6413312,1609702026.0686526,0.4273214340209961,1609702025.7424095,1609702025.749251,0.006841421127319336
acc24db7914c4b52926062266467c5ec,k-means,warm,exec,queue,0.0604400634765625,2.384185791015625e-07,0.0,1609702025.643876,1609702025.9852412,0.34136509895324707,1609702025.7463021,1609702025.7513514,0.005049228668212891
d9b7212fbd6e4455a2f10d40f3306822,k-means,warm,exec,queue,0.014964103698730469,2.384185791015625e-07,0.0,1609702025.6464412,1609702025.931569,0.2851278781890869,1609702025.6955066,1609702025.7043235,0.008816957473754883
3b09a108f6474852b4975d4934229116,k-means,warm,exec,queue,0.019377470016479492,2.384185791015625e-07,2.384185791015625e-07,1609702025.648943,1609702025.8219786,0.1730356216430664,1609702025.700889,1609702025.7094083,0.008519172668457031
ffb90c2c694e42dea96cf6d1d559256b,k-means,warm,exec,queue,0.02515888214111328,2.384185791015625e-07,0.0,1609702025.650455,1609702025.9828207,0.3323657512664795,1609702025.718819,1609702025.7262974,0.007478475570678711
c46db274f4404f3aa572a9fba9e79360,k-means,warm,exec,queue,0.03244185447692871,2.384185791015625e-07,2.384185791015625e-07,1609702025.6519744,1609702026.0726204,0.42064595222473145,1609702025.7214894,1609702025.7296064,0.008116960525512695
82c5aadb22bf44beac1eea5251bcdf2a,k-means,warm,exec,queue,0.0374913215637207,2.384185791015625e-07,2.384185791015625e-07,1609702025.6535192,1609702025.9299252,0.27640604972839355,1609702025.7217462,1609702025.7289212,0.007174968719482422
0434ef4826ae4c9cb1c3c3a38b1c3f19,k-means,warm,exec,queue,0.0423426628112793,2.384185791015625e-07,2.384185791015625e-07,1609702025.6550493,1609702025.8253274,0.17027807235717773,1609702025.7253087,1609702025.7330983,0.00778961181640625
974690ebe0034160baf5e06b7be223fd,k-means,warm,exec,queue,0.04692482948303223,2.384185791015625e-07,2.384185791015625e-07,1609702025.6567218,1609702025.9074214,0.250699520111084,1609702025.732598,1609702025.7391229,0.006524801254272461
0797dad2d051402ea1f3f975ab1d9ef8,k-means,warm,exec,queue,0.05161261558532715,4.76837158203125e-07,2.384185791015625e-07,1609702025.6582532,1609702026.073733,0.4154798984527588,1609702025.7397506,1609702025.7464216,0.006670951843261719
7f018cee75f04c7082d78ee8c03b947b,k-means,warm,exec,queue,0.010199308395385742,2.384185791015625e-07,2.384185791015625e-07,1609702025.6597848,1609702025.781586,0.12180113792419434,1609702025.6902533,1609702025.698781,0.008527755737304688
6d535dd6683945c69f39f971aba1a0bc,k-means,warm,exec,queue,0.06591677665710449,2.384185791015625e-07,0.0,1609702025.6613295,1609702026.0943682,0.43303871154785156,1609702025.7519534,1609702025.7579248,0.005971431732177734
f86f0026d3e247ea8be98031ce10951d,video,warm,exec,queue,0.016939878463745117,2.384185791015625e-07,2.384185791015625e-07,1609702025.6629708,1609702025.8247507,0.16177988052368164,1609702025.7189183,1609702025.7358794,0.016961097717285156
9887b263f24f4cd0a9ff8a36b38b2f4b,matmul,warm,exec,queue,0.023160457611083984,4.76837158203125e-07,2.384185791015625e-07,1609702025.664512,1609702026.0929387,0.42842674255371094,1609702025.721295,1609702025.729636,0.008340835571289062
3d8587f9e6074828b497a718ad2e02d6,map_reduce,warm,exec,queue,0.02926158905029297,2.384185791015625e-07,2.384185791015625e-07,1609702025.6660368,1609702026.073203,0.4071662425994873,1609702025.7218828,1609702025.8066478,0.08476495742797852
42e3d3c364544138a1a5b8763c66ffa8,k-means,warm,exec,queue,0.0011110305786132812,4.76837158203125e-07,2.384185791015625e-07,1609702026.6328535,1609702026.7659485,0.13309502601623535,1609702026.6805594,1609702026.6883154,0.00775599479675293
d55107de3c0f48398abfe284b187bca2,k-means,warm,exec,queue,0.015271902084350586,4.76837158203125e-07,2.384185791015625e-07,1609702026.6369386,1609702026.8424294,0.2054908275604248,1609702026.692881,1609702026.7014544,0.008573293685913086
23bf7a722ffa47bd81a509ab9e6407b6,k-means,warm,exec,queue,0.01999044418334961,2.384185791015625e-07,2.384185791015625e-07,1609702026.639515,1609702026.8485913,0.2090764045715332,1609702026.6983862,1609702026.7035968,0.0052106380462646484
35f20ba64cf64083bb62096e01f72932,k-means,warm,exec,queue,0.025003671646118164,2.384185791015625e-07,4.76837158203125e-07,1609702026.642095,1609702026.8075778,0.165482759475708,1609702026.7046168,1609702026.712814,0.008197307586669922
972bc2ebf12e4a4ebc3ac722253db570,k-means,warm,exec,queue,0.03074932098388672,4.76837158203125e-07,2.384185791015625e-07,1609702026.6449864,1609702026.848041,0.20305466651916504,1609702026.7094758,1609702026.71607,0.006594181060791016
15250d38b6d04fecb4495bcfe0c661e9,k-means,warm,exec,queue,0.03554391860961914,2.384185791015625e-07,2.384185791015625e-07,1609702026.6475594,1609702026.8450162,0.19745683670043945,1609702026.713528,1609702026.7182708,0.004742860794067383
5ff56f8ea99346b59fc63b4f8e8037a4,k-means,warm,exec,queue,0.040560007095336914,2.384185791015625e-07,2.384185791015625e-07,1609702026.6496084,1609702027.0126274,0.3630189895629883,1609702026.718944,1609702026.7255313,0.00658726692199707
35df2b060aff42e882158080634cd182,k-means,warm,exec,queue,0.045426130294799805,2.384185791015625e-07,2.384185791015625e-07,1609702026.6511745,1609702026.8455684,0.19439387321472168,1609702026.7242413,1609702026.7284076,0.004166364669799805
c82711805ef04fa9872fd717d9acd14c,k-means,warm,exec,queue,0.05102252960205078,2.384185791015625e-07,2.384185791015625e-07,1609702026.6527708,1609702026.867204,0.2144331932067871,1609702026.7325854,1609702026.7393365,0.006751060485839844
ff0dc6d61c3f4212b507d47c419ef89b,k-means,warm,exec,queue,0.0024209022521972656,4.76837158203125e-07,4.76837158203125e-07,1609702026.654484,1609702026.769421,0.11493706703186035,1609702026.6815083,1609702026.6895587,0.00805044174194336
4b83c103715844ca8c1917979d12945b,k-means,warm,exec,queue,0.007322549819946289,2.384185791015625e-07,2.384185791015625e-07,1609702026.656072,1609702026.7688172,0.11274528503417969,1609702026.6822011,1609702026.690831,0.008629798889160156
cd4dfc6d6a7948779a08e38d286b478e,k-means,warm,exec,queue,0.012559175491333008,4.76837158203125e-07,2.384185791015625e-07,1609702026.6576982,1609702026.8409846,0.18328642845153809,1609702026.6884112,1609702026.6971316,0.00872039794921875
b700f1f7d2c34c76a29010e704dae61f,k-means,warm,exec,queue,7.295608520507812e-05,4.76837158203125e-07,4.76837158203125e-07,1609702027.6317186,1609702027.7724712,0.14075255393981934,1609702027.6813445,1609702027.689772,0.00842738151550293
0dddaac51bf340189a917645075c9af6,k-means,warm,exec,queue,0.008237123489379883,2.384185791015625e-07,0.0,1609702027.636282,1609702028.0443535,0.40807151794433594,1609702027.682468,1609702027.6922085,0.009740591049194336
c841f500308c48f4ac23a8c3cdb9e173,k-means,warm,exec,queue,0.0171816349029541,4.76837158203125e-07,4.76837158203125e-07,1609702027.6388872,1609702027.8136997,0.17481255531311035,1609702027.6936858,1609702027.701115,0.0074291229248046875
3d2a11687b51446b8412da845d5e89e8,k-means,warm,exec,queue,0.025997400283813477,2.384185791015625e-07,2.384185791015625e-07,1609702027.6414862,1609702027.8153949,0.17390871047973633,1609702027.702698,1609702027.7094092,0.006711244583129883
f59b8eb8d1e840a0a6f7be4f1d04c9a2,k-means,warm,exec,queue,0.03032064437866211,2.384185791015625e-07,2.384185791015625e-07,1609702027.6444092,1609702028.014708,0.3702988624572754,1609702027.706316,1609702027.7126873,0.006371259689331055
58a5196d23ef4ddaaade5feba21a2bb3,k-means,warm,exec,queue,0.03480815887451172,0.0,2.384185791015625e-07,1609702027.6459816,1609702027.9498425,0.3038609027862549,1609702027.710587,1609702027.7170389,0.006451845169067383
60c9b7b15a6344bda87b11913fc5d7b6,k-means,warm,exec,queue,0.039470672607421875,2.384185791015625e-07,0.0,1609702027.6474903,1609702027.9504225,0.3029322624206543,1609702027.7157774,1609702027.7223203,0.00654292106628418
41ee48ac68184b4fa3fdb6d856e625a6,k-means,warm,exec,queue,0.04439067840576172,2.384185791015625e-07,0.0,1609702027.649045,1609702027.881024,0.2319788932800293,1609702027.723316,1609702027.7300417,0.006725788116455078
fa93cf10b31042ccbb8e93b22c36c74e,k-means,warm,exec,queue,0.0487828254699707,2.384185791015625e-07,0.0,1609702027.6505504,1609702028.0396633,0.3891129493713379,1609702027.727927,1609702027.7340522,0.006125211715698242
68ed0c5a04e74bd7a7e4827a2018191e,k-means,warm,exec,queue,0.05334830284118652,2.384185791015625e-07,2.384185791015625e-07,1609702027.6521826,1609702028.0449634,0.39278078079223633,1609702027.7316506,1609702027.7376432,0.0059926509857177734
2e9c3818c57d46c195f1d0c8760d55e7,k-means,warm,exec,queue,0.05824422836303711,2.384185791015625e-07,0.0,1609702027.6537383,1609702028.04151,0.3877718448638916,1609702027.7383916,1609702027.7445188,0.006127119064331055
3be300b11e9a46689bc818d91eb271f8,k-means,warm,exec,queue,0.012773513793945312,2.384185791015625e-07,0.0,1609702027.6552403,1609702027.7741756,0.11893534660339355,1609702027.687313,1609702027.696414,0.009100914001464844
2e5a2916bd8f41098c698c133bf8aeb1,k-means,warm,exec,queue,0.06366920471191406,2.384185791015625e-07,2.384185791015625e-07,1609702027.6567507,1609702027.8828542,0.2261035442352295,1609702027.7433898,1609702027.7491696,0.005779743194580078
d160963e58484389879d4c4bf3e5edfe,video,warm,exec,queue,0.014323234558105469,2.384185791015625e-07,4.76837158203125e-07,1609702027.6592605,1609702027.9522705,0.29300999641418457,1609702027.7033644,1609702027.7203047,0.01694035530090332
d87164c6a2994564a187f3b39728cc55,k-means,warm,exec,queue,0.007044076919555664,4.76837158203125e-07,2.384185791015625e-07,1609702028.6310482,1609702028.7579634,0.12691521644592285,1609702028.6772985,1609702028.6860032,0.008704662322998047
018c5ca5133549c08b119835d9b88123,k-means,warm,exec,queue,0.04638814926147461,4.76837158203125e-07,2.384185791015625e-07,1609702028.635237,1609702028.9033804,0.2681434154510498,1609702028.7217245,1609702028.7281163,0.006391763687133789
9c305e9ad605465d88885e15494364ea,k-means,warm,exec,queue,0.05078268051147461,2.384185791015625e-07,2.384185791015625e-07,1609702028.637866,1609702029.060909,0.42304301261901855,1609702028.7263918,1609702028.7310307,0.0046389102935791016
4f500fe9287f448ca4be7f87920cbddf,k-means,warm,exec,queue,0.015087604522705078,0.0,0.0,1609702028.6405108,1609702028.8519967,0.2114858627319336,1609702028.6839888,1609702028.6925306,0.00854182243347168
e267aee319c94afd808496d2aa26de97,k-means,warm,exec,queue,0.0195620059967041,4.76837158203125e-07,2.384185791015625e-07,1609702028.643405,1609702028.8090014,0.16559648513793945,1609702028.68953,1609702028.6979141,0.008384227752685547
afbf164ffd614eb5ac57bfa771fc01c7,k-means,warm,exec,queue,0.024486303329467773,2.384185791015625e-07,0.0,1609702028.6453977,1609702028.8071795,0.16178178787231445,1609702028.6958222,1609702028.703452,0.007629871368408203
b19493e36696477c8eef4341bfc2ed9d,k-means,warm,exec,queue,0.029169797897338867,2.384185791015625e-07,2.384185791015625e-07,1609702028.6469574,1609702028.8743336,0.22737622261047363,1609702028.6992533,1609702028.7061832,0.006929874420166016
6cfec5f0014d471fb134997127127f7f,k-means,warm,exec,queue,0.03411269187927246,2.384185791015625e-07,0.0,1609702028.648538,1609702028.8996532,0.251115083694458,1609702028.704615,1609702028.7091913,0.004576206207275391
6e15bb1cf360415badfa60d625b76e28,k-means,warm,exec,queue,0.03869891166687012,4.76837158203125e-07,2.384185791015625e-07,1609702028.650114,1609702028.8761263,0.2260122299194336,1609702028.7110648,1609702028.7185104,0.007445573806762695
53c5a1657e344c668f576ddc00062edf,k-means,warm,exec,queue,0.04335784912109375,2.384185791015625e-07,2.384185791015625e-07,1609702028.651986,1609702028.9039874,0.2520015239715576,1609702028.715185,1609702028.720098,0.0049130916595458984
0baf7801b63241ec892c02a53317f839,k-means,warm,exec,queue,0.010225296020507812,2.384185791015625e-07,0.0,1609702028.6535645,1609702028.759844,0.10627961158752441,1609702028.6794083,1609702028.6896758,0.010267496109008789
bfd0a7fa7abb4ec4a4f62c056b0a97df,k-means,warm,exec,queue,0.05530261993408203,4.76837158203125e-07,2.384185791015625e-07,1609702028.65513,1609702028.8526583,0.19752836227416992,1609702028.7329068,1609702028.7396038,0.006696939468383789
8b64c3aa24b24e36ad8eb2481bae472a,k-means,warm,exec,queue,0.0038263797760009766,4.76837158203125e-07,2.384185791015625e-07,1609702029.6400123,1609702029.764739,0.12472677230834961,1609702029.688415,1609702029.696843,0.008427858352661133
b2d003f8abe54cc9baee7c81077db10c,k-means,warm,exec,queue,0.05617809295654297,2.384185791015625e-07,2.384185791015625e-07,1609702029.6444023,1609702030.0295212,0.3851189613342285,1609702029.7428303,1609702029.7492409,0.0064105987548828125
219e913b8eb442d194c85aa8627de0cf,k-means,warm,exec,queue,0.05109977722167969,2.384185791015625e-07,2.384185791015625e-07,1609702029.646978,1609702029.8275454,0.18056750297546387,1609702029.7375038,1609702029.743121,0.0056171417236328125
de379d580ccb469f9aeb5e6abb94a65c,k-means,warm,exec,queue,0.046552419662475586,2.384185791015625e-07,0.0,1609702029.6495419,1609702029.8937275,0.2441856861114502,1609702029.7322066,1609702029.7372358,0.005029201507568359
00c04456a11c46fcb717616e7af3db62,k-means,warm,exec,queue,0.0418543815612793,2.384185791015625e-07,2.384185791015625e-07,1609702029.6524043,1609702029.971672,0.31926774978637695,1609702029.7259095,1609702029.73168,0.005770444869995117
45973216bff8428e823ecdeaa761a60c,k-means,warm,exec,queue,0.03729557991027832,2.384185791015625e-07,2.384185791015625e-07,1609702029.65396,1609702029.8635302,0.20957016944885254,1609702029.720971,1609702029.7264173,0.005446195602416992
34c8b059a09d46fc813e202ed9c3f098,k-means,warm,exec,queue,0.032910823822021484,2.384185791015625e-07,2.384185791015625e-07,1609702029.6554363,1609702029.7854152,0.12997889518737793,1609702029.7169628,1609702029.7231584,0.006195545196533203
67c3b65bfd1c47cbb1d8adb3853c9dea,k-means,warm,exec,queue,0.02811908721923828,4.76837158203125e-07,2.384185791015625e-07,1609702029.6569223,1609702029.9736784,0.316756010055542,1609702029.7122812,1609702029.719845,0.00756382942199707
46c46160e822461b8dfa28355cde0e91,k-means,warm,exec,queue,0.010372400283813477,2.384185791015625e-07,0.0,1609702029.6584167,1609702029.7641048,0.10568809509277344,1609702029.6888294,1609702029.6968892,0.00805974006652832
18ca5a301dec40c5b51dc10fd4551c2b,k-means,warm,exec,queue,0.015479326248168945,2.384185791015625e-07,4.76837158203125e-07,1609702029.660007,1609702029.7607262,0.10071921348571777,1609702029.6937377,1609702029.7021449,0.008407115936279297
c196cf67d24e4b0cbb24bb3d9c1cf42f,k-means,warm,exec,queue,0.019822359085083008,2.384185791015625e-07,0.0,1609702029.6615095,1609702029.8312166,0.1697070598602295,1609702029.6986167,1609702029.7059572,0.007340431213378906
62646cbbb94c49a689db494a6c021fc9,k-means,warm,exec,queue,0.026111364364624023,2.384185791015625e-07,0.0,1609702029.6629894,1609702029.8318112,0.1688218116760254,1609702029.7073736,1609702029.712325,0.00495147705078125
602077be9f66444eace3abca705f8954,video,warm,exec,queue,0.016266345977783203,0.0,0.0,1609702029.6645138,1609702029.8629,0.19838619232177734,1609702029.7085066,1609702029.7247148,0.016208171844482422
92eb4531734441dc944cdc681e4a7b5a,k-means,warm,exec,queue,7.653236389160156e-05,4.76837158203125e-07,2.384185791015625e-07,1609702030.6344137,1609702030.7454195,0.11100578308105469,1609702030.684561,1609702030.6930153,0.008454322814941406
183e01b5077a46c48d1540ca8ebfd680,k-means,warm,exec,queue,0.008361101150512695,4.76837158203125e-07,2.384185791015625e-07,1609702030.6386487,1609702030.7867022,0.14805340766906738,1609702030.684405,1609702030.6934958,0.009090662002563477
9b5d70b1779e4062a54443fa3f9ad2dd,k-means,warm,exec,queue,0.012996912002563477,2.384185791015625e-07,0.0,1609702030.641401,1609702030.7614753,0.12007427215576172,1609702030.6872544,1609702030.697164,0.009909629821777344
2ec9411493ee484c95593715326011ad,k-means,warm,exec,queue,0.017499208450317383,2.384185791015625e-07,2.384185791015625e-07,1609702030.6441088,1609702030.8668692,0.22276043891906738,1609702030.6926506,1609702030.7010179,0.008367300033569336
d55023e8412443829a7ca75be50434d1,k-means,warm,exec,queue,0.02207326889038086,4.76837158203125e-07,0.0,1609702030.6471891,1609702030.8210912,0.17390203475952148,1609702030.7086048,1609702030.7160442,0.007439374923706055
e05c5dd6ed944590b0a0bba9a668935d,k-means,warm,exec,queue,0.02688002586364746,4.76837158203125e-07,4.76837158203125e-07,1609702030.6494305,1609702030.9130461,0.26361560821533203,1609702030.7148106,1609702030.722321,0.00751042366027832
8990729b8d1a474491f9e80e69514941,k-means,warm,exec,queue,0.031855106353759766,4.76837158203125e-07,2.384185791015625e-07,1609702030.6510174,1609702030.8696,0.2185826301574707,1609702030.7152538,1609702030.7220325,0.006778717041015625
32996e5538ab4f71b71b5fbdab8c3d62,k-means,warm,exec,queue,0.038169145584106445,2.384185791015625e-07,2.384185791015625e-07,1609702030.6526275,1609702031.1140492,0.4614217281341553,1609702030.715957,1609702030.7234914,0.007534503936767578
ee56e5405dcf41789b3a27169c37fa6b,k-means,warm,exec,queue,0.04319930076599121,4.76837158203125e-07,2.384185791015625e-07,1609702030.6542366,1609702031.117395,0.46315836906433105,1609702030.7231145,1609702030.7308974,0.007782936096191406
b926eb87c2f04fd3ac75af7d294b3a37,k-means,warm,exec,queue,0.04820370674133301,7.152557373046875e-07,7.152557373046875e-07,1609702030.6559641,1609702030.8662708,0.21030664443969727,1609702030.7326806,1609702030.7402425,0.007561922073364258
84700c0e30de4fad9cba7062a900e9ed,k-means,warm,exec,queue,0.05423402786254883,2.384185791015625e-07,0.0,1609702030.657579,1609702030.867449,0.2098701000213623,1609702030.733442,1609702030.7400942,0.006652116775512695
9e47dc8567ed407196226fbd02539337,matmul,warm,exec,queue,0.01978325843811035,2.384185791015625e-07,2.384185791015625e-07,1609702030.6591816,1609702030.7886431,0.12946152687072754,1609702030.7149048,1609702030.7246747,0.009769916534423828
d158bee9564746888d9aeb9c6c76205f,k-means,warm,exec,queue,0.006720304489135742,4.76837158203125e-07,2.384185791015625e-07,1609702031.6373596,1609702031.7736225,0.1362628936767578,1609702031.6923764,1609702031.7012649,0.008888483047485352
2b50fbdf34c34b1cbbc8a6d6c6b9b06e,k-means,warm,exec,queue,0.04225897789001465,4.76837158203125e-07,2.384185791015625e-07,1609702031.641579,1609702031.8524096,0.2108306884765625,1609702031.7345214,1609702031.74325,0.008728504180908203
619ee474669d4ae1a67c34303157caae,k-means,warm,exec,queue,0.0470278263092041,2.384185791015625e-07,0.0,1609702031.6442058,1609702032.0006006,0.35639476776123047,1609702031.7349305,1609702031.7424593,0.007528781890869141
df224b62e5314be596bf8ea088509080,k-means,warm,exec,queue,0.05221152305603027,4.76837158203125e-07,2.384185791015625e-07,1609702031.6468024,1609702031.8602448,0.21344232559204102,1609702031.7407827,1609702031.7475007,0.0067179203033447266
cc2c40edba884721af70d1721d7f933c,k-means,warm,exec,queue,0.057326316833496094,2.384185791015625e-07,2.384185791015625e-07,1609702031.6497636,1609702031.8485174,0.19875383377075195,1609702031.7487957,1609702031.7559958,0.007200002670288086
bde28e533c7d412bbd697845d207d8d7,k-means,warm,exec,queue,0.02497386932373047,4.76837158203125e-07,0.0,1609702031.6523843,1609702031.8596327,0.20724844932556152,1609702031.7153957,1609702031.7239218,0.008526086807250977
f4cf09511cfd4100bcc54d8c947e1a69,k-means,warm,exec,queue,0.02957463264465332,2.384185791015625e-07,2.384185791015625e-07,1609702031.6540086,1609702031.8985298,0.2445211410522461,1609702031.7187626,1609702031.728229,0.009466409683227539
68bc0bf277824fb6b319e50a3c7c0425,k-means,warm,exec,queue,0.03490734100341797,2.384185791015625e-07,0.0,1609702031.655577,1609702031.806287,0.1507101058959961,1609702031.7199543,1609702031.7258606,0.005906343460083008
212b0167960440228b1b174a8359580c,k-means,warm,exec,queue,0.04010176658630371,2.384185791015625e-07,0.0,1609702031.6571639,1609702031.853048,0.19588422775268555,1609702031.7256005,1609702031.7331042,0.0075037479400634766
d0dd988e46f94caf8f31092453ce52e3,k-means,warm,exec,queue,0.02052474021911621,2.384185791015625e-07,2.384185791015625e-07,1609702031.658888,1609702031.7771282,0.1182401180267334,1609702031.703539,1609702031.711704,0.008165121078491211
337bb20731e64734870f2d601c9e2479,k-means,warm,exec,queue,0.015976428985595703,2.384185791015625e-07,2.384185791015625e-07,1609702031.6604812,1609702031.7765622,0.11608099937438965,1609702031.6979108,1609702031.7066655,0.008754730224609375
ddc33eca61ea4988974f1577a34cca51,k-means,warm,exec,queue,0.011052846908569336,2.384185791015625e-07,0.0,1609702031.6620586,1609702031.8617926,0.19973397254943848,1609702031.692566,1609702031.701302,0.008736133575439453
1f65ca4578b24dfb8c9c64135409392a,k-means,warm,exec,queue,0.06225013732910156,2.384185791015625e-07,2.384185791015625e-07,1609702031.6636326,1609702031.9520776,0.28844499588012695,1609702031.752543,1609702031.7589903,0.006447315216064453
3e9c2fd1cbe94b65b3d75e69316066f8,k-means,warm,exec,queue,0.06683659553527832,2.384185791015625e-07,2.384185791015625e-07,1609702031.6653345,1609702031.8607097,0.1953752040863037,1609702031.7566364,1609702031.7634053,0.006768941879272461
5591e65916dd41d2a1275bf0a8d21bd2,video,warm,exec,queue,0.019676685333251953,0.0,2.384185791015625e-07,1609702031.6669343,1609702031.861218,0.19428372383117676,1609702031.7189183,1609702031.7373574,0.018439054489135742
96804d0ab40d433ab4c6a6955d6be426,k-means,warm,exec,queue,0.006529092788696289,2.384185791015625e-07,2.384185791015625e-07,1609702032.643213,1609702032.8301375,0.18692445755004883,1609702032.679926,1609702032.687722,0.007796049118041992
209c1008d09743f092ad3efbb9029004,k-means,warm,exec,queue,0.02660226821899414,4.76837158203125e-07,2.384185791015625e-07,1609702032.647575,1609702032.979881,0.3323061466217041,1609702032.7043786,1609702032.7126014,0.008222818374633789
042f9c5648f24975bec9e11a27649e1f,k-means,warm,exec,queue,0.03134799003601074,2.384185791015625e-07,2.384185791015625e-07,1609702032.6501913,1609702032.9057574,0.2555661201477051,1609702032.7085235,1609702032.716436,0.007912397384643555
a2f2eba090b24ec9b34cee1af0843581,k-means,warm,exec,queue,0.03620171546936035,2.384185791015625e-07,0.0,1609702032.6527877,1609702032.9042668,0.2514791488647461,1609702032.714454,1609702032.7212124,0.006758451461791992
b76bd2458c4d40ad9db37490ad5ef69a,k-means,warm,exec,queue,0.0413813591003418,2.384185791015625e-07,2.384185791015625e-07,1609702032.6553643,1609702032.9027355,0.24737119674682617,1609702032.724633,1609702032.731035,0.006402015686035156
ddfbb9f024864b65bb6b9c3669c8088a,k-means,warm,exec,queue,0.04674029350280762,2.384185791015625e-07,0.0,1609702032.6572583,1609702032.9793005,0.32204222679138184,1609702032.7268043,1609702032.7333174,0.006513118743896484
a0533f8bc03847348a030e71c68b3202,k-means,warm,exec,queue,0.05146336555480957,7.152557373046875e-07,2.384185791015625e-07,1609702032.6587512,1609702032.9010615,0.2423102855682373,1609702032.729882,1609702032.735671,0.005789041519165039
a19a90da384e47be9d8caade05f94563,k-means,warm,exec,queue,0.021149635314941406,4.76837158203125e-07,2.384185791015625e-07,1609702032.6602829,1609702032.8283732,0.1680903434753418,1609702032.703571,1609702032.711768,0.008196830749511719
e328163150fb499b83710d62a7ea01bf,k-means,warm,exec,queue,0.010861635208129883,4.76837158203125e-07,2.384185791015625e-07,1609702032.6617727,1609702032.8266146,0.164841890335083,1609702032.6853983,1609702032.6937635,0.008365154266357422
5f59ef6967ba4fd7b4a004041626ba63,k-means,warm,exec,queue,0.015800952911376953,4.76837158203125e-07,2.384185791015625e-07,1609702032.6633663,1609702032.831898,0.1685316562652588,1609702032.698495,1609702032.7064335,0.007938623428344727
593968a1542040e3a868e312c15485f2,k-means,warm,exec,queue,0.008002996444702148,4.76837158203125e-07,2.384185791015625e-07,1609702033.6442335,1609702033.7775648,0.133331298828125,1609702033.7011673,1609702033.709324,0.008156538009643555
2dbd6d9c8e214b9fbdc4a41b2ac65b2c,k-means,warm,exec,queue,0.0580141544342041,2.384185791015625e-07,0.0,1609702033.648412,1609702033.9647756,0.3163635730743408,1609702033.7537475,1609702033.760345,0.0065975189208984375
282f8c6d3c194167b0dd18d1eb338f02,k-means,warm,exec,queue,0.0626375675201416,2.384185791015625e-07,2.384185791015625e-07,1609702033.6509638,1609702033.9642527,0.31328892707824707,1609702033.759174,1609702033.7648368,0.005662679672241211
d8ef3b9b89b840988d58ccc0dc5141af,k-means,warm,exec,queue,0.01772022247314453,4.76837158203125e-07,2.384185791015625e-07,1609702033.6531394,1609702033.8107862,0.15764689445495605,1609702033.7065864,1609702033.7161186,0.00953221321105957
5e2407bf459245b49652d5722ad58a4d,k-means,warm,exec,queue,0.02243518829345703,4.76837158203125e-07,2.384185791015625e-07,1609702033.6548498,1609702033.9231749,0.2683250904083252,1609702033.7128475,1609702033.7212584,0.008410930633544922
d42adbfc437d48cc9fa734b670816ee5,k-means,warm,exec,queue,0.02998495101928711,4.76837158203125e-07,4.76837158203125e-07,1609702033.656388,1609702033.919915,0.26352691650390625,1609702033.7256603,1609702033.7324166,0.006756305694580078
785fdbc9c5f7420f925cdd0e230959f4,k-means,warm,exec,queue,0.03618359565734863,7.152557373046875e-07,4.76837158203125e-07,1609702033.6579254,1609702033.8723044,0.21437907218933105,1609702033.7279837,1609702033.7357028,0.0077190399169921875
445434aba2c04e95a70e6d7341c246bc,k-means,warm,exec,queue,0.04060626029968262,2.384185791015625e-07,2.384185791015625e-07,1609702033.6594565,1609702034.0653365,0.4058799743652344,1609702033.7313585,1609702033.7393515,0.007992982864379883
c6117c3037d54b9ebd1655bfadc86be5,k-means,warm,exec,queue,0.04598855972290039,7.152557373046875e-07,2.384185791015625e-07,1609702033.661012,1609702033.9226704,0.2616584300994873,1609702033.739397,1609702033.7468238,0.007426738739013672
a2211fd18e724c1f8a8dfb21bd1d3e34,k-means,warm,exec,queue,0.05114603042602539,2.384185791015625e-07,0.0,1609702033.6626782,1609702034.0144022,0.35172390937805176,1609702033.74444,1609702033.7513688,0.006928682327270508
67961ef3ca474092b658b6add87e34b5,k-means,warm,exec,queue,0.056035518646240234,2.384185791015625e-07,2.384185791015625e-07,1609702033.6642306,1609702033.9615457,0.2973151206970215,1609702033.7503726,1609702033.757535,0.007162332534790039
0751a8554a0f4752b20d049d78a7d45b,k-means,warm,exec,queue,0.012682676315307617,2.384185791015625e-07,2.384185791015625e-07,1609702033.6657941,1609702033.8123581,0.14656400680541992,1609702033.7010136,1609702033.7097266,0.008713006973266602
b648d65d6e064520b84d07c6df848f49,k-means,warm,exec,queue,0.06729602813720703,2.384185791015625e-07,2.384185791015625e-07,1609702033.6673377,1609702034.1381452,0.4708075523376465,1609702033.7651105,1609702033.7716753,0.0065648555755615234
059aeb09786b408c924a6589a1a6f41f,k-means,warm,exec,queue,0.07164740562438965,4.76837158203125e-07,0.0,1609702033.6689997,1609702034.095514,0.4265143871307373,1609702033.7703848,1609702033.7765605,0.0061757564544677734
4b097a344bbb424091d839b568c4e2d2,k-means,warm,exec,queue,0.07720518112182617,2.384185791015625e-07,0.0,1609702033.670548,1609702034.203761,0.5332131385803223,1609702033.777627,1609702033.7836158,0.0059888362884521484
c0ec6a81abd74bc794fc782f3addda9d,k-means,warm,exec,queue,0.08221769332885742,4.76837158203125e-07,0.0,1609702033.672092,1609702033.869449,0.1973569393157959,1609702033.7825034,1609702033.7895532,0.0070497989654541016
fb7684854d4242808d11a7079ed2a270,video,warm,exec,queue,0.01734638214111328,2.384185791015625e-07,2.384185791015625e-07,1609702033.673757,1609702033.8718088,0.19805169105529785,1609702033.726274,1609702033.743716,0.017441987991333008
89169f306fcf4c90848db9afb35e3fbd,k-means,warm,exec,queue,0.0015361309051513672,4.76837158203125e-07,2.384185791015625e-07,1609702034.6334612,1609702034.7580295,0.12456822395324707,1609702034.6696298,1609702034.6780188,0.008388996124267578
d0e6c4b766244584a30e4c761e1c8664,k-means,warm,exec,queue,0.023566722869873047,0.0,2.384185791015625e-07,1609702034.6374674,1609702034.8145342,0.17706680297851562,1609702034.6932347,1609702034.701611,0.008376359939575195
1b2a156d44cd41e380671d090d7c73cf,k-means,warm,exec,queue,0.028598546981811523,2.384185791015625e-07,2.384185791015625e-07,1609702034.6400812,1609702034.871805,0.23172378540039062,1609702034.69592,1609702034.7035189,0.007598876953125
c7a512b38ecf407fbed476c8b53e2909,k-means,warm,exec,queue,0.033042192459106445,4.76837158203125e-07,2.384185791015625e-07,1609702034.6427658,1609702034.8397272,0.1969614028930664,1609702034.7042158,1609702034.7123203,0.008104562759399414
99af783c4d2d46e18ae29a5353a45fa8,k-means,warm,exec,queue,0.01926732063293457,4.76837158203125e-07,4.76837158203125e-07,1609702034.6453784,1609702034.779677,0.13429856300354004,1609702034.6882942,1609702034.6965406,0.008246421813964844
3a23865723394a06b2fc629de1527432,k-means,warm,exec,queue,0.01493382453918457,4.76837158203125e-07,2.384185791015625e-07,1609702034.6483042,1609702034.8130262,0.16472196578979492,1609702034.6883628,1609702034.69759,0.009227275848388672
52cffd2deae847cb8d8798c6523f13f9,k-means,warm,exec,queue,0.009796142578125,4.76837158203125e-07,2.384185791015625e-07,1609702034.6499548,1609702034.7554293,0.10547447204589844,1609702034.6767495,1609702034.6847792,0.008029699325561523
73364d019f024cdf94295725ed050ce5,k-means,warm,exec,queue,0.0071332454681396484,2.384185791015625e-07,2.384185791015625e-07,1609702034.6515262,1609702034.758553,0.10702681541442871,1609702034.6692517,1609702034.676463,0.007211208343505859
174cefbca9f845488b754e99d2b6ad12,k-means,warm,exec,queue,0.010732173919677734,4.76837158203125e-07,2.384185791015625e-07,1609702035.645661,1609702035.7649195,0.11925840377807617,1609702035.696068,1609702035.7038167,0.007748603820800781
ab6da94ab9484048875c1bae47dcb4ae,video,warm,exec,queue,0.022946596145629883,2.384185791015625e-07,2.384185791015625e-07,1609702035.6500776,1609702036.3472772,0.6971995830535889,1609702035.7193403,1609702035.7355382,0.016197919845581055
74b14fa7ce22487c96c476493791bd12,k-means,warm,exec,queue,0.025681018829345703,4.76837158203125e-07,2.384185791015625e-07,1609702035.651552,1609702038.2990584,2.6475064754486084,1609702035.7185264,1609702035.7233236,0.004797220230102539
6297591780674cf5800de70959729e58,k-means,warm,exec,queue,0.030501127243041992,2.384185791015625e-07,0.0,1609702035.653047,1609702036.3458254,0.6927783489227295,1609702035.7203398,1609702035.7282777,0.007937908172607422
eabfc2559b824fce8cbb321f35589b2c,k-means,warm,exec,queue,0.03730463981628418,4.76837158203125e-07,2.384185791015625e-07,1609702035.6546762,1609702036.343718,0.6890418529510498,1609702035.7402158,1609702035.748036,0.00782012939453125
46ab320fd0614f0b8dcf48f73a621083,k-means,warm,exec,queue,0.0440831184387207,4.76837158203125e-07,2.384185791015625e-07,1609702035.6561162,1609702036.3461978,0.6900815963745117,1609702035.7454932,1609702035.7531047,0.007611513137817383
b299a4b84b33485aab3dff0ef3ad9772,k-means,warm,exec,queue,0.05070376396179199,2.384185791015625e-07,2.384185791015625e-07,1609702035.6575792,1609702037.0605721,1.4029929637908936,1609702035.7464788,1609702035.7542667,0.007787942886352539
09067216589f4bb48039d088bb0cda87,k-means,warm,exec,queue,0.0553741455078125,2.384185791015625e-07,2.384185791015625e-07,1609702035.6590238,1609702037.058902,1.3998782634735107,1609702035.7485433,1609702035.757595,0.009051799774169922
5861be4aa4b7455189e00b522622f9bf,k-means,warm,exec,queue,0.06008625030517578,2.384185791015625e-07,2.384185791015625e-07,1609702035.6604972,1609702038.4742901,2.8137929439544678,1609702035.7549725,1609702035.7620075,0.007035017013549805
644b91b4bd4943139ed8b7a170a854fa,k-means,warm,exec,queue,0.017611980438232422,4.76837158203125e-07,2.384185791015625e-07,1609702035.6620572,1609702036.5961132,0.9340560436248779,1609702035.7073495,1609702035.7153163,0.007966756820678711
a6acddfb2d2b484989556d21447861e9,k-means,warm,exec,queue,0.013876914978027344,2.384185791015625e-07,2.384185791015625e-07,1609702035.6635082,1609702035.8002057,0.13669753074645996,1609702035.6996613,1609702035.7078533,0.008192062377929688
749a531cebdd4c9b993d6315cd9981c3,matmul,warm,exec,queue,0.030775070190429688,2.384185791015625e-07,2.384185791015625e-07,1609702035.664976,1609702036.884401,1.2194252014160156,1609702035.7195408,1609702035.7284775,0.008936643600463867
9c17b952884441a2b1715c569aa6d12e,map_reduce,warm,exec,queue,0.031183958053588867,2.384185791015625e-07,2.384185791015625e-07,1609702035.6665308,1609702036.7924814,1.125950574874878,1609702035.7330172,1609702035.8178809,0.08486366271972656
b08916ff6b124319bd76836b85e1fba6,disk,warm,exec,queue,0.03831338882446289,2.384185791015625e-07,2.384185791015625e-07,1609702035.668019,1609702036.790469,1.1224498748779297,1609702035.7456317,1609702035.7518518,0.006220102310180664
5aee09f7b0ae472e8a6fa7afb684158b,image,cold,exec,create,0.04436492919921875,5.285790681838989,2.384185791015625e-07,1609702035.6695051,1609702041.1325622,5.463057041168213,1609702041.0262916,1609702041.0554442,0.029152631759643555
20884c85ebf04669b986cda4babd6016,network,cold,exec,create,0.045291900634765625,5.421096563339233,0.0,1609702035.6709511,1609702041.2673702,5.596419095993042,1609702041.1625023,1609702041.194894,0.03239178657531738
531ee6ffb2be43da99a6acec6322a725,linpack,cold,exec,create,0.050360918045043945,5.5493786334991455,0.0,1609702035.6728125,1609702041.3759003,5.70308780670166,1609702041.294265,1609702041.317382,0.0231170654296875
ecff53f6971146aa9b7d1fa402558808,k-means,warm,exec,queue,0.002270936965942383,4.76837158203125e-07,2.384185791015625e-07,1609702036.6384728,1609702037.0535433,0.4150705337524414,1609702036.6819546,1609702036.6927958,0.010841131210327148
6ce3587e28c1406a9db41c0e0081303f,k-means,warm,exec,queue,0.04689788818359375,4.76837158203125e-07,2.384185791015625e-07,1609702036.6426318,1609702037.0583284,0.4156966209411621,1609702036.7267554,1609702036.7339282,0.007172822952270508
70d85a4e08434266b57e57404c6776b7,k-means,warm,exec,queue,0.04244065284729004,2.384185791015625e-07,2.384185791015625e-07,1609702036.6453006,1609702039.2360048,2.5907042026519775,1609702036.7205184,1609702036.7275028,0.0069844722747802734
5a09841b450a445ab739311789c6e4e7,k-means,warm,exec,queue,0.0372767448425293,4.76837158203125e-07,2.384185791015625e-07,1609702036.6479309,1609702039.2354903,2.587559461593628,1609702036.7194517,1609702036.7250288,0.00557708740234375
389365e9ea1a4a0eb2a6edd96f47375a,k-means,warm,exec,queue,0.03291916847229004,7.152557373046875e-07,2.384185791015625e-07,1609702036.6505675,1609702037.8837981,1.2332305908203125,1609702036.715518,1609702036.7243211,0.008803129196166992
5fbd2cced5924fabb05e730ace5ba173,k-means,warm,exec,queue,0.027999162673950195,2.384185791015625e-07,2.384185791015625e-07,1609702036.6532567,1609702038.4255059,1.7722492218017578,1609702036.7047246,1609702036.7126124,0.007887840270996094
317e51368d5442118328b808202d6619,k-means,warm,exec,queue,0.022272825241088867,2.384185791015625e-07,2.384185791015625e-07,1609702036.6548748,1609702037.8800857,1.2252109050750732,1609702036.7036054,1609702036.7112865,0.007681131362915039
f1fcde1998724c9cb326368101cb1323,k-means,warm,exec,queue,0.016351699829101562,4.76837158203125e-07,0.0,1609702036.6564922,1609702037.8831615,1.2266693115234375,1609702036.6946235,1609702036.7045498,0.009926319122314453
9dba19a9a17d483e8d14ceface234b86,k-means,warm,exec,queue,0.00889134407043457,7.152557373046875e-07,4.76837158203125e-07,1609702036.6581848,1609702038.4725428,1.8143579959869385,1609702036.68097,1609702036.6889465,0.007976531982421875
1eeb4b32b23a4849884d8916786804b0,k-means,warm,exec,queue,0.013784646987915039,2.384185791015625e-07,0.0,1609702036.6597784,1609702037.0577161,0.3979377746582031,1609702036.686086,1609702036.6951718,0.009085893630981445
ce6ff8d9332846b89561fefaf2584589,k-means,warm,exec,queue,7.772445678710938e-05,7.152557373046875e-07,2.384185791015625e-07,1609702037.647062,1609702039.2344644,1.58740234375,1609702037.7016454,1609702037.7097237,0.008078336715698242
6761bd1eab0b453d9f886a0459808299,k-means,warm,exec,queue,0.008744955062866211,2.384185791015625e-07,2.384185791015625e-07,1609702037.6513052,1609702038.660058,1.0087528228759766,1609702037.7021732,1609702037.7096443,0.0074710845947265625
7fde289a5eb44c3a87d8bd0083d0c814,k-means,warm,exec,queue,0.013300895690917969,2.384185791015625e-07,2.384185791015625e-07,1609702037.653914,1609702038.5518572,0.8979432582855225,1609702037.708388,1609702037.7163732,0.007985115051269531
b93d8494a6184d7680ba4d0706867e35,k-means,warm,exec,queue,0.017997264862060547,2.384185791015625e-07,2.384185791015625e-07,1609702037.6565285,1609702038.2996492,0.6431207656860352,1609702037.7126904,1609702037.720792,0.008101701736450195
29bcd5018d454ec3bf2cc351efeddece,k-means,warm,exec,queue,0.02426433563232422,4.76837158203125e-07,2.384185791015625e-07,1609702037.6595213,1609702038.55376,0.8942387104034424,1609702037.7200418,1609702037.727225,0.0071833133697509766
ce00bd033cea4645b88a85c28a39f43a,k-means,warm,exec,queue,0.02936244010925293,4.76837158203125e-07,2.384185791015625e-07,1609702037.6613996,1609702038.476,0.8146004676818848,1609702037.7264843,1609702037.7324295,0.0059452056884765625
a03c5f11d2e846648fe324ce6c66dd23,k-means,warm,exec,queue,0.03461766242980957,2.384185791015625e-07,2.384185791015625e-07,1609702037.662975,1609702038.4237242,0.760749101638794,1609702037.7304401,1609702037.736614,0.006173849105834961
e64c0b09ddf04e8fa7d8f6f4718225fd,k-means,warm,exec,queue,0.03935742378234863,2.384185791015625e-07,2.384185791015625e-07,1609702037.664553,1609702038.3015258,0.6369729042053223,1609702037.7374473,1609702037.7426074,0.005160093307495117
2b4a8efcc5d7402f9afca6476477c114,k-means,warm,exec,queue,0.044278860092163086,2.384185791015625e-07,2.384185791015625e-07,1609702037.6662407,1609702038.611272,0.9450314044952393,1609702037.7465148,1609702037.753181,0.0066661834716796875
1a77b7350d06429f811d10c24942b552,k-means,warm,exec,queue,0.048982858657836914,2.384185791015625e-07,2.384185791015625e-07,1609702037.6678045,1609702039.234994,1.5671894550323486,1609702037.748706,1609702037.7549489,0.0062427520751953125
92918201f1cd4b3c9de85f7e7c792df4,k-means,warm,exec,queue,0.054114580154418945,2.384185791015625e-07,2.384185791015625e-07,1609702037.6693773,1609702038.887953,1.2185757160186768,1609702037.751328,1609702037.7575595,0.006231546401977539
d22eceec4605468bb9356a0fc987382d,k-means,warm,exec,queue,0.05944657325744629,2.384185791015625e-07,2.384185791015625e-07,1609702037.6709583,1609702038.6094265,0.9384682178497314,1609702037.759824,1609702037.7672517,0.007427692413330078
965f50eb24654ab6a91d99c74f3e105f,k-means,warm,exec,queue,0.06404709815979004,2.384185791015625e-07,2.384185791015625e-07,1609702037.672608,1609702039.2279398,1.5553319454193115,1609702037.7636368,1609702037.7682714,0.0046346187591552734
ef763dd0893e4fb1bd1158680064c2b9,k-means,warm,exec,queue,0.06843376159667969,7.152557373046875e-07,2.384185791015625e-07,1609702037.6741543,1609702038.8115487,1.1373944282531738,1609702037.7688122,1609702037.774556,0.005743741989135742
8d5fc616ac4c4b53a8faefa211360c34,k-means,warm,exec,queue,0.07367444038391113,2.384185791015625e-07,2.384185791015625e-07,1609702037.675686,1609702039.2339215,1.5582356452941895,1609702037.7746959,1609702037.7802022,0.005506277084350586
a7ca39ed3b5c4da9a9cdc20c7704bfab,video,warm,exec,queue,0.01517343521118164,4.76837158203125e-07,2.384185791015625e-07,1609702037.6773417,1609702038.4219897,0.7446479797363281,1609702037.7198024,1609702037.7360415,0.016239166259765625
89f2b720f622423abae4b74bb162756e,k-means,warm,exec,queue,7.510185241699219e-05,4.76837158203125e-07,2.384185791015625e-07,1609702038.6382234,1609702039.1585076,0.5202841758728027,1609702038.6737056,1609702038.6808534,0.007147789001464844
02074a08bbd5489c96f5d9a3fe444166,k-means,warm,exec,queue,0.004843950271606445,2.384185791015625e-07,2.384185791015625e-07,1609702038.6421704,1609702039.0994055,0.45723509788513184,1609702038.674435,1609702038.6821418,0.007706880569458008
d97d0e0ccd2d4854998871b23e7c2128,k-means,warm,exec,queue,0.009536981582641602,2.384185791015625e-07,0.0,1609702038.6445482,1609702039.4352784,0.7907302379608154,1609702038.6797404,1609702038.6876357,0.007895231246948242
31542aa8be8c49afa5c2abddce18b223,k-means,warm,exec,queue,0.014684200286865234,4.76837158203125e-07,2.384185791015625e-07,1609702038.6460109,1609702039.4391851,0.7931742668151855,1609702038.6859233,1609702038.693506,0.007582664489746094
294f03491c6a43879691ff49bad39881,k-means,warm,exec,queue,0.019896745681762695,4.76837158203125e-07,0.0,1609702038.6474583,1609702038.8898332,0.24237489700317383,1609702038.6907005,1609702038.697157,0.0064563751220703125
3d8c7d0204244796bcd4a7634eb8a656,k-means,warm,exec,queue,0.024643421173095703,4.76837158203125e-07,2.384185791015625e-07,1609702038.649318,1609702039.4402807,0.7909626960754395,1609702038.6972172,1609702038.7035124,0.006295204162597656
f4560d8756b34bbfaf6a7163e213fb4e,k-means,warm,exec,queue,0.029245376586914062,4.76837158203125e-07,2.384185791015625e-07,1609702038.6507757,1609702039.439733,0.7889573574066162,1609702038.7046082,1609702038.7112842,0.0066759586334228516
6416c64872c348fdb280040f85b39ffb,k-means,warm,exec,queue,0.03394293785095215,2.384185791015625e-07,2.384185791015625e-07,1609702038.652248,1609702039.1013546,0.44910669326782227,1609702038.7082083,1609702038.714757,0.006548643112182617
34a6cce6fa9a46b6987e3c19b187bb98,k-means,warm,exec,queue,0.03920340538024902,2.384185791015625e-07,2.384185791015625e-07,1609702038.6537075,1609702039.0242863,0.3705787658691406,1609702038.711953,1609702038.7180333,0.0060803890228271484
ddf658c395c04450ba824d39c8a045c5,k-means,warm,exec,queue,0.0008978843688964844,4.76837158203125e-07,2.384185791015625e-07,1609702039.649235,1609702039.7886887,0.13945364952087402,1609702039.715794,1609702039.7227619,0.006967782974243164
7e995ed1e7a84335a48bb37297a376d5,k-means,warm,exec,queue,0.05566048622131348,2.384185791015625e-07,0.0,1609702039.653134,1609702040.092148,0.4390139579772949,1609702039.7685027,1609702039.7743065,0.005803823471069336
37c92ce9facc4548a1453cdb8dc7dca5,k-means,warm,exec,queue,0.005064487457275391,4.76837158203125e-07,2.384185791015625e-07,1609702039.655651,1609702039.787278,0.13162684440612793,1609702039.7164087,1609702039.723615,0.0072062015533447266
712ae76f2f894af795d17699497e4880,k-means,warm,exec,queue,0.009479999542236328,2.384185791015625e-07,0.0,1609702039.6581488,1609702039.8665388,0.2083899974822998,1609702039.717915,1609702039.7244203,0.006505250930786133
c9dcf704b35f46f2bbccad111ae50714,k-means,warm,exec,queue,0.014095067977905273,4.76837158203125e-07,2.384185791015625e-07,1609702039.6613307,1609702040.0063019,0.3449711799621582,1609702039.72433,1609702039.7312381,0.0069081783294677734
1bb15b161227422999016527fc582868,k-means,warm,exec,queue,0.018591642379760742,4.76837158203125e-07,2.384185791015625e-07,1609702039.663828,1609702039.8299427,0.16611480712890625,1609702039.7354312,1609702039.7435837,0.008152484893798828
9aa488d599684bfe833aaf185ec7ed2d,k-means,warm,exec,queue,0.025472402572631836,2.384185791015625e-07,2.384185791015625e-07,1609702039.6656334,1609702039.8633325,0.19769906997680664,1609702039.7368228,1609702039.743509,0.006686210632324219
69274011698147a8bbcad20f97cedebd,k-means,warm,exec,queue,0.030954837799072266,2.384185791015625e-07,2.384185791015625e-07,1609702039.6670349,1609702040.090303,0.42326807975769043,1609702039.7401576,1609702039.7464721,0.006314516067504883
e5aa462fa3cc46d0a083cc96995fd9fc,k-means,warm,exec,queue,0.036596059799194336,2.384185791015625e-07,0.0,1609702039.6684504,1609702039.9447038,0.27625346183776855,1609702039.7466514,1609702039.7528033,0.006151914596557617
077329d989174cabbf857589d776a639,k-means,warm,exec,queue,0.04171299934387207,2.384185791015625e-07,4.76837158203125e-07,1609702039.6699777,1609702040.0081494,0.33817172050476074,1609702039.7531445,1609702039.7587717,0.005627155303955078
760e82a365df4cb196cfede629407434,k-means,warm,exec,queue,0.04716229438781738,4.76837158203125e-07,2.384185791015625e-07,1609702039.6713955,1609702039.8660078,0.1946122646331787,1609702039.7597306,1609702039.7657259,0.005995273590087891
f748aaa7f0484c0da3c12c1ef94206c7,k-means,warm,exec,queue,0.051969289779663086,0.0,0.0,1609702039.6728628,1609702039.9396975,0.26683473587036133,1609702039.7635345,1609702039.7684321,0.004897594451904297
9c6303c0f7ac435bb6c8d8ce37aadef2,k-means,warm,exec,queue,0.06060671806335449,2.384185791015625e-07,2.384185791015625e-07,1609702039.674335,1609702039.8679998,0.1936647891998291,1609702039.7739391,1609702039.778152,0.004212856292724609
13541405eb854ce38f1d934d795a43c2,k-means,warm,exec,queue,0.06562972068786621,4.76837158203125e-07,2.384185791015625e-07,1609702039.6759284,1609702039.9441948,0.2682664394378662,1609702039.7812521,1609702039.7877612,0.006509065628051758
98a5c22a8d204184ab1a8bcae9e9cbee,k-means,warm,exec,queue,0.07082080841064453,2.384185791015625e-07,2.384185791015625e-07,1609702039.6781695,1609702039.9719293,0.293759822845459,1609702039.7856886,1609702039.7905564,0.0048677921295166016
ced80fad94324c18b36fc7ea4a61eda4,k-means,warm,exec,queue,0.0756220817565918,2.384185791015625e-07,2.384185791015625e-07,1609702039.6805954,1609702039.943619,0.26302361488342285,1609702039.790458,1609702039.7962892,0.005831241607666016
42fd9f993cec4f2490d00d58195b627d,k-means,warm,exec,queue,0.08024168014526367,2.384185791015625e-07,4.76837158203125e-07,1609702039.6832368,1609702039.9736478,0.29041099548339844,1609702039.797587,1609702039.804255,0.0066680908203125
cfc256fd157640b79ad8aba5e4dc3f3a,video,warm,exec,queue,0.016004562377929688,2.384185791015625e-07,2.384185791015625e-07,1609702039.6857748,1609702039.8315418,0.1457669734954834,1609702039.736732,1609702039.7532067,0.01647472381591797
03f5223cdf2f424b8f82819cbb0b8ac0,k-means,warm,exec,queue,0.005338191986083984,7.152557373046875e-07,2.384185791015625e-07,1609702040.640859,1609702040.7705986,0.12973976135253906,1609702040.6784678,1609702040.6847014,0.006233692169189453
7417d68ba325420f8b1cccd15888eb18,matmul,warm,exec,queue,0.0230255126953125,2.384185791015625e-07,2.384185791015625e-07,1609702040.644976,1609702041.0740438,0.42906785011291504,1609702040.6991313,1609702040.708919,0.009787797927856445
49c5cb731d27412fa835116aa4dce193,k-means,warm,exec,queue,0.009687185287475586,7.152557373046875e-07,4.76837158203125e-07,1609702040.6476445,1609702040.815011,0.16736650466918945,1609702040.6972237,1609702040.7035553,0.006331682205200195
5aff210a09ce4b5e81d935d256fde118,k-means,warm,exec,queue,0.01755356788635254,9.5367431640625e-07,4.76837158203125e-07,1609702040.650145,1609702040.8896487,0.2395036220550537,1609702040.6985636,1609702040.7058578,0.007294178009033203
6386b2ead976485b92423be72b6326fa,k-means,warm,exec,queue,0.02449321746826172,4.76837158203125e-07,2.384185791015625e-07,1609702040.6526868,1609702040.8132827,0.16059589385986328,1609702040.700291,1609702040.7075171,0.007226228713989258
db92c23af915499dbf69691884621b65,k-means,warm,exec,queue,0.02978801727294922,2.384185791015625e-07,0.0,1609702040.6543994,1609702040.8878863,0.23348689079284668,1609702040.7047784,1609702040.7138605,0.00908207893371582
0ec4eaab93c24f178e7e7be24f15c097,k-means,warm,exec,queue,0.0346074104309082,2.384185791015625e-07,0.0,1609702040.6559322,1609702040.9555502,0.2996180057525635,1609702040.7128677,1609702040.72065,0.0077822208404541016
ab0cc91dd0574789ab2546d0b4851f6f,k-means,warm,exec,queue,0.04267287254333496,2.384185791015625e-07,2.384185791015625e-07,1609702040.657482,1609702040.849132,0.1916501522064209,1609702040.7233706,1609702040.7301128,0.006742238998413086
2e1aed156d524479a886ae2416b0c3b9,k-means,warm,exec,queue,0.04704475402832031,2.384185791015625e-07,2.384185791015625e-07,1609702040.658928,1609702041.0722594,0.4133315086364746,1609702040.7240677,1609702040.7301834,0.00611567497253418
2da4461ab9224d9e8f273908f5cb88de,k-means,warm,exec,queue,0.05266737937927246,2.384185791015625e-07,0.0,1609702040.6606095,1609702040.8508475,0.19023799896240234,1609702040.7314324,1609702040.7392373,0.00780487060546875
21765301420b4be69800eb1aabb7dd85,k-means,warm,exec,queue,0.0005960464477539062,4.76837158203125e-07,2.384185791015625e-07,1609702041.647394,1609702041.778843,0.13144898414611816,1609702041.7009134,1609702041.7087843,0.007870912551879883
3cfb4c5c1e224f72b9943dc53d9e1f78,k-means,warm,exec,queue,0.04867243766784668,2.384185791015625e-07,2.384185791015625e-07,1609702041.6516309,1609702041.937699,0.2860682010650635,1609702041.7499967,1609702041.7562807,0.006283998489379883
218305757ebc4b88ba7f14b632011a22,k-means,warm,exec,queue,0.05322122573852539,2.384185791015625e-07,2.384185791015625e-07,1609702041.6542585,1609702042.1112738,0.4570152759552002,1609702041.752742,1609702041.7583683,0.005626201629638672
aea09863b72c4f73afaa210356a88429,k-means,warm,exec,queue,0.05874490737915039,7.152557373046875e-07,2.384185791015625e-07,1609702041.6568372,1609702041.939338,0.2825007438659668,1609702041.7662694,1609702041.7736719,0.0074024200439453125
0a7de740ded84888afc412888078c111,k-means,warm,exec,queue,0.06430554389953613,2.384185791015625e-07,2.384185791015625e-07,1609702041.6596603,1609702041.8688188,0.20915842056274414,1609702041.7664363,1609702041.7722888,0.005852460861206055
6bd443915eb84a72838010a1334285c0,k-means,warm,exec,queue,0.007130622863769531,4.76837158203125e-07,2.384185791015625e-07,1609702041.6614966,1609702041.7763417,0.11484503746032715,1609702041.7015052,1609702041.7085361,0.007030963897705078
b0a44a62b8764bc6ba0e185add25ea2c,k-means,warm,exec,queue,0.011600255966186523,4.76837158203125e-07,2.384185791015625e-07,1609702041.6629622,1609702041.8701735,0.20721125602722168,1609702041.7024577,1609702041.710189,0.007731437683105469
b906e9767f374da29ea602a7fb597dda,k-means,warm,exec,queue,0.01627826690673828,2.384185791015625e-07,2.384185791015625e-07,1609702041.6644654,1609702041.7793717,0.11490631103515625,1609702041.707321,1609702041.714854,0.007533073425292969
2489cc62a6834c5a861d38ab17083600,k-means,warm,exec,queue,0.021557092666625977,7.152557373046875e-07,2.384185791015625e-07,1609702041.6659977,1609702041.9355605,0.2695627212524414,1609702041.721164,1609702041.7281108,0.0069468021392822266
acd11ac4c649489bbbad2bc098cf5a24,k-means,warm,exec,queue,0.027857065200805664,2.384185791015625e-07,2.384185791015625e-07,1609702041.667597,1609702042.0139043,0.34630727767944336,1609702041.7227674,1609702041.7291837,0.00641632080078125
1483e3fca205426092d48d245fec32d6,k-means,warm,exec,queue,0.03242683410644531,4.76837158203125e-07,2.384185791015625e-07,1609702041.6691406,1609702041.9028695,0.23372888565063477,1609702041.7259603,1609702041.7311046,0.005144357681274414
c7d3f5c3213042bc978893076fba60d1,k-means,warm,exec,queue,0.0370635986328125,4.76837158203125e-07,2.384185791015625e-07,1609702041.6705985,1609702042.0110602,0.34046173095703125,1609702041.7316108,1609702041.7387328,0.007122039794921875
564d028d5a6042c1a1d3cb07b4f6394e,k-means,warm,exec,queue,0.042604923248291016,2.384185791015625e-07,0.0,1609702041.6720417,1609702041.9381351,0.26609349250793457,1609702041.737417,1609702041.7440374,0.0066204071044921875
50ed327df8394ccaa6f70b69691bcd34,k-means,warm,exec,queue,0.04700636863708496,2.384185791015625e-07,2.384185791015625e-07,1609702041.6736217,1609702042.012653,0.339031457901001,1609702041.7480724,1609702041.754785,0.006712675094604492
a6af53758ca34cbf9864c228a23f8cd9,video,warm,exec,queue,0.021754741668701172,2.384185791015625e-07,2.384185791015625e-07,1609702041.6750493,1609702041.8266146,0.1515653133392334,1609702041.7231123,1609702041.739917,0.01680469512939453
e5897133ebaf48359032b30f84a5ba1e,k-means,warm,exec,queue,8.273124694824219e-05,4.76837158203125e-07,2.384185791015625e-07,1609702042.6424289,1609702042.7871335,0.14470458030700684,1609702042.7276082,1609702042.7345567,0.0069484710693359375
bc129d63c822427082b9b44017adddb9,k-means,warm,exec,queue,0.006411314010620117,2.384185791015625e-07,2.384185791015625e-07,1609702042.6461172,1609702042.788557,0.1424398422241211,1609702042.7283287,1609702042.7362392,0.007910490036010742
c3f7d8f85af24395995dd67b4449cc6c,k-means,warm,exec,queue,0.011553525924682617,4.76837158203125e-07,4.76837158203125e-07,1609702042.6490736,1609702042.8207023,0.17162871360778809,1609702042.7333958,1609702042.7413664,0.007970571517944336
6e60b9446f444c7f953635d6aa760c7d,k-means,warm,exec,queue,0.025196313858032227,2.384185791015625e-07,0.0,1609702042.6515677,1609702042.9841108,0.33254313468933105,1609702042.7479537,1609702042.7528417,0.004888057708740234
775124e31097449b8f4e669a1ae12ae7,k-means,warm,exec,queue,0.029770374298095703,4.76837158203125e-07,0.0,1609702042.6543827,1609702043.3759143,0.7215316295623779,1609702042.754429,1609702042.7594233,0.00499415397644043
85ed68f440084476b335579ef6cca3d7,k-means,warm,exec,queue,0.03452491760253906,2.384185791015625e-07,0.0,1609702042.656667,1609702042.8894472,0.23278021812438965,1609702042.758483,1609702042.7631302,0.004647254943847656
557c5690edb140dd87b0fa56fb742a94,k-means,warm,exec,queue,0.03960227966308594,2.384185791015625e-07,2.384185791015625e-07,1609702042.6580985,1609702042.85403,0.19593143463134766,1609702042.7655537,1609702042.772128,0.006574392318725586
03f96523f0294f1790bec55dad2c741c,k-means,warm,exec,queue,0.044973134994506836,2.384185791015625e-07,2.384185791015625e-07,1609702042.6595347,1609702042.98264,0.3231053352355957,1609702042.7698033,1609702042.7741792,0.004375934600830078
49f8eea42d2949cb929ccce6cb1a3850,k-means,warm,exec,queue,0.0504608154296875,2.384185791015625e-07,2.384185791015625e-07,1609702042.660984,1609702043.3725173,0.7115333080291748,1609702042.7773712,1609702042.7838597,0.0064885616302490234
03f6daa1e3e84547890f8ad217d21a82,k-means,warm,exec,queue,0.05537676811218262,2.384185791015625e-07,2.384185791015625e-07,1609702042.6627061,1609702043.3753498,0.7126436233520508,1609702042.7813716,1609702042.785968,0.0045964717864990234
fde7ade496774365b7206a947ee2fd0e,k-means,warm,exec,queue,0.020634174346923828,2.384185791015625e-07,2.384185791015625e-07,1609702042.6641243,1609702042.9209268,0.2568025588989258,1609702042.742646,1609702042.747513,0.004867076873779297
ef087f94c8ce487c9fdae572a3f8d731,k-means,warm,exec,queue,0.016042232513427734,4.76837158203125e-07,2.384185791015625e-07,1609702042.6655655,1609702042.8918352,0.22626972198486328,1609702042.7384884,1609702042.7479327,0.009444236755371094
39732b2a587042cd9070ced60286cf7d,k-means,warm,exec,queue,0.005574941635131836,4.76837158203125e-07,2.384185791015625e-07,1609702043.6400642,1609702043.7500288,0.10996460914611816,1609702043.674927,1609702043.682504,0.007576942443847656
b03ae69d32264d8a857e554cb8d53889,video,warm,exec,queue,0.013798236846923828,2.384185791015625e-07,2.384185791015625e-07,1609702043.6442342,1609702043.9104946,0.26626038551330566,1609702043.693033,1609702043.7097676,0.016734600067138672
a311e4bf09fa45f3baf53217b9c8da9a,k-means,warm,exec,queue,0.00957179069519043,2.384185791015625e-07,0.0,1609702043.6468334,1609702043.7481632,0.10132980346679688,1609702043.6776962,1609702043.6854393,0.007743120193481445
b3d0cdea0baf4d0d9bae55a2150151e2,k-means,warm,exec,queue,0.014725208282470703,2.384185791015625e-07,0.0,1609702043.6494393,1609702043.832013,0.18257355690002441,1609702043.6840565,1609702043.6928618,0.008805274963378906
ba9f2204c3964332a34bc2f5c4f2dfdd,k-means,warm,exec,queue,0.02194380760192871,4.76837158203125e-07,2.384185791015625e-07,1609702043.652006,1609702043.9070408,0.2550349235534668,1609702043.6930115,1609702043.6984916,0.005480051040649414
a62602b065a044d9a5414de5773cfe8f,k-means,warm,exec,queue,0.026494503021240234,4.76837158203125e-07,2.384185791015625e-07,1609702043.6536825,1609702043.7901723,0.1364898681640625,1609702043.6964145,1609702043.7029178,0.00650334358215332
48760de2edc24dbd980ebc24e85b7780,k-means,warm,exec,queue,0.03091573715209961,2.384185791015625e-07,0.0,1609702043.6549814,1609702043.7919295,0.1369481086730957,1609702043.7013223,1609702043.7075377,0.006215333938598633
f998ffd987474397805443e36460afab,k-means,warm,exec,queue,0.03583860397338867,2.384185791015625e-07,2.384185791015625e-07,1609702043.65625,1609702043.965087,0.3088369369506836,1609702043.7080646,1609702043.7147298,0.006665229797363281
4da7fe5f8799461d8b4ea5b208c454a6,k-means,warm,exec,queue,0.04033970832824707,2.384185791015625e-07,0.0,1609702043.657515,1609702043.9098997,0.25238466262817383,1609702043.714476,1609702043.7211728,0.0066967010498046875
5168aacc5bf3412aaaab088d9377e2aa,k-means,warm,exec,queue,0.008904218673706055,2.384185791015625e-07,2.384185791015625e-07,1609702044.6522367,1609702044.7754586,0.12322187423706055,1609702044.7024968,1609702044.7104213,0.007924556732177734
da893d4fc09640eea6633ae87e5038c9,k-means,warm,exec,queue,0.0347597599029541,2.384185791015625e-07,2.384185791015625e-07,1609702044.6565402,1609702044.8095882,0.15304803848266602,1609702044.7299292,1609702044.7347546,0.0048253536224365234
a05cddecbbc24af1824a01e1d87f0034,k-means,warm,exec,queue,0.040203094482421875,2.384185791015625e-07,0.0,1609702044.6590834,1609702044.8080223,0.14893889427185059,1609702044.7354877,1609702044.7410715,0.005583763122558594
1f6225e79a4d407ab3d94af430784f81,k-means,warm,exec,queue,0.04538750648498535,2.384185791015625e-07,0.0,1609702044.6616476,1609702045.0441074,0.3824598789215088,1609702044.7412581,1609702044.7457483,0.0044901371002197266
99f0cfe53c7b4476865a7bb9e3ddcd9a,k-means,warm,exec,queue,0.05015444755554199,2.384185791015625e-07,4.76837158203125e-07,1609702044.6644485,1609702045.048735,0.38428640365600586,1609702044.7466526,1609702044.7510905,0.004437923431396484
390703b8d7d34dbca2b185fe33fa1010,k-means,warm,exec,queue,0.05538606643676758,2.384185791015625e-07,4.76837158203125e-07,1609702044.6659055,1609702044.867365,0.20145940780639648,1609702044.752288,1609702044.7567961,0.004508018493652344
7005b9733d0448e9bc0cd8c2e8b117ef,k-means,warm,exec,queue,0.06021285057067871,2.384185791015625e-07,2.384185791015625e-07,1609702044.6673846,1609702045.1374931,0.4701085090637207,1609702044.7576566,1609702044.7622733,0.004616737365722656
e7912e6fa57649058443609e1372a3e1,k-means,warm,exec,queue,0.06544637680053711,2.384185791015625e-07,0.0,1609702044.6688614,1609702044.9270232,0.2581617832183838,1609702044.7634006,1609702044.7681086,0.004708051681518555
d710a7ffbdd94d9aa223b45845332f05,k-means,warm,exec,queue,0.029422760009765625,4.76837158203125e-07,2.384185791015625e-07,1609702044.670339,1609702044.9258463,0.255507230758667,1609702044.7242281,1609702044.7300053,0.005777120590209961
1196a4f7e41c4afb8ed3637a07f4c130,k-means,warm,exec,queue,0.023960351943969727,2.384185791015625e-07,2.384185791015625e-07,1609702044.6719193,1609702045.0482419,0.37632250785827637,1609702044.7187438,1609702044.724026,0.005282163619995117
75857b1433334c6fbfb7a11a6526ec1e,k-means,warm,exec,queue,0.013639450073242188,4.76837158203125e-07,2.384185791015625e-07,1609702044.6733944,1609702045.047712,0.37431764602661133,1609702044.7073247,1609702044.7160044,0.008679628372192383
053899575cb94e0e8958d6534450a9ce,k-means,warm,exec,queue,0.018871068954467773,2.384185791015625e-07,0.0,1609702044.6748636,1609702044.8691983,0.1943347454071045,1609702044.7132542,1609702044.7214482,0.0081939697265625
9fcda060e83941c281ade6c594d17c36,k-means,warm,exec,queue,0.07019257545471191,2.384185791015625e-07,2.384185791015625e-07,1609702044.6763725,1609702045.1379855,0.4616129398345947,1609702044.7687829,1609702044.7733583,0.004575490951538086
2dc3095a610642f58a8d1fb33c9560bf,k-means,warm,exec,queue,0.07553291320800781,4.76837158203125e-07,2.384185791015625e-07,1609702044.6779869,1609702045.2211661,0.5431792736053467,1609702044.7761037,1609702044.781572,0.0054683685302734375
b38a3e161d8c40169e4cd193ef71c026,k-means,warm,exec,queue,0.0801389217376709,2.384185791015625e-07,2.384185791015625e-07,1609702044.6794531,1609702045.3030214,0.6235682964324951,1609702044.7798536,1609702044.7842925,0.004438877105712891
dd112dd47eb64dd09d5db90bee1c631c,k-means,warm,exec,queue,0.08552026748657227,2.384185791015625e-07,2.384185791015625e-07,1609702044.6809313,1609702045.2198553,0.538923978805542,1609702044.7894113,1609702044.7970014,0.007590055465698242
03666034d1f54e0e87e2ca0411290302,k-means,warm,exec,queue,0.0049855709075927734,4.76837158203125e-07,2.384185791015625e-07,1609702045.6496077,1609702045.789139,0.13953137397766113,1609702045.701551,1609702045.7079089,0.006357908248901367
9bf45d7085f74810b2e9c82d59cce803,k-means,warm,exec,queue,0.0544743537902832,2.384185791015625e-07,0.0,1609702045.65367,1609702046.0513303,0.3976602554321289,1609702045.7540157,1609702045.7588825,0.004866838455200195
8f4559fae87a41e7a51ac8af1ee6c4aa,k-means,warm,exec,queue,0.04907965660095215,2.384185791015625e-07,2.384185791015625e-07,1609702045.6560252,1609702046.051798,0.39577293395996094,1609702045.7481036,1609702045.7549126,0.0068089962005615234
eedc39c0ec6b419ba6111d48a42e590d,k-means,warm,exec,queue,0.043915510177612305,4.76837158203125e-07,0.0,1609702045.6584127,1609702046.0488772,0.39046454429626465,1609702045.7420387,1609702045.7479157,0.005877017974853516
e78b60defeb547049e6b8686deeaf881,k-means,warm,exec,queue,0.038782596588134766,2.384185791015625e-07,2.384185791015625e-07,1609702045.6611524,1609702045.9228969,0.26174449920654297,1609702045.7392142,1609702045.7462652,0.007050991058349609
dea7e70ef3504672ae43af9f2abdbdc6,k-means,warm,exec,queue,0.03414750099182129,2.384185791015625e-07,0.0,1609702045.6634877,1609702045.8297985,0.16631078720092773,1609702045.7330847,1609702045.7406561,0.00757145881652832
73e5a5e85ad94cc584501bc13358fe94,k-means,warm,exec,queue,0.01085352897644043,2.384185791015625e-07,0.0,1609702045.6660428,1609702045.787212,0.1211690902709961,1609702045.702242,1609702045.7098563,0.0076143741607666016
2a27ed6d08cc408db5cb301396016a20,k-means,warm,exec,queue,0.015292167663574219,2.384185791015625e-07,0.0,1609702045.6686,1609702045.8815548,0.21295475959777832,1609702045.7066932,1609702045.713293,0.006599903106689453
9f947a61e76e42058f0d7bb7b60a06bc,k-means,warm,exec,queue,0.020454883575439453,4.76837158203125e-07,2.384185791015625e-07,1609702045.6706457,1609702045.8331497,0.16250395774841309,1609702045.7202184,1609702045.727283,0.0070645809173583984
e5f519e971324036aa6281333e7477b9,k-means,warm,exec,queue,0.027776479721069336,2.384185791015625e-07,0.0,1609702045.6723855,1609702045.9215817,0.24919629096984863,1609702045.7256153,1609702045.7336338,0.00801849365234375
f685b0219f7d45909c52c2ec2978f542,k-means,warm,exec,queue,0.03228473663330078,2.384185791015625e-07,2.384185791015625e-07,1609702045.6738331,1609702045.87964,0.20580697059631348,1609702045.7258368,1609702045.7321332,0.006296396255493164
654b8311cb8b455d932462722ee07506,video,warm,exec,queue,0.021204233169555664,2.384185791015625e-07,2.384185791015625e-07,1609702045.675408,1609702045.833656,0.1582481861114502,1609702045.723549,1609702045.7394738,0.015924930572509766
d59c7dba4e1a47ac8d48e4bf5f5bf1d3,matmul,warm,exec,queue,0.018088579177856445,2.384185791015625e-07,2.384185791015625e-07,1609702045.6769092,1609702045.9201143,0.24320507049560547,1609702045.7257628,1609702045.73606,0.010297060012817383
29e64c41a203425b9097b11e9188e54a,map_reduce,warm,exec,queue,0.02258014678955078,2.384185791015625e-07,2.384185791015625e-07,1609702045.6784673,1609702045.9750364,0.2965691089630127,1609702045.7258108,1609702045.8107715,0.0849606990814209
74b205010ebd4667aa6d0469f38c6088,k-means,warm,exec,queue,0.006084918975830078,2.384185791015625e-07,2.384185791015625e-07,1609702046.6497912,1609702046.9140458,0.2642545700073242,1609702046.6885273,1609702046.6963413,0.00781393051147461
68b90a8723fb4757b0dd7ac8a4d75a1c,k-means,warm,exec,queue,0.05287933349609375,4.76837158203125e-07,2.384185791015625e-07,1609702046.6538265,1609702047.0748253,0.42099881172180176,1609702046.7415023,1609702046.7475126,0.006010293960571289
1728cbadce874106b22efcee4166d23f,k-means,warm,exec,queue,0.048200368881225586,2.384185791015625e-07,2.384185791015625e-07,1609702046.6563377,1609702046.8892806,0.23294281959533691,1609702046.7374258,1609702046.742924,0.005498170852661133
222d793ea91846ae873bfbb554fa2f41,k-means,warm,exec,queue,0.04347348213195801,2.384185791015625e-07,2.384185791015625e-07,1609702046.6578238,1609702046.9846177,0.326793909072876,1609702046.7323241,1609702046.7385328,0.006208658218383789
29512a14d9b64dfdbfb43d797aab12a3,k-means,warm,exec,queue,0.010233640670776367,2.384185791015625e-07,4.76837158203125e-07,1609702046.6594625,1609702046.8904738,0.23101139068603516,1609702046.6926005,1609702046.6999378,0.007337331771850586
a11d5bdd1ff346d9bb4479e0499cf359,k-means,warm,exec,queue,0.015456199645996094,4.76837158203125e-07,4.76837158203125e-07,1609702046.660941,1609702046.8228548,0.16191387176513672,1609702046.6974823,1609702046.7045367,0.007054328918457031
b03ad89f1c344aeda66705e846b79509,k-means,warm,exec,queue,0.019802331924438477,4.76837158203125e-07,2.384185791015625e-07,1609702046.6623907,1609702046.982046,0.319655179977417,1609702046.70633,1609702046.7127788,0.0064487457275390625
b5e3b57ec7ab4add9a3988954320df6a,k-means,warm,exec,queue,0.024583816528320312,2.384185791015625e-07,0.0,1609702046.6638548,1609702047.1657228,0.5018680095672607,1609702046.7072551,1609702046.7131073,0.005852222442626953
c8845bfa8de5474e8378ccba9b6234f1,k-means,warm,exec,queue,0.029838085174560547,2.384185791015625e-07,0.0,1609702046.6653383,1609702047.0168443,0.35150599479675293,1609702046.7136273,1609702046.7200186,0.006391286849975586
2d7081f741d24c19b017485c4216360a,k-means,warm,exec,queue,0.03490710258483887,2.384185791015625e-07,2.384185791015625e-07,1609702046.6670513,1609702046.8915627,0.22451138496398926,1609702046.7203877,1609702046.7263181,0.005930423736572266
a7750de93a424646852f2d94c57c3204,k-means,warm,exec,queue,0.040309906005859375,4.76837158203125e-07,2.384185791015625e-07,1609702046.6685274,1609702047.123786,0.4552586078643799,1609702046.725728,1609702046.731603,0.0058748722076416016
5c809badd44540afacc00ae0b747fb6d,video,warm,exec,queue,0.01900482177734375,2.384185791015625e-07,2.384185791015625e-07,1609702046.6699357,1609702047.1673236,0.4973878860473633,1609702046.7070167,1609702046.7225995,0.015582799911499023
ba367a86893a429b91fb6c68843680c3,k-means,warm,exec,queue,0.005537986755371094,2.384185791015625e-07,2.384185791015625e-07,1609702047.645744,1609702047.768738,0.12299394607543945,1609702047.6829886,1609702047.6911998,0.008211135864257812
8a0e32fd81f642c4934042fa127e5aa6,k-means,warm,exec,queue,0.0491943359375,2.384185791015625e-07,2.384185791015625e-07,1609702047.6498172,1609702047.8760052,0.22618794441223145,1609702047.731654,1609702047.7379732,0.006319284439086914
c4dbead8377f4d0da71d731c50aa48c2,k-means,warm,exec,queue,0.04422163963317871,4.76837158203125e-07,4.76837158203125e-07,1609702047.6523347,1609702047.969252,0.31691741943359375,1609702047.7285998,1609702047.7344482,0.005848407745361328
c83347e52824413896619c95b2dab8ae,k-means,warm,exec,queue,0.010397911071777344,2.384185791015625e-07,2.384185791015625e-07,1609702047.654815,1609702047.767318,0.1125030517578125,1609702047.6867511,1609702047.6943672,0.0076160430908203125
d6394b9aeeed413c87c4fb7df82dbbc2,k-means,warm,exec,queue,0.015617847442626953,2.384185791015625e-07,2.384185791015625e-07,1609702047.6569781,1609702047.9373431,0.280364990234375,1609702047.6922517,1609702047.6999342,0.0076825618743896484
dc55ef5f6a63407f8259276de6c3cd89,k-means,warm,exec,queue,0.020900249481201172,7.152557373046875e-07,2.384185791015625e-07,1609702047.658573,1609702047.8776543,0.21908140182495117,1609702047.7080169,1609702047.7150862,0.00706934928894043
a1fc09ff7be845219bf33b97635cf9d8,k-means,warm,exec,queue,0.02594161033630371,4.76837158203125e-07,2.384185791015625e-07,1609702047.6600072,1609702047.9354663,0.27545905113220215,1609702047.7104983,1609702047.7174218,0.0069234371185302734
72a3e013c7f5460ab0f4d4c26b5c17f5,k-means,warm,exec,queue,0.030846595764160156,2.384185791015625e-07,2.384185791015625e-07,1609702047.661448,1609702047.8100376,0.1485896110534668,1609702047.7100239,1609702047.716337,0.0063130855560302734
16d368d1137d45579c388d6e0a711c95,k-means,warm,exec,queue,0.03587532043457031,2.384185791015625e-07,0.0,1609702047.6628814,1609702047.808778,0.14589667320251465,1609702047.7144778,1609702047.72126,0.0067822933197021484
cb769f02198d4ba3a82736666432edc7,k-means,warm,exec,queue,0.041144371032714844,2.384185791015625e-07,2.384185791015625e-07,1609702047.6644266,1609702047.8432388,0.17881226539611816,1609702047.7270072,1609702047.7346663,0.007659196853637695
8d883053c7b84c27beab19838862c049,k-means,warm,exec,queue,0.01135873794555664,2.384185791015625e-07,2.384185791015625e-07,1609702048.658525,1609702048.7967305,0.13820552825927734,1609702048.7150767,1609702048.723338,0.00826120376586914
bb3fbb705c5b4e3ea755bb85b5dbc811,k-means,warm,exec,queue,0.03007817268371582,2.384185791015625e-07,0.0,1609702048.6629207,1609702048.832696,0.16977524757385254,1609702048.7347982,1609702048.741031,0.006232738494873047
1ecfbc3c43da4712a89e012e0c78889e,k-means,warm,exec,queue,0.03482556343078613,2.384185791015625e-07,2.384185791015625e-07,1609702048.665529,1609702048.8707256,0.20519661903381348,1609702048.7412965,1609702048.7468288,0.005532264709472656
f432409d453d4cb7a10482c61aa2f39f,k-means,warm,exec,queue,0.039476633071899414,2.384185791015625e-07,2.384185791015625e-07,1609702048.6680717,1609702048.9113092,0.24323749542236328,1609702048.7467313,1609702048.7523198,0.005588531494140625
c517ab96d294489d8416792fcc4eec05,k-means,warm,exec,queue,0.04396820068359375,2.384185791015625e-07,0.0,1609702048.670936,1609702049.0084631,0.3375270366668701,1609702048.751551,1609702048.7578163,0.006265401840209961
f03d8b46bd854f80978c850c0c55dc6b,k-means,warm,exec,queue,0.04850006103515625,2.384185791015625e-07,0.0,1609702048.6729975,1609702048.906458,0.2334604263305664,1609702048.755482,1609702048.7610958,0.005613803863525391
fc79b3487cb24071bbfbafeec8b2b0b2,k-means,warm,exec,queue,0.05393242835998535,4.76837158203125e-07,0.0,1609702048.6745286,1609702048.9290698,0.25454115867614746,1609702048.7626514,1609702048.7683856,0.00573420524597168
d8dce9c33c2444d28b242c2c2bef5257,k-means,warm,exec,queue,0.05862784385681152,7.152557373046875e-07,2.384185791015625e-07,1609702048.676043,1609702048.909066,0.23302292823791504,1609702048.7668262,1609702048.7723892,0.005563020706176758
a2485a9b7a6a4664b46420b7c1c3e132,k-means,warm,exec,queue,0.06329154968261719,4.76837158203125e-07,2.384185791015625e-07,1609702048.677584,1609702049.0641537,0.3865697383880615,1609702048.7735467,1609702048.7797046,0.006157875061035156
4e8efceced6645c5bf2cab6a54415e2b,k-means,warm,exec,queue,0.025395631790161133,2.384185791015625e-07,2.384185791015625e-07,1609702048.6792502,1609702048.8288553,0.14960503578186035,1609702048.7294436,1609702048.7340107,0.004567146301269531
76d5faa789534862ba6efa1d6790a973,k-means,warm,exec,queue,0.015204429626464844,2.384185791015625e-07,2.384185791015625e-07,1609702048.6808066,1609702048.8313658,0.1505591869354248,1609702048.7197983,1609702048.7280757,0.008277416229248047
d8ab009d4c8c4a58a09490315452d5bd,k-means,warm,exec,queue,0.020305156707763672,2.384185791015625e-07,2.384185791015625e-07,1609702048.6823518,1609702048.8309197,0.14856791496276855,1609702048.7250888,1609702048.733171,0.008082151412963867
3a1044598fa042dfa6dcebfe9df40da5,k-means,warm,exec,queue,0.06829547882080078,4.76837158203125e-07,0.0,1609702048.6838703,1609702049.006586,0.32271575927734375,1609702048.7777781,1609702048.7832525,0.0054743289947509766
6cb928ec0c784522ba4c2f0934e0c26f,k-means,warm,exec,queue,0.07277655601501465,2.384185791015625e-07,2.384185791015625e-07,1609702048.6855109,1609702048.9094172,0.2239062786102295,1609702048.7835724,1609702048.7898035,0.006231069564819336
4088ebc7389f4ab3ae7de2aabb97fece,k-means,warm,exec,queue,0.0781099796295166,2.384185791015625e-07,2.384185791015625e-07,1609702048.6870131,1609702048.9109678,0.2239546775817871,1609702048.7895973,1609702048.7937202,0.00412297248840332
13a4f31bb8284413b68502f6e24c74a6,k-means,warm,exec,queue,0.08327102661132812,2.384185791015625e-07,2.384185791015625e-07,1609702048.688514,1609702048.906904,0.21838998794555664,1609702048.7975173,1609702048.8038952,0.0063779354095458984
51f8e86645654863a232987269be00c3,k-means,warm,exec,queue,0.0877997875213623,2.384185791015625e-07,0.0,1609702048.690107,1609702049.1477158,0.457608699798584,1609702048.8000724,1609702048.8056686,0.005596160888671875
7639764a216c4cfbac95f4b0a88a1a32,k-means,warm,exec,queue,0.009700298309326172,4.76837158203125e-07,0.0,1609702049.6511176,1609702049.8269346,0.17581701278686523,1609702049.6969433,1609702049.704969,0.008025646209716797
e37454f1a58741ab8b77193484c53cc5,k-means,warm,exec,queue,0.05511307716369629,2.384185791015625e-07,0.0,1609702049.655323,1609702049.9670095,0.31168651580810547,1609702049.7511785,1609702049.756978,0.005799531936645508
4e9552afa02e4ff1abdb1b1328605fca,k-means,warm,exec,queue,0.013258218765258789,4.76837158203125e-07,2.384185791015625e-07,1609702049.6578412,1609702049.8276215,0.16978025436401367,1609702049.7011855,1609702049.7097318,0.00854635238647461
57d7ce52f2bb4280aee302faf51765d7,k-means,warm,exec,queue,0.01749873161315918,4.76837158203125e-07,0.0,1609702049.6603346,1609702049.8243866,0.16405200958251953,1609702049.7054691,1609702049.7129612,0.0074920654296875
01492f8e0ef24ec58f98baebb26e57ea,k-means,warm,exec,queue,0.02224135398864746,2.384185791015625e-07,2.384185791015625e-07,1609702049.6631005,1609702049.946759,0.283658504486084,1609702049.7186494,1609702049.725661,0.0070116519927978516
c44f97375eaf480c92214336bdd42fae,k-means,warm,exec,queue,0.027739524841308594,4.76837158203125e-07,2.384185791015625e-07,1609702049.6652288,1609702049.8499498,0.1847209930419922,1609702049.7224824,1609702049.7291627,0.00668025016784668
c8c00ef580384c99b58c4616711246d5,k-means,warm,exec,queue,0.032895803451538086,2.384185791015625e-07,2.384185791015625e-07,1609702049.66668,1609702049.9473784,0.280698299407959,1609702049.7243924,1609702049.7321107,0.007718324661254883
4179550f31b4405fbb282d974e73e899,k-means,warm,exec,queue,0.03796219825744629,2.384185791015625e-07,4.76837158203125e-07,1609702049.6681108,1609702049.8484557,0.180344820022583,1609702049.7298265,1609702049.7381222,0.008295774459838867
84e3a336fbc248a6a856152b8074f038,k-means,warm,exec,queue,0.04249215126037598,4.76837158203125e-07,2.384185791015625e-07,1609702049.6695547,1609702049.9423983,0.272843599319458,1609702049.7364986,1609702049.7426581,0.006159543991088867
5d892e96d1954e009f6f6759bcb9bd35,k-means,warm,exec,queue,0.04740190505981445,2.384185791015625e-07,2.384185791015625e-07,1609702049.6710942,1609702049.8992536,0.22815942764282227,1609702049.739601,1609702049.7454393,0.0058383941650390625
eddd834308074617b76530355b87befa,k-means,warm,exec,queue,0.05288338661193848,2.384185791015625e-07,2.384185791015625e-07,1609702049.6725376,1609702049.9479487,0.27541112899780273,1609702049.74814,1609702049.7543137,0.006173610687255859
da1d311e1de442a4951d534541f9d6db,video,warm,exec,queue,0.02001500129699707,4.76837158203125e-07,2.384185791015625e-07,1609702049.6739666,1609702049.9913805,0.3174138069152832,1609702049.7230244,1609702049.740412,0.01738762855529785
e07616bfe7f346e3a5107e38dbe23f2e,k-means,warm,exec,queue,0.0021257400512695312,4.76837158203125e-07,2.384185791015625e-07,1609702050.6695316,1609702050.8038313,0.13429975509643555,1609702050.7249782,1609702050.7330203,0.008042097091674805
fc503b3e6edb4545be4d14f029bd7017,k-means,warm,exec,queue,0.04829549789428711,2.384185791015625e-07,0.0,1609702050.6740806,1609702051.0049658,0.3308851718902588,1609702050.7707736,1609702050.77703,0.0062563419342041016
279f8bc8b69f4a4d825bf03bb72f292f,k-means,warm,exec,queue,0.05294084548950195,2.384185791015625e-07,2.384185791015625e-07,1609702050.6767516,1609702050.9795172,0.3027656078338623,1609702050.7741568,1609702050.7794998,0.005342960357666016
dd82d8a46443453cbe9453c15a48c530,k-means,warm,exec,queue,0.05757951736450195,4.76837158203125e-07,2.384185791015625e-07,1609702050.6793704,1609702051.0074327,0.3280622959136963,1609702050.7821944,1609702050.789184,0.006989717483520508
4026b2b3c9f04241b412d5426f21e5bb,k-means,warm,exec,queue,0.0210723876953125,9.5367431640625e-07,2.384185791015625e-07,1609702050.6815352,1609702050.8344314,0.15289616584777832,1609702050.7486932,1609702050.7558439,0.0071506500244140625
9fdd5eaef6be472a9679fb1d335b614a,k-means,warm,exec,queue,0.031316280364990234,4.76837158203125e-07,0.0,1609702050.683125,1609702050.835783,0.15265798568725586,1609702050.7490602,1609702050.756112,0.007051944732666016
69b2091fe4c64da895de4498eeb1b6b2,k-means,warm,exec,queue,0.03552651405334473,2.384185791015625e-07,2.384185791015625e-07,1609702050.6847396,1609702050.9039617,0.2192220687866211,1609702050.752611,1609702050.759777,0.007166147232055664
21e959484b034a88b17171da3eeaf4f7,k-means,warm,exec,queue,0.04030132293701172,2.384185791015625e-07,0.0,1609702050.6863358,1609702050.9059172,0.21958136558532715,1609702050.7568085,1609702050.7642775,0.0074689388275146484
d905d0702a23495ba26db7c7580b49c3,k-means,warm,exec,queue,0.04526782035827637,2.384185791015625e-07,0.0,1609702050.6879232,1609702051.0976408,0.4097175598144531,1609702050.7679055,1609702050.7747805,0.006875038146972656
aaf8bf2a03ca4bd68ac619aa78fe6706,k-means,warm,exec,queue,0.016010046005249023,2.384185791015625e-07,2.384185791015625e-07,1609702050.6896832,1609702050.800902,0.11121869087219238,1609702050.7313683,1609702050.7393203,0.007951974868774414
266c42a330214a07bb037348da42282f,k-means,warm,exec,queue,0.010837793350219727,2.384185791015625e-07,0.0,1609702050.6912801,1609702050.9044611,0.2131810188293457,1609702050.7259126,1609702050.7336721,0.007759571075439453
5cf209af25f84c3aa4d8d962c1f7bab0,k-means,warm,exec,queue,0.007090568542480469,2.384185791015625e-07,2.384185791015625e-07,1609702050.692864,1609702050.8032846,0.11042070388793945,1609702050.7252097,1609702050.7327054,0.0074956417083740234
e5502edbffbe43dfbd10d1ae394fc6d0,k-means,warm,exec,queue,0.06206560134887695,4.76837158203125e-07,2.384185791015625e-07,1609702050.6944249,1609702051.0032215,0.30879664421081543,1609702050.7862904,1609702050.7914546,0.005164146423339844
9060f7a22085453c973726b9813d21a1,video,warm,exec,queue,0.018446683883666992,4.76837158203125e-07,4.76837158203125e-07,1609702050.6961017,1609702051.0079372,0.31183552742004395,1609702050.749831,1609702050.7668905,0.0170595645904541
74c9874c4db749feb49ee7152ec58421,matmul,warm,exec,queue,0.01983046531677246,2.384185791015625e-07,4.76837158203125e-07,1609702050.697679,1609702050.9452705,0.24759149551391602,1609702050.7495492,1609702050.7594564,0.009907245635986328
c4bc57c2c55e48a2b3302fea37ee8e5e,k-means,warm,exec,queue,7.557868957519531e-05,4.76837158203125e-07,2.384185791015625e-07,1609702051.6501322,1609702051.7964764,0.14634418487548828,1609702051.6928663,1609702051.7003386,0.00747227668762207
5b58439294654cbb87865051442b96f3,k-means,warm,exec,queue,0.007151126861572266,2.384185791015625e-07,0.0,1609702051.6542592,1609702051.798074,0.1438148021697998,1609702051.692872,1609702051.6994972,0.006625175476074219
28c7391cd94d45d3899c26a46fca0245,k-means,warm,exec,queue,0.011962652206420898,7.152557373046875e-07,2.384185791015625e-07,1609702051.6567948,1609702051.9476948,0.29089999198913574,1609702051.6986198,1609702051.7061915,0.007571697235107422
69d31194e43349a59dbaae4fa9328ac6,k-means,warm,exec,queue,0.017208576202392578,4.76837158203125e-07,0.0,1609702051.659273,1609702051.8733141,0.21404123306274414,1609702051.706937,1609702051.7145376,0.007600545883178711
06f048e6120c469f9b6af9ce33aa16fc,k-means,warm,exec,queue,0.02250218391418457,4.76837158203125e-07,2.384185791015625e-07,1609702051.6614354,1609702051.8325062,0.17107081413269043,1609702051.7099369,1609702051.716035,0.006098031997680664
bf49e8c9f0bd45539e5daf4f5d9ffcbb,k-means,warm,exec,queue,0.027553081512451172,4.76837158203125e-07,2.384185791015625e-07,1609702051.6628594,1609702051.8707683,0.20790886878967285,1609702051.7153306,1609702051.7197053,0.00437474250793457
2a079d1425e14ffc9c0ca65604521c15,k-means,warm,exec,queue,0.03265094757080078,0.0,2.384185791015625e-07,1609702051.6642928,1609702051.8295472,0.1652543544769287,1609702051.7225802,1609702051.7284284,0.0058481693267822266
454eaa2a84aa4bcc8574417f29097f40,k-means,warm,exec,queue,0.0373835563659668,7.152557373046875e-07,2.384185791015625e-07,1609702051.6657202,1609702051.8319502,0.1662299633026123,1609702051.7266774,1609702051.7309082,0.0042307376861572266
b2b36356f09b421d8c7b0ea8b0776d37,k-means,warm,exec,queue,0.04176783561706543,2.384185791015625e-07,2.384185791015625e-07,1609702051.6671531,1609702051.8719862,0.2048330307006836,1609702051.7336354,1609702051.7412462,0.007610797882080078
fb1cebe5df1843c197031e8a3ab40b72,k-means,warm,exec,queue,0.047063350677490234,2.384185791015625e-07,2.384185791015625e-07,1609702051.6686983,1609702052.0176334,0.3489351272583008,1609702051.737781,1609702051.7419994,0.004218339920043945
fec52022e0d648aebd1cc43e09d08dcf,k-means,warm,exec,queue,0.05147290229797363,2.384185791015625e-07,2.384185791015625e-07,1609702051.6701264,1609702051.9233685,0.25324201583862305,1609702051.743477,1609702051.7510486,0.00757145881652832
1c48859cb31d4136a8696e9058b13ef5,k-means,warm,exec,queue,0.05706954002380371,2.384185791015625e-07,2.384185791015625e-07,1609702051.6715453,1609702052.0170708,0.34552550315856934,1609702051.7495277,1609702051.7540324,0.004504680633544922
ef46e11a3bfd4242971994df29e0c4ff,k-means,warm,exec,queue,0.00014162063598632812,9.5367431640625e-07,2.384185791015625e-07,1609702052.657793,1609702053.0179405,0.36014747619628906,1609702052.7044413,1609702052.712255,0.007813692092895508
69c0168aa37349278207169bdb8901a4,k-means,warm,exec,queue,0.006543636322021484,4.76837158203125e-07,0.0,1609702052.6622818,1609702052.8186135,0.15633177757263184,1609702052.7048182,1609702052.712765,0.00794672966003418
57912eda7c414d819ff0bc0d04ff025f,k-means,warm,exec,queue,0.011625528335571289,2.384185791015625e-07,2.384185791015625e-07,1609702052.6649446,1609702052.8191772,0.15423250198364258,1609702052.709566,1609702052.7175543,0.007988214492797852
5726f4cdee054aa69991206514926b5e,k-means,warm,exec,queue,0.01695418357849121,4.76837158203125e-07,0.0,1609702052.667554,1609702052.8157868,0.14823293685913086,1609702052.7152157,1609702052.7225723,0.0073566436767578125
30553548add54ccbbc6444ab40559f9d,k-means,warm,exec,queue,0.021698474884033203,2.384185791015625e-07,0.0,1609702052.6698675,1609702053.0162275,0.3463599681854248,1609702052.7196996,1609702052.724242,0.004542350769042969
427b03a5b5d74c1482307917f36152d4,k-means,warm,exec,queue,0.026283979415893555,2.384185791015625e-07,0.0,1609702052.6714575,1609702052.8208396,0.1493821144104004,1609702052.7250106,1609702052.7294297,0.004419088363647461
1b9b856e033542c0b1f69d28439cfcec,k-means,warm,exec,queue,0.031508684158325195,2.384185791015625e-07,2.384185791015625e-07,1609702052.6730552,1609702052.890499,0.21744394302368164,1609702052.7308311,1609702052.7351913,0.004360198974609375
7728940768bf42ebbb31dcc0b2153e70,k-means,warm,exec,queue,0.036815643310546875,2.384185791015625e-07,0.0,1609702052.67468,1609702052.8949723,0.220292329788208,1609702052.7367473,1609702052.7409015,0.004154205322265625
ed5f2be86e3944b6822c1270b48c43a5,k-means,warm,exec,queue,0.04209327697753906,2.384185791015625e-07,2.384185791015625e-07,1609702052.6762822,1609702052.9493988,0.2731165885925293,1609702052.7428582,1609702052.7483616,0.005503416061401367
ccc6e5e159ff40e4a921c319d1f9d0f6,k-means,warm,exec,queue,0.04726362228393555,2.384185791015625e-07,0.0,1609702052.6780171,1609702052.8922172,0.21420001983642578,1609702052.74879,1609702052.754205,0.0054149627685546875
c9c961678d8542b6a588b3a17d1f5052,k-means,warm,exec,queue,0.052215576171875,2.384185791015625e-07,2.384185791015625e-07,1609702052.6796052,1609702052.8955753,0.21597003936767578,1609702052.7539582,1609702052.7593424,0.005384206771850586
93dfa6e46e4141b99dadd0b515a7b61b,k-means,warm,exec,queue,0.05753970146179199,4.76837158203125e-07,0.0,1609702052.6811876,1609702053.074736,0.39354848861694336,1609702052.759557,1609702052.76386,0.004302978515625
7f0ef6ad4eff441291886abff632b33a,k-means,warm,exec,queue,0.002044677734375,4.76837158203125e-07,2.384185791015625e-07,1609702053.6551156,1609702053.8011985,0.14608287811279297,1609702053.6996922,1609702053.7099483,0.010256052017211914
c432fd3915f645999437ce1fb6affcdd,k-means,warm,exec,queue,0.04224538803100586,2.384185791015625e-07,2.384185791015625e-07,1609702053.6598313,1609702053.8827987,0.22296738624572754,1609702053.7402267,1609702053.746609,0.0063822269439697266
c5b8f04c4fe5451c95ff0f977a66651b,k-means,warm,exec,queue,0.046575069427490234,2.384185791015625e-07,0.0,1609702053.6616023,1609702054.0496235,0.38802123069763184,1609702053.7455387,1609702053.752442,0.006903171539306641
152bcb96c61f41d08eda481df0f7ce47,k-means,warm,exec,queue,0.004402875900268555,2.384185791015625e-07,0.0,1609702053.6631997,1609702053.8037183,0.1405186653137207,1609702053.6993058,1609702053.7078388,0.008533000946044922
93c557483bad43e0a96219be3b342678,k-means,warm,exec,queue,0.009091377258300781,2.384185791015625e-07,2.384185791015625e-07,1609702053.665015,1609702053.879168,0.21415305137634277,1609702053.702097,1609702053.7099257,0.007828712463378906
b7c86d014da244a2865432dc68f79acc,k-means,warm,exec,queue,0.013962030410766602,4.76837158203125e-07,4.76837158203125e-07,1609702053.6666052,1609702053.8042624,0.13765716552734375,1609702053.707593,1609702053.7163281,0.008735179901123047
ba4675fd4fd4448abf1806f50d54cc91,k-means,warm,exec,queue,0.019542217254638672,2.384185791015625e-07,0.0,1609702053.6682103,1609702053.8837395,0.215529203414917,1609702053.7227747,1609702053.73114,0.008365154266357422
cfbcc0cc7c114ca2b9c01ed82478c885,k-means,warm,exec,queue,0.024190187454223633,4.76837158203125e-07,2.384185791015625e-07,1609702053.6698058,1609702053.8341992,0.16439342498779297,1609702053.7255096,1609702053.7318273,0.006317615509033203
5c05dacab2e748ef8123934afbc037cd,k-means,warm,exec,queue,0.028759479522705078,2.384185791015625e-07,2.384185791015625e-07,1609702053.6713684,1609702053.883282,0.2119135856628418,1609702053.7262866,1609702053.7335632,0.0072765350341796875
8e7411581e9043e3ad9a6e97ef2d84a0,k-means,warm,exec,queue,0.03427839279174805,2.384185791015625e-07,2.384185791015625e-07,1609702053.6730807,1609702053.900586,0.22750520706176758,1609702053.7298071,1609702053.7386277,0.008820533752441406
7d62af04ecc841399c9f69c338f28a73,k-means,warm,exec,queue,0.03913593292236328,2.384185791015625e-07,0.0,1609702053.6746485,1609702053.8797522,0.20510363578796387,1609702053.7348247,1609702053.7422485,0.007423877716064453
866faaa7ce26479f8fec3f0c1984ff2a,video,warm,exec,queue,0.026974916458129883,4.76837158203125e-07,4.76837158203125e-07,1609702053.6762726,1609702053.8765087,0.20023608207702637,1609702053.7260232,1609702053.7432625,0.01723933219909668
5a06fab61a324f60b3352799a1ef99e4,k-means,warm,exec,queue,0.0033524036407470703,4.76837158203125e-07,2.384185791015625e-07,1609702054.6698747,1609702054.9131832,0.24330854415893555,1609702054.7411017,1609702054.7491543,0.008052587509155273
baf5392625a74a6e8f7707494eaca5ce,k-means,warm,exec,queue,0.02266693115234375,4.76837158203125e-07,0.0,1609702054.674263,1609702054.8637493,0.18948626518249512,1609702054.7512279,1609702054.7580993,0.006871461868286133
a568b34f238d434093d2de9950404260,k-means,warm,exec,queue,0.02772235870361328,4.76837158203125e-07,2.384185791015625e-07,1609702054.6767716,1609702054.8640835,0.18731188774108887,1609702054.7626674,1609702054.769845,0.007177591323852539
b24dee3d31304cd4840e53f2d9952ec6,k-means,warm,exec,queue,0.033075809478759766,2.384185791015625e-07,2.384185791015625e-07,1609702054.678409,1609702055.0607579,0.38234877586364746,1609702054.764993,1609702054.7704778,0.005484819412231445
2b0f2a4841f34b0d94bfa1fc35baef88,k-means,warm,exec,queue,0.03768444061279297,4.76837158203125e-07,4.76837158203125e-07,1609702054.6801283,1609702055.1998613,0.5197329521179199,1609702054.7682276,1609702054.7728934,0.004665851593017578
8ef06774ca594147bdc492cbd9c96374,k-means,warm,exec,queue,0.04258012771606445,2.384185791015625e-07,0.0,1609702054.6819696,1609702054.9484499,0.2664802074432373,1609702054.7758396,1609702054.7833433,0.0075037479400634766
17a935433d524671a39a0fb6d4406251,k-means,warm,exec,queue,0.04736590385437012,2.384185791015625e-07,0.0,1609702054.6842983,1609702054.878563,0.19426465034484863,1609702054.778825,1609702054.7833495,0.0045244693756103516
f8f092b8a64c4973a238faeecb4a3d29,k-means,warm,exec,queue,0.05175590515136719,2.384185791015625e-07,0.0,1609702054.6866384,1609702055.2004228,0.5137844085693359,1609702054.7841246,1609702054.7909856,0.006860971450805664
77e9620e2ef543b586d6059fd4d8bdb2,k-means,warm,exec,queue,0.05630660057067871,4.76837158203125e-07,2.384185791015625e-07,1609702054.689195,1609702054.9477825,0.2585875988006592,1609702054.7904778,1609702054.7948442,0.004366397857666016
09ea91fa5b8140379d8feffe57252bf0,k-means,warm,exec,queue,0.06086373329162598,2.384185791015625e-07,2.384185791015625e-07,1609702054.6915405,1609702054.951805,0.26026463508605957,1609702054.7959056,1609702054.802035,0.00612950325012207
b6e8c95d4c7a48989c39e5b3d6fe9094,k-means,warm,exec,queue,0.015688419342041016,2.384185791015625e-07,2.384185791015625e-07,1609702054.6939025,1609702054.8279455,0.13404297828674316,1609702054.741323,1609702054.7494452,0.00812220573425293
fe14bb18a0674993a04c68c198afa90e,k-means,warm,exec,queue,0.0205080509185791,4.76837158203125e-07,2.384185791015625e-07,1609702054.6958845,1609702054.8619847,0.16610026359558105,1609702054.7458568,1609702054.7526162,0.0067594051361083984
4fafe62c8b0a4a848d8e453af3e87261,k-means,warm,exec,queue,0.06436491012573242,2.384185791015625e-07,2.384185791015625e-07,1609702054.6974568,1609702054.9528317,0.2553749084472656,1609702054.8014715,1609702054.8085375,0.007066011428833008
5b08a850669b45719cb88c1550f3897e,k-means,warm,exec,queue,0.06900715827941895,2.384185791015625e-07,0.0,1609702054.6988928,1609702055.1753168,0.476423978805542,1609702054.8047361,1609702054.8089375,0.004201412200927734
2d81892a1b164481a097637c383a5ca3,k-means,warm,exec,queue,0.07461214065551758,2.384185791015625e-07,0.0,1609702054.7003582,1609702055.1779034,0.47754526138305664,1609702054.8109207,1609702054.8168,0.005879402160644531
ed8a22f6d9fe4dbb857fce359bf67e7b,k-means,warm,exec,queue,0.07936859130859375,2.384185791015625e-07,2.384185791015625e-07,1609702054.7018,1609702055.060081,0.35828089714050293,1609702054.8162155,1609702054.8207974,0.004581928253173828
6a8d7d5a985a471e959dc6ad0deb1032,k-means,warm,exec,queue,0.08404254913330078,2.384185791015625e-07,2.384185791015625e-07,1609702054.7033274,1609702055.177478,0.4741506576538086,1609702054.8223672,1609702054.8267846,0.00441741943359375
f0d62cd6925146cc985c73c15e8cce36,k-means,warm,exec,queue,0.08877754211425781,2.384185791015625e-07,2.384185791015625e-07,1609702054.7051718,1609702055.172291,0.4671192169189453,1609702054.8263025,1609702054.8318791,0.005576610565185547
216a307559b546c6ab03aef4e6064d86,k-means,warm,exec,queue,0.09436392784118652,2.384185791015625e-07,2.384185791015625e-07,1609702054.7066154,1609702055.1972816,0.49066615104675293,1609702054.8323536,1609702054.8362632,0.003909587860107422
77a1ea51896e46aeb5459a5d0300a431,k-means,warm,exec,queue,0.09891200065612793,2.384185791015625e-07,4.76837158203125e-07,1609702054.7080412,1609702055.1747618,0.4667205810546875,1609702054.83725,1609702054.8414705,0.004220485687255859
35bff7b081ed4498bc5cda3f5fa83401,k-means,warm,exec,queue,0.10390496253967285,2.384185791015625e-07,4.76837158203125e-07,1609702054.7096145,1609702054.9523332,0.24271869659423828,1609702054.8427513,1609702054.8467386,0.003987312316894531
1ffac6a66e304e8f9643ca3d118e3731,k-means,warm,exec,queue,0.0012691020965576172,4.76837158203125e-07,2.384185791015625e-07,1609702055.6619794,1609702055.7984295,0.13645005226135254,1609702055.7109354,1609702055.7185383,0.0076029300689697266
1878a60117c04f9d99d0e6abe492fd6f,k-means,warm,exec,queue,0.025156736373901367,2.384185791015625e-07,0.0,1609702055.6663542,1609702055.8852136,0.21885943412780762,1609702055.7339401,1609702055.7403233,0.006383180618286133
aae24d3f71e5405fb261b68498c6d0dd,k-means,warm,exec,queue,0.029742002487182617,2.384185791015625e-07,2.384185791015625e-07,1609702055.6686423,1609702055.9912431,0.3226008415222168,1609702055.7369487,1609702055.7438529,0.006904125213623047
9c17cdb88d344061a44b0f521f31d548,k-means,warm,exec,queue,0.034958839416503906,4.76837158203125e-07,0.0,1609702055.670099,1609702055.9190042,0.24890518188476562,1609702055.745396,1609702055.7523754,0.006979465484619141
c447ced4aec54bf1ac7f5eb0ac6182ca,k-means,warm,exec,queue,0.04060244560241699,2.384185791015625e-07,0.0,1609702055.6717434,1609702055.9195259,0.24778246879577637,1609702055.7494648,1609702055.754305,0.00484013557434082
c57b1268d5fc4676b24479a14001fb9d,k-means,warm,exec,queue,0.046267032623291016,2.384185791015625e-07,2.384185791015625e-07,1609702055.6732163,1609702055.9907057,0.3174893856048584,1609702055.7567253,1609702055.7633028,0.006577491760253906
0b81c0683cfd49e2bad8e2425d88f6bb,k-means,warm,exec,queue,0.05159163475036621,2.384185791015625e-07,0.0,1609702055.674661,1609702055.8826854,0.2080245018005371,1609702055.7601633,1609702055.7642684,0.004105091094970703
4ebf4e2bb55d4532aa9a6cc963b72a63,k-means,warm,exec,queue,0.05710339546203613,2.384185791015625e-07,2.384185791015625e-07,1609702055.676108,1609702056.171735,0.49562716484069824,1609702055.7711606,1609702055.77798,0.006819486618041992
696e758baf7d4c1eba721a7ec0a2c96d,k-means,warm,exec,queue,0.062104225158691406,2.384185791015625e-07,2.384185791015625e-07,1609702055.6775715,1609702055.8857274,0.20815587043762207,1609702055.7718525,1609702055.7760317,0.004179239273071289
da74e57594894202aa0f7f939931edb1,k-means,warm,exec,queue,0.0028917789459228516,2.384185791015625e-07,2.384185791015625e-07,1609702055.6791933,1609702055.8013582,0.12216496467590332,1609702055.7119248,1609702055.719553,0.007628202438354492
a794383694f34f6aacf9c47efa9ab4b3,k-means,warm,exec,queue,0.00807046890258789,2.384185791015625e-07,2.384185791015625e-07,1609702055.6806526,1609702055.8000677,0.1194150447845459,1609702055.7115805,1609702055.7184103,0.006829738616943359
449220bcd9274e03a0323d7b9d9ab1b7,k-means,warm,exec,queue,0.013171911239624023,2.384185791015625e-07,2.384185791015625e-07,1609702055.6821158,1609702055.8004417,0.11832594871520996,1609702055.7168114,1609702055.7244225,0.00761103630065918
868ab12065284690ba1b26ec9e482434,k-means,warm,exec,queue,0.01863241195678711,2.384185791015625e-07,2.384185791015625e-07,1609702055.6835587,1609702055.987667,0.3041083812713623,1609702055.7311368,1609702055.7388155,0.0076787471771240234
d01ef91363b647f9ba92c5c938e804eb,video,warm,exec,queue,0.020666837692260742,0.0,0.0,1609702055.685143,1609702055.9164488,0.23130583763122559,1609702055.7331798,1609702055.7497008,0.016520977020263672
a029280ade30458cb28c6de1ac57f0a0,matmul,warm,exec,queue,0.023529052734375,2.384185791015625e-07,2.384185791015625e-07,1609702055.6866047,1609702055.8405652,0.1539604663848877,1609702055.733499,1609702055.7429402,0.009441137313842773
e0ff9317df6d44139263bf7aee5db491,map_reduce,warm,exec,queue,0.018941879272460938,2.384185791015625e-07,2.384185791015625e-07,1609702055.6880553,1609702056.17313,0.4850747585296631,1609702055.7333193,1609702055.8177333,0.08441400527954102
dbe4144ecbf840cf8ccadb7c3af2b3eb,k-means,warm,exec,queue,0.001062154769897461,4.76837158203125e-07,2.384185791015625e-07,1609702056.6586814,1609702056.7812612,0.12257981300354004,1609702056.7051108,1609702056.7123387,0.007227897644042969
75f165e261494c54b4270458d73ca42b,k-means,warm,exec,queue,0.02084827423095703,2.384185791015625e-07,0.0,1609702056.662823,1609702056.8122227,0.1493997573852539,1609702056.7218747,1609702056.7274396,0.00556492805480957
3f4b56eae66040acb5383904f567e150,k-means,warm,exec,queue,0.025790929794311523,2.384185791015625e-07,2.384185791015625e-07,1609702056.6653767,1609702056.952747,0.2873704433441162,1609702056.72764,1609702056.7349827,0.007342815399169922
606c3d66eedb4ffba7147446ad7d009e,k-means,warm,exec,queue,0.030707597732543945,2.384185791015625e-07,2.384185791015625e-07,1609702056.667879,1609702056.8457158,0.17783665657043457,1609702056.7339978,1609702056.7401297,0.006131887435913086
903bcecb957048818c855a68fdc466b1,k-means,warm,exec,queue,0.035523414611816406,2.384185791015625e-07,2.384185791015625e-07,1609702056.670675,1609702056.9983613,0.3276863098144531,1609702056.7375693,1609702056.7436042,0.00603485107421875
5b5b7d10599143a094a96809798768d4,k-means,warm,exec,queue,0.04119110107421875,7.152557373046875e-07,2.384185791015625e-07,1609702056.672963,1609702056.8473246,0.1743617057800293,1609702056.751994,1609702056.758615,0.006621122360229492
164f8672e0a14c42a5bc103557992f75,k-means,warm,exec,queue,0.04645085334777832,4.76837158203125e-07,4.76837158203125e-07,1609702056.6744223,1609702056.9999807,0.3255584239959717,1609702056.7526414,1609702056.7589085,0.006267070770263672
f1cd86b29751413e897661b4fef503b4,k-means,warm,exec,queue,0.051067352294921875,2.384185791015625e-07,2.384185791015625e-07,1609702056.675876,1609702056.9521513,0.2762753963470459,1609702056.7555985,1609702056.7620564,0.006457805633544922
1e3cd2009bf8424790bf17a207a611df,k-means,warm,exec,queue,0.003201723098754883,4.76837158203125e-07,2.384185791015625e-07,1609702056.6773632,1609702056.7779794,0.1006162166595459,1609702056.7061028,1609702056.7142577,0.008154869079589844
e490ff86bb0648149532085f9bc05d05,k-means,warm,exec,queue,0.007889270782470703,2.384185791015625e-07,2.384185791015625e-07,1609702056.679073,1609702056.7807133,0.10164022445678711,1609702056.7060132,1609702056.7140572,0.008044004440307617
8f0cd1760302465fae012fc7b6139060,k-means,warm,exec,queue,0.013077497482299805,4.76837158203125e-07,2.384185791015625e-07,1609702056.6805227,1609702056.8489397,0.16841697692871094,1609702056.711125,1609702056.7184038,0.007278919219970703
8b15ffdbd651458bb1b4a15be9973f84,k-means,warm,exec,queue,0.017648935317993164,4.76837158203125e-07,2.384185791015625e-07,1609702056.681956,1609702056.8138938,0.13193774223327637,1609702056.716802,1609702056.7252653,0.008463382720947266
7feb1e8b20ef40c28b9746ba276f2b95,k-means,warm,exec,queue,0.004487037658691406,4.76837158203125e-07,2.384185791015625e-07,1609702057.6618176,1609702057.810137,0.14831948280334473,1609702057.710187,1609702057.7181711,0.007984161376953125
53168ae68f0b4f298ded547456f33fc7,k-means,warm,exec,queue,0.061562538146972656,2.384185791015625e-07,2.384185791015625e-07,1609702057.666155,1609702057.938141,0.2719860076904297,1609702057.7685335,1609702057.7728317,0.004298210144042969
bd237d22047b4731aba687e6ea43e4f3,k-means,warm,exec,queue,0.05636096000671387,4.76837158203125e-07,4.76837158203125e-07,1609702057.6690006,1609702057.8582387,0.1892380714416504,1609702057.7655065,1609702057.771809,0.006302595138549805
f9b0166e155b4455b36e7823aad26416,k-means,warm,exec,queue,0.05075335502624512,2.384185791015625e-07,2.384185791015625e-07,1609702057.671781,1609702057.9352212,0.2634401321411133,1609702057.7568922,1609702057.7610376,0.004145383834838867
213837a820ea48dbae5c69586ea646d9,k-means,warm,exec,queue,0.045135498046875,2.384185791015625e-07,4.76837158203125e-07,1609702057.6739092,1609702057.9054346,0.23152542114257812,1609702057.752567,1609702057.7587752,0.006208181381225586
5ceb51e806c746659a7871dcb5fa5fe9,k-means,warm,exec,queue,0.0396420955657959,2.384185791015625e-07,0.0,1609702057.6755674,1609702057.8330204,0.15745306015014648,1609702057.745033,1609702057.7500987,0.0050656795501708984
ebfa709c7cf24882be449d82ff263a8d,k-means,warm,exec,queue,0.03455495834350586,4.76837158203125e-07,2.384185791015625e-07,1609702057.6772552,1609702057.9335635,0.25630831718444824,1609702057.740997,1609702057.7473636,0.0063664913177490234
32885a405c6c4633bea7d6281d1a8564,k-means,warm,exec,queue,0.008303165435791016,2.384185791015625e-07,0.0,1609702057.6789484,1609702057.8126876,0.13373923301696777,1609702057.7100112,1609702057.7182057,0.008194446563720703
984cd126d35b49a2a1bfe21914eac2a2,k-means,warm,exec,queue,0.013540029525756836,4.76837158203125e-07,2.384185791015625e-07,1609702057.6806636,1609702057.8087387,0.12807512283325195,1609702057.7153003,1609702057.723609,0.008308649063110352
bcd684a322dc44d08329671368a52be8,k-means,warm,exec,queue,0.01793074607849121,2.384185791015625e-07,2.384185791015625e-07,1609702057.6824558,1609702057.8122275,0.12977170944213867,1609702057.7195845,1609702057.726152,0.006567478179931641
9e6e9030bf424a98b596df6758cfa7da,k-means,warm,exec,queue,0.025745868682861328,2.384185791015625e-07,0.0,1609702057.6841476,1609702057.9376135,0.2534658908843994,1609702057.7300441,1609702057.7363372,0.006293058395385742
1c2d3b94f9ca4a81aa1db92c072d496c,k-means,warm,exec,queue,0.030765771865844727,2.384185791015625e-07,0.0,1609702057.6858792,1609702057.902224,0.21634483337402344,1609702057.7333877,1609702057.7379594,0.004571676254272461
a2fc463193864e7e8d35358ab1ab1921,video,warm,exec,queue,0.017662763595581055,0.0,2.384185791015625e-07,1609702057.6875548,1609702057.9049625,0.2174077033996582,1609702057.728896,1609702057.7447808,0.015884876251220703
0e7e16de83cb4b1080aa7eb75ede8cd3,k-means,warm,exec,queue,0.0045146942138671875,9.5367431640625e-07,2.384185791015625e-07,1609702058.6566029,1609702059.3632383,0.7066354751586914,1609702058.6994755,1609702058.707627,0.008151531219482422
803083946ebf4644bf690ff5fa047e2a,k-means,warm,exec,queue,0.039061784744262695,4.76837158203125e-07,0.0,1609702058.660691,1609702059.478344,0.8176529407501221,1609702058.7369199,1609702058.741863,0.004943132400512695
ca18a7895ba74b82a18b039efa36fe77,k-means,warm,exec,queue,0.03462839126586914,2.384185791015625e-07,0.0,1609702058.6632793,1609702059.437566,0.7742867469787598,1609702058.730772,1609702058.7363458,0.005573749542236328
f774762017784991beb32cf1cf616d1e,k-means,warm,exec,queue,0.029397010803222656,2.384185791015625e-07,2.384185791015625e-07,1609702058.6658754,1609702059.3851225,0.7192471027374268,1609702058.7255435,1609702058.7305543,0.005010843276977539
1756e68e13fd42c0be4bee6e0d8b4eda,k-means,warm,exec,queue,0.02398061752319336,2.384185791015625e-07,0.0,1609702058.6684854,1609702059.4799116,0.8114261627197266,1609702058.7189438,1609702058.7242587,0.005314826965332031
7b3455b455f3486f9e22645be65f0813,k-means,warm,exec,queue,0.01938772201538086,2.384185791015625e-07,0.0,1609702058.670275,1609702059.3651414,0.694866418838501,1609702058.7143815,1609702058.720657,0.006275653839111328
010401290cfe4383a30176e7d0490e02,k-means,warm,exec,queue,0.008568525314331055,4.76837158203125e-07,0.0,1609702058.6718342,1609702059.3614035,0.6895692348480225,1609702058.6993856,1609702058.707051,0.007665395736694336
e138f67721d24bfbbe8901e260171bf9,k-means,warm,exec,queue,0.012953996658325195,2.384185791015625e-07,2.384185791015625e-07,1609702058.6735864,1609702059.4357188,0.7621324062347412,1609702058.7038116,1609702058.7121587,0.008347034454345703
9275167748eb49cba903e53fffa43d1c,k-means,warm,exec,queue,0.017006874084472656,2.384185791015625e-07,0.0,1609702058.6751628,1609702059.5441234,0.8689606189727783,1609702058.7080872,1609702058.7151074,0.007020235061645508
d4a0d94bc26d4fcfb43ca7566e2dd521,k-means,warm,exec,queue,0.0021681785583496094,2.384185791015625e-07,2.384185791015625e-07,1609702059.66016,1609702059.782064,0.12190389633178711,1609702059.7091439,1609702059.7166362,0.0074923038482666016
14cffeb957994d4381f6d1a69174ea23,video,warm,exec,queue,0.016710758209228516,4.76837158203125e-07,2.384185791015625e-07,1609702059.6642826,1609702059.9730897,0.3088071346282959,1609702059.7284298,1609702059.7450128,0.016582965850830078
25e7daafbdba4de7871164844825c950,k-means,warm,exec,queue,0.02883315086364746,2.384185791015625e-07,2.384185791015625e-07,1609702059.6667907,1609702059.8466954,0.17990469932556152,1609702059.73536,1609702059.7417033,0.006343364715576172
9b616388850e45aba32573f86dce3b6f,k-means,warm,exec,queue,0.03354477882385254,2.384185791015625e-07,2.384185791015625e-07,1609702059.6700172,1609702059.9712875,0.3012702465057373,1609702059.7414198,1609702059.747036,0.005616188049316406
2720f5282f8f4ffcb9fc3eeda2d5ddfa,k-means,warm,exec,queue,0.03805708885192871,2.384185791015625e-07,0.0,1609702059.6733336,1609702059.9212563,0.24792265892028809,1609702059.7464676,1609702059.7512753,0.004807710647583008
ba3b1831b95c4016b7da916b43421ed4,k-means,warm,exec,queue,0.04277849197387695,2.384185791015625e-07,2.384185791015625e-07,1609702059.6760287,1609702060.0315285,0.3554997444152832,1609702059.7519028,1609702059.7568464,0.0049436092376708984
81f324bdfb034eeaaeb85e12abf02b8b,k-means,warm,exec,queue,0.010756731033325195,0.0,2.384185791015625e-07,1609702059.6787484,1609702059.7793822,0.10063385963439941,1609702059.7140849,1609702059.721246,0.007161140441894531
fe5ea98c4b0d44df833417dbe02c0a61,k-means,warm,exec,queue,0.016211271286010742,2.384185791015625e-07,2.384185791015625e-07,1609702059.6814568,1609702059.8874645,0.206007719039917,1609702059.7205024,1609702059.7278628,0.0073604583740234375
f00fede7689f476d8959d2d1b33be728,k-means,warm,exec,queue,0.020858049392700195,2.384185791015625e-07,2.384185791015625e-07,1609702059.684132,1609702059.8120432,0.12791109085083008,1609702059.7282352,1609702059.7344449,0.006209611892700195
ce80e19acb2d418a8050a5bb81175bbd,k-means,warm,exec,queue,0.025634765625,2.384185791015625e-07,0.0,1609702059.6859572,1609702059.9465349,0.2605776786804199,1609702059.7305768,1609702059.7364872,0.005910396575927734
528423eb44de4b929100cb025fcc608c,k-means,warm,exec,queue,0.007687568664550781,2.384185791015625e-07,2.384185791015625e-07,1609702059.6875975,1609702059.7826076,0.09501004219055176,1609702059.7105536,1609702059.718721,0.008167266845703125
e9898d826f854f4d8d86f6d531ad2a12,k-means,warm,exec,queue,0.0070917606353759766,2.384185791015625e-07,0.0,1609702060.6663697,1609702060.791635,0.12526535987854004,1609702060.7154238,1609702060.7238612,0.008437395095825195
70d6eb1ffe6343cc8dfec54e2cbb5fd5,k-means,warm,exec,queue,0.060129642486572266,0.0,2.384185791015625e-07,1609702060.6705754,1609702060.8982213,0.2276458740234375,1609702060.772199,1609702060.77703,0.004831075668334961
b32e3dc5ae364c3fa17f988bfc887636,k-means,warm,exec,queue,0.05549216270446777,2.384185791015625e-07,2.384185791015625e-07,1609702060.6731954,1609702060.8763995,0.20320415496826172,1609702060.769537,1609702060.7765903,0.007053375244140625
6ac7b639aa7442b8a6637ffb68ae75ce,k-means,warm,exec,queue,0.05069136619567871,0.0,2.384185791015625e-07,1609702060.675783,1609702060.9046762,0.22889328002929688,1609702060.7628465,1609702060.770023,0.007176637649536133
226cb16d94564fc4976425bfcdfeb047,k-means,warm,exec,queue,0.04588127136230469,2.384185791015625e-07,0.0,1609702060.6778836,1609702060.8770072,0.19912362098693848,1609702060.7588444,1609702060.7648466,0.006002187728881836
748d097bf5cd4230b0d69bde0c148929,k-means,warm,exec,queue,0.041107177734375,2.384185791015625e-07,0.0,1609702060.6794555,1609702060.9026625,0.2232069969177246,1609702060.755975,1609702060.7624881,0.006513118743896484
141b1c7e8def48babb10fc1be052b2cb,k-means,warm,exec,queue,0.03648066520690918,2.384185791015625e-07,2.384185791015625e-07,1609702060.6810308,1609702060.822892,0.1418612003326416,1609702060.7466483,1609702060.752889,0.0062406063079833984
a3298ca60e1c4e44b30fcdbee7e54171,k-means,warm,exec,queue,0.011495113372802734,4.76837158203125e-07,2.384185791015625e-07,1609702060.6826012,1609702060.7902687,0.10766744613647461,1609702060.7200453,1609702060.7275324,0.007487058639526367
86915c2be7e2409696c57a6e1266947d,k-means,warm,exec,queue,0.0162203311920166,2.384185791015625e-07,2.384185791015625e-07,1609702060.6841795,1609702060.9032536,0.21907401084899902,1609702060.7254896,1609702060.7333126,0.007822990417480469
c85412518eb54a86bfae6b51315ed9fb,k-means,warm,exec,queue,0.020880937576293945,7.152557373046875e-07,2.384185791015625e-07,1609702060.685893,1609702060.87346,0.18756699562072754,1609702060.737705,1609702060.7467122,0.00900721549987793
719f6de99e27430883f86785d28cb749,k-means,warm,exec,queue,0.025945425033569336,7.152557373046875e-07,2.384185791015625e-07,1609702060.68745,1609702060.8999374,0.21248745918273926,1609702060.7404118,1609702060.7462742,0.00586247444152832
d0b84ec002404298aadc9e8150353600,k-means,warm,exec,queue,0.03128194808959961,2.384185791015625e-07,2.384185791015625e-07,1609702060.6890297,1609702060.8245907,0.1355609893798828,1609702060.7417154,1609702060.7468944,0.005178928375244141
eccc910249c24df4bb4bc780a7ae670d,k-means,warm,exec,queue,0.06507468223571777,2.384185791015625e-07,0.0,1609702060.6905892,1609702060.9848242,0.2942349910736084,1609702060.7774994,1609702060.7833831,0.005883693695068359
d1c555c617704501a07212fca77e49e4,matmul,warm,exec,queue,0.01936817169189453,2.384185791015625e-07,2.384185791015625e-07,1609702060.6931334,1609702061.0659642,0.372830867767334,1609702060.7403805,1609702060.7506154,0.010234832763671875
66169a2a8e224893abcdadcddd65cd3e,k-means,warm,exec,queue,0.005349874496459961,4.76837158203125e-07,2.384185791015625e-07,1609702061.666309,1609702061.8001456,0.1338365077972412,1609702061.711493,1609702061.7191515,0.007658481597900391
7fcda9fcabc04a4bb44fc5adebb2a458,k-means,warm,exec,queue,0.05947685241699219,2.384185791015625e-07,2.384185791015625e-07,1609702061.6705067,1609702061.9513872,0.2808804512023926,1609702061.769883,1609702061.7752745,0.005391597747802734
7f15c780d5294341b73cb735ef80c434,k-means,warm,exec,queue,0.0239408016204834,2.384185791015625e-07,2.384185791015625e-07,1609702061.673119,1609702061.8804667,0.20734763145446777,1609702061.7342196,1609702061.7411556,0.006936073303222656
5d11bca373d64300bd86009dd793ffce,k-means,warm,exec,queue,0.028922080993652344,4.76837158203125e-07,2.384185791015625e-07,1609702061.675689,1609702061.833449,0.1577599048614502,1609702061.735973,1609702061.7427218,0.00674891471862793
aefa9207339142eca3abe886277c86a0,k-means,warm,exec,queue,0.03394651412963867,2.384185791015625e-07,2.384185791015625e-07,1609702061.6776617,1609702061.9533288,0.2756671905517578,1609702061.740878,1609702061.7477174,0.006839275360107422
5f47257f6367424c85340947e1255c57,k-means,warm,exec,queue,0.03987526893615723,2.384185791015625e-07,0.0,1609702061.67922,1609702061.9782617,0.299041748046875,1609702061.74966,1609702061.7574012,0.007741212844848633
892bbb6418cf4f59985106c17c705291,k-means,warm,exec,queue,0.04523038864135742,2.384185791015625e-07,2.384185791015625e-07,1609702061.6807966,1609702061.9182644,0.23746776580810547,1609702061.754048,1609702061.7612922,0.007244110107421875
66c739c2048245babc3c5d727e0bf7fb,k-means,warm,exec,queue,0.050742387771606445,2.384185791015625e-07,0.0,1609702061.6823778,1609702061.8771133,0.19473552703857422,1609702061.7592094,1609702061.7669036,0.007694244384765625
2a6ff48c282a4df58b7ba0f4c651d128,k-means,warm,exec,queue,0.05612468719482422,2.384185791015625e-07,0.0,1609702061.6839633,1609702061.879844,0.19588065147399902,1609702061.7640884,1609702061.770162,0.006073713302612305
c513523a4ece4cafb42eb84ab5fa88d9,k-means,warm,exec,queue,0.01901531219482422,2.384185791015625e-07,4.76837158203125e-07,1609702061.685688,1609702061.8351119,0.14942383766174316,1609702061.7316263,1609702061.73923,0.007603645324707031
513e5cb863804dc586e6ae89613baa4c,k-means,warm,exec,queue,0.009683847427368164,2.384185791015625e-07,2.384185791015625e-07,1609702061.6872647,1609702061.8025765,0.11531186103820801,1609702061.7147617,1609702061.7226255,0.007863759994506836
9de33a5b2c0144f1b0ac144072143af5,k-means,warm,exec,queue,0.014304399490356445,4.76837158203125e-07,4.76837158203125e-07,1609702061.6888435,1609702061.8031015,0.1142580509185791,1609702061.719462,1609702061.7270331,0.007571220397949219
a1921018ce8a4eff9dbad19566e57bb9,k-means,warm,exec,queue,0.06406402587890625,4.76837158203125e-07,2.384185791015625e-07,1609702061.6904087,1609702061.8753557,0.18494701385498047,1609702061.7767432,1609702061.7817342,0.004991054534912109
980d3237b5c94b2997f25007e9eb44ad,video,warm,exec,queue,0.015676021575927734,2.384185791015625e-07,2.384185791015625e-07,1609702061.6920953,1609702061.9201968,0.22810149192810059,1609702061.7345285,1609702061.7507868,0.01625823974609375
73cbf6904d34470ca182d49962d45e94,k-means,warm,exec,queue,8.034706115722656e-05,4.76837158203125e-07,4.76837158203125e-07,1609702062.6667554,1609702062.8973846,0.23062920570373535,1609702062.7127316,1609702062.723393,0.01066136360168457
b75dc987a14d48809558812351e93b19,k-means,warm,exec,queue,0.005820751190185547,2.384185791015625e-07,2.384185791015625e-07,1609702062.6708887,1609702062.8979497,0.22706103324890137,1609702062.7128708,1609702062.7233949,0.01052403450012207
22174ca3088c44f7a07b915eb5059072,k-means,warm,exec,queue,0.011229753494262695,4.76837158203125e-07,2.384185791015625e-07,1609702062.6734948,1609702063.1368098,0.4633150100708008,1609702062.717106,1609702062.725744,0.00863790512084961
0a81af39f9e446ae8f12f6fa9c471a35,k-means,warm,exec,queue,0.015897274017333984,2.384185791015625e-07,2.384185791015625e-07,1609702062.676072,1609702063.139442,0.46337008476257324,1609702062.722375,1609702062.7326157,0.010240793228149414
5bd52bd7c9e84c7d8935669290b26a72,k-means,warm,exec,queue,0.02150583267211914,2.384185791015625e-07,2.384185791015625e-07,1609702062.678061,1609702062.8945656,0.21650457382202148,1609702062.733763,1609702062.7420435,0.008280515670776367
dcf96fbc4e6240e68c3901e3e837825c,k-means,warm,exec,queue,0.027348995208740234,2.384185791015625e-07,0.0,1609702062.679626,1609702062.9689372,0.28931117057800293,1609702062.7349274,1609702062.741556,0.006628513336181641
fbbd236c6a434899ae8751a4d27a3872,k-means,warm,exec,queue,0.03270268440246582,2.384185791015625e-07,0.0,1609702062.6811986,1609702063.138972,0.45777344703674316,1609702062.7394965,1609702062.7439535,0.004456996917724609
17ef1f1fb0284a43a09e4e3f0bae1394,k-means,warm,exec,queue,0.037345170974731445,2.384185791015625e-07,0.0,1609702062.682771,1609702063.0279517,0.3451807498931885,1609702062.7449613,1609702062.7523584,0.007397174835205078
43032ac78d034d86abc095ce526cbb86,k-means,warm,exec,queue,0.042054176330566406,0.0,0.0,1609702062.6843605,1609702063.171662,0.4873015880584717,1609702062.7495928,1609702062.7544258,0.0048329830169677734
d801bd08302f4fe4ba67b05b484eb125,k-means,warm,exec,queue,0.04758334159851074,2.384185791015625e-07,2.384185791015625e-07,1609702062.6860719,1609702062.8995671,0.21349525451660156,1609702062.756675,1609702062.7633877,0.006712675094604492
a5ee72d4df824852964a34c03fffb03b,k-means,warm,exec,queue,0.05280637741088867,2.384185791015625e-07,4.76837158203125e-07,1609702062.6876552,1609702063.0049376,0.31728243827819824,1609702062.7614362,1609702062.767411,0.005974769592285156
50421422abf44eedadd02eb314742148,k-means,warm,exec,queue,0.05749917030334473,7.152557373046875e-07,2.384185791015625e-07,1609702062.6892273,1609702063.170166,0.4809386730194092,1609702062.767921,1609702062.7748866,0.00696563720703125
b2e86f9eb1544c07b03e0441d9eb231c,k-means,warm,exec,queue,0.06238102912902832,4.76837158203125e-07,2.384185791015625e-07,1609702062.6907763,1609702062.9189084,0.22813200950622559,1609702062.7731154,1609702062.7776797,0.0045642852783203125
af47217b63ba4306881bd1c1bf15110f,k-means,warm,exec,queue,0.006659269332885742,4.76837158203125e-07,2.384185791015625e-07,1609702063.6672747,1609702063.7716157,0.10434103012084961,1609702063.7097237,1609702063.7175944,0.007870674133300781
b33c440fc41d4c01b48298aed6aa86a7,k-means,warm,exec,queue,0.02260613441467285,2.384185791015625e-07,2.384185791015625e-07,1609702063.6714222,1609702063.8049774,0.13355517387390137,1609702063.7269623,1609702063.733381,0.006418704986572266
9ef0310e8be348648d337f5ee9cbeb3d,k-means,warm,exec,queue,0.027539730072021484,2.384185791015625e-07,2.384185791015625e-07,1609702063.6740263,1609702064.0391061,0.3650798797607422,1609702063.7319138,1609702063.738561,0.0066471099853515625
a91c3d6f07684632a7a61d48c3523218,k-means,warm,exec,queue,0.03243088722229004,2.384185791015625e-07,0.0,1609702063.6766417,1609702064.03512,0.358478307723999,1609702063.7384312,1609702063.7446523,0.00622105598449707
5d8b83de5eba4d1297261eba35cf964e,k-means,warm,exec,queue,0.03724384307861328,2.384185791015625e-07,2.384185791015625e-07,1609702063.6784186,1609702063.9159212,0.2375025749206543,1609702063.7435806,1609702063.7484426,0.004862070083618164
38f3c00d2c7f45e3be1341e98c0c91f1,k-means,warm,exec,queue,0.04215717315673828,2.384185791015625e-07,2.384185791015625e-07,1609702063.6799822,1609702063.957687,0.27770471572875977,1609702063.750364,1609702063.7575166,0.007152557373046875
2a50b05c7cb9434984258d26ee2295d1,k-means,warm,exec,queue,0.04710030555725098,4.76837158203125e-07,2.384185791015625e-07,1609702063.6815665,1609702063.9196396,0.23807311058044434,1609702063.7541614,1609702063.7608545,0.006693124771118164
894b59e3adf843918cde37064e894455,k-means,warm,exec,queue,0.0527491569519043,2.384185791015625e-07,2.384185791015625e-07,1609702063.6831317,1609702063.919138,0.2360062599182129,1609702063.759309,1609702063.7646492,0.005340099334716797
af1a406939e847f285b9d39d4d6166ff,k-means,warm,exec,queue,0.05811929702758789,2.384185791015625e-07,2.384185791015625e-07,1609702063.6847208,1609702063.8632932,0.178572416305542,1609702063.7660408,1609702063.7722495,0.006208658218383789
19df1ca448fb403e939b733ddcbe57ed,k-means,warm,exec,queue,0.06333780288696289,2.384185791015625e-07,0.0,1609702063.6864204,1609702064.0384898,0.3520693778991699,1609702063.7705507,1609702063.775245,0.004694223403930664
2f30790d9ba44ea4814a2e11dcfcd98e,k-means,warm,exec,queue,0.01095890998840332,4.76837158203125e-07,2.384185791015625e-07,1609702063.6879914,1609702063.8066754,0.11868405342102051,1609702063.7152786,1609702063.7238195,0.008540868759155273
1fd8bed355494f7491af242bd7982814,k-means,warm,exec,queue,0.01566171646118164,2.384185791015625e-07,2.384185791015625e-07,1609702063.6895509,1609702063.8649774,0.17542648315429688,1609702063.7201636,1609702063.7284272,0.008263587951660156
7a80949911fe468fb259b9dcc503a3eb,video,warm,exec,queue,0.016261577606201172,2.384185791015625e-07,0.0,1609702063.691112,1609702063.9165356,0.22542357444763184,1609702063.7275243,1609702063.744348,0.016823768615722656
a903dcd5202541298c29de1b38d0c1e7,k-means,warm,exec,queue,0.003828287124633789,2.384185791015625e-07,2.384185791015625e-07,1609702064.6723013,1609702064.852975,0.18067359924316406,1609702064.7232091,1609702064.7312617,0.008052587509155273
18c2c5662f9c4a709a72ee55d6a4b748,k-means,warm,exec,queue,0.009842157363891602,4.76837158203125e-07,2.384185791015625e-07,1609702064.6764472,1609702064.9776146,0.30116748809814453,1609702064.7238579,1609702064.7334235,0.009565591812133789
e9aadfc159834c3fb2fe59d7e9d525de,k-means,warm,exec,queue,0.03928089141845703,4.76837158203125e-07,2.384185791015625e-07,1609702064.679033,1609702064.8496404,0.170607328414917,1609702064.7578063,1609702064.7637935,0.0059871673583984375
901f42a1e81341e981b33d6aa56f8f1b,k-means,warm,exec,queue,0.04386472702026367,2.384185791015625e-07,2.384185791015625e-07,1609702064.681659,1609702064.974527,0.29286789894104004,1609702064.7619328,1609702064.76792,0.0059871673583984375
398d4ecd070f49cb9a829772b51e6e19,k-means,warm,exec,queue,0.048926591873168945,2.384185791015625e-07,4.76837158203125e-07,1609702064.6844492,1609702064.9911678,0.3067185878753662,1609702064.7670403,1609702064.772896,0.0058557987213134766
006139528e9e48b291c64040340086e3,k-means,warm,exec,queue,0.05370521545410156,2.384185791015625e-07,2.384185791015625e-07,1609702064.6860073,1609702064.9770668,0.2910594940185547,1609702064.773637,1609702064.7796347,0.005997657775878906
2efa141b0300406eb05914ba8027b8a2,k-means,warm,exec,queue,0.0583035945892334,2.384185791015625e-07,2.384185791015625e-07,1609702064.6875727,1609702064.968006,0.28043317794799805,1609702064.778995,1609702064.7848113,0.005816221237182617
be8d833ee4754c9ba729fa18158c8499,k-means,warm,exec,queue,0.06308341026306152,2.384185791015625e-07,2.384185791015625e-07,1609702064.689146,1609702065.1453352,0.4561891555786133,1609702064.7827065,1609702064.7884665,0.0057599544525146484
8e94c5c45f34436f88953fcd6c10c224,k-means,warm,exec,queue,0.020002126693725586,2.384185791015625e-07,0.0,1609702064.690715,1609702064.852379,0.16166400909423828,1609702064.7347972,1609702064.742935,0.008137702941894531
e47b0e2744fc421795b1c03f9734bae0,k-means,warm,exec,queue,0.025785446166992188,2.384185791015625e-07,0.0,1609702064.6926472,1609702064.9740176,0.2813704013824463,1609702064.7405965,1609702064.747119,0.006522417068481445
ab106403f96743e19051c783d0a08475,k-means,warm,exec,queue,0.03118109703063965,2.384185791015625e-07,2.384185791015625e-07,1609702064.6942346,1609702064.9729307,0.27869606018066406,1609702064.7465088,1609702064.7526817,0.006172895431518555
58ffbd59e47e4908b925e8ce7737a0cc,k-means,warm,exec,queue,0.034628868103027344,2.384185791015625e-07,2.384185791015625e-07,1609702064.6957881,1609702064.9734836,0.2776954174041748,1609702064.7525275,1609702064.758973,0.006445407867431641
3d9bedf1e4974e7696cee4d0b7370da0,k-means,warm,exec,queue,0.014380693435668945,2.384185791015625e-07,0.0,1609702064.6973565,1609702064.8545544,0.1571979522705078,1609702064.7294366,1609702064.738312,0.008875370025634766
e9a5399b2d384c7084fb95eaec33bc91,k-means,warm,exec,queue,0.06856346130371094,2.384185791015625e-07,2.384185791015625e-07,1609702064.6990213,1609702065.0685532,0.36953186988830566,1609702064.7898743,1609702064.7957983,0.0059239864349365234
fb29ace06fcb460aa37c9150918634b1,k-means,warm,exec,queue,0.07323575019836426,2.384185791015625e-07,2.384185791015625e-07,1609702064.700587,1609702065.1668231,0.4662361145019531,1609702064.7943392,1609702064.798975,0.004635810852050781
d0d3970da8044030aa1603623f78ab51,k-means,warm,exec,queue,5.698204040527344e-05,4.76837158203125e-07,0.0,1609702065.6744688,1609702065.8099363,0.135467529296875,1609702065.7349052,1609702065.7427368,0.007831573486328125
2627efe13eb2452f8ba69d8754374323,k-means,warm,exec,queue,0.007798910140991211,4.76837158203125e-07,2.384185791015625e-07,1609702065.678594,1609702065.9347916,0.256197452545166,1609702065.737206,1609702065.7475855,0.010379552841186523
adcb6ef7c2d6455eb8f22b7502666aee,k-means,warm,exec,queue,0.013718843460083008,4.76837158203125e-07,2.384185791015625e-07,1609702065.6811903,1609702065.8118055,0.130615234375,1609702065.737206,1609702065.747589,0.010383129119873047
b9cf34b071da4c7bb35bf934505fdff5,k-means,warm,exec,queue,0.018323183059692383,2.384185791015625e-07,2.384185791015625e-07,1609702065.6837552,1609702066.2429879,0.5592327117919922,1609702065.7413173,1609702065.7493525,0.00803518295288086
8588fcb40c074bd4b0af6ded42fb7397,k-means,warm,exec,queue,0.0616755485534668,2.384185791015625e-07,2.384185791015625e-07,1609702065.6866071,1609702065.9364502,0.24984312057495117,1609702065.7906191,1609702065.796494,0.0058748722076416016
da9a910c4fdf4f60a9740434ac99ca6b,k-means,warm,exec,queue,0.023467302322387695,2.384185791015625e-07,0.0,1609702065.688938,1609702065.8683681,0.17943024635314941,1609702065.7528732,1609702065.7611883,0.008315086364746094
e6371dbd957e418aa8e03b0062ea244d,k-means,warm,exec,queue,0.02813434600830078,2.384185791015625e-07,2.384185791015625e-07,1609702065.6904643,1609702066.243598,0.5531337261199951,1609702065.7626438,1609702065.7697797,0.007135868072509766
b218dfa52a7a42a99543e56a7041dfb2,k-means,warm,exec,queue,0.03570723533630371,2.384185791015625e-07,0.0,1609702065.6919975,1609702065.8345072,0.14250969886779785,1609702065.76458,1609702065.7717855,0.007205486297607422
fc94c2b1de2b419eab9a0dd0895a0f44,k-means,warm,exec,queue,0.03999733924865723,2.384185791015625e-07,0.0,1609702065.693556,1609702066.2400162,0.5464601516723633,1609702065.7677515,1609702065.7744973,0.006745815277099609
d0949522db9d45d3a5025095fdaba80e,k-means,warm,exec,queue,0.04521822929382324,2.384185791015625e-07,2.384185791015625e-07,1609702065.6952279,1609702065.9029315,0.2077035903930664,1609702065.7711692,1609702065.7786608,0.007491588592529297
40a8ae83fc6342bc8dd6083318801923,k-means,warm,exec,queue,0.050412654876708984,2.384185791015625e-07,2.384185791015625e-07,1609702065.6967824,1609702066.1135402,0.41675782203674316,1609702065.7793097,1609702065.7858088,0.006499052047729492
97d6f42b0aec42cd89f111859c36f349,k-means,warm,exec,queue,0.05653095245361328,0.0,2.384185791015625e-07,1609702065.6983266,1609702066.245288,0.5469613075256348,1609702065.7842462,1609702065.7907655,0.006519317626953125
1b6514b20b4d4e039f371f9e15673eff,k-means,warm,exec,queue,0.06691598892211914,2.384185791015625e-07,2.384185791015625e-07,1609702065.69987,1609702065.9025502,0.20268011093139648,1609702065.7966,1609702065.8026316,0.006031513214111328
e1018761ea9242c98f61dc984684a55a,video,warm,exec,queue,0.017096996307373047,4.76837158203125e-07,2.384185791015625e-07,1609702065.7015338,1609702065.9047358,0.2032020092010498,1609702065.759305,1609702065.7755466,0.01624155044555664
855125b3d1cf4fff806589edd0a4b3c0,matmul,warm,exec,queue,0.02259516716003418,2.384185791015625e-07,4.76837158203125e-07,1609702065.703095,1609702065.905101,0.20200610160827637,1609702065.7649744,1609702065.7737968,0.008822441101074219
9a95e9ac6aa6485bb41985e275882f90,map_reduce,warm,exec,queue,0.023333072662353516,2.384185791015625e-07,0.0,1609702065.704636,1609702066.1745393,0.46990323066711426,1609702065.7648053,1609702065.850406,0.08560061454772949
13e5a63570114841ba577252708675c7,disk,warm,exec,queue,0.027996540069580078,2.384185791015625e-07,2.384185791015625e-07,1609702065.7062776,1609702066.0713487,0.36507105827331543,1609702065.7661436,1609702065.7751489,0.009005308151245117
e5c4ec44d639450196ccbeee10ab48a2,k-means,warm,exec,queue,8.678436279296875e-05,7.152557373046875e-07,2.384185791015625e-07,1609702066.6676013,1609702066.7857077,0.11810636520385742,1609702066.7121978,1609702066.7197173,0.00751948356628418
0fbd814db029485daae384e460800297,k-means,warm,exec,queue,0.007597446441650391,4.76837158203125e-07,2.384185791015625e-07,1609702066.6716294,1609702066.85289,0.1812605857849121,1609702066.713237,1609702066.7217917,0.008554697036743164
3cb1ab50256b4ecc973aa5f538cf42b3,k-means,warm,exec,queue,0.01270294189453125,2.384185791015625e-07,4.76837158203125e-07,1609702066.674252,1609702067.0010273,0.32677531242370605,1609702066.7177486,1609702066.7267222,0.00897359848022461
8a7942bcfc7c44fa9cd94ec815c715b6,k-means,warm,exec,queue,0.01785755157470703,2.384185791015625e-07,0.0,1609702066.6769106,1609702066.8189266,0.14201593399047852,1609702066.7242258,1609702066.7319863,0.007760524749755859
a9967f013a49457d8dd7c812827a3150,k-means,warm,exec,queue,0.022695302963256836,4.76837158203125e-07,2.384185791015625e-07,1609702066.6798346,1609702066.9993157,0.31948113441467285,1609702066.728341,1609702066.7329743,0.004633188247680664
c7f3791672fe49c59c72541609891c76,k-means,warm,exec,queue,0.027203083038330078,4.76837158203125e-07,4.76837158203125e-07,1609702066.6816342,1609702066.8546154,0.17298126220703125,1609702066.734698,1609702066.7410648,0.006366729736328125
84d3c3d0dcc64ba09df39bd05849d269,k-means,warm,exec,queue,0.03199315071105957,7.152557373046875e-07,2.384185791015625e-07,1609702066.6831708,1609702066.9711468,0.2879760265350342,1609702066.7419827,1609702066.7467237,0.00474095344543457
0657fb12be6d4514bb5f3a48be822ec0,k-means,warm,exec,queue,0.03688931465148926,2.384185791015625e-07,2.384185791015625e-07,1609702066.6847327,1609702066.912148,0.2274153232574463,1609702066.7459276,1609702066.7515028,0.0055751800537109375
980921c8b57141e5b52d35176b2f73bc,k-means,warm,exec,queue,0.04213523864746094,2.384185791015625e-07,0.0,1609702066.686269,1609702066.9974377,0.3111686706542969,1609702066.751935,1609702066.758239,0.006304025650024414
e0028facf95c455190f7a1373ff449d1,k-means,warm,exec,queue,0.047005653381347656,4.76837158203125e-07,2.384185791015625e-07,1609702066.687927,1609702067.0306332,0.34270620346069336,1609702066.7577002,1609702066.7633374,0.005637168884277344
db2d6a73624f403c872cb1cda122ae7f,k-means,warm,exec,queue,0.052229881286621094,2.384185791015625e-07,2.384185791015625e-07,1609702066.6894958,1609702066.9728947,0.2833988666534424,1609702066.7637866,1609702066.7695203,0.0057337284088134766
0f2ee3bbdb304e9897835c21b3140e28,k-means,warm,exec,queue,0.003370046615600586,2.384185791015625e-07,2.384185791015625e-07,1609702067.6720622,1609702067.7927759,0.12071371078491211,1609702067.7230551,1609702067.731402,0.008346796035766602
d04c41460ec548f8bb886b8c5774562e,k-means,warm,exec,queue,0.03651022911071777,2.384185791015625e-07,2.384185791015625e-07,1609702067.6761467,1609702067.8192208,0.14307403564453125,1609702067.7543335,1609702067.7624795,0.008146047592163086
a2cb4db6d13c4368b9103c0f8a69d88f,k-means,warm,exec,queue,0.04195809364318848,4.76837158203125e-07,4.76837158203125e-07,1609702067.6787689,1609702068.1120024,0.43323349952697754,1609702067.7606423,1609702067.7676,0.0069577693939208984
afcf06e8fa6447cbbf696f34831f590c,k-means,warm,exec,queue,0.04702901840209961,4.76837158203125e-07,2.384185791015625e-07,1609702067.6813662,1609702067.9118824,0.2305161952972412,1609702067.7641559,1609702067.7707117,0.006555795669555664
1ab7e2e22cbc4836be96c4fe89aa062d,k-means,warm,exec,queue,0.05145430564880371,2.384185791015625e-07,0.0,1609702067.6841962,1609702067.9148657,0.23066949844360352,1609702067.7694387,1609702067.7755795,0.006140708923339844
6d1134624c2b480e9f812a2c036a44b4,k-means,warm,exec,queue,0.056792259216308594,2.384185791015625e-07,0.0,1609702067.685801,1609702068.113992,0.4281909465789795,1609702067.776576,1609702067.781448,0.004871845245361328
e8413f31b1ec40b0ba5877359808cb26,k-means,warm,exec,queue,0.06201982498168945,2.384185791015625e-07,0.0,1609702067.6873431,1609702067.9154336,0.22809052467346191,1609702067.780923,1609702067.7866864,0.005763530731201172
244cc3e62c3143b3a073c735aceca4ce,k-means,warm,exec,queue,0.031078338623046875,4.76837158203125e-07,0.0,1609702067.6889155,1609702067.851255,0.162339448928833,1609702067.747824,1609702067.754963,0.007138967514038086
8ba1cedc8b19439eb0b845fa4edb9110,k-means,warm,exec,queue,0.025812625885009766,4.76837158203125e-07,2.384185791015625e-07,1609702067.6904619,1609702067.8175545,0.12709259986877441,1609702067.7431004,1609702067.7487283,0.005627870559692383
936d98611ffc42769079ca81f0a06064,k-means,warm,exec,queue,0.010764360427856445,2.384185791015625e-07,0.0,1609702067.6923308,1609702067.7942793,0.10194849967956543,1609702067.723348,1609702067.7316792,0.008331298828125
c3ae3e4f6baa4cd89e7865db85abf1cd,k-means,warm,exec,queue,0.01584792137145996,2.384185791015625e-07,0.0,1609702067.6938865,1609702067.9957979,0.3019113540649414,1609702067.7286208,1609702067.7366638,0.008043050765991211
2676f9817c8d47509c09e4da94a8d84e,k-means,warm,exec,queue,0.020198822021484375,4.76837158203125e-07,4.76837158203125e-07,1609702067.6954358,1609702067.9940836,0.2986478805541992,1609702067.7336438,1609702067.742144,0.008500337600708008
596fb65fee01408c8ae0e19d0ed3c5e8,k-means,warm,exec,queue,0.06628870964050293,4.76837158203125e-07,2.384185791015625e-07,1609702067.6970093,1609702068.1444528,0.44744348526000977,1609702067.7875824,1609702067.794327,0.0067446231842041016
5b29e1b64bfb461b83211f31ba30df84,video,warm,exec,queue,0.017672300338745117,2.384185791015625e-07,0.0,1609702067.6986985,1609702067.9352226,0.23652410507202148,1609702067.743861,1609702067.7611988,0.017337799072265625
d447151978b74d4f870000d91647e7f9,k-means,warm,exec,queue,0.0042209625244140625,7.152557373046875e-07,2.384185791015625e-07,1609702068.662744,1609702068.7789974,0.11625337600708008,1609702068.6916971,1609702068.700135,0.008437871932983398
bc4db1a0d2a34482a29123a6921b8262,k-means,warm,exec,queue,0.02859950065612793,2.384185791015625e-07,2.384185791015625e-07,1609702068.666824,1609702068.8398778,0.17305374145507812,1609702068.7185247,1609702068.7245834,0.006058692932128906
4ef42cc1a4544910bee2e37a30d4140a,k-means,warm,exec,queue,0.022830963134765625,4.76837158203125e-07,0.0,1609702068.6695368,1609702068.83927,0.16973328590393066,1609702068.7140663,1609702068.722205,0.008138656616210938
306af0b7bb3a4f3395943660f7dc554d,k-means,warm,exec,queue,0.008787155151367188,2.384185791015625e-07,2.384185791015625e-07,1609702068.6721442,1609702068.782691,0.11054682731628418,1609702068.6960888,1609702068.7038746,0.007785797119140625
6823696acd604bfcb12d905ce78a0a5b,k-means,warm,exec,queue,0.013303041458129883,4.76837158203125e-07,0.0,1609702068.6747828,1609702068.7820597,0.10727691650390625,1609702068.701429,1609702068.7103808,0.008951902389526367
55b40fe3ff1741ef91ce4c24b52204f7,k-means,warm,exec,queue,0.017750978469848633,4.76837158203125e-07,2.384185791015625e-07,1609702068.6772842,1609702068.836402,0.1591176986694336,1609702068.7133563,1609702068.7212567,0.007900476455688477
6982176145254dd88664dc2d573e408c,k-means,warm,exec,queue,0.0045623779296875,2.384185791015625e-07,0.0,1609702069.6737654,1609702069.8913956,0.21763014793395996,1609702069.7222311,1609702069.7316706,0.009439468383789062
e070aa0afc9d47d1b39d33f1a081f80a,k-means,warm,exec,queue,0.03874921798706055,4.76837158203125e-07,2.384185791015625e-07,1609702069.6779685,1609702070.0310478,0.35307931900024414,1609702069.7561073,1609702069.7624435,0.006336212158203125
835fecb9f3a146b08add22f2be22aa2c,k-means,warm,exec,queue,0.04379701614379883,2.384185791015625e-07,0.0,1609702069.6806154,1609702070.0328286,0.35221314430236816,1609702069.763354,1609702069.7716775,0.008323431015014648
59964c71c5704f7bb4d9182ea19a864f,k-means,warm,exec,queue,0.04846906661987305,2.384185791015625e-07,0.0,1609702069.6832297,1609702070.0044715,0.3212418556213379,1609702069.7687018,1609702069.7760487,0.0073468685150146484
ac61528ea62146678a08211476c6443f,k-means,warm,exec,queue,0.05376267433166504,2.384185791015625e-07,0.0,1609702069.6861446,1609702069.9992824,0.3131377696990967,1609702069.7729397,1609702069.7777257,0.004786014556884766
8a7c110fb95349e09fe2d586608f03f9,k-means,warm,exec,queue,0.013912677764892578,4.76837158203125e-07,2.384185791015625e-07,1609702069.6886551,1609702069.806327,0.11767196655273438,1609702069.7281609,1609702069.7368386,0.00867772102355957
22fbd6a46c2e4f8caac7ca94f52a7b87,k-means,warm,exec,queue,0.058826446533203125,2.384185791015625e-07,0.0,1609702069.690237,1609702070.0035794,0.3133423328399658,1609702069.778771,1609702069.7847314,0.0059604644775390625
f27e4eadfd0d4ceeafa3acba65493a1e,k-means,warm,exec,queue,0.019336938858032227,2.384185791015625e-07,4.76837158203125e-07,1609702069.6918359,1609702069.850676,0.15884017944335938,1609702069.7337232,1609702069.7418044,0.008081197738647461
204c0f8837d84cf7b4bf0bc9b17da97e,k-means,warm,exec,queue,0.02567315101623535,2.384185791015625e-07,2.384185791015625e-07,1609702069.6934526,1609702069.9687,0.27524733543395996,1609702069.742041,1609702069.7487583,0.006717205047607422
f808671ec3164c62918222a0267bf7ce,k-means,warm,exec,queue,0.030985593795776367,2.384185791015625e-07,4.76837158203125e-07,1609702069.695179,1609702069.8887439,0.19356489181518555,1609702069.745088,1609702069.7502031,0.005115032196044922
47f0100358074baeaa3e8c3a9adf7b26,k-means,warm,exec,queue,0.03557181358337402,2.384185791015625e-07,0.0,1609702069.6967974,1609702069.847407,0.15060973167419434,1609702069.7503953,1609702069.7570035,0.006608247756958008
e3afa446d57d4ba392b5808ea872945a,k-means,warm,exec,queue,0.008813619613647461,4.76837158203125e-07,0.0,1609702069.6984024,1609702069.8089275,0.11052513122558594,1609702069.7225938,1609702069.7308598,0.008265972137451172
58e2f99e7b824c1eaa6d752d4b6fd9b6,video,warm,exec,queue,0.016904115676879883,4.76837158203125e-07,2.384185791015625e-07,1609702069.7000089,1609702069.8512397,0.1512308120727539,1609702069.742619,1609702069.759442,0.01682305335998535
75c5c65681b94174ae3a958be1a61daa,k-means,warm,exec,queue,0.0032129287719726562,4.76837158203125e-07,2.384185791015625e-07,1609702070.6742008,1609702070.807598,0.13339734077453613,1609702070.723904,1609702070.7338977,0.009993791580200195
44e7555a7aa742dc8c0052a63a9fc24a,k-means,warm,exec,queue,0.06112384796142578,2.384185791015625e-07,2.384185791015625e-07,1609702070.6784158,1609702071.0909004,0.41248464584350586,1609702070.7831216,1609702070.7878695,0.004747867584228516
9905e14e1dbd4c50b7a5a0aa3ab77d90,k-means,warm,exec,queue,0.055460453033447266,2.384185791015625e-07,0.0,1609702070.6810699,1609702070.950394,0.26932406425476074,1609702070.776983,1609702070.7821147,0.005131721496582031
8363109d7b854510be94b3fe6b371774,k-means,warm,exec,queue,0.05076742172241211,2.384185791015625e-07,0.0,1609702070.6836803,1609702070.9525518,0.268871545791626,1609702070.7709103,1609702070.7771537,0.006243467330932617
9fb011e78b814c4790495d8d3c8ca7b4,k-means,warm,exec,queue,0.04612851142883301,2.384185791015625e-07,0.0,1609702070.6865783,1609702071.0728207,0.3862423896789551,1609702070.7670465,1609702070.7726576,0.0056111812591552734
4454a6607b9b44b396bafed8c756cabe,k-means,warm,exec,queue,0.04132676124572754,2.384185791015625e-07,2.384185791015625e-07,1609702070.688845,1609702071.0924807,0.40363574028015137,1609702070.7629821,1609702070.7678819,0.004899740219116211
386b5c4f848f47e590f4f7dc02b1efb9,k-means,warm,exec,queue,0.035634517669677734,4.76837158203125e-07,2.384185791015625e-07,1609702070.6904266,1609702070.9157162,0.22528958320617676,1609702070.7545543,1609702070.7611332,0.006578922271728516
aa4659ddb9154a30af1d949524172872,k-means,warm,exec,queue,0.030731201171875,2.384185791015625e-07,2.384185791015625e-07,1609702070.692012,1609702071.0699937,0.37798166275024414,1609702070.7498722,1609702070.756673,0.00680088996887207
692afdcadba34e10a97c5577b63d6401,k-means,warm,exec,queue,0.025087833404541016,2.384185791015625e-07,2.384185791015625e-07,1609702070.6936226,1609702070.9826493,0.28902673721313477,1609702070.7478416,1609702070.7535822,0.005740642547607422
cc3c1cc6b36d499a9fc7b73059ff391e,k-means,warm,exec,queue,0.00978541374206543,2.384185791015625e-07,2.384185791015625e-07,1609702070.6953428,1609702070.8111465,0.11580371856689453,1609702070.724141,1609702070.732498,0.008357048034667969
d35a94ae479547ad9f13ff3f02d2cd5a,k-means,warm,exec,queue,0.014836311340332031,2.384185791015625e-07,2.384185791015625e-07,1609702070.6969602,1609702070.8105495,0.11358928680419922,1609702070.7296703,1609702070.7391033,0.00943303108215332
da7846cc7d6e44afa9bb422d0468bacb,k-means,warm,exec,queue,0.020148277282714844,2.384185791015625e-07,2.384185791015625e-07,1609702070.698558,1609702071.0706124,0.3720543384552002,1609702070.735025,1609702070.742223,0.0071980953216552734
60171697e41d482f903d5b804553b19c,matmul,warm,exec,queue,0.017505645751953125,2.384185791015625e-07,2.384185791015625e-07,1609702070.7001739,1609702070.985356,0.28518223762512207,1609702070.7482684,1609702070.7578871,0.009618759155273438
06865d47bc794a37af0c14b83aa2f6b1,k-means,warm,exec,queue,7.605552673339844e-05,4.76837158203125e-07,0.0,1609702071.670621,1609702071.839374,0.16875314712524414,1609702071.7104425,1609702071.7186825,0.008239984512329102
3c4fb6d452cb4cdead39ebb7c3a05bc7,video,warm,exec,queue,0.02109813690185547,4.76837158203125e-07,4.76837158203125e-07,1609702071.6749763,1609702072.3790572,0.7040808200836182,1609702071.7297997,1609702071.7469518,0.017152070999145508
ed6b642564ec49f1aad915e966fd9d5e,k-means,warm,exec,queue,0.005280733108520508,2.384185791015625e-07,0.0,1609702071.6777449,1609702071.8357294,0.15798449516296387,1609702071.709337,1609702071.716931,0.007594108581542969
da3e2a333c894106b07f9356c670e360,k-means,warm,exec,queue,0.010322809219360352,4.76837158203125e-07,2.384185791015625e-07,1609702071.680373,1609702072.3812273,0.7008543014526367,1609702071.7160661,1609702071.7234745,0.0074083805084228516
fc506533d4b549ff85876455c467ceb2,k-means,warm,exec,queue,0.01483607292175293,2.384185791015625e-07,2.384185791015625e-07,1609702071.6818898,1609702071.8411405,0.15925073623657227,1609702071.7221887,1609702071.7294178,0.0072290897369384766
fcda69fadc73476792cdef41ecb774f9,k-means,warm,exec,queue,0.021071910858154297,2.384185791015625e-07,2.384185791015625e-07,1609702071.6835496,1609702072.382958,0.6994082927703857,1609702071.729067,1609702071.736307,0.007239818572998047
68ef7f8f87d541a5bf0bd61564983f18,k-means,warm,exec,queue,0.025388479232788086,0.0,2.384185791015625e-07,1609702071.685126,1609702071.905703,0.22057700157165527,1609702071.7316368,1609702071.7388988,0.007261991500854492
ad4f83ce0f314a5cbdd8adf91fe437e9,k-means,warm,exec,queue,0.030103206634521484,2.384185791015625e-07,2.384185791015625e-07,1609702071.6866086,1609702072.1700666,0.4834580421447754,1609702071.737415,1609702071.7433872,0.005972146987915039
8d4a3d09a16f4655b4c2c8a3dcab54f4,k-means,warm,exec,queue,0.03537416458129883,4.76837158203125e-07,2.384185791015625e-07,1609702071.6880932,1609702071.8387837,0.15069055557250977,1609702071.743993,1609702071.750509,0.006515979766845703
acd90ae3eeec4816bf95f3408b7b7de2,k-means,warm,exec,queue,0.04008769989013672,2.384185791015625e-07,0.0,1609702071.6897416,1609702071.9035003,0.2137587070465088,1609702071.749466,1609702071.75573,0.0062639713287353516
8a417159c0764d28a994164676422789,k-means,warm,exec,queue,0.0038673877716064453,4.76837158203125e-07,2.384185791015625e-07,1609702072.6771667,1609702072.8995848,0.22241806983947754,1609702072.7295237,1609702072.7387075,0.009183883666992188
5ec2540a89e94e62ba3f40209a9bb51a,k-means,warm,exec,queue,0.05890631675720215,2.384185791015625e-07,2.384185791015625e-07,1609702072.6813593,1609702073.0187163,0.3373570442199707,1609702072.7844706,1609702072.7886503,0.004179716110229492
dce254c72fae4f4db9dac711c5c73143,k-means,warm,exec,queue,0.054353952407836914,2.384185791015625e-07,4.76837158203125e-07,1609702072.6839883,1609702072.8687875,0.1847991943359375,1609702072.7795575,1609702072.786591,0.007033586502075195
2734938fb378418197b57e91bf14d0fa,k-means,warm,exec,queue,0.04965710639953613,2.384185791015625e-07,2.384185791015625e-07,1609702072.6866407,1609702072.9011612,0.21452045440673828,1609702072.7742774,1609702072.7786655,0.004388093948364258
ac395705d9f1488ca5c4c01b3de634b3,k-means,warm,exec,queue,0.04525113105773926,2.384185791015625e-07,0.0,1609702072.689597,1609702072.9599724,0.27037549018859863,1609702072.770273,1609702072.7767906,0.006517648696899414
e6014bdb8bd843f094e406904e732986,k-means,warm,exec,queue,0.04076027870178223,4.76837158203125e-07,0.0,1609702072.6922376,1609702072.835192,0.14295434951782227,1609702072.7635672,1609702072.7680864,0.004519224166870117
702b75293b16467781df8020c24e2b37,k-means,warm,exec,queue,0.03572344779968262,2.384185791015625e-07,0.0,1609702072.6940007,1609702072.86808,0.17407917976379395,1609702072.758018,1609702072.7642229,0.006204843521118164
8169a467ff0c477d84a155efb1b098f4,k-means,warm,exec,queue,0.030883073806762695,4.76837158203125e-07,2.384185791015625e-07,1609702072.6955998,1609702072.8333676,0.13776779174804688,1609702072.7551155,1609702072.7617989,0.006683349609375
7b2f85866c7a43dda275735adda0a5bf,k-means,warm,exec,queue,0.011324882507324219,2.384185791015625e-07,2.384185791015625e-07,1609702072.6972215,1609702072.7994096,0.1021881103515625,1609702072.72956,1609702072.7387056,0.009145736694335938
e9ac4ea00d684202bf66e285bef8aea4,k-means,warm,exec,queue,0.0161283016204834,4.76837158203125e-07,2.384185791015625e-07,1609702072.6989517,1609702072.8011193,0.10216760635375977,1609702072.7342575,1609702072.7420945,0.007837057113647461
3840e93ab67d42fb93f38f232cbd53e6,k-means,warm,exec,queue,0.021450281143188477,4.76837158203125e-07,2.384185791015625e-07,1609702072.7005813,1609702072.8717577,0.17117643356323242,1609702072.7407272,1609702072.7488208,0.008093595504760742
1d3237452f3a4ce6b25c15ff953837db,k-means,warm,exec,queue,0.027588367462158203,4.76837158203125e-07,2.384185791015625e-07,1609702072.7021852,1609702072.8724413,0.1702561378479004,1609702072.7525518,1609702072.7575572,0.005005359649658203
8b596cbfad644be8823a4f5f6e3da9f8,k-means,warm,exec,queue,0.06401228904724121,2.384185791015625e-07,0.0,1609702072.7037747,1609702073.067367,0.36359238624572754,1609702072.7933478,1609702072.8001604,0.006812572479248047
55afa77d9ca249b19e6cf26d8d61a5c6,k-means,warm,exec,queue,0.0050601959228515625,4.76837158203125e-07,2.384185791015625e-07,1609702073.6777194,1609702074.3472793,0.6695599555969238,1609702073.7256372,1609702073.7319257,0.0062885284423828125
03fe3fb4d71b4da7a39c7b31d3112793,k-means,warm,exec,queue,0.03126120567321777,4.76837158203125e-07,2.384185791015625e-07,1609702073.681889,1609702074.4550426,0.77315354347229,1609702073.755302,1609702073.762445,0.0071430206298828125
4a65374fc947445098a1f02b8f8887c6,k-means,warm,exec,queue,0.03676271438598633,2.384185791015625e-07,2.384185791015625e-07,1609702073.6844366,1609702074.604258,0.9198215007781982,1609702073.7580712,1609702073.7626996,0.004628419876098633
87a64f1906734483a4a46c542dddbccd,k-means,warm,exec,queue,0.04247283935546875,2.384185791015625e-07,0.0,1609702073.6869276,1609702074.4210896,0.7341620922088623,1609702073.76476,1609702073.7712138,0.006453752517700195
c8556c9136bb401685edf3835d005f26,k-means,warm,exec,queue,0.04729056358337402,2.384185791015625e-07,2.384185791015625e-07,1609702073.6892529,1609702074.6591308,0.9698779582977295,1609702073.769364,1609702073.7750523,0.005688190460205078
6bada299e9c24981a44b05f72e48c712,k-means,warm,exec,queue,0.05292463302612305,2.384185791015625e-07,2.384185791015625e-07,1609702073.6906645,1609702074.6608295,0.9701650142669678,1609702073.7769687,1609702073.7839227,0.0069539546966552734
e1bafee807c140869b324663d6c4f8ec,k-means,warm,exec,queue,0.058138370513916016,2.384185791015625e-07,2.384185791015625e-07,1609702073.692078,1609702074.3724005,0.6803224086761475,1609702073.7809205,1609702073.7855422,0.004621744155883789
8b96f2db89854d49b3c03a0f4e8d7fd0,k-means,warm,exec,queue,0.013834238052368164,2.384185791015625e-07,4.76837158203125e-07,1609702073.693535,1609702074.3706565,0.6771214008331299,1609702073.7308826,1609702073.7379053,0.0070226192474365234
b36142d46764456a800af3093784cf03,k-means,warm,exec,queue,0.018308639526367188,2.384185791015625e-07,2.384185791015625e-07,1609702073.6949623,1609702074.4581928,0.763230562210083,1609702073.7410645,1609702073.7483685,0.007303953170776367
49a26b7a9a854d7fae4dd4fbb0964ad5,k-means,warm,exec,queue,0.023603439331054688,2.384185791015625e-07,0.0,1609702073.6965125,1609702074.6021142,0.9056017398834229,1609702073.7434573,1609702073.7503948,0.006937503814697266
824551d3bc6c47c2b7bbdf4168e5ae4b,k-means,warm,exec,queue,0.028348922729492188,2.384185791015625e-07,2.384185791015625e-07,1609702073.6979375,1609702074.5042675,0.8063299655914307,1609702073.747178,1609702073.7517214,0.004543304443359375
428ef32b22ea45d88584a926d58363f3,k-means,warm,exec,queue,0.009084463119506836,2.384185791015625e-07,2.384185791015625e-07,1609702073.6993566,1609702074.345577,0.6462204456329346,1609702073.7265801,1609702073.7341778,0.007597684860229492
3a28139c7a864a5db3e3c15271020d2f,k-means,warm,exec,queue,0.06339502334594727,4.76837158203125e-07,2.384185791015625e-07,1609702073.7007911,1609702074.6635072,0.9627161026000977,1609702073.7875283,1609702073.7936938,0.006165504455566406
f12dc8d2f173460e9f49943fcd5f3075,k-means,warm,exec,queue,0.06859040260314941,2.384185791015625e-07,0.0,1609702073.7023096,1609702074.4577184,0.755408763885498,1609702073.7928314,1609702073.797267,0.004435539245605469
171ff6190b30451481ea541cbb58b90a,video,warm,exec,queue,0.013700008392333984,2.384185791015625e-07,2.384185791015625e-07,1609702073.7037332,1609702074.664097,0.9603638648986816,1609702073.742173,1609702073.7580352,0.015862226486206055
4356588664ef446096d4be85c2319ec9,k-means,warm,exec,queue,0.002666950225830078,4.76837158203125e-07,4.76837158203125e-07,1609702074.677502,1609702074.88592,0.2084181308746338,1609702074.724787,1609702074.732412,0.007625102996826172
d7169f4b69ed4789ae05348290affccb,k-means,warm,exec,queue,0.042577266693115234,2.384185791015625e-07,0.0,1609702074.681854,1609702074.9288049,0.24695086479187012,1609702074.763972,1609702074.7714305,0.00745844841003418
5480ed98f26c461fb3e13f061e07f0f8,k-means,warm,exec,queue,0.04708981513977051,2.384185791015625e-07,2.384185791015625e-07,1609702074.684555,1609702075.0783935,0.39383840560913086,1609702074.7690542,1609702074.776295,0.007240772247314453
4c15aa3389e34909bbf0a082824b11ce,k-means,warm,exec,queue,0.051622867584228516,2.384185791015625e-07,2.384185791015625e-07,1609702074.6871417,1609702075.0448318,0.35769009590148926,1609702074.7731016,1609702074.7790132,0.005911588668823242
bafa455d1f9041ddae74b87ed531eab9,k-means,warm,exec,queue,0.05592656135559082,2.384185791015625e-07,2.384185791015625e-07,1609702074.6894863,1609702074.9319024,0.2424161434173584,1609702074.7785344,1609702074.7859511,0.007416725158691406
3fe29b43f4ff4f24ad63976fc6f5d3ef,k-means,warm,exec,queue,0.03805947303771973,2.384185791015625e-07,2.384185791015625e-07,1609702074.6910133,1609702075.0800865,0.38907313346862793,1609702074.7587397,1609702074.7643127,0.0055730342864990234
72b7996b95e64d55a9c48643f117c3e8,k-means,warm,exec,queue,0.0335237979888916,7.152557373046875e-07,2.384185791015625e-07,1609702074.6926494,1609702074.9325163,0.2398669719696045,1609702074.7535849,1609702074.758859,0.005274057388305664
5dd9d423f58c41bca066c4e2f6c1dc28,k-means,warm,exec,queue,0.028180837631225586,2.384185791015625e-07,2.384185791015625e-07,1609702074.6942647,1609702075.0465307,0.3522660732269287,1609702074.7462792,1609702074.7522933,0.006014108657836914
e06c3bec97424562a20cf34b5b561a42,k-means,warm,exec,queue,0.02380967140197754,4.76837158203125e-07,2.384185791015625e-07,1609702074.695868,1609702074.8125489,0.11668086051940918,1609702074.743201,1609702074.7490335,0.0058324337005615234
5d5825b2cf844887b0a6c8979984cbd2,k-means,warm,exec,queue,0.018428564071655273,2.384185791015625e-07,0.0,1609702074.697611,1609702074.9342074,0.23659634590148926,1609702074.7366736,1609702074.744434,0.007760524749755859
8008f894bba94ad38f63eea0d33ee295,k-means,warm,exec,queue,0.009968280792236328,7.152557373046875e-07,2.384185791015625e-07,1609702074.6991951,1609702074.810774,0.11157894134521484,1609702074.7247207,1609702074.7327943,0.008073568344116211
8fc09dd95b524ff8928e4d77fe28f358,k-means,warm,exec,queue,0.015265941619873047,2.384185791015625e-07,0.0,1609702074.700822,1609702074.8141887,0.11336660385131836,1609702074.7294593,1609702074.736987,0.007527828216552734
b9a8803295a14509a4e2c56c654ced99,k-means,warm,exec,queue,0.0031778812408447266,2.384185791015625e-07,2.384185791015625e-07,1609702075.6814008,1609702075.82326,0.1418592929840088,1609702075.7306743,1609702075.7368827,0.0062084197998046875
5609580dbbfc41079d5aec2927f06f6f,k-means,warm,exec,queue,0.030172348022460938,2.384185791015625e-07,2.384185791015625e-07,1609702075.685642,1609702075.8635778,0.17793583869934082,1609702075.7545614,1609702075.7601254,0.005563974380493164
a3f40db5b078450f98f7e9d0d1a54850,k-means,warm,exec,queue,0.0351560115814209,4.76837158203125e-07,0.0,1609702075.6871028,1609702076.011554,0.324451208114624,1609702075.760055,1609702075.7671032,0.007048130035400391
6f8e5e22957c4d709c6f26b5aef3fbba,k-means,warm,exec,queue,0.04011416435241699,2.384185791015625e-07,2.384185791015625e-07,1609702075.6886024,1609702076.147858,0.4592554569244385,1609702075.7673347,1609702075.772788,0.005453348159790039
89faeb7f802f4f3a924e57aacc8c0c07,k-means,warm,exec,queue,0.044861793518066406,4.76837158203125e-07,2.384185791015625e-07,1609702075.6902328,1609702076.0679932,0.3777604103088379,1609702075.7718716,1609702075.7779593,0.006087779998779297
2af06ae3737441ca8ade5e79f0ac9f21,k-means,warm,exec,queue,0.050025224685668945,2.384185791015625e-07,2.384185791015625e-07,1609702075.6916816,1609702076.1466184,0.4549367427825928,1609702075.777803,1609702075.7841592,0.006356239318847656
5a9cdce20f624beeae53b6a785eb0719,k-means,warm,exec,queue,0.05541419982910156,2.384185791015625e-07,2.384185791015625e-07,1609702075.6931562,1609702076.1450634,0.4519071578979492,1609702075.783849,1609702075.7900927,0.006243705749511719
38ac273041cb46bdb48177dbf735055f,k-means,warm,exec,queue,0.06008505821228027,2.384185791015625e-07,2.384185791015625e-07,1609702075.6945992,1609702075.9061537,0.21155452728271484,1609702075.7888498,1609702075.7948217,0.0059719085693359375
a4a50779b4164a158de2210958c613ea,k-means,warm,exec,queue,0.02593708038330078,2.384185791015625e-07,2.384185791015625e-07,1609702075.696042,1609702075.8659248,0.16988277435302734,1609702075.753444,1609702075.760724,0.007280111312866211
28a151664ae54081ad068693a6d8ae0a,k-means,warm,exec,queue,0.01158761978149414,0.0,2.384185791015625e-07,1609702075.6976364,1609702075.821694,0.12405753135681152,1609702075.730887,1609702075.7374272,0.0065402984619140625
4e3c6d8824444730815100d38422be0b,k-means,warm,exec,queue,0.016257047653198242,2.384185791015625e-07,2.384185791015625e-07,1609702075.6990843,1609702075.9080355,0.20895123481750488,1609702075.7368374,1609702075.7432952,0.006457805633544922
6c27538586b44da2bd06111975dfee47,k-means,warm,exec,queue,0.0214691162109375,2.384185791015625e-07,2.384185791015625e-07,1609702075.7005513,1609702075.8664262,0.16587495803833008,1609702075.7514365,1609702075.758169,0.006732463836669922
1623da1efd30476084ddb5e9e4189831,k-means,warm,exec,queue,0.06542396545410156,2.384185791015625e-07,2.384185791015625e-07,1609702075.7020097,1609702075.9412258,0.23921608924865723,1609702075.7953885,1609702075.8020697,0.006681203842163086
ee3b841136134c72999ea5fe295b9e12,video,warm,exec,queue,0.015849590301513672,2.384185791015625e-07,0.0,1609702075.703802,1609702076.0135689,0.3097667694091797,1609702075.753191,1609702075.7689807,0.01578974723815918
a7d44cea858f4fa7a3fb103af3369731,matmul,warm,exec,queue,0.016596078872680664,2.384185791015625e-07,4.76837158203125e-07,1609702075.7052839,1609702075.9450958,0.23981189727783203,1609702075.7538564,1609702075.7640798,0.010223388671875
db60ccb7e63f4283b43cbf60be1f65fe,map_reduce,warm,exec,queue,0.02153158187866211,2.384185791015625e-07,2.384185791015625e-07,1609702075.7067308,1609702075.9444888,0.23775792121887207,1609702075.7546635,1609702075.8397772,0.0851137638092041
a75e79bb034e49caabafcf66116ca0b2,k-means,warm,exec,queue,0.0024335384368896484,7.152557373046875e-07,2.384185791015625e-07,1609702076.6799397,1609702076.7922928,0.11235308647155762,1609702076.7247083,1609702076.7328324,0.008124113082885742
7f0efba247e44dd0a1b5c947a895be37,k-means,warm,exec,queue,0.02834320068359375,2.384185791015625e-07,2.384185791015625e-07,1609702076.6842914,1609702076.8569653,0.17267394065856934,1609702076.7498665,1609702076.7551932,0.005326747894287109
5f0af812efa74ce988406ffc91d6394d,k-means,warm,exec,queue,0.03362894058227539,4.76837158203125e-07,2.384185791015625e-07,1609702076.6868892,1609702076.8637307,0.17684149742126465,1609702076.755001,1609702076.7601297,0.005128622055053711
96d2535de9e6492fac9270b4f5c32e82,k-means,warm,exec,queue,0.038498640060424805,2.384185791015625e-07,4.76837158203125e-07,1609702076.689511,1609702076.8603737,0.17086267471313477,1609702076.7603724,1609702076.7659307,0.0055582523345947266
fa9ba1733d6d4124ae8221826a2042da,k-means,warm,exec,queue,0.04325675964355469,2.384185791015625e-07,2.384185791015625e-07,1609702076.6923614,1609702077.041321,0.34895968437194824,1609702076.7651584,1609702076.7708762,0.005717754364013672
12f9a543ee0c49d1967d7c1fb6529957,k-means,warm,exec,queue,0.04807710647583008,2.384185791015625e-07,2.384185791015625e-07,1609702076.693937,1609702076.9243953,0.23045825958251953,1609702076.770725,1609702076.7769449,0.0062198638916015625
af90788eeb6c46e496c4069e49036ae4,k-means,warm,exec,queue,0.05289053916931152,2.384185791015625e-07,0.0,1609702076.6955185,1609702077.0829563,0.3874378204345703,1609702076.7757177,1609702076.7803187,0.004601001739501953
acdf8ff5a7e946dead163a149c346054,k-means,warm,exec,queue,0.05764937400817871,2.384185791015625e-07,2.384185791015625e-07,1609702076.6971188,1609702077.0432494,0.3461306095123291,1609702076.7797325,1609702076.7845986,0.004866123199462891
ef476423957d4cdeb3bbcd6a5e9ccf56,k-means,warm,exec,queue,0.022918224334716797,4.76837158203125e-07,0.0,1609702076.6987033,1609702076.8631065,0.16440320014953613,1609702076.7439935,1609702076.7491648,0.005171298980712891
5acaae5999b74806b51ec2c079c786a7,k-means,warm,exec,queue,0.016464948654174805,2.384185791015625e-07,2.384185791015625e-07,1609702076.7004094,1609702076.9263456,0.2259361743927002,1609702076.7359912,1609702076.7441413,0.008150100708007812
65549ddc134c478aba238702c569982f,k-means,warm,exec,queue,0.008017778396606445,4.76837158203125e-07,2.384185791015625e-07,1609702076.7020047,1609702076.7904558,0.08845114707946777,1609702076.7248132,1609702076.7328222,0.008008956909179688
45d22c87757e4de899d6506ab1c5a0bf,k-means,warm,exec,queue,0.01330113410949707,2.384185791015625e-07,2.384185791015625e-07,1609702076.7035666,1609702076.8597322,0.15616559982299805,1609702076.729967,1609702076.7376947,0.007727622985839844
4f0bb3ab9bca4426bd99efc0a41b3551,k-means,warm,exec,queue,0.0008058547973632812,4.76837158203125e-07,2.384185791015625e-07,1609702077.6866465,1609702077.8177996,0.13115310668945312,1609702077.7414274,1609702077.74963,0.008202552795410156
19573e7699c247e6b0b82a2ab66e5243,k-means,warm,exec,queue,0.07039403915405273,2.384185791015625e-07,4.76837158203125e-07,1609702077.6909878,1609702077.9769897,0.28600192070007324,1609702077.8103964,1609702077.815001,0.0046045780181884766
acf2ecd2f87a45fc910f2b3d8f3daa26,k-means,warm,exec,queue,0.07518315315246582,2.384185791015625e-07,2.384185791015625e-07,1609702077.6931868,1609702078.186009,0.49282217025756836,1609702077.815165,1609702077.821046,0.005881071090698242
2a11becf454c41258651541ebcc711ad,k-means,warm,exec,queue,0.08126330375671387,4.76837158203125e-07,2.384185791015625e-07,1609702077.6947289,1609702078.0292194,0.3344905376434326,1609702077.822878,1609702077.8279521,0.005074262619018555
3d3236b074004f4fb4922a6ac5c8b2c6,k-means,warm,exec,queue,0.00789022445678711,2.384185791015625e-07,0.0,1609702077.696478,1609702077.8203976,0.12391972541809082,1609702077.7409928,1609702077.749163,0.008170127868652344
4d237c37035c4f07b9a4da1ed390d004,k-means,warm,exec,queue,0.04630780220031738,2.384185791015625e-07,2.384185791015625e-07,1609702077.6980262,1609702077.935852,0.23782587051391602,1609702077.7843053,1609702077.7900581,0.0057528018951416016
feeb1d5d8aaa4f07b7d440fec77227a4,k-means,warm,exec,queue,0.013010978698730469,2.384185791015625e-07,2.384185791015625e-07,1609702077.6995747,1609702077.8209672,0.12139248847961426,1609702077.7444453,1609702077.7520347,0.0075893402099609375
061ce9ac92df4c7f8c64f38e50edb523,k-means,warm,exec,queue,0.018268346786499023,4.76837158203125e-07,4.76837158203125e-07,1609702077.7011538,1609702077.9320168,0.23086309432983398,1609702077.7530558,1609702077.7609673,0.007911443710327148
3b7c16cd92c143eaba4f69180ba58fad,k-means,warm,exec,queue,0.02664923667907715,2.384185791015625e-07,2.384185791015625e-07,1609702077.7026906,1609702077.9364808,0.23379015922546387,1609702077.761936,1609702077.7683127,0.006376743316650391
eb5f56ec5da8434986e436775b529777,k-means,warm,exec,queue,0.03160548210144043,2.384185791015625e-07,4.76837158203125e-07,1609702077.7043672,1609702077.9278836,0.22351646423339844,1609702077.7667658,1609702077.7742746,0.007508754730224609
022b66200cda49e3a33abfd01d17803c,k-means,warm,exec,queue,0.04179787635803223,4.76837158203125e-07,0.0,1609702077.7059438,1609702077.8593278,0.15338397026062012,1609702077.7766488,1609702077.7829773,0.006328582763671875
f175384bc058411687995914359e4b31,k-means,warm,exec,queue,0.03688621520996094,2.384185791015625e-07,2.384185791015625e-07,1609702077.7075293,1609702077.9522727,0.24474334716796875,1609702077.7709277,1609702077.7775397,0.006612062454223633
977b7863b0214728ae3c3175ce639e5b,k-means,warm,exec,queue,0.051131248474121094,2.384185791015625e-07,2.384185791015625e-07,1609702077.709138,1609702077.951127,0.2419891357421875,1609702077.7885509,1609702077.7956264,0.00707554817199707
b52aff78c6824aca9edd05947b457b3c,k-means,warm,exec,queue,0.056790828704833984,2.384185791015625e-07,2.384185791015625e-07,1609702077.710827,1609702077.9331841,0.22235703468322754,1609702077.792769,1609702077.7986813,0.005912303924560547
6b3ea00286174a2d947b2c43c0398960,k-means,warm,exec,queue,0.0623316764831543,2.384185791015625e-07,2.384185791015625e-07,1609702077.7123585,1609702078.0855546,0.3731961250305176,1609702077.7991118,1609702077.8043356,0.005223751068115234
6617a8ef80b243b6a0a7c98fcc82db42,k-means,warm,exec,queue,0.06723141670227051,2.384185791015625e-07,0.0,1609702077.7138786,1609702077.9788625,0.2649838924407959,1609702077.8040352,1609702077.8098996,0.005864381790161133
b84dedce316742aba6f99730afa1aff5,video,warm,exec,queue,0.01844167709350586,2.384185791015625e-07,2.384185791015625e-07,1609702077.7154944,1609702077.9326272,0.2171328067779541,1609702077.7626247,1609702077.7795994,0.016974687576293945
6586bebe897f4457b05fb6ef41f42556,k-means,warm,exec,queue,7.43865966796875e-05,2.384185791015625e-07,2.384185791015625e-07,1609702078.6815238,1609702078.8209689,0.13944506645202637,1609702078.7243702,1609702078.7326777,0.008307456970214844
7f7410514b194e97b3bcd4aefab7435e,k-means,warm,exec,queue,0.006293296813964844,2.384185791015625e-07,0.0,1609702078.685682,1609702078.9292965,0.24361443519592285,1609702078.724594,1609702078.7327611,0.008167028427124023
a2a001df37dc49a283b379a7549d19dd,k-means,warm,exec,queue,0.011188030242919922,4.76837158203125e-07,4.76837158203125e-07,1609702078.6882586,1609702079.041833,0.353574275970459,1609702078.729294,1609702078.7372642,0.007970094680786133
115d56ffceb14ba5a12078ced879dbba,k-means,warm,exec,queue,0.01653575897216797,4.76837158203125e-07,2.384185791015625e-07,1609702078.6898324,1609702078.907547,0.21771454811096191,1609702078.7346933,1609702078.742686,0.007992744445800781
24f13833557f41c2951c5f29105a7a6d,k-means,warm,exec,queue,0.021625280380249023,2.384185791015625e-07,4.76837158203125e-07,1609702078.6914768,1609702078.8475988,0.15612196922302246,1609702078.7466302,1609702078.7523868,0.0057566165924072266
0d3308e4ff154f71916bc679886c11f8,k-means,warm,exec,queue,0.027122020721435547,4.76837158203125e-07,2.384185791015625e-07,1609702078.692963,1609702078.9544628,0.26149988174438477,1609702078.7493742,1609702078.757114,0.0077397823333740234
4fb298f8501a4f758794279fc977f087,k-means,warm,exec,queue,0.03195357322692871,2.384185791015625e-07,0.0,1609702078.6944156,1609702078.8459408,0.15152525901794434,1609702078.7516794,1609702078.7584252,0.006745815277099609
838389027d944cd982d84efce8322079,k-means,warm,exec,queue,0.03721809387207031,4.76837158203125e-07,2.384185791015625e-07,1609702078.695869,1609702079.0144372,0.31856822967529297,1609702078.7607615,1609702078.7682974,0.0075359344482421875
ef8fd20ab5d54edf824e6195478e4250,k-means,warm,exec,queue,0.04363512992858887,2.384185791015625e-07,0.0,1609702078.6973302,1609702079.0164225,0.3190922737121582,1609702078.765744,1609702078.772986,0.007241964340209961
93c77dbad7f44090bd3d167ff79acbcb,k-means,warm,exec,queue,0.04927182197570801,2.384185791015625e-07,0.0,1609702078.6988826,1609702078.9055967,0.20671415328979492,1609702078.7702181,1609702078.7773986,0.007180452346801758
7c64eb78d0c5451c80f189b6f007fee0,k-means,warm,exec,queue,0.05464887619018555,4.76837158203125e-07,0.0,1609702078.700349,1609702079.0383573,0.33800816535949707,1609702078.7784336,1609702078.7844748,0.006041288375854492
1b20f1b2f02741fc9b6c455e4be39b20,k-means,warm,exec,queue,0.059671640396118164,4.76837158203125e-07,2.384185791015625e-07,1609702078.7018075,1609702079.0634375,0.3616299629211426,1609702078.7834647,1609702078.7906575,0.007192850112915039
a39e334230d94af79bd9b211a53559f1,k-means,warm,exec,queue,0.06485271453857422,4.76837158203125e-07,4.76837158203125e-07,1609702078.7032595,1609702079.0400875,0.33682799339294434,1609702078.7874968,1609702078.7935328,0.006036043167114258
aef727e857af48ac9e89440c4677b40a,k-means,warm,exec,queue,5.412101745605469e-05,4.76837158203125e-07,2.384185791015625e-07,1609702079.6823192,1609702079.928336,0.2460167407989502,1609702079.726884,1609702079.7349765,0.008092641830444336
d02c9fb6c98646cb986e36e097f0d9e0,k-means,warm,exec,queue,0.05520319938659668,2.384185791015625e-07,0.0,1609702079.6873038,1609702080.1170037,0.4296998977661133,1609702079.7843044,1609702079.7891302,0.0048258304595947266
35011d0ff7404a78b0c83298676d4546,k-means,warm,exec,queue,0.0038874149322509766,2.384185791015625e-07,2.384185791015625e-07,1609702079.6906152,1609702079.8523388,0.16172361373901367,1609702079.7264154,1609702079.7337716,0.007356166839599609
4017377f4b1b4e45bab51f8bc32ca400,k-means,warm,exec,queue,0.008876562118530273,4.76837158203125e-07,2.384185791015625e-07,1609702079.693249,1609702079.8529088,0.15965986251831055,1609702079.7324483,1609702079.7406204,0.008172035217285156
af15b88ac94d4e83bec49d5504d7cb97,k-means,warm,exec,queue,0.013816356658935547,4.76837158203125e-07,2.384185791015625e-07,1609702079.6961427,1609702079.8534586,0.15731596946716309,1609702079.7367816,1609702079.7447085,0.00792694091796875
8f4683de26374d6080b8f7cacd5e7528,k-means,warm,exec,queue,0.01971602439880371,2.384185791015625e-07,2.384185791015625e-07,1609702079.6977441,1609702079.9933097,0.2955656051635742,1609702079.7426417,1609702079.7482126,0.005570888519287109
31e9f275e2ea4b09aa0ad42b77fee37a,k-means,warm,exec,queue,0.025387287139892578,7.152557373046875e-07,0.0,1609702079.6992702,1609702079.8486512,0.14938092231750488,1609702079.7501829,1609702079.755795,0.00561213493347168
f1ee3f8d971c4705927800f2a008e8d1,k-means,warm,exec,queue,0.030350685119628906,2.384185791015625e-07,2.384185791015625e-07,1609702079.7008038,1609702079.9256642,0.22486042976379395,1609702079.7548366,1609702079.760018,0.005181550979614258
8c3a596f971d4f829a98601a65f459bd,k-means,warm,exec,queue,0.03532147407531738,2.384185791015625e-07,2.384185791015625e-07,1609702079.7023435,1609702079.855074,0.15273046493530273,1609702079.7584918,1609702079.7644823,0.005990505218505859
68a993f465ab41bb81cd1ebf818966e5,k-means,warm,exec,queue,0.040044307708740234,2.384185791015625e-07,2.384185791015625e-07,1609702079.7039936,1609702079.9289105,0.22491693496704102,1609702079.7707026,1609702079.777268,0.0065653324127197266
d01771b9011041c5bec0af58ca56250a,k-means,warm,exec,queue,0.04572916030883789,4.76837158203125e-07,7.152557373046875e-07,1609702079.7055507,1609702079.923935,0.2183842658996582,1609702079.7708795,1609702079.7751741,0.004294633865356445
711db381dd054f2386a36c31f2d635c2,k-means,warm,exec,queue,0.05077362060546875,2.384185791015625e-07,0.0,1609702079.7070887,1609702079.9914749,0.28438615798950195,1609702079.7745383,1609702079.779034,0.0044956207275390625
39a70b04726b4051a5e8a904967dacb9,video,warm,exec,queue,0.012990713119506836,2.384185791015625e-07,4.76837158203125e-07,1609702079.7086222,1609702079.9305713,0.22194910049438477,1609702079.7435834,1609702079.7607777,0.017194271087646484
9f21312667264c90aad37766d14c0291,k-means,warm,exec,queue,7.796287536621094e-05,4.76837158203125e-07,4.76837158203125e-07,1609702080.6887288,1609702080.8091536,0.12042474746704102,1609702080.7406657,1609702080.747538,0.006872415542602539
0e822e3bc1884408869ccfd3ae7c7d47,k-means,warm,exec,queue,0.010280132293701172,2.384185791015625e-07,2.384185791015625e-07,1609702080.6933603,1609702080.8339608,0.14060044288635254,1609702080.741548,1609702080.7497768,0.008228778839111328
a9deb949060b4f5b85248e6fd532460d,k-means,warm,exec,queue,0.015117645263671875,4.76837158203125e-07,2.384185791015625e-07,1609702080.6959946,1609702080.837245,0.1412503719329834,1609702080.746662,1609702080.754784,0.00812220573425293
2150f803fee0447390ced1a453b666b7,k-means,warm,exec,queue,0.019531726837158203,2.384185791015625e-07,2.384185791015625e-07,1609702080.6977978,1609702080.8366578,0.13885998725891113,1609702080.752114,1609702080.761177,0.009063005447387695
eaffb064ef73451b845b04d0f8f4423a,k-means,warm,exec,queue,0.026746511459350586,7.152557373046875e-07,2.384185791015625e-07,1609702080.699592,1609702080.9049716,0.20537948608398438,1609702080.7696896,1609702080.777814,0.008124351501464844
5b9ce9c59e424f95af4bff6f106e56db,k-means,warm,exec,queue,0.034337759017944336,2.384185791015625e-07,2.384185791015625e-07,1609702080.701173,1609702080.9014013,0.20022821426391602,1609702080.7705133,1609702080.7779875,0.007474184036254883
48a1084d0c264095a10a6a5894bbaa70,k-means,warm,exec,queue,0.03874516487121582,2.384185791015625e-07,0.0,1609702080.7027411,1609702080.9961298,0.29338860511779785,1609702080.7722926,1609702080.7787678,0.006475210189819336
cd4a5b7700224d00818bf8556b4db767,k-means,warm,exec,queue,0.04395914077758789,4.76837158203125e-07,0.0,1609702080.7043295,1609702080.9066606,0.2023310661315918,1609702080.7782903,1609702080.7864146,0.008124351501464844
a97b7b87eaaf4179a331fa50072eff1e,k-means,warm,exec,queue,0.05012989044189453,2.384185791015625e-07,2.384185791015625e-07,1609702080.7059128,1609702080.9364793,0.23056650161743164,1609702080.793079,1609702080.7998106,0.006731748580932617
6862c1b1e6254c209cf51f960c632425,k-means,warm,exec,queue,0.055539846420288086,4.76837158203125e-07,2.384185791015625e-07,1609702080.7076058,1609702080.9955237,0.2879178524017334,1609702080.796715,1609702080.802703,0.005987882614135742
d8e9007fe5e447d088973f509c7f73e4,k-means,warm,exec,queue,0.0605931282043457,2.384185791015625e-07,2.384185791015625e-07,1609702080.70919,1609702081.07385,0.36466002464294434,1609702080.796818,1609702080.8038142,0.00699615478515625
f676ce4b500c4cc8b1a41d4c493d28a3,k-means,warm,exec,queue,0.06504464149475098,2.384185791015625e-07,2.384185791015625e-07,1609702080.710757,1609702081.0706182,0.3598611354827881,1609702080.8053644,1609702080.8131735,0.007809162139892578
0017272349fa4464aba7502bd284481a,k-means,warm,exec,queue,0.07008981704711914,4.76837158203125e-07,2.384185791015625e-07,1609702080.7123141,1609702081.0744429,0.36212873458862305,1609702080.812142,1609702080.8177352,0.005593299865722656
780ab414f89744ea903fd21f8975f477,video,warm,exec,queue,0.01619553565979004,4.76837158203125e-07,2.384185791015625e-07,1609702080.713973,1609702080.904377,0.19040393829345703,1609702080.7699208,1609702080.787107,0.01718616485595703
69f62301c8774f3b9103d0ce737197a7,matmul,warm,exec,queue,0.024183034896850586,2.384185791015625e-07,0.0,1609702080.715529,1609702080.9345567,0.21902775764465332,1609702080.7707198,1609702080.780658,0.009938240051269531
5c62a97cdf0b4d00967d9530ef0a93fe,k-means,warm,exec,queue,7.843971252441406e-05,2.384185791015625e-07,2.384185791015625e-07,1609702081.6836934,1609702081.8392012,0.15550780296325684,1609702081.7279024,1609702081.7363791,0.008476734161376953
8bb7807fdd324f2ead60cce02c690f95,k-means,warm,exec,queue,0.0070912837982177734,7.152557373046875e-07,2.384185791015625e-07,1609702081.687926,1609702081.839753,0.1518268585205078,1609702081.728282,1609702081.7370467,0.00876474380493164
9e8b30fe3deb42c29143ec3a44c45ca5,k-means,warm,exec,queue,0.016907215118408203,2.384185791015625e-07,2.384185791015625e-07,1609702081.690028,1609702081.959673,0.26964497566223145,1609702081.737601,1609702081.745994,0.008393049240112305
be7215bcd60b4ca89ccd7253d150e7ec,k-means,warm,exec,queue,0.021349430084228516,2.384185791015625e-07,2.384185791015625e-07,1609702081.692073,1609702081.8947973,0.20272421836853027,1609702081.7464197,1609702081.7547634,0.008343696594238281
891dd5f42b0c41d284dc77e474d08150,k-means,warm,exec,queue,0.02567887306213379,2.384185791015625e-07,0.0,1609702081.6943927,1609702081.954995,0.2606022357940674,1609702081.7470295,1609702081.7530136,0.005984067916870117
8249432733b5432daa2cf892759bb5e2,k-means,warm,exec,queue,0.030184507369995117,2.384185791015625e-07,0.0,1609702081.696456,1609702081.9602633,0.2638072967529297,1609702081.7530818,1609702081.760878,0.007796287536621094
674706f09bb6464f8c13af095e514f53,k-means,warm,exec,queue,0.035584211349487305,4.76837158203125e-07,2.384185791015625e-07,1609702081.6985147,1609702081.9590623,0.2605476379394531,1609702081.7599573,1609702081.766798,0.006840705871582031
41fae87348494659bd3193b30d108e28,k-means,warm,exec,queue,0.04039192199707031,4.76837158203125e-07,2.384185791015625e-07,1609702081.7005563,1609702081.8965375,0.19598126411437988,1609702081.7632165,1609702081.7686558,0.005439281463623047
a4be255578b840578c24246f76deadc0,k-means,warm,exec,queue,0.04490995407104492,2.384185791015625e-07,2.384185791015625e-07,1609702081.7021449,1609702082.095371,0.39322614669799805,1609702081.769107,1609702081.7765846,0.007477521896362305
5d4ff294114d4d64902488ab41997b07,k-means,warm,exec,queue,0.049254417419433594,2.384185791015625e-07,4.76837158203125e-07,1609702081.7038424,1609702082.01206,0.30821752548217773,1609702081.7752988,1609702081.7824311,0.007132291793823242
8154457d17d14c60a0a5e9b0eec5c546,k-means,warm,exec,queue,0.012392044067382812,4.76837158203125e-07,0.0,1609702081.7054257,1609702081.8365512,0.13112545013427734,1609702081.7331285,1609702081.7434068,0.01027822494506836
dfe70f137e6442da914815fa5388d46f,k-means,warm,exec,queue,0.00012230873107910156,4.76837158203125e-07,2.384185791015625e-07,1609702082.6801388,1609702082.8171208,0.13698196411132812,1609702082.717081,1609702082.7252522,0.00817108154296875
9e515aa06e9246008a8ac2737aa9fde1,k-means,warm,exec,queue,0.004755496978759766,2.384185791015625e-07,2.384185791015625e-07,1609702082.6842248,1609702082.8135982,0.12937331199645996,1609702082.7177331,1609702082.7262802,0.008547067642211914
9530fff465f14e678e2081c8fd84256b,k-means,warm,exec,queue,0.01006460189819336,2.384185791015625e-07,2.384185791015625e-07,1609702082.6867998,1609702082.816518,0.12971830368041992,1609702082.7230723,1609702082.7310855,0.008013248443603516
93314e54a0d8432196ededfa0fc5dcee,k-means,warm,exec,queue,0.014921426773071289,2.384185791015625e-07,0.0,1609702082.6894233,1609702082.9466481,0.25722479820251465,1609702082.7280917,1609702082.7356532,0.007561445236206055
520096f3e7c644cc8c6cd52a7038be34,k-means,warm,exec,queue,0.019644737243652344,2.384185791015625e-07,0.0,1609702082.6920128,1609702082.8813522,0.18933939933776855,1609702082.733779,1609702082.7387128,0.004933834075927734
8155250cda4743af85c62bf854050784,k-means,warm,exec,queue,0.024929285049438477,2.384185791015625e-07,0.0,1609702082.6939077,1609702083.006419,0.3125112056732178,1609702082.7382934,1609702082.7432728,0.004979372024536133
5038e70affc24fca96d6f79c2166a2be,k-means,warm,exec,queue,0.029760360717773438,2.384185791015625e-07,2.384185791015625e-07,1609702082.695471,1609702082.885,0.1895289421081543,1609702082.74483,1609702082.750027,0.005197048187255859
1ab5d719a08d408785d1242bbd02301f,k-means,warm,exec,queue,0.03473353385925293,2.384185791015625e-07,2.384185791015625e-07,1609702082.6970537,1609702082.8844132,0.18735957145690918,1609702082.7489324,1609702082.754973,0.0060405731201171875
2329443d8830415f9a5494e6bacf71f6,k-means,warm,exec,queue,0.03992795944213867,2.384185791015625e-07,2.384185791015625e-07,1609702082.6986306,1609702083.0085363,0.3099057674407959,1609702082.7560804,1609702082.7620823,0.006001949310302734
ddcde6a633154f89a51018bb7372df00,k-means,warm,exec,queue,0.0018706321716308594,4.76837158203125e-07,2.384185791015625e-07,1609702083.6896973,1609702083.8477569,0.15805959701538086,1609702083.7643008,1609702083.772554,0.008253097534179688
cf54bd9d90834bff888a67445860dd45,k-means,warm,exec,queue,0.05536293983459473,2.384185791015625e-07,2.384185791015625e-07,1609702083.6939442,1609702083.9267242,0.23277997970581055,1609702083.8182619,1609702083.8235126,0.005250692367553711
f8d31034dbf84d6aa3d0a58141a73c18,k-means,warm,exec,queue,0.05058479309082031,4.76837158203125e-07,2.384185791015625e-07,1609702083.6965754,1609702083.9261668,0.22959136962890625,1609702083.8132975,1609702083.8183918,0.005094289779663086
304f25beee6c42439c5025a4c817c416,k-means,warm,exec,queue,0.016360759735107422,2.384185791015625e-07,2.384185791015625e-07,1609702083.6991422,1609702084.034164,0.3350217342376709,1609702083.7738044,1609702083.7821102,0.008305788040161133
160121659bb34ee8baf265d6bbb0342b,k-means,warm,exec,queue,0.028362512588500977,2.384185791015625e-07,2.384185791015625e-07,1609702083.7251186,1609702083.974559,0.24944043159484863,1609702083.785808,1609702083.7906237,0.004815578460693359
5a9c9d1f435f466fba9512f7b6a90faa,k-means,warm,exec,queue,0.03285670280456543,2.384185791015625e-07,2.384185791015625e-07,1609702083.7266622,1609702083.981305,0.2546427249908447,1609702083.7912157,1609702083.7971373,0.005921602249145508
221570cac4f94ea28aadeb24e0f23132,k-means,warm,exec,queue,0.03744649887084961,2.384185791015625e-07,2.384185791015625e-07,1609702083.728183,1609702083.9808414,0.2526583671569824,1609702083.7973309,1609702083.8035758,0.0062448978424072266
45c0d8c566814821bdc0f82a3b12207e,k-means,warm,exec,queue,0.042724609375,2.384185791015625e-07,2.384185791015625e-07,1609702083.7297976,1609702083.9234586,0.19366097450256348,1609702083.8039846,1609702083.8112426,0.007257938385009766
e74d191cd25c453e81cdb0e4afad5a85,k-means,warm,exec,queue,0.04779767990112305,2.384185791015625e-07,0.0,1609702083.7313097,1609702083.9975107,0.2662010192871094,1609702083.8096156,1609702083.8173897,0.0077741146087646484
b5b06045c41f4efd914e96ef445f3a9c,k-means,warm,exec,queue,0.023227214813232422,2.384185791015625e-07,2.384185791015625e-07,1609702083.7328396,1609702083.978448,0.24560832977294922,1609702083.783448,1609702083.7901978,0.006749868392944336
aede168c39ca483f906517f4917adc77,k-means,warm,exec,queue,0.011026620864868164,2.384185791015625e-07,0.0,1609702083.7344382,1609702083.9788685,0.2444303035736084,1609702083.7677038,1609702083.7758448,0.008141040802001953
f776eeff3e7045478f0e89c5a609c39d,k-means,warm,exec,queue,0.007913827896118164,4.76837158203125e-07,2.384185791015625e-07,1609702083.7359571,1609702083.8495288,0.1135716438293457,1609702083.76464,1609702083.77223,0.007589817047119141
6cfebf7e7e814aa999c9a5c1edb2ed79,k-means,warm,exec,queue,0.060296058654785156,2.384185791015625e-07,0.0,1609702083.7374825,1609702084.032424,0.29494142532348633,1609702083.8251338,1609702083.8323963,0.007262468338012695
1b638f459048480ea8be5fabb0a03a10,k-means,warm,exec,queue,0.06540870666503906,2.384185791015625e-07,2.384185791015625e-07,1609702083.7390664,1609702083.9986207,0.259554386138916,1609702083.8291652,1609702083.8335307,0.004365444183349609
603664ce23a744a9b9775e37bb8054da,video,warm,exec,queue,0.013873577117919922,2.384185791015625e-07,0.0,1609702083.7405684,1609702083.978007,0.23743867874145508,1609702083.7831395,1609702083.8004475,0.01730799674987793
351594c09ad243638f852a4ab3b19a18,k-means,warm,exec,queue,0.0065157413482666016,2.384185791015625e-07,2.384185791015625e-07,1609702085.7109227,1609702085.8945906,0.18366789817810059,1609702085.7748275,1609702085.783253,0.008425474166870117
561ed2b1d4864a8b8291e3871bead6bb,k-means,warm,exec,queue,0.057669878005981445,2.384185791015625e-07,2.384185791015625e-07,1609702085.714711,1609702086.2116182,0.49690723419189453,1609702085.8266826,1609702085.8324711,0.005788564682006836
dd4c74301ab44dec9e48abeb0d811631,k-means,warm,exec,queue,0.06272768974304199,2.384185791015625e-07,2.384185791015625e-07,1609702085.7179394,1609702086.0197241,0.3017847537994385,1609702085.832662,1609702085.838441,0.005778789520263672
9f3c726a958a4af881977c2e03fec775,k-means,warm,exec,queue,0.03926253318786621,2.384185791015625e-07,0.0,1609702085.720478,1609702086.128057,0.4075789451599121,1609702085.8034248,1609702085.809949,0.006524085998535156
5ecf8b4711ef4144aa55a08e87a2ae7f,k-means,warm,exec,queue,0.04472088813781738,2.384185791015625e-07,2.384185791015625e-07,1609702085.7232969,1609702085.9266927,0.20339584350585938,1609702085.8126822,1609702085.8201406,0.00745844841003418
82ab8a013df84943a606fb4c30a7a272,k-means,warm,exec,queue,0.04937243461608887,2.384185791015625e-07,4.76837158203125e-07,1609702085.7251997,1609702086.011854,0.2866542339324951,1609702085.816849,1609702085.8235102,0.006661176681518555
5b8549a3b24d493494a66352b2022149,k-means,warm,exec,queue,0.054379940032958984,2.384185791015625e-07,2.384185791015625e-07,1609702085.7266707,1609702085.9250996,0.19842886924743652,1609702085.821087,1609702085.8264914,0.005404472351074219
7d409460b060412a90705922273d4fab,k-means,warm,exec,queue,0.03461003303527832,7.152557373046875e-07,2.384185791015625e-07,1609702085.7281344,1609702085.967123,0.23898863792419434,1609702085.8007257,1609702085.807285,0.0065593719482421875
73809f9f04f54e9b950e91002fd3f3e1,k-means,warm,exec,queue,0.027444124221801758,4.76837158203125e-07,2.384185791015625e-07,1609702085.7297244,1609702085.8920414,0.16231703758239746,1609702085.7979202,1609702085.805136,0.007215738296508789
9190f5c6da5845bbb6ad2a2dde778a18,k-means,warm,exec,queue,0.02152276039123535,4.76837158203125e-07,4.76837158203125e-07,1609702085.731187,1609702086.0443454,0.3131582736968994,1609702085.7850728,1609702085.7930984,0.008025646209716797
6f9ad025320f496d99a789df3c8af4b0,k-means,warm,exec,queue,0.017093658447265625,2.384185791015625e-07,0.0,1609702085.7326577,1609702085.9688184,0.2361607551574707,1609702085.7798252,1609702085.787936,0.008110761642456055
530441a6c73e4f9ca10da22e88cd2069,k-means,warm,exec,queue,0.012362480163574219,4.76837158203125e-07,2.384185791015625e-07,1609702085.7341225,1609702085.8941607,0.16003823280334473,1609702085.7748346,1609702085.7825916,0.007756948471069336
65b2b05a1cdc474f8ca1715053d53008,k-means,warm,exec,queue,0.06772041320800781,4.76837158203125e-07,0.0,1609702085.7356844,1609702086.0206444,0.2849600315093994,1609702085.838133,1609702085.8429039,0.004770755767822266
60efd0a9ffcf4a4da165093875879b1c,k-means,warm,exec,queue,0.07273459434509277,4.76837158203125e-07,2.384185791015625e-07,1609702085.7371614,1609702086.289492,0.552330493927002,1609702085.8433847,1609702085.8494866,0.006101846694946289
ed939846031d40a69164fd3fb55931eb,k-means,warm,exec,queue,0.07734441757202148,2.384185791015625e-07,2.384185791015625e-07,1609702085.7386394,1609702086.1275015,0.38886213302612305,1609702085.8483763,1609702085.854729,0.006352663040161133
dea60e2353684329b67b4d2390d70ddc,k-means,warm,exec,queue,0.08286333084106445,2.384185791015625e-07,2.384185791015625e-07,1609702085.7400894,1609702086.0211985,0.281109094619751,1609702085.8541,1609702085.8591483,0.005048274993896484
4aa0b494099442d1888366ae72dbaf1d,k-means,warm,exec,queue,0.08832144737243652,2.384185791015625e-07,2.384185791015625e-07,1609702085.7416506,1609702086.2876174,0.5459668636322021,1609702085.860293,1609702085.8658416,0.005548715591430664
9280c87346b740beb2efe7b6ca228e23,k-means,warm,exec,queue,0.09368133544921875,2.384185791015625e-07,2.384185791015625e-07,1609702085.743097,1609702086.0191917,0.2760946750640869,1609702085.8652177,1609702085.8694305,0.004212856292724609
6798adaed72d4dab83272f0a85eb6ec6,video,warm,exec,queue,0.016458988189697266,2.384185791015625e-07,2.384185791015625e-07,1609702085.7445626,1609702086.0202858,0.2757232189178467,1609702085.798488,1609702085.816026,0.017538070678710938
81b1550c086245088c5800b0708d0239,matmul,warm,exec,queue,0.0206298828125,2.384185791015625e-07,2.384185791015625e-07,1609702085.7460313,1609702086.12981,0.38377881050109863,1609702085.7992687,1609702085.8099005,0.010631799697875977
50921fd306bf49ddbffd6ab18b5a5f2b,map_reduce,warm,exec,queue,0.023489952087402344,2.384185791015625e-07,2.384185791015625e-07,1609702085.747585,1609702086.0185983,0.2710132598876953,1609702085.800219,1609702085.885234,0.08501505851745605
bb2df208a85f46b79539c4c16c9940e3,k-means,warm,exec,queue,0.0059506893157958984,4.76837158203125e-07,2.384185791015625e-07,1609702086.6918852,1609702086.8338356,0.14195036888122559,1609702086.7439659,1609702086.7513988,0.0074329376220703125
92780a5a0ae64e238b535eca3e3452ee,k-means,warm,exec,queue,0.026168107986450195,2.384185791015625e-07,0.0,1609702086.696006,1609702087.0441275,0.34812140464782715,1609702086.7602208,1609702086.7651274,0.004906654357910156
e453be9201ed4b29ad16238743424d8f,k-means,warm,exec,queue,0.030626535415649414,4.76837158203125e-07,2.384185791015625e-07,1609702086.6985955,1609702087.176303,0.4777073860168457,1609702086.7653303,1609702086.7702181,0.004887819290161133
49dd3d323ceb441c9e1d4fddee01b009,k-means,warm,exec,queue,0.035016775131225586,2.384185791015625e-07,0.0,1609702086.7011657,1609702087.175715,0.4745492935180664,1609702086.7717032,1609702086.7778819,0.006178617477416992
d694179052404ae3acd25d603fc2cd32,k-means,warm,exec,queue,0.040233612060546875,2.384185791015625e-07,0.0,1609702086.7040055,1609702086.875463,0.17145752906799316,1609702086.7758498,1609702086.780266,0.004416227340698242
f57b1323479741eeb900f9e13bcaef3c,k-means,warm,exec,queue,0.021179914474487305,2.384185791015625e-07,2.384185791015625e-07,1609702086.705694,1609702086.9174125,0.21171855926513672,1609702086.7553582,1609702086.763888,0.0085296630859375
8156ae42c0ae43d8847253babecb3405,k-means,warm,exec,queue,0.05779552459716797,2.384185791015625e-07,0.0,1609702086.707197,1609702087.1728988,0.4657018184661865,1609702086.7982113,1609702086.8024669,0.004255533218383789
3d7746d9d4824610940b4e25c813f9fd,k-means,warm,exec,queue,0.05263328552246094,7.152557373046875e-07,2.384185791015625e-07,1609702086.708704,1609702086.952197,0.24349308013916016,1609702086.7926927,1609702086.7978857,0.005192995071411133
7d92a92efcac4e6b9097b72e9f262dd1,k-means,warm,exec,queue,0.015787124633789062,4.76837158203125e-07,2.384185791015625e-07,1609702086.7102172,1609702086.8737898,0.1635725498199463,1609702086.749293,1609702086.7573085,0.00801539421081543
df60dbc4fa8b4f0bb02bf44b5f79868f,k-means,warm,exec,queue,0.01092386245727539,4.76837158203125e-07,0.0,1609702086.7121248,1609702086.832012,0.11988711357116699,1609702086.7438877,1609702086.7520392,0.008151531219482422
f7197965b9784d9ea2306b1dd7f6a3aa,k-means,warm,exec,queue,0.04790925979614258,4.76837158203125e-07,2.384185791015625e-07,1609702086.7136986,1609702086.9924192,0.2787206172943115,1609702086.7877457,1609702086.7920716,0.00432586669921875
cd57c496dab244c1b213be9a9d0d3bd7,k-means,warm,exec,queue,0.04293012619018555,4.76837158203125e-07,2.384185791015625e-07,1609702086.7152593,1609702086.9503195,0.2350602149963379,1609702086.7846527,1609702086.7911475,0.006494760513305664
5ec19d1c1cc0458bb5db6133d625fe19,k-means,warm,exec,queue,0.06272029876708984,4.76837158203125e-07,2.384185791015625e-07,1609702086.71682,1609702087.124913,0.4080929756164551,1609702086.8036444,1609702086.808801,0.005156517028808594
0b5a255fe3fc4c078c7949bd6b4f28c9,k-means,warm,exec,queue,0.06777691841125488,2.384185791015625e-07,0.0,1609702086.718456,1609702087.0458663,0.3274102210998535,1609702086.8090293,1609702086.8130066,0.003977298736572266
bec518dab6794bb9a38c1fae119616b4,k-means,warm,exec,queue,0.07226681709289551,2.384185791015625e-07,2.384185791015625e-07,1609702086.7199395,1609702086.953844,0.23390460014343262,1609702086.8140807,1609702086.818572,0.004491329193115234
4214db4340d04413b03143bdcc6c0de2,k-means,warm,exec,queue,0.0003821849822998047,4.76837158203125e-07,2.384185791015625e-07,1609702087.699607,1609702087.842256,0.14264917373657227,1609702087.7504878,1609702087.758884,0.008396148681640625
0a2cde2254a84eaaa8e4eafafed5f2e4,k-means,warm,exec,queue,0.009022951126098633,2.384185791015625e-07,2.384185791015625e-07,1609702087.7037323,1609702087.842599,0.13886666297912598,1609702087.7501347,1609702087.7582552,0.008120536804199219
2d446eb7971b4a2eb012c6230fa4c9dc,k-means,warm,exec,queue,0.013999223709106445,4.76837158203125e-07,2.384185791015625e-07,1609702087.7063382,1609702087.8405187,0.13418054580688477,1609702087.755472,1609702087.7637255,0.00825357437133789
77ff76b54e834d2abd01dac084c49e07,k-means,warm,exec,queue,0.01844477653503418,4.76837158203125e-07,2.384185791015625e-07,1609702087.7089214,1609702087.8913603,0.18243885040283203,1609702087.7607067,1609702087.7689042,0.008197546005249023
69a8a43d680c4bb89bab18d77e69d0a2,k-means,warm,exec,queue,0.025150775909423828,2.384185791015625e-07,2.384185791015625e-07,1609702087.711749,1609702087.9641843,0.25243520736694336,1609702087.77112,1609702087.7771091,0.00598907470703125
0c0e203683ba472d8e1b1bb72d399f0d,k-means,warm,exec,queue,0.02959418296813965,2.384185791015625e-07,0.0,1609702087.7135105,1609702087.964788,0.25127744674682617,1609702087.772397,1609702087.777409,0.005012035369873047
e8f032629264451d87f88b5d17d1dfd4,k-means,warm,exec,queue,0.03439831733703613,2.384185791015625e-07,2.384185791015625e-07,1609702087.715041,1609702087.960883,0.24584197998046875,1609702087.7776513,1609702087.7840257,0.006374359130859375
d34ce38d99914b1fa26769964e716993,k-means,warm,exec,queue,0.039371490478515625,2.384185791015625e-07,0.0,1609702087.7165895,1609702088.0683706,0.35178112983703613,1609702087.784554,1609702087.7897081,0.005154132843017578
ce77966fe1744cbfa97d36ce3bda2ad5,k-means,warm,exec,queue,0.04381871223449707,2.384185791015625e-07,2.384185791015625e-07,1609702087.7181444,1609702088.1708915,0.452747106552124,1609702087.7897046,1609702087.7960618,0.0063571929931640625
1a269f7f265d4f059bc1c02af1126889,k-means,warm,exec,queue,0.04825592041015625,2.384185791015625e-07,2.384185791015625e-07,1609702087.7198093,1609702087.98234,0.2625308036804199,1609702087.795821,1609702087.8020606,0.006239652633666992
edb3fa1a246848ac9736fa0940fe3934,k-means,warm,exec,queue,0.05268287658691406,2.384185791015625e-07,2.384185791015625e-07,1609702087.721365,1609702087.9578903,0.236525297164917,1609702087.7987256,1609702087.8051229,0.006397247314453125
b6256e242d3e40dcb9dc80c6494782c2,k-means,warm,exec,queue,0.057424306869506836,2.384185791015625e-07,2.384185791015625e-07,1609702087.7229083,1609702088.174107,0.4511988162994385,1609702087.8040686,1609702087.8091218,0.005053281784057617
2e795197ce744f15bcf535d3368ba48c,k-means,warm,exec,queue,0.06251263618469238,2.384185791015625e-07,2.384185791015625e-07,1609702087.724464,1609702087.9614997,0.23703575134277344,1609702087.8109972,1609702087.816693,0.005695819854736328
5f2926a9f2624fd3822af4ac7a1b9530,video,warm,exec,queue,0.01654791831970215,2.384185791015625e-07,0.0,1609702087.7261326,1609702087.8903022,0.1641695499420166,1609702087.7722552,1609702087.789655,0.01739978790283203
234c2269d3194d85b5a84ca16208f666,k-means,warm,exec,queue,0.0046689510345458984,2.384185791015625e-07,2.384185791015625e-07,1609702088.6873007,1609702088.7953515,0.10805082321166992,1609702088.7172043,1609702088.724356,0.007151603698730469
271226d8891f4b95b6143b355f810e66,k-means,warm,exec,queue,0.009312868118286133,2.384185791015625e-07,2.384185791015625e-07,1609702088.6913831,1609702088.793627,0.10224390029907227,1609702088.7216141,1609702088.7294993,0.007885217666625977
a225064cc06f4cf283c727c90aa49d91,k-means,warm,exec,queue,0.014467477798461914,2.384185791015625e-07,0.0,1609702088.693923,1609702088.8380349,0.14411187171936035,1609702088.7273996,1609702088.7348967,0.007497072219848633
8ff9be7ac21f43a2af438d4041ce934d,k-means,warm,exec,queue,0.0189974308013916,4.76837158203125e-07,2.384185791015625e-07,1609702088.6964278,1609702088.8385813,0.14215350151062012,1609702088.7319715,1609702088.7380435,0.006072044372558594
f241a5dba6574ba1a3135d09c0dff0f0,k-means,warm,exec,queue,0.023936033248901367,4.76837158203125e-07,2.384185791015625e-07,1609702088.6989343,1609702089.010875,0.31194067001342773,1609702088.7377052,1609702088.7431955,0.005490303039550781
de70d48f27da4b85900f8ab7319279af,k-means,warm,exec,queue,0.028548717498779297,4.76837158203125e-07,2.384185791015625e-07,1609702088.7011378,1609702088.8353746,0.13423681259155273,1609702088.743737,1609702088.7499921,0.006255149841308594
962694110a664573b35f759f57d59eb9,k-means,warm,exec,queue,0.03293108940124512,2.384185791015625e-07,4.76837158203125e-07,1609702088.7025769,1609702088.8597305,0.15715360641479492,1609702088.7488105,1609702088.755441,0.006630420684814453
a182f828efce474b99b1d66a86f9f061,k-means,warm,exec,queue,0.0003895759582519531,4.76837158203125e-07,2.384185791015625e-07,1609702089.701935,1609702089.839597,0.13766193389892578,1609702089.752472,1609702089.7603137,0.007841825485229492
49bae143ac784c959fafcfed5c8eac21,k-means,warm,exec,queue,0.055243492126464844,2.384185791015625e-07,2.384185791015625e-07,1609702089.7061327,1609702090.0233815,0.3172488212585449,1609702089.8072734,1609702089.8118925,0.004619121551513672
cccb5801dc544433aae4c4479143a52e,k-means,warm,exec,queue,0.06018495559692383,4.76837158203125e-07,4.76837158203125e-07,1609702089.7087314,1609702090.087898,0.3791666030883789,1609702089.814299,1609702089.8207362,0.006437063217163086
7d344e98e3944161a000a47c0553e41e,k-means,warm,exec,queue,0.0066127777099609375,4.76837158203125e-07,0.0,1609702089.7112846,1609702089.8401608,0.1288762092590332,1609702089.753259,1609702089.761445,0.008186101913452148
5e96e9662c5b4573860615da4149dfef,k-means,warm,exec,queue,0.011589527130126953,7.152557373046875e-07,2.384185791015625e-07,1609702089.7141197,1609702089.8367786,0.12265896797180176,1609702089.7564244,1609702089.7646463,0.008221864700317383
f3a96ffc55f54917ad2e99b59d4b26f8,k-means,warm,exec,queue,0.016139984130859375,2.384185791015625e-07,2.384185791015625e-07,1609702089.716862,1609702090.0273998,0.31053781509399414,1609702089.7616143,1609702089.7697089,0.008094549179077148
b524651ea90c4e8ab480b14048e91ed0,k-means,warm,exec,queue,0.020944595336914062,2.384185791015625e-07,2.384185791015625e-07,1609702089.7184045,1609702089.8796074,0.16120290756225586,1609702089.7738101,1609702089.7819164,0.008106231689453125
74980250bc1d460b90e5cb0d01887091,k-means,warm,exec,queue,0.028307437896728516,2.384185791015625e-07,4.76837158203125e-07,1609702089.7199385,1609702089.8779442,0.1580057144165039,1609702089.7758467,1609702089.7816057,0.005759000778198242
47bb735ed2ab4dc08f432df948074c15,k-means,warm,exec,queue,0.033734798431396484,2.384185791015625e-07,2.384185791015625e-07,1609702089.721499,1609702090.022777,0.30127811431884766,1609702089.779507,1609702089.784255,0.004748106002807617
3034f523dcb8497981957a8f9713f450,k-means,warm,exec,queue,0.03912091255187988,2.384185791015625e-07,2.384185791015625e-07,1609702089.723169,1609702089.9309566,0.20778751373291016,1609702089.7905066,1609702089.7980652,0.007558584213256836
4eea4a4865004cdb8cd4a0ca22689d68,k-means,warm,exec,queue,0.04387974739074707,2.384185791015625e-07,2.384185791015625e-07,1609702089.7247322,1609702089.9709485,0.2462162971496582,1609702089.7918189,1609702089.797899,0.006080150604248047
3e6d710998cf448bbac8b2851c86a39a,k-means,warm,exec,queue,0.048439741134643555,2.384185791015625e-07,2.384185791015625e-07,1609702089.7262657,1609702090.0268743,0.30060863494873047,1609702089.797518,1609702089.8044767,0.006958723068237305
ccb887c7caa642e6ab25b9a3b3f17e19,k-means,warm,exec,queue,0.05306601524353027,2.384185791015625e-07,2.384185791015625e-07,1609702089.7278101,1609702090.0278754,0.300065279006958,1609702089.801736,1609702089.8079216,0.0061855316162109375
c72cf3812afe4d45a8b7492e61ae32bc,video,warm,exec,queue,0.01947784423828125,2.384185791015625e-07,4.76837158203125e-07,1609702089.7295022,1609702089.930385,0.2008829116821289,1609702089.7748077,1609702089.7922463,0.017438650131225586
ab3058c117a74a618cf17f21eb83404c,k-means,warm,exec,queue,7.724761962890625e-05,4.76837158203125e-07,2.384185791015625e-07,1609702090.6958826,1609702090.8311114,0.13522887229919434,1609702090.7438269,1609702090.7515335,0.007706642150878906
996a8dbb1c7944b88094e8639ea0d67a,k-means,warm,exec,queue,0.008759021759033203,4.76837158203125e-07,2.384185791015625e-07,1609702090.6999307,1609702090.8300352,0.13010454177856445,1609702090.7444623,1609702090.7518497,0.007387399673461914
b524a599384841a88a1fd34df6098068,k-means,warm,exec,queue,0.013199567794799805,2.384185791015625e-07,2.384185791015625e-07,1609702090.701593,1609702090.8971915,0.19559860229492188,1609702090.7481196,1609702090.7559993,0.00787973403930664
aad89dd7b6ff430bac7c8bb60f5cddb4,k-means,warm,exec,queue,0.018533706665039062,4.76837158203125e-07,0.0,1609702090.7031717,1609702090.8662338,0.16306209564208984,1609702090.7550437,1609702090.7628877,0.007843971252441406
07e9c846f6f747a5b87bc1e39b37c4cc,k-means,warm,exec,queue,0.024277925491333008,2.384185791015625e-07,2.384185791015625e-07,1609702090.7049775,1609702090.9799619,0.27498435974121094,1609702090.766948,1609702090.7732773,0.00632929801940918
ddd01bd38a5f468cbe1af8ebcd4bd14c,k-means,warm,exec,queue,0.029085397720336914,4.76837158203125e-07,2.384185791015625e-07,1609702090.7065272,1609702090.863214,0.15668678283691406,1609702090.7701826,1609702090.7762823,0.006099700927734375
d6497a939c1e474a8c723ac1f0897d12,k-means,warm,exec,queue,0.03344607353210449,2.384185791015625e-07,2.384185791015625e-07,1609702090.7080743,1609702090.8657112,0.1576368808746338,1609702090.7705996,1609702090.7755702,0.004970550537109375
585519440b3f4a2086365ef0954e889d,k-means,warm,exec,queue,0.03787851333618164,2.384185791015625e-07,0.0,1609702090.7096593,1609702090.9816797,0.2720203399658203,1609702090.7764437,1609702090.7838798,0.007436037063598633
821431b857374cffbeb2d7b68b082437,k-means,warm,exec,queue,0.042862653732299805,2.384185791015625e-07,0.0,1609702090.7112124,1609702090.902017,0.19080471992492676,1609702090.7825878,1609702090.7886798,0.006092071533203125
523f78c22f9e4722b8abd55c6e57462c,k-means,warm,exec,queue,0.04776144027709961,4.76837158203125e-07,2.384185791015625e-07,1609702090.7129197,1609702091.0439706,0.3310508728027344,1609702090.7873964,1609702090.792061,0.00466465950012207
12a3a972805f40bba255bc61baec4171,k-means,warm,exec,queue,0.0525360107421875,2.384185791015625e-07,0.0,1609702090.714464,1609702090.9009087,0.18644475936889648,1609702090.7939494,1609702090.8008742,0.006924867630004883
d52d7e789f1f4dbcaaf1bca8f415a2ac,k-means,warm,exec,queue,0.05703306198120117,4.76837158203125e-07,2.384185791015625e-07,1609702090.7160077,1609702091.0433629,0.32735514640808105,1609702090.7975378,1609702090.801734,0.0041961669921875
0d16b15af070450e8974ce8d39ba27d0,video,warm,exec,queue,0.01614212989807129,4.76837158203125e-07,0.0,1609702090.7175713,1609702091.0402553,0.32268404960632324,1609702090.7675853,1609702090.7848394,0.017254114151000977
786916a053164010a7b7c75c241383f3,matmul,warm,exec,queue,0.020795583724975586,2.384185791015625e-07,2.384185791015625e-07,1609702090.7192173,1609702090.9014938,0.18227648735046387,1609702090.769042,1609702090.7800565,0.011014461517333984
545a66da24dd47ba9755001fbd1f6ac2,k-means,warm,exec,queue,7.867813110351562e-05,4.76837158203125e-07,2.384185791015625e-07,1609702091.6906714,1609702091.8083916,0.11772012710571289,1609702091.731197,1609702091.7394729,0.008275747299194336
215d30b5edfe46fdb66e61656965ebfb,k-means,warm,exec,queue,0.005487918853759766,2.384185791015625e-07,2.384185791015625e-07,1609702091.695022,1609702091.8071747,0.1121525764465332,1609702091.7303314,1609702091.7379162,0.007584810256958008
74940f937d5d4f7c8a78c2f271993520,k-means,warm,exec,queue,0.04395651817321777,2.384185791015625e-07,0.0,1609702091.697661,1609702091.9244099,0.22674894332885742,1609702091.7738488,1609702091.7788017,0.004952907562255859
b5c031a2f4bd44b8bf04aa8b0e7c5b7e,k-means,warm,exec,queue,0.010319948196411133,2.384185791015625e-07,0.0,1609702091.7002656,1609702091.8586895,0.15842390060424805,1609702091.7363155,1609702091.7446043,0.008288860321044922
405f8260d4db4019a79b684c2036cb1a,k-means,warm,exec,queue,0.014954805374145508,4.76837158203125e-07,4.76837158203125e-07,1609702091.7028816,1609702091.8332043,0.13032269477844238,1609702091.7416072,1609702091.7495906,0.00798344612121582
0be500fed0a548168d07c6531e27f116,k-means,warm,exec,queue,0.020287513732910156,2.384185791015625e-07,2.384185791015625e-07,1609702091.7051976,1609702091.8827157,0.17751812934875488,1609702091.7464702,1609702091.7526386,0.006168365478515625
ec44e9b3b3de49feaa4b8d2d44b63486,k-means,warm,exec,queue,0.024758577346801758,2.384185791015625e-07,2.384185791015625e-07,1609702091.7067454,1609702091.926206,0.21946072578430176,1609702091.7516172,1609702091.7578473,0.00623011589050293
6604e00905a8446ca2aa73ae55821956,k-means,warm,exec,queue,0.02981114387512207,2.384185791015625e-07,2.384185791015625e-07,1609702091.7082984,1609702092.0749614,0.36666297912597656,1609702091.7585602,1609702091.7644017,0.005841493606567383
6a607a9f56a74d5ea4ede7e4a5bb0579,k-means,warm,exec,queue,0.034514427185058594,7.152557373046875e-07,2.384185791015625e-07,1609702091.709859,1609702091.8570518,0.14719295501708984,1609702091.7635605,1609702091.7695534,0.005992889404296875
d6f9a3fe878c46ad84e0d12535510b9b,k-means,warm,exec,queue,0.039212703704833984,2.384185791015625e-07,0.0,1609702091.7115257,1609702091.8317432,0.12021756172180176,1609702091.768895,1609702091.774967,0.006072044372558594
e70a1cb7b8324a4db9b2ba47346b153b,k-means,warm,exec,queue,0.004007101058959961,4.76837158203125e-07,2.384185791015625e-07,1609702092.6959186,1609702092.8523982,0.1564795970916748,1609702092.769153,1609702092.7774835,0.008330345153808594
a6bd1784c9c54e96a94aced1e49cbafc,k-means,warm,exec,queue,0.012173175811767578,2.384185791015625e-07,2.384185791015625e-07,1609702092.700097,1609702092.8507113,0.15061426162719727,1609702092.7698028,1609702092.7779505,0.008147716522216797
55647f2c73c245959358646ac31c4c2b,k-means,warm,exec,queue,0.07680845260620117,2.384185791015625e-07,0.0,1609702092.7027037,1609702092.9023607,0.19965696334838867,1609702092.8187196,1609702092.823744,0.005024433135986328
b684e71ebf1a4fcfa50c4beddf888a0e,k-means,warm,exec,queue,0.07228708267211914,2.384185791015625e-07,0.0,1609702092.70498,1609702092.9816248,0.2766449451446533,1609702092.8159711,1609702092.822956,0.0069849491119384766
ef911be604884e308937631b526449ed,k-means,warm,exec,queue,0.06778788566589355,4.76837158203125e-07,4.76837158203125e-07,1609702092.7067094,1609702092.982808,0.27609872817993164,1609702092.8096366,1609702092.8157675,0.00613093376159668
994e6a3f80ee40a28b024c974249d9bb,k-means,warm,exec,queue,0.06327319145202637,2.384185791015625e-07,4.76837158203125e-07,1609702092.7082677,1609702092.9774845,0.26921677589416504,1609702092.8043005,1609702092.80913,0.00482940673828125
886db3548eaf42afbe406df90cb15e60,k-means,warm,exec,queue,0.05831027030944824,2.384185791015625e-07,2.384185791015625e-07,1609702092.7098083,1609702092.9425783,0.23276996612548828,1609702092.7975924,1609702092.804201,0.006608486175537109
d003146f7cd74f6e8a88ee8f652338d7,k-means,warm,exec,queue,0.05343294143676758,2.384185791015625e-07,0.0,1609702092.7113552,1609702092.9040575,0.1927022933959961,1609702092.7923152,1609702092.797106,0.004790782928466797
797ba36515d9486d800aa04adc763580,k-means,warm,exec,queue,0.04832315444946289,4.76837158203125e-07,0.0,1609702092.7129364,1609702092.9006505,0.1877140998840332,1609702092.7912881,1609702092.7982812,0.00699305534362793
7b003bf43ccb42e6a90d46b652cff752,k-means,warm,exec,queue,0.034708499908447266,0.0,2.384185791015625e-07,1609702092.714613,1609702092.9460907,0.2314777374267578,1609702092.7702818,1609702092.7785008,0.008219003677368164
ef5615c951a846e8aa8ab0190a337fbd,k-means,warm,exec,queue,0.03968167304992676,2.384185791015625e-07,2.384185791015625e-07,1609702092.7161634,1609702092.9443583,0.2281949520111084,1609702092.7748418,1609702092.7830713,0.008229494094848633
bafe753f0ca14c4da64be1ebc2b6fafb,k-means,warm,exec,queue,0.08211755752563477,2.384185791015625e-07,2.384185791015625e-07,1609702092.717748,1609702093.0932958,0.3755478858947754,1609702092.82477,1609702092.8309774,0.006207466125488281
4512e18430774705a72f31662f3a8a61,k-means,warm,exec,queue,0.04495859146118164,2.384185791015625e-07,2.384185791015625e-07,1609702092.7192945,1609702093.0949986,0.3757040500640869,1609702092.7814953,1609702092.7900622,0.008566856384277344
55ac306b291e4bcc92bb96cb9fb2eda5,video,warm,exec,queue,0.04044318199157715,2.384185791015625e-07,2.384185791015625e-07,1609702092.7209692,1609702092.9822316,0.2612624168395996,1609702092.7919507,1609702092.8090894,0.01713871955871582
3cd321de51334de8be2cd195a0853a73,k-means,warm,exec,queue,0.0008618831634521484,2.384185791015625e-07,4.76837158203125e-07,1609702093.6949933,1609702093.8149827,0.11998939514160156,1609702093.7438424,1609702093.7523215,0.008479118347167969
4782d4b00b964ebbb78a1137f3af0d1a,k-means,warm,exec,queue,0.026634931564331055,2.384185791015625e-07,2.384185791015625e-07,1609702093.6991003,1609702093.8805845,0.18148422241210938,1609702093.765318,1609702093.7715313,0.00621342658996582
77e474b3607b40e89abd5f6f81f6bdfb,k-means,warm,exec,queue,0.0315093994140625,2.384185791015625e-07,2.384185791015625e-07,1609702093.7017004,1609702093.954379,0.25267863273620605,1609702093.7704973,1609702093.7765203,0.006022930145263672
95a7de60f80e41d7bde5d27d29c23fe6,k-means,warm,exec,queue,0.03652501106262207,2.384185791015625e-07,2.384185791015625e-07,1609702093.704278,1609702093.9983556,0.29407763481140137,1609702093.7791574,1609702093.7863736,0.007216215133666992
85666aaa07a741ff985b60b96317fbbd,k-means,warm,exec,queue,0.040920257568359375,4.76837158203125e-07,2.384185791015625e-07,1609702093.7071395,1609702093.9966211,0.28948163986206055,1609702093.7822945,1609702093.7870119,0.004717350006103516
c92d8a8891844b6c85330b7afac3e1f4,k-means,warm,exec,queue,0.045549631118774414,2.384185791015625e-07,2.384185791015625e-07,1609702093.7092001,1609702093.8822775,0.17307734489440918,1609702093.7864892,1609702093.7909164,0.004427194595336914
61fc8f38c54342d5af82fb750d9669ce,k-means,warm,exec,queue,0.05061650276184082,7.152557373046875e-07,2.384185791015625e-07,1609702093.710768,1609702094.05541,0.34464192390441895,1609702093.7936993,1609702093.7997942,0.006094932556152344
6f1a176465e04f9fa0a7ee7e7a7d30a6,k-means,warm,exec,queue,0.0033864974975585938,4.76837158203125e-07,2.384185791015625e-07,1609702093.7123506,1609702093.8120077,0.09965705871582031,1609702093.7438293,1609702093.7517369,0.007907629013061523
998ba29f9ded421abee77751f827bb3a,k-means,warm,exec,queue,0.009567975997924805,4.76837158203125e-07,2.384185791015625e-07,1609702093.7139359,1609702093.8788328,0.16489696502685547,1609702093.7447999,1609702093.7526567,0.00785684585571289
7b1454cf8145489c89674226763195c2,k-means,warm,exec,queue,0.013937950134277344,2.384185791015625e-07,0.0,1609702093.7156463,1609702093.8144414,0.09879517555236816,1609702093.7488565,1609702093.7572415,0.008384943008422852
0c47bc1a143c4dd994fc088648df86ef,k-means,warm,exec,queue,0.01934504508972168,4.76837158203125e-07,2.384185791015625e-07,1609702093.7172477,1609702093.8366723,0.11942458152770996,1609702093.7552197,1609702093.763624,0.008404254913330078
4cde4ee0c3064e1b8690d1359364fe16,k-means,warm,exec,queue,0.0237271785736084,2.384185791015625e-07,2.384185791015625e-07,1609702093.71885,1609702093.9135108,0.19466090202331543,1609702093.764259,1609702093.7710845,0.006825447082519531
069fd93e72074868aea75b2daf33c5f8,k-means,warm,exec,queue,0.0066165924072265625,2.384185791015625e-07,2.384185791015625e-07,1609702094.6966896,1609702094.8234637,0.12677407264709473,1609702094.732706,1609702094.7402341,0.007528066635131836
175a355f29d14ac88670ad108a54af86,k-means,warm,exec,queue,0.05038809776306152,2.384185791015625e-07,2.384185791015625e-07,1609702094.7006197,1609702094.9824984,0.2818787097930908,1609702094.7813556,1609702094.785576,0.004220485687255859
395d4191e4704d209bf5fcc695eed8f6,k-means,warm,exec,queue,0.045114755630493164,2.384185791015625e-07,2.384185791015625e-07,1609702094.7032056,1609702094.8934073,0.1902017593383789,1609702094.7769156,1609702094.7835796,0.0066640377044677734
7b23b8ea331841608e027568327a07f3,k-means,warm,exec,queue,0.04064798355102539,2.384185791015625e-07,2.384185791015625e-07,1609702094.705388,1609702095.141541,0.43615293502807617,1609702094.7702265,1609702094.7746077,0.0043811798095703125
be50ca8978de475baf03fa60a485f2ff,k-means,warm,exec,queue,0.03528261184692383,2.384185791015625e-07,2.384185791015625e-07,1609702094.7071884,1609702095.0150278,0.30783939361572266,1609702094.7654114,1609702094.7706223,0.00521087646484375
9c6f7b1f92a74b4685ee2eed69352d05,k-means,warm,exec,queue,0.030759572982788086,2.384185791015625e-07,0.0,1609702094.7088244,1609702094.9334733,0.22464895248413086,1609702094.7601442,1609702094.7646132,0.0044689178466796875
13a29115c4b34817beef28420902fa92,k-means,warm,exec,queue,0.026149272918701172,2.384185791015625e-07,2.384185791015625e-07,1609702094.7104442,1609702094.8916566,0.1812124252319336,1609702094.754049,1609702094.759364,0.005314826965332031
bb2c2ff086214a2eaf7d267c7dfb6805,k-means,warm,exec,queue,0.011078119277954102,2.384185791015625e-07,2.384185791015625e-07,1609702094.7120588,1609702094.8253407,0.1132819652557373,1609702094.738091,1609702094.7463892,0.008298158645629883
37d52db11ada4fa0b81c35bc7f99586f,k-means,warm,exec,queue,0.016428709030151367,2.384185791015625e-07,2.384185791015625e-07,1609702094.713705,1609702094.9315135,0.21780848503112793,1609702094.7446113,1609702094.7528374,0.008226156234741211
082ad4805fe94b5a932a8ee1a279b6f9,k-means,warm,exec,queue,0.020877838134765625,4.76837158203125e-07,2.384185791015625e-07,1609702094.715463,1609702094.8899367,0.17447376251220703,1609702094.748409,1609702094.7531822,0.004773139953613281
ec92a9f9405444a5b5683a69985fafc2,k-means,warm,exec,queue,0.007326364517211914,2.384185791015625e-07,0.0,1609702095.7028759,1609702095.8336203,0.13074445724487305,1609702095.758788,1609702095.7667415,0.007953405380249023
03a59e8ee4bd4f5987dc2290f326a9ea,k-means,warm,exec,queue,0.053627729415893555,2.384185791015625e-07,4.76837158203125e-07,1609702095.7073505,1609702096.3048103,0.5974597930908203,1609702095.8085678,1609702095.8164666,0.007898807525634766
acdbbb10bded46cb9cb3492f271463b8,k-means,warm,exec,queue,0.058562517166137695,4.76837158203125e-07,2.384185791015625e-07,1609702095.709964,1609702096.7214756,1.0115115642547607,1609702095.81439,1609702095.8205237,0.0061337947845458984
295af07843b847f2a4999df229a4f767,k-means,warm,exec,queue,0.015368223190307617,4.76837158203125e-07,2.384185791015625e-07,1609702095.71255,1609702095.9360886,0.22353863716125488,1609702095.7643337,1609702095.7723756,0.008041858673095703
9cde1aa54d004da1995778d1aa61540a,k-means,warm,exec,queue,0.019855022430419922,2.384185791015625e-07,2.384185791015625e-07,1609702095.7153914,1609702096.5736377,0.8582463264465332,1609702095.7690256,1609702095.7765074,0.007481813430786133
f0e5ae7709b2412ea76744c9800da4b4,k-means,warm,exec,queue,0.025388717651367188,2.384185791015625e-07,2.384185791015625e-07,1609702095.7172763,1609702095.934348,0.2170717716217041,1609702095.7816393,1609702095.7886245,0.006985187530517578
05773f814d824cb68e073aaa1bc1d681,k-means,warm,exec,queue,0.031830787658691406,2.384185791015625e-07,2.384185791015625e-07,1609702095.7187817,1609702096.290082,0.5713002681732178,1609702095.7859676,1609702095.7926006,0.00663304328918457
0d295138851e4d97a32268c25bfba0e1,k-means,warm,exec,queue,0.0363161563873291,4.76837158203125e-07,0.0,1609702095.720302,1609702096.658149,0.9378468990325928,1609702095.7877245,1609702095.7947567,0.007032155990600586
1c32aec47cb34d23ad2da155c81dd433,k-means,warm,exec,queue,0.0413661003112793,2.384185791015625e-07,0.0,1609702095.7218018,1609702096.7838144,1.0620126724243164,1609702095.7966042,1609702095.804446,0.007841825485229492
722874f37db24d29882875bb165f69e1,k-means,warm,exec,queue,0.04578590393066406,2.384185791015625e-07,2.384185791015625e-07,1609702095.7234154,1609702096.2883127,0.5648972988128662,1609702095.801777,1609702095.8087177,0.0069408416748046875
9b13f1dee4784e45aa3ac36d3602dc1e,k-means,warm,exec,queue,0.05041790008544922,2.384185791015625e-07,0.0,1609702095.7249367,1609702096.7227929,0.9978561401367188,1609702095.8047652,1609702095.811433,0.0066678524017333984
e9f782a414034b199073c3d84c700529,k-means,warm,exec,queue,0.01053476333618164,2.384185791015625e-07,0.0,1609702095.726434,1609702096.577059,0.8506250381469727,1609702095.7590332,1609702095.767098,0.008064746856689453
f312fb8c3841466cb0a748d50930d233,video,warm,exec,queue,0.017475605010986328,2.384185791015625e-07,0.0,1609702095.7279358,1609702096.5764349,0.848499059677124,1609702095.782801,1609702095.7998595,0.017058610916137695
3eeb02783af645368aa3edeffe017402,matmul,warm,exec,queue,0.02105879783630371,2.384185791015625e-07,2.384185791015625e-07,1609702095.729581,1609702096.5787537,0.8491725921630859,1609702095.785028,1609702095.7964013,0.011373281478881836
6dfe76137e1544f8a1759d411984f5bd,map_reduce,warm,exec,queue,0.02364349365234375,2.384185791015625e-07,0.0,1609702095.731076,1609702096.5718484,0.8407723903656006,1609702095.7861152,1609702095.870802,0.0846867561340332
866cd94d62c74ab38a969e64f9a2144d,disk,warm,exec,queue,0.02776026725769043,4.76837158203125e-07,2.384185791015625e-07,1609702095.732595,1609702096.7218587,0.9892637729644775,1609702095.7876732,1609702095.7940102,0.00633692741394043
a45088c274e242aeac4e71c3daa80fc7,image,cold,exec,create,0.037891387939453125,4.36519455909729,0.0,1609702095.734185,1609702100.240326,4.506140947341919,1609702100.1615674,1609702100.183555,0.021987438201904297
99d8f4835bf24da08c4b4255888e2705,k-means,warm,exec,queue,0.0036585330963134766,2.384185791015625e-07,2.384185791015625e-07,1609702096.6942453,1609702097.7461731,1.0519278049468994,1609702096.737153,1609702096.7442598,0.007106781005859375
858b9855f8094a0c97ca6391d048d060,k-means,warm,exec,queue,0.03870820999145508,2.384185791015625e-07,0.0,1609702096.6982782,1609702098.6123083,1.9140300750732422,1609702096.7763684,1609702096.7824225,0.0060541629791259766
add68c685c2f4607bf075ce3f5e8571b,k-means,warm,exec,queue,0.03415179252624512,2.384185791015625e-07,2.384185791015625e-07,1609702096.7008848,1609702098.0586164,1.357731580734253,1609702096.7711148,1609702096.7762723,0.005157470703125
639ff31942494dc7a2ab9b3aef82c0f5,k-means,warm,exec,queue,0.02951836585998535,4.76837158203125e-07,2.384185791015625e-07,1609702096.7034516,1609702098.0391603,1.3357086181640625,1609702096.7645016,1609702096.770584,0.0060825347900390625
58291f145ce2439daa230ed9ae46888a,k-means,warm,exec,queue,0.024970054626464844,4.76837158203125e-07,2.384185791015625e-07,1609702096.7062206,1609702097.782816,1.0765953063964844,1609702096.7591262,1609702096.7649512,0.005825042724609375
b8d2d33b34974e35973423a15bb5d1ef,k-means,warm,exec,queue,0.007823467254638672,2.384185791015625e-07,0.0,1609702096.7088835,1609702098.0361195,1.3272359371185303,1609702096.738097,1609702096.7462177,0.00812077522277832
dd5bd82a54fd45fa8d61a829b96f103a,k-means,warm,exec,queue,0.0125274658203125,4.76837158203125e-07,0.0,1609702096.7104204,1609702098.036601,1.3261806964874268,1609702096.7430618,1609702096.7512014,0.008139610290527344
d53896868fdf4c71979fc2cba14654f1,k-means,warm,exec,queue,0.01715874671936035,2.384185791015625e-07,4.76837158203125e-07,1609702096.711952,1609702098.0369751,1.3250231742858887,1609702096.7487605,1609702096.7560508,0.007290363311767578
3863ebd71a6249589d23cb051592fbf6,k-means,warm,exec,queue,0.022916316986083984,4.76837158203125e-07,2.384185791015625e-07,1609702096.7135081,1609702097.7465518,1.033043622970581,1609702096.757226,1609702096.7632556,0.006029605865478516
ce7fc4e82c21463b975e77e76196e702,k-means,warm,exec,queue,0.002205371856689453,4.76837158203125e-07,4.76837158203125e-07,1609702097.7047083,1609702098.6118512,0.9071428775787354,1609702097.7640765,1609702097.7722933,0.00821685791015625
a3c3a2654c7d4ba18241e59cc37b6d5b,k-means,warm,exec,queue,0.008161544799804688,4.76837158203125e-07,2.384185791015625e-07,1609702097.7092233,1609702098.6114924,0.9022691249847412,1609702097.7643676,1609702097.7724173,0.008049726486206055
406f2fa89e4c496a9b25bcbaa6f7a479,k-means,warm,exec,queue,0.013127326965332031,2.384185791015625e-07,0.0,1609702097.711893,1609702098.0319524,0.32005929946899414,1609702097.7691174,1609702097.7773018,0.008184432983398438
e0f755602e60491791151504821f08a3,k-means,warm,exec,queue,0.01850128173828125,2.384185791015625e-07,2.384185791015625e-07,1609702097.7145786,1609702098.606396,0.8918173313140869,1609702097.7755857,1609702097.7838643,0.008278608322143555
824fbf2847154a70bd7d086e41a2ed0e,k-means,warm,exec,queue,0.024789094924926758,2.384185791015625e-07,2.384185791015625e-07,1609702097.7172637,1609702098.2882485,0.5709848403930664,1609702097.785905,1609702097.7917929,0.0058879852294921875
f72cf496fe0a44cda1c3958d4bd288af,k-means,warm,exec,queue,0.029729127883911133,2.384185791015625e-07,2.384185791015625e-07,1609702097.7188306,1609702098.4376547,0.7188241481781006,1609702097.7884238,1609702097.797087,0.008663177490234375
faf944dbeb2040468a7f029ddfdab2c9,k-means,warm,exec,queue,0.03456306457519531,4.76837158203125e-07,4.76837158203125e-07,1609702097.7204075,1609702098.5213475,0.8009400367736816,1609702097.7916331,1609702097.7979963,0.0063631534576416016
2d753e8ddbc84d4aa008314bba198873,k-means,warm,exec,queue,0.03922843933105469,2.384185791015625e-07,2.384185791015625e-07,1609702097.7220223,1609702098.1967688,0.4747464656829834,1609702097.7988539,1609702097.8065858,0.007731914520263672
7f6e8550f7734fd3b02bb9a173ed7e34,k-means,warm,exec,queue,0.043843746185302734,2.384185791015625e-07,2.384185791015625e-07,1609702097.723715,1609702098.0387788,0.3150637149810791,1609702097.804411,1609702097.8109744,0.006563425064086914
5a2c4cc713bc43178a148e892012bdb3,k-means,warm,exec,queue,0.048696279525756836,2.384185791015625e-07,0.0,1609702097.7253845,1609702098.1983714,0.47298693656921387,1609702097.8072665,1609702097.8139997,0.0067331790924072266
4d97ed233de34b588c81ecd02d3354a0,k-means,warm,exec,queue,0.053231000900268555,2.384185791015625e-07,2.384185791015625e-07,1609702097.726947,1609702098.6454742,0.9185271263122559,1609702097.8140457,1609702097.8210125,0.006966829299926758
1f635f976cc744f4b895c10f0f747e5d,k-means,warm,exec,queue,0.05852079391479492,4.76837158203125e-07,2.384185791015625e-07,1609702097.7286036,1609702098.1936157,0.4650120735168457,1609702097.8189266,1609702097.8248236,0.005897045135498047
82b3ee0f731b41b980d23bbb8ff94d90,k-means,warm,exec,queue,0.06384849548339844,2.384185791015625e-07,2.384185791015625e-07,1609702097.730161,1609702098.6477907,0.9176297187805176,1609702097.8238769,1609702097.8300185,0.00614166259765625
1f734845f57f48579efd23e48f805c0d,k-means,warm,exec,queue,0.06853055953979492,4.76837158203125e-07,2.384185791015625e-07,1609702097.731693,1609702098.1949492,0.4632561206817627,1609702097.8302085,1609702097.8359833,0.005774736404418945
f9505578f91b46e494818355a8212604,k-means,warm,exec,queue,0.07331442832946777,2.384185791015625e-07,2.384185791015625e-07,1609702097.7332466,1609702098.197212,0.46396541595458984,1609702097.8353515,1609702097.841223,0.00587153434753418
d83155a2837a442786883a217433d641,k-means,warm,exec,queue,0.0779414176940918,2.384185791015625e-07,2.384185791015625e-07,1609702097.735726,1609702098.5195162,0.783790111541748,1609702097.8412764,1609702097.8477068,0.006430387496948242
eb0b1c98d7ec428eacbb5fd26307a545,video,warm,exec,queue,0.0167691707611084,2.384185791015625e-07,2.384185791015625e-07,1609702097.7373018,1609702098.6057534,0.8684515953063965,1609702097.786781,1609702097.8059223,0.019141197204589844
71cbfc8fd8654b7cbdc1b482177d4bfe,k-means,warm,exec,queue,0.002080202102661133,4.76837158203125e-07,2.384185791015625e-07,1609702098.699972,1609702098.9140441,0.21407222747802734,1609702098.7462482,1609702098.755194,0.008945703506469727
02c263dc3f7347ce91cf21c153057158,k-means,warm,exec,queue,0.03137922286987305,4.76837158203125e-07,4.76837158203125e-07,1609702098.7040298,1609702098.9499664,0.24593663215637207,1609702098.771214,1609702098.7776601,0.006446123123168945
651060289aff40b2be98dd97785c5330,k-means,warm,exec,queue,0.03639554977416992,2.384185791015625e-07,2.384185791015625e-07,1609702098.7061949,1609702098.915803,0.2096080780029297,1609702098.7813177,1609702098.7889802,0.007662534713745117
59611a0b67b24bbdb0955c3405581e58,k-means,warm,exec,queue,0.041345834732055664,2.384185791015625e-07,2.384185791015625e-07,1609702098.7083037,1609702099.0166194,0.3083157539367676,1609702098.7843292,1609702098.791803,0.00747370719909668
c6f23aa9a3a24d83971e8f1bbe350fda,k-means,warm,exec,queue,0.04598045349121094,2.384185791015625e-07,2.384185791015625e-07,1609702098.7108898,1609702099.1357155,0.42482566833496094,1609702098.7875197,1609702098.7936547,0.006134986877441406
ddad30f15e3b4254b21f494f1393eabb,k-means,warm,exec,queue,0.05104804039001465,4.76837158203125e-07,2.384185791015625e-07,1609702098.7129967,1609702099.1339064,0.4209096431732178,1609702098.7951267,1609702098.8013942,0.006267547607421875
1d27e28512ad44258ea5d712d46f2080,k-means,warm,exec,queue,0.05608844757080078,2.384185791015625e-07,2.384185791015625e-07,1609702098.7150843,1609702098.9493318,0.23424744606018066,1609702098.8000984,1609702098.8060648,0.0059664249420166016
496f5a3a078143c5b7f65b57ab976e57,k-means,warm,exec,queue,0.02670454978942871,2.384185791015625e-07,2.384185791015625e-07,1609702098.7170312,1609702098.8668191,0.14978790283203125,1609702098.7676432,1609702098.7741148,0.0064716339111328125
b54f215318fa4d4eb810d4403ecf90fc,k-means,warm,exec,queue,0.0220181941986084,2.384185791015625e-07,2.384185791015625e-07,1609702098.7185466,1609702099.0579205,0.3393738269805908,1609702098.7651134,1609702098.771181,0.006067752838134766
2268a6da8194475589d97f343caf506b,k-means,warm,exec,queue,0.01676654815673828,2.384185791015625e-07,2.384185791015625e-07,1609702098.7202096,1609702098.951738,0.23152852058410645,1609702098.7553456,1609702098.7621272,0.006781578063964844
e2239ba4db304e209e2077a384cfb382,k-means,warm,exec,queue,0.008431434631347656,2.384185791015625e-07,2.384185791015625e-07,1609702098.7217333,1609702098.832107,0.11037373542785645,1609702098.7449405,1609702098.751955,0.00701451301574707
bac7c15f06244349bb60bfc627baf4d7,k-means,warm,exec,queue,0.013747453689575195,2.384185791015625e-07,4.76837158203125e-07,1609702098.723247,1609702098.832721,0.10947394371032715,1609702098.7501802,1609702098.758074,0.007893800735473633
39f59c21437e490ba55e62a4110699ac,k-means,warm,exec,queue,0.007274627685546875,4.76837158203125e-07,2.384185791015625e-07,1609702099.700283,1609702099.876972,0.17668890953063965,1609702099.7408423,1609702099.7484686,0.00762629508972168
6972fe40d9ec4b6b869dbfef567f5327,k-means,warm,exec,queue,0.04920053482055664,4.76837158203125e-07,2.384185791015625e-07,1609702099.7043328,1609702099.9995663,0.29523348808288574,1609702099.7913084,1609702099.797876,0.006567478179931641
969cbc2a4d1547938ea4bd57b334614a,video,warm,exec,queue,0.018159151077270508,2.384185791015625e-07,2.384185791015625e-07,1609702099.7068748,1609702099.996528,0.28965306282043457,1609702099.7589326,1609702099.7758718,0.016939163208007812
cbb17ca72513430789f613f770d1a619,k-means,warm,exec,queue,0.041016340255737305,4.76837158203125e-07,2.384185791015625e-07,1609702099.7094305,1609702100.0001478,0.29071736335754395,1609702099.7793667,1609702099.7853994,0.006032705307006836
5c9b1141773b41cc92f8a00ab69efcca,k-means,warm,exec,queue,0.03629422187805176,2.384185791015625e-07,0.0,1609702099.712255,1609702100.0313785,0.3191235065460205,1609702099.7724023,1609702099.7779293,0.005527019500732422
c5039795504c4e6286b4bca54c2fca96,k-means,warm,exec,queue,0.03186655044555664,4.76837158203125e-07,2.384185791015625e-07,1609702099.7137828,1609702099.9539433,0.24016046524047852,1609702099.7683895,1609702099.7758663,0.007476806640625
6272d4f4203945b3a25566f80e2d0b17,k-means,warm,exec,queue,0.02743983268737793,2.384185791015625e-07,2.384185791015625e-07,1609702099.7152295,1609702100.0648668,0.3496372699737549,1609702099.763483,1609702099.7703097,0.006826639175415039
314fb172da114341b64337b016c9da7f,k-means,warm,exec,queue,0.022957801818847656,2.384185791015625e-07,2.384185791015625e-07,1609702099.7166905,1609702100.0631876,0.3464970588684082,1609702099.7589333,1609702099.766268,0.007334709167480469
35fce811ffb141ebb36ddb05e9b0fbf0,k-means,warm,exec,queue,0.015750885009765625,2.384185791015625e-07,2.384185791015625e-07,1609702099.7181432,1609702099.8726459,0.15450263023376465,1609702099.7494988,1609702099.756499,0.0070002079010009766
57ba18c89e4b480a9c63cd57a93326eb,k-means,warm,exec,queue,0.011215686798095703,4.76837158203125e-07,2.384185791015625e-07,1609702099.7197413,1609702099.876402,0.1566605567932129,1609702099.7452316,1609702099.752161,0.0069293975830078125
71a4cc422dc9490bb9dc82dcdd884d19,k-means,warm,exec,queue,0.04579877853393555,4.76837158203125e-07,2.384185791015625e-07,1609702099.7212098,1609702099.877515,0.15630531311035156,1609702099.7838576,1609702099.7889462,0.0050885677337646484
e852f54e666d47d1a6b54eddde0b4f5f,k-means,warm,exec,queue,0.007382631301879883,7.152557373046875e-07,2.384185791015625e-07,1609702100.7060769,1609702100.836475,0.13039803504943848,1609702100.7622933,1609702100.7699003,0.007606983184814453
353c6720736c4682be42da538d0d426a,k-means,warm,exec,queue,0.05542612075805664,2.384185791015625e-07,2.384185791015625e-07,1609702100.7102282,1609702100.9065552,0.19632697105407715,1609702100.8123794,1609702100.8187594,0.0063800811767578125
c6bba07c9d5048f0ada6bc0c6a9a765c,k-means,warm,exec,queue,0.01717519760131836,4.76837158203125e-07,2.384185791015625e-07,1609702100.7127512,1609702100.8353846,0.12263345718383789,1609702100.7673826,1609702100.7744002,0.007017612457275391
23a9901d47c34055b0a05a051e9947ec,k-means,warm,exec,queue,0.022396564483642578,4.76837158203125e-07,2.384185791015625e-07,1609702100.7152145,1609702100.8359463,0.12073183059692383,1609702100.7739425,1609702100.7805455,0.0066030025482177734
ff958e536b0747d4ac3dc90ab7ef2a69,k-means,warm,exec,queue,0.027730703353881836,4.76837158203125e-07,2.384185791015625e-07,1609702100.717991,1609702100.9075902,0.18959903717041016,1609702100.7812529,1609702100.7868059,0.005553007125854492
95283e6b255345afaa2f925c208e38d2,k-means,warm,exec,queue,0.032851219177246094,2.384185791015625e-07,2.384185791015625e-07,1609702100.720395,1609702101.1016748,0.38127970695495605,1609702100.784916,1609702100.7898748,0.0049588680267333984
a287694c68784538a24d7eea3fe18a7a,k-means,warm,exec,queue,0.03800058364868164,2.384185791015625e-07,2.384185791015625e-07,1609702100.72182,1609702100.9947178,0.27289772033691406,1609702100.792078,1609702100.7975128,0.005434751510620117
238ebaa9d7dc494c8c6644889eb5a1e3,k-means,warm,exec,queue,0.04326152801513672,2.384185791015625e-07,0.0,1609702100.7232482,1609702100.9014654,0.17821717262268066,1609702100.7973914,1609702100.8018942,0.004502773284912109
fa843c4f7c0f497097879bf55da3fe1c,k-means,warm,exec,queue,0.04833674430847168,4.76837158203125e-07,2.384185791015625e-07,1609702100.724686,1609702100.9008372,0.17615127563476562,1609702100.8033516,1609702100.809447,0.006095409393310547
30e3a9d2369a4270a51280b4cb907ee8,k-means,warm,exec,queue,0.05271768569946289,2.384185791015625e-07,2.384185791015625e-07,1609702100.7262223,1609702100.907085,0.1808626651763916,1609702100.8075736,1609702100.8130488,0.005475282669067383
dc750019414a4d29ac6645653d0810a9,k-means,warm,exec,queue,0.06004929542541504,2.384185791015625e-07,2.384185791015625e-07,1609702100.7276385,1609702100.994078,0.26643943786621094,1609702100.8189487,1609702100.8237667,0.004817962646484375
94fbd0dd297148c685335619c3d3dc19,k-means,warm,exec,queue,0.012656450271606445,2.384185791015625e-07,0.0,1609702100.729083,1609702100.831758,0.10267496109008789,1609702100.762461,1609702100.7701333,0.007672309875488281
5a9000f67b154ee1ad7f82f257aec52d,k-means,warm,exec,queue,0.06517553329467773,2.384185791015625e-07,2.384185791015625e-07,1609702100.7305062,1609702101.1258833,0.39537715911865234,1609702100.824928,1609702100.830145,0.005216836929321289
e37eddc0309e42f29908c44fe58821ad,k-means,warm,exec,queue,0.06997990608215332,2.384185791015625e-07,2.384185791015625e-07,1609702100.7320197,1609702101.0670736,0.3350539207458496,1609702100.8295345,1609702100.8341565,0.004621982574462891
b06947a504284151940e234255925633,k-means,warm,exec,queue,0.07508635520935059,2.384185791015625e-07,2.384185791015625e-07,1609702100.733446,1609702101.0250225,0.291576623916626,1609702100.8367808,1609702100.843336,0.006555318832397461
71c09150bfe943208c5badd25ca9c61e,k-means,warm,exec,queue,0.08046674728393555,0.0,0.0,1609702100.7348614,1609702101.1278856,0.393024206161499,1609702100.840604,1609702100.8447623,0.0041582584381103516
649cdbc8f6a443f59060dafaaedd9461,matmul,warm,exec,queue,0.015389680862426758,2.384185791015625e-07,2.384185791015625e-07,1609702100.7363744,1609702100.9059832,0.16960883140563965,1609702100.780957,1609702100.7904296,0.00947260856628418
2be00503afee4378ac957e6d1e420abc,k-means,warm,exec,queue,0.004236698150634766,4.76837158203125e-07,2.384185791015625e-07,1609702101.6996331,1609702101.8377512,0.13811802864074707,1609702101.7409265,1609702101.7480931,0.007166624069213867
af0e02e029a6406d87a750a4e4ed9298,video,warm,exec,queue,0.015012025833129883,2.384185791015625e-07,0.0,1609702101.7035615,1609702102.478445,0.774883508682251,1609702101.7626946,1609702101.7792802,0.016585588455200195
cc788b7e26b24a188828750485ef51a8,k-means,warm,exec,queue,0.04432201385498047,4.76837158203125e-07,2.384185791015625e-07,1609702101.7059684,1609702102.427735,0.7217667102813721,1609702101.7852383,1609702101.7908955,0.005657196044921875
478046dccd964812bd5b6dd41135ae33,k-means,warm,exec,queue,0.03991842269897461,4.76837158203125e-07,2.384185791015625e-07,1609702101.7083316,1609702102.5116718,0.8033401966094971,1609702101.7793171,1609702101.7853785,0.0060613155364990234
ad51d541a8014cab911ab00643374f28,k-means,warm,exec,queue,0.03545069694519043,2.384185791015625e-07,0.0,1609702101.7109382,1609702102.3710213,0.6600830554962158,1609702101.774166,1609702101.7790203,0.0048542022705078125
e167d4a289334b688e3688d0af44e157,k-means,warm,exec,queue,0.03039407730102539,2.384185791015625e-07,0.0,1609702101.7130744,1609702102.5535462,0.8404717445373535,1609702101.7675068,1609702101.7733717,0.005864858627319336
8a5416afa3234c43a2b6395487152215,k-means,warm,exec,queue,0.008837223052978516,2.384185791015625e-07,0.0,1609702101.714552,1609702101.8358743,0.1213223934173584,1609702101.7417254,1609702101.7493434,0.007617950439453125
308f943aaae14b2dae169181bcf5b610,k-means,warm,exec,queue,0.013561487197875977,2.384185791015625e-07,2.384185791015625e-07,1609702101.7160285,1609702101.8940594,0.17803096771240234,1609702101.7472532,1609702101.7541025,0.0068492889404296875
fa2a29b1868843a6a14e6790257fa309,k-means,warm,exec,queue,0.018763065338134766,2.384185791015625e-07,2.384185791015625e-07,1609702101.7175195,1609702102.3256238,0.6081042289733887,1609702101.7530365,1609702101.7608757,0.007839202880859375
854eaa6ab07a4bc7873f7e2ed9e26c2e,k-means,warm,exec,queue,0.023595809936523438,2.384185791015625e-07,0.0,1609702101.7191045,1609702102.4296896,0.7105851173400879,1609702101.7620292,1609702101.7684948,0.0064656734466552734
c1dd263fd726438e8dbb8b31121fc888,k-means,warm,exec,queue,0.02820587158203125,2.384185791015625e-07,2.384185791015625e-07,1609702101.7205846,1609702102.369117,0.6485323905944824,1609702101.7625499,1609702101.7671096,0.004559755325317383
ba13a189ae994901bbf3a69c40d0e8ba,k-means,warm,exec,queue,0.004481792449951172,4.76837158203125e-07,0.0,1609702102.7015927,1609702102.8209126,0.11931991577148438,1609702102.7436762,1609702102.7508864,0.007210254669189453
9a0c51c331ad46e2a3f84ab027fad5d4,k-means,warm,exec,queue,0.0579986572265625,2.384185791015625e-07,2.384185791015625e-07,1609702102.70533,1609702102.9968686,0.29153871536254883,1609702102.801251,1609702102.806789,0.005537986755371094
0cd5ec9aab2b44abb9e3e8377c021f61,k-means,warm,exec,queue,0.05238795280456543,4.76837158203125e-07,2.384185791015625e-07,1609702102.707229,1609702102.963035,0.25580620765686035,1609702102.7966888,1609702102.8030946,0.006405830383300781
5bae7ec0f73b48d7b3d30e313c271b80,k-means,warm,exec,queue,0.047510623931884766,2.384185791015625e-07,0.0,1609702102.7093189,1609702103.1055193,0.39620041847229004,1609702102.7896428,1609702102.7954288,0.005785942077636719
c9c5e852ab45481c8f7a614189ad12b5,k-means,warm,exec,queue,0.04275059700012207,2.384185791015625e-07,2.384185791015625e-07,1609702102.7113647,1609702102.9986336,0.28726887702941895,1609702102.7849946,1609702102.7905316,0.0055370330810546875
71f0653d8f284555b6bb51a1baab0aa6,k-means,warm,exec,queue,0.03714442253112793,2.384185791015625e-07,0.0,1609702102.7133572,1609702102.933432,0.22007489204406738,1609702102.7793608,1609702102.7837439,0.004383087158203125
57b5fc79cd364f70b30e1ce444d17b69,k-means,warm,exec,queue,0.0323028564453125,4.76837158203125e-07,2.384185791015625e-07,1609702102.7152336,1609702102.848541,0.13330745697021484,1609702102.7739449,1609702102.778944,0.0049991607666015625
842df02b90a347ad8d8c915ccd878eef,k-means,warm,exec,queue,0.008136749267578125,4.76837158203125e-07,0.0,1609702102.7173557,1609702102.8220367,0.10468101501464844,1609702102.7455947,1609702102.7534113,0.007816553115844727
9191d569a46d414c92f74e06604554c9,k-means,warm,exec,queue,0.0130462646484375,4.76837158203125e-07,2.384185791015625e-07,1609702102.7195072,1609702102.9328883,0.21338105201721191,1609702102.750535,1609702102.758382,0.007847070693969727
6cc8943b54bc442cad4d2b4c9bb3e871,k-means,warm,exec,queue,0.018344640731811523,2.384185791015625e-07,0.0,1609702102.721451,1609702102.8455236,0.12407255172729492,1609702102.7579665,1609702102.765553,0.007586479187011719
1e9b25fc7a0d4b2db93224fd5928ff04,k-means,warm,exec,queue,0.023391246795654297,7.152557373046875e-07,2.384185791015625e-07,1609702102.722979,1609702102.8468885,0.12390947341918945,1609702102.764361,1609702102.7704968,0.0061359405517578125
17f321f7ca9e43adb9f092003e5aa027,k-means,warm,exec,queue,0.0286862850189209,7.152557373046875e-07,2.384185791015625e-07,1609702102.7245207,1609702102.935307,0.2107863426208496,1609702102.767397,1609702102.7723453,0.00494837760925293
6f27e86da95b4e72b1f7290be9195f30,k-means,warm,exec,queue,0.005327939987182617,4.76837158203125e-07,0.0,1609702103.7089114,1609702103.8433585,0.1344470977783203,1609702103.761496,1609702103.7693567,0.007860660552978516
c34d217f56d14f399e6bad29e2338059,k-means,warm,exec,queue,0.043750762939453125,4.76837158203125e-07,2.384185791015625e-07,1609702103.7132783,1609702103.9605968,0.24731850624084473,1609702103.8007255,1609702103.8054879,0.004762411117553711
0c983b229ca24ad1ba9b4cb4c3df5cf5,k-means,warm,exec,queue,0.048693180084228516,2.384185791015625e-07,0.0,1609702103.715858,1609702104.036425,0.32056713104248047,1609702103.8051958,1609702103.8111472,0.005951404571533203
8177780b4a4f4121b58696de5e13548b,k-means,warm,exec,queue,0.05395650863647461,2.384185791015625e-07,0.0,1609702103.7184534,1609702104.0385401,0.3200867176055908,1609702103.8117287,1609702103.8166595,0.004930734634399414
1a6090f080e84b2abb7812cdc3e6dc1c,k-means,warm,exec,queue,0.058776140213012695,4.76837158203125e-07,2.384185791015625e-07,1609702103.7213125,1609702104.1306143,0.4093017578125,1609702103.8172593,1609702103.8233817,0.0061223506927490234
2c1599c271ef426da8cdde013f1ba72a,k-means,warm,exec,queue,0.020666837692260742,4.76837158203125e-07,2.384185791015625e-07,1609702103.7238705,1609702104.0022192,0.2783486843109131,1609702103.7729337,1609702103.780217,0.007283210754394531
0dd77426ecfb4dc289068f1983348d9d,k-means,warm,exec,queue,0.026383161544799805,7.152557373046875e-07,2.384185791015625e-07,1609702103.725595,1609702104.0585878,0.3329927921295166,1609702103.782809,1609702103.7891207,0.006311655044555664
4b6accc4ae13437aa61ee85434e66458,k-means,warm,exec,queue,0.031104564666748047,2.384185791015625e-07,4.76837158203125e-07,1609702103.727114,1609702104.12789,0.4007761478424072,1609702103.785067,1609702103.7909534,0.0058863162994384766
c11f2206d1184d7286f46ed81f2980a5,k-means,warm,exec,queue,0.03630876541137695,2.384185791015625e-07,0.0,1609702103.7286808,1609702103.9370117,0.20833086967468262,1609702103.789472,1609702103.7953718,0.005899667739868164
c56daf43d16a42348d55333bd7aaca50,k-means,warm,exec,queue,0.04087090492248535,4.76837158203125e-07,2.384185791015625e-07,1609702103.730317,1609702103.9340303,0.20371317863464355,1609702103.7968192,1609702103.8042023,0.007383108139038086
00a8ffaba1ed42a1b00f2394c099965d,k-means,warm,exec,queue,0.015314817428588867,2.384185791015625e-07,2.384185791015625e-07,1609702103.731824,1609702103.9376192,0.2057952880859375,1609702103.7667143,1609702103.7746773,0.007962942123413086
dc511c14a5b34740999de7ea8f92ea62,k-means,warm,exec,queue,0.010162353515625,4.76837158203125e-07,2.384185791015625e-07,1609702103.733337,1609702103.841546,0.10820913314819336,1609702103.7618008,1609702103.769684,0.007883310317993164
ef1d6c8549de4e819832c19291d9f866,k-means,warm,exec,queue,0.06331944465637207,2.384185791015625e-07,0.0,1609702103.7348504,1609702104.060225,0.3253746032714844,1609702103.8220806,1609702103.8266814,0.0046007633209228516
bbe07fd089af4ae68e61077f39df639c,k-means,warm,exec,queue,0.06878113746643066,2.384185791015625e-07,2.384185791015625e-07,1609702103.7364764,1609702104.000024,0.2635476589202881,1609702103.8283832,1609702103.8342037,0.005820512771606445
57498a292703478f9a878cd9ecf4d262,video,warm,exec,queue,0.016488313674926758,2.384185791015625e-07,2.384185791015625e-07,1609702103.737987,1609702103.8657088,0.12772178649902344,1609702103.7833345,1609702103.7990184,0.015683889389038086
1cf70ffc564b4ac9a5e54b380eae846a,k-means,warm,exec,queue,0.0021843910217285156,7.152557373046875e-07,2.384185791015625e-07,1609702104.7092283,1609702104.844136,0.13490772247314453,1609702104.760512,1609702104.7693079,0.008795738220214844
feb37f2ceebf4ee999caa63519abf6f3,k-means,warm,exec,queue,0.04886674880981445,2.384185791015625e-07,0.0,1609702104.7136197,1609702104.9459038,0.2322840690612793,1609702104.8104835,1609702104.8169503,0.006466865539550781
a3eea5e6d7b14d7ba954540ef106fe7c,k-means,warm,exec,queue,0.05443620681762695,4.76837158203125e-07,2.384185791015625e-07,1609702104.7160316,1609702105.1882765,0.4722449779510498,1609702104.8143296,1609702104.8213332,0.0070035457611083984
1554822a43de44b5b814286fb6215acf,k-means,warm,exec,queue,0.01911139488220215,4.76837158203125e-07,0.0,1609702104.7184808,1609702104.912335,0.19385409355163574,1609702104.7730486,1609702104.7811806,0.008131980895996094
7db9c42c4dc74ce3ae2d9727d9ac16df,k-means,warm,exec,queue,0.02527761459350586,2.384185791015625e-07,2.384185791015625e-07,1609702104.7212403,1609702105.1888754,0.4676351547241211,1609702104.7896316,1609702104.7976148,0.007983207702636719
48debcf3d70242c39c23c0ebddbe5a79,k-means,warm,exec,queue,0.02988433837890625,4.76837158203125e-07,9.5367431640625e-07,1609702104.7237208,1609702105.0023248,0.27860403060913086,1609702104.7916334,1609702104.799325,0.007691621780395508
b80fd25b0dea4a8b9461f54001dddcf1,k-means,warm,exec,queue,0.03461623191833496,2.384185791015625e-07,2.384185791015625e-07,1609702104.7256138,1609702105.193494,0.4678802490234375,1609702104.7914898,1609702104.7980957,0.006605863571166992
1b9231493921457584689af11acc2b85,k-means,warm,exec,queue,0.039704084396362305,2.384185791015625e-07,2.384185791015625e-07,1609702104.727137,1609702105.0773823,0.35024523735046387,1609702104.794637,1609702104.801891,0.007254123687744141
2108564c3a124cd996a670946136cfb9,k-means,warm,exec,queue,0.045140981674194336,2.384185791015625e-07,2.384185791015625e-07,1609702104.7286675,1609702105.1312025,0.40253496170043945,1609702104.801357,1609702104.8103404,0.008983373641967773
aa53a42a9ba3497fa609479346fde153,k-means,warm,exec,queue,0.014461040496826172,2.384185791015625e-07,0.0,1609702104.7304823,1609702105.0381703,0.30768799781799316,1609702104.768083,1609702104.7767358,0.008652687072753906
e74518e8aae048bb85cf2d108f79d065,k-means,warm,exec,queue,0.009462594985961914,2.384185791015625e-07,0.0,1609702104.732003,1609702104.845917,0.11391401290893555,1609702104.7628658,1609702104.7711217,0.008255958557128906
9f9e5856158447f4a04bba0270fcc1c0,k-means,warm,exec,queue,0.007266521453857422,2.384185791015625e-07,2.384185791015625e-07,1609702104.7335618,1609702104.9439821,0.2104203701019287,1609702104.7614264,1609702104.769744,0.00831747055053711
ece28f11831a45aebba3004c73028215,k-means,warm,exec,queue,0.05903029441833496,2.384185791015625e-07,2.384185791015625e-07,1609702104.7350643,1609702105.194437,0.45937275886535645,1609702104.818285,1609702104.8248448,0.006559848785400391
c460db0c85d44cc6b62441c582233ed6,matmul,warm,exec,queue,0.016016006469726562,2.384185791015625e-07,0.0,1609702104.7367005,1609702104.9105387,0.17383813858032227,1609702104.7892535,1609702104.799205,0.009951591491699219
d1db86d97da44d75ad209192249c9dc5,k-means,warm,exec,queue,0.008536577224731445,2.384185791015625e-07,0.0,1609702105.705973,1609702105.8214283,0.11545538902282715,1609702105.7516782,1609702105.759832,0.008153676986694336
fec523f07c0c432f836a5be3b92fa518,k-means,warm,exec,queue,0.022785186767578125,2.384185791015625e-07,2.384185791015625e-07,1609702105.7101097,1609702105.969987,0.25987720489501953,1609702105.7685342,1609702105.7744715,0.005937337875366211
0017f05f03b649bd98b7f78186000127,k-means,warm,exec,queue,0.027501344680786133,2.384185791015625e-07,2.384185791015625e-07,1609702105.7127438,1609702105.860845,0.1481013298034668,1609702105.7764208,1609702105.7838843,0.0074634552001953125
0691c3152f8042119d9d96ae108e0f31,k-means,warm,exec,queue,0.031972408294677734,2.384185791015625e-07,0.0,1609702105.715318,1609702105.855553,0.14023494720458984,1609702105.7799103,1609702105.7861454,0.0062351226806640625
68813518d9c84042b55b6ee11848ac75,k-means,warm,exec,queue,0.03648686408996582,2.384185791015625e-07,2.384185791015625e-07,1609702105.718201,1609702106.06229,0.3440890312194824,1609702105.7848475,1609702105.7908282,0.005980730056762695
6a64fd848b0a43ac919fe71d4f4f7a09,k-means,warm,exec,queue,0.04152631759643555,2.384185791015625e-07,2.384185791015625e-07,1609702105.7206075,1609702105.969371,0.2487635612487793,1609702105.7949333,1609702105.8015542,0.006620883941650391
b032127a7e9e49e1895e40b9404b425e,k-means,warm,exec,queue,0.04642152786254883,4.76837158203125e-07,0.0,1609702105.7221324,1609702106.134662,0.41252946853637695,1609702105.7965724,1609702105.8020823,0.005509853363037109
644ea657252c4b4d9e547bfb9090d2fb,k-means,warm,exec,queue,0.05157589912414551,2.384185791015625e-07,2.384185791015625e-07,1609702105.723653,1609702106.1380014,0.4143483638763428,1609702105.800328,1609702105.80477,0.004441976547241211
f4a9b4a1576d4fbfa404aeaa11000ce1,k-means,warm,exec,queue,0.057050466537475586,4.76837158203125e-07,0.0,1609702105.725194,1609702105.9728794,0.24768543243408203,1609702105.8088377,1609702105.8157105,0.006872892379760742
53732e28b8534d31b9c3abf83e5b5a89,k-means,warm,exec,queue,0.016304731369018555,2.384185791015625e-07,0.0,1609702105.7268438,1609702105.8604634,0.1336195468902588,1609702105.7619538,1609702105.7700207,0.008066892623901367
bee3e7238cd441bfb4dbde30a0ecd36f,k-means,warm,exec,queue,0.012337207794189453,4.76837158203125e-07,2.384185791015625e-07,1609702105.7283738,1609702105.8600445,0.13167071342468262,1609702105.7570276,1609702105.7650118,0.007984161376953125
a1026eff3931483fbd8f7b5f7d546a62,video,warm,exec,queue,0.022280454635620117,0.0,2.384185791015625e-07,1609702105.729904,1609702106.0606577,0.33075380325317383,1609702105.7694137,1609702105.7864301,0.01701641082763672
97bd09d194024da1af76f20e1b65efea,map_reduce,warm,exec,queue,0.02151179313659668,4.76837158203125e-07,2.384185791015625e-07,1609702105.731464,1609702106.1374338,0.40596985816955566,1609702105.776425,1609702105.8610039,0.0845789909362793
fcb2a07809f94e2cae0835b7570c8c52,k-means,warm,exec,queue,0.0069065093994140625,7.152557373046875e-07,2.384185791015625e-07,1609702106.7049162,1609702106.8312933,0.12637710571289062,1609702106.743282,1609702106.7507942,0.007512092590332031
529d876ea1904e69b358349d986b6f50,k-means,warm,exec,queue,0.05053567886352539,2.384185791015625e-07,0.0,1609702106.708985,1609702107.0250287,0.3160436153411865,1609702106.791073,1609702106.7953563,0.00428318977355957
aca315db021447efb1be57fffcaeb62b,k-means,warm,exec,queue,0.04601597785949707,4.76837158203125e-07,2.384185791015625e-07,1609702106.711488,1609702106.869782,0.1582939624786377,1609702106.7861874,1609702106.7915375,0.0053501129150390625
643bfa8a71c6425db2744fefd4fef29f,k-means,warm,exec,queue,0.0409543514251709,2.384185791015625e-07,2.384185791015625e-07,1609702106.714009,1609702107.0571046,0.3430955410003662,1609702106.780255,1609702106.784205,0.003949880599975586
5f805e2a644f49a88af23f40d1eef97d,k-means,warm,exec,queue,0.035613059997558594,0.0,0.0,1609702106.7165134,1609702106.8682165,0.1517031192779541,1609702106.7739704,1609702106.779251,0.005280733108520508
78ad69175dc64572942aa52a6a46ebfa,k-means,warm,exec,queue,0.030607223510742188,2.384185791015625e-07,2.384185791015625e-07,1609702106.719295,1609702106.949617,0.23032188415527344,1609702106.7688098,1609702106.7727027,0.0038928985595703125
47745b17df9a4b9ca904f625aaab42de,k-means,warm,exec,queue,0.02565169334411621,2.384185791015625e-07,2.384185791015625e-07,1609702106.7211955,1609702106.9081306,0.1869351863861084,1609702106.763099,1609702106.7687857,0.005686759948730469
daf92fa2b4d74f349cd9872d1c452bf4,k-means,warm,exec,queue,0.011145353317260742,4.76837158203125e-07,2.384185791015625e-07,1609702106.7226477,1609702106.9065094,0.18386173248291016,1609702106.747632,1609702106.755295,0.00766301155090332
cb9a7cf03d3a4cd283def1d1170e265f,k-means,warm,exec,queue,0.015496015548706055,2.384185791015625e-07,2.384185791015625e-07,1609702106.7240884,1609702106.8676312,0.14354276657104492,1609702106.7525537,1609702106.7600965,0.007542848587036133
9a87d7a200b54bde891ec9d8986aa154,k-means,warm,exec,queue,0.02055644989013672,2.384185791015625e-07,2.384185791015625e-07,1609702106.7256374,1609702106.8649533,0.13931584358215332,1609702106.757751,1609702106.7630236,0.005272626876831055
a64b306b39f745bc83053faa5694e499,k-means,warm,exec,queue,0.004252433776855469,2.384185791015625e-07,2.384185791015625e-07,1609702107.7102857,1609702107.916649,0.20636343955993652,1609702107.7626257,1609702107.7701683,0.007542610168457031
6f8a299894d64980ba7b35676039b3e3,k-means,warm,exec,queue,0.05850481986999512,4.76837158203125e-07,2.384185791015625e-07,1609702107.7145228,1609702107.911304,0.19678115844726562,1609702107.8178537,1609702107.8239388,0.00608515739440918
b11ca70aa0c74d299e8c57e9fa7011ca,k-means,warm,exec,queue,0.053308963775634766,2.384185791015625e-07,2.384185791015625e-07,1609702107.7170575,1609702107.9171612,0.200103759765625,1609702107.8119729,1609702107.8192945,0.007321596145629883
2e16d678dd724935a696abfe6bbc5efd,k-means,warm,exec,queue,0.04798531532287598,2.384185791015625e-07,0.0,1609702107.7195399,1609702108.0796182,0.3600783348083496,1609702107.805622,1609702107.8114412,0.005819082260131836
8bfe21427d0c42e98728b1d61b4e5aa6,k-means,warm,exec,queue,0.042642831802368164,2.384185791015625e-07,2.384185791015625e-07,1609702107.7223175,1609702108.1368992,0.4145817756652832,1609702107.7998888,1609702107.8057134,0.005824565887451172
ccf9fd4960df4e9a885bbb5b368eadc2,k-means,warm,exec,queue,0.03802847862243652,4.76837158203125e-07,2.384185791015625e-07,1609702107.7247174,1609702107.9160829,0.19136548042297363,1609702107.7945728,1609702107.8007977,0.006224870681762695
d382fbae1ad3426ba567a5024231921a,k-means,warm,exec,queue,0.033429861068725586,2.384185791015625e-07,0.0,1609702107.7261465,1609702107.9176774,0.19153094291687012,1609702107.7883184,1609702107.7940283,0.00570988655090332
e47947c3117d4d38971d0c2141d05c17,k-means,warm,exec,queue,0.01113581657409668,2.384185791015625e-07,2.384185791015625e-07,1609702107.7275696,1609702107.843473,0.11590337753295898,1609702107.7627215,1609702107.7696939,0.006972312927246094
b0a2daa466b74e119ea7f04144d2c4c1,k-means,warm,exec,queue,0.016460418701171875,2.384185791015625e-07,0.0,1609702107.7290132,1609702107.842037,0.11302375793457031,1609702107.7678046,1609702107.7761192,0.00831460952758789
cb4ed2c3c8d54c8f8676452c1be354de,k-means,warm,exec,queue,0.02166604995727539,4.76837158203125e-07,2.384185791015625e-07,1609702107.7305512,1609702108.1447518,0.4142005443572998,1609702107.7738237,1609702107.781918,0.008094310760498047
0a97dae72837432c976d4ce8e0998884,k-means,warm,exec,queue,0.0260775089263916,4.76837158203125e-07,2.384185791015625e-07,1609702107.7319677,1609702108.1407173,0.4087495803833008,1609702107.7796702,1609702107.7862406,0.006570339202880859
ba01d0809448404ba6e7c43eb6a3a828,k-means,warm,exec,queue,0.03059983253479004,4.76837158203125e-07,2.384185791015625e-07,1609702107.733407,1609702107.883796,0.1503889560699463,1609702107.7835119,1609702107.788547,0.0050351619720458984
b78da9732cd44524891fd28a6cbb8f2b,k-means,warm,exec,queue,0.06371283531188965,2.384185791015625e-07,0.0,1609702107.7348228,1609702108.1441154,0.40929269790649414,1609702107.8237975,1609702107.8295257,0.005728244781494141
d4583358018440be80b75e1c2171143e,k-means,warm,exec,queue,0.06824135780334473,4.76837158203125e-07,2.384185791015625e-07,1609702107.7363544,1609702107.9775102,0.24115586280822754,1609702107.8285372,1609702107.834592,0.006054878234863281
900f5854c58843639c5e21b8cb12eaaf,video,warm,exec,queue,0.015516519546508789,2.384185791015625e-07,0.0,1609702107.7377825,1609702108.141325,0.40354251861572266,1609702107.7813258,1609702107.7981365,0.01681065559387207
e25ed5c21f364476b9257a01e37f2f84,k-means,warm,exec,queue,0.0023522377014160156,2.384185791015625e-07,2.384185791015625e-07,1609702108.710921,1609702108.8479388,0.13701772689819336,1609702108.7625494,1609702108.769898,0.007348537445068359
755546be513e49eea71984837fa1b0bc,k-means,warm,exec,queue,0.03564262390136719,2.384185791015625e-07,0.0,1609702108.7150223,1609702109.1534617,0.43843936920166016,1609702108.796041,1609702108.8013277,0.005286693572998047
31d9e6e4fe3c4dd4abae911563ea448e,k-means,warm,exec,queue,0.04027915000915527,4.76837158203125e-07,2.384185791015625e-07,1609702108.717532,1609702108.995232,0.27770018577575684,1609702108.8002102,1609702108.8065593,0.006349086761474609
fed1d6d382c148f0854b6b492f03e62a,k-means,warm,exec,queue,0.045213937759399414,2.384185791015625e-07,0.0,1609702108.7199943,1609702108.9550772,0.23508286476135254,1609702108.8063025,1609702108.811475,0.0051724910736083984
80b5114e43a244c293e2bea9b65a2fd2,k-means,warm,exec,queue,0.05071830749511719,2.384185791015625e-07,0.0,1609702108.722016,1609702108.9620972,0.2400810718536377,1609702108.8124068,1609702108.8178282,0.00542140007019043
bc55494f23a743719548de26ada9f182,k-means,warm,exec,queue,0.017192602157592773,4.76837158203125e-07,0.0,1609702108.7236297,1609702109.0502994,0.32666969299316406,1609702108.7800581,1609702108.7876263,0.0075681209564208984
d629852861f843659a2a7ba94464a48e,k-means,warm,exec,queue,0.0223386287689209,2.384185791015625e-07,2.384185791015625e-07,1609702108.725288,1609702108.959086,0.23379802703857422,1609702108.779934,1609702108.7860868,0.0061528682708740234
a058875ca79147a4a14fb106d73447ec,k-means,warm,exec,queue,0.02801990509033203,2.384185791015625e-07,2.384185791015625e-07,1609702108.7268941,1609702108.8781676,0.15127348899841309,1609702108.7854695,1609702108.7900152,0.004545688629150391
f7caa6e1f45448eb941a91dbf364ede2,k-means,warm,exec,queue,0.03282618522644043,7.152557373046875e-07,4.76837158203125e-07,1609702108.7285206,1609702108.9966788,0.2681581974029541,1609702108.7924695,1609702108.799431,0.0069615840911865234
ce65caf361804bd9a9ef149687d5fc89,k-means,warm,exec,queue,0.012790441513061523,4.76837158203125e-07,2.384185791015625e-07,1609702108.7302403,1609702108.9597425,0.22950220108032227,1609702108.7699277,1609702108.77787,0.00794219970703125
6d7eed0a956b4a33b19d80f85249fc7a,k-means,warm,exec,queue,0.008193254470825195,2.384185791015625e-07,4.76837158203125e-07,1609702108.7318347,1609702108.8474615,0.11562681198120117,1609702108.7646441,1609702108.7723045,0.007660388946533203
a896a97fe9da4e2cbd28f732693ccf0f,k-means,warm,exec,queue,0.006047487258911133,2.384185791015625e-07,2.384185791015625e-07,1609702108.733433,1609702108.8451169,0.11168384552001953,1609702108.763602,1609702108.7710896,0.00748753547668457
575a672fd8814114a618ea8ef18a15fd,k-means,warm,exec,queue,0.05619025230407715,2.384185791015625e-07,0.0,1609702108.7350469,1609702109.1503193,0.41527247428894043,1609702108.8170676,1609702108.821589,0.004521369934082031
5751ad16d4e3464fa73c67319b52581f,k-means,warm,exec,queue,0.06100273132324219,4.76837158203125e-07,0.0,1609702108.7367299,1609702108.9603996,0.22366976737976074,1609702108.8237665,1609702108.8301554,0.00638890266418457
b13fda370f41471fbd340182524fa6dd,k-means,warm,exec,queue,0.06644487380981445,4.76837158203125e-07,4.76837158203125e-07,1609702108.7383003,1609702109.0497732,0.31147289276123047,1609702108.8282537,1609702108.8325899,0.004336118698120117
68cccdeef869476e93a7884358c4f71d,k-means,warm,exec,queue,0.008050918579101562,2.384185791015625e-07,2.384185791015625e-07,1609702109.7094123,1609702109.8160021,0.10658979415893555,1609702109.7513864,1609702109.7583694,0.006983041763305664
1e43829bb5bf4167b7a834f9f2402fe5,k-means,warm,exec,queue,0.020468950271606445,2.384185791015625e-07,2.384185791015625e-07,1609702109.713855,1609702109.893689,0.17983388900756836,1609702109.7675095,1609702109.773693,0.006183624267578125
ae2c5fd9d06a4fc3a8d80a61766ccc03,k-means,warm,exec,queue,0.025400400161743164,4.76837158203125e-07,2.384185791015625e-07,1609702109.7165034,1609702109.9329376,0.21643424034118652,1609702109.7723362,1609702109.777567,0.00523066520690918
0cd08d86d0af4057abc635a350efce5a,k-means,warm,exec,queue,0.030133724212646484,2.384185791015625e-07,2.384185791015625e-07,1609702109.7191246,1609702109.973515,0.2543904781341553,1609702109.7792249,1609702109.785381,0.006156206130981445
f3e91a777c344412818f4210dacf2516,k-means,warm,exec,queue,0.03590106964111328,4.76837158203125e-07,2.384185791015625e-07,1609702109.7213552,1609702110.0431566,0.32180142402648926,1609702109.7848816,1609702109.7893305,0.004448890686035156
90000357741c4baa92ea15b1ec3510c7,k-means,warm,exec,queue,0.040477752685546875,2.384185791015625e-07,2.384185791015625e-07,1609702109.7228968,1609702109.969323,0.24642610549926758,1609702109.792681,1609702109.7994244,0.006743431091308594
0417a0b89d41486bb6d402df687a2ce5,k-means,warm,exec,queue,0.046103477478027344,2.384185791015625e-07,2.384185791015625e-07,1609702109.7244854,1609702109.9729338,0.24844837188720703,1609702109.7951937,1609702109.7997985,0.004604816436767578
632a43f972b84cafbb85912134cba9eb,k-means,warm,exec,queue,0.051676034927368164,2.384185791015625e-07,0.0,1609702109.7260163,1609702110.041501,0.31548476219177246,1609702109.801655,1609702109.8088717,0.007216691970825195
fe38f5c450e24df391d9844165de9f98,k-means,warm,exec,queue,0.056444644927978516,2.384185791015625e-07,2.384185791015625e-07,1609702109.7275677,1609702109.894151,0.16658329963684082,1609702109.8063624,1609702109.810568,0.0042057037353515625
6540a054ddf9484db18301b55da05a4f,k-means,warm,exec,queue,0.016039609909057617,4.76837158203125e-07,2.384185791015625e-07,1609702109.7292325,1609702109.8490322,0.11979961395263672,1609702109.7627072,1609702109.7710435,0.008336305618286133
e6eda32c85df4cb1b08624fd171b9217,k-means,warm,exec,queue,0.011965036392211914,4.76837158203125e-07,0.0,1609702109.730781,1609702109.9699297,0.23914861679077148,1609702109.757624,1609702109.7658007,0.008176803588867188
8900587f4b1748c59da897d7ebc07f9a,video,warm,exec,queue,0.019948959350585938,2.384185791015625e-07,2.384185791015625e-07,1609702109.7323391,1609702109.891193,0.15885376930236816,1609702109.7675068,1609702109.7841527,0.01664590835571289
e5af25bee39a4f91a4a20db5f60f973a,k-means,warm,exec,queue,0.0027201175689697266,4.76837158203125e-07,2.384185791015625e-07,1609702110.709623,1609702110.8374262,0.12780308723449707,1609702110.7589958,1609702110.7667055,0.0077097415924072266
95815e8d63ff463b9888fc36753fa8a9,k-means,warm,exec,queue,0.022126436233520508,7.152557373046875e-07,2.384185791015625e-07,1609702110.7141073,1609702111.1878247,0.47371745109558105,1609702110.7824588,1609702110.7892017,0.006742954254150391
ba54bce073d14fe59641fbef1e76540d,k-means,warm,exec,queue,0.0283052921295166,7.152557373046875e-07,7.152557373046875e-07,1609702110.716932,1609702110.9514813,0.23454928398132324,1609702110.7879355,1609702110.794662,0.006726503372192383
7ad41c8fd0394df89e43a1ab535a12cb,k-means,warm,exec,queue,0.03372621536254883,2.384185791015625e-07,2.384185791015625e-07,1609702110.719695,1609702110.9528294,0.23313426971435547,1609702110.7882478,1609702110.7945292,0.006281375885009766
d934b9368e284e08885621ac79b6757e,k-means,warm,exec,queue,0.038385868072509766,4.76837158203125e-07,2.384185791015625e-07,1609702110.7228289,1609702111.0695105,0.3466815948486328,1609702110.792972,1609702110.8003368,0.007364749908447266
288b1b6c6f2c49f78c18dff1fb553905,k-means,warm,exec,queue,0.0430147647857666,2.384185791015625e-07,2.384185791015625e-07,1609702110.7251318,1609702111.1863227,0.46119093894958496,1609702110.803267,1609702110.8095481,0.006281137466430664
b79fc50b2fd54d9c9e9ce378655e62a3,k-means,warm,exec,queue,0.04857134819030762,7.152557373046875e-07,2.384185791015625e-07,1609702110.7267625,1609702111.119372,0.3926093578338623,1609702110.8052776,1609702110.8121355,0.006857872009277344
a04d6b54940b4c789f8b8ac3dfbc5095,k-means,warm,exec,queue,0.05377531051635742,0.0,2.384185791015625e-07,1609702110.7284048,1609702111.1211624,0.3927576541900635,1609702110.8092186,1609702110.8149505,0.005731821060180664
932ae929262c4a05bf43a7132e834e91,k-means,warm,exec,queue,0.058861732482910156,2.384185791015625e-07,2.384185791015625e-07,1609702110.7300394,1609702111.0713575,0.34131813049316406,1609702110.8176546,1609702110.8242288,0.006574153900146484
1139275ac97f43b68366301443f865ec,k-means,warm,exec,queue,0.0161440372467041,4.76837158203125e-07,2.384185791015625e-07,1609702110.7318003,1609702111.0223591,0.2905588150024414,1609702110.769275,1609702110.7769978,0.0077228546142578125
924f7e1ac5af4085b154f1912a778e3d,k-means,warm,exec,queue,0.008610963821411133,4.76837158203125e-07,0.0,1609702110.7334356,1609702110.8356807,0.10224509239196777,1609702110.7587986,1609702110.7669573,0.008158683776855469
f05707fca9be42d48d052e9ad5877367,k-means,warm,exec,queue,0.013021707534790039,4.76837158203125e-07,2.384185791015625e-07,1609702110.7350566,1609702110.9129298,0.1778731346130371,1609702110.7625158,1609702110.7694988,0.006983041763305664
d1ea3986bb4a44b9b660b28d840d3c96,matmul,warm,exec,queue,0.016332387924194336,2.384185791015625e-07,0.0,1609702110.7367034,1609702110.9111207,0.17441725730895996,1609702110.783194,1609702110.7934766,0.010282516479492188
2a26680a9ffa4b06962c91a349af35af,k-means,warm,exec,queue,0.0074651241302490234,2.384185791015625e-07,0.0,1609702111.7108054,1609702111.8302896,0.11948418617248535,1609702111.7500298,1609702111.757309,0.007279157638549805
06f40e2f748946a8886d3b9121eefb62,video,warm,exec,queue,0.01513814926147461,4.76837158203125e-07,2.384185791015625e-07,1609702111.7151754,1609702111.8902488,0.17507338523864746,1609702111.7706687,1609702111.7879043,0.017235517501831055
901617352d7c4a8abe2f3f68d56b511d,k-means,warm,exec,queue,0.05154085159301758,2.384185791015625e-07,2.384185791015625e-07,1609702111.7179968,1609702111.8885615,0.1705646514892578,1609702111.8024251,1609702111.8098521,0.0074269771575927734
6c84de139e8048bb9695774b6982b42f,k-means,warm,exec,queue,0.04680013656616211,2.384185791015625e-07,2.384185791015625e-07,1609702111.7206042,1609702111.923208,0.20260381698608398,1609702111.794976,1609702111.802172,0.007195949554443359
12594b89b6c747639e0b37fc23033b6e,k-means,warm,exec,queue,0.04177236557006836,2.384185791015625e-07,2.384185791015625e-07,1609702111.7223604,1609702112.0241585,0.30179810523986816,1609702111.7891285,1609702111.7952256,0.006097078323364258
3cabe8d8add9489e8b86b4f4c8902ddb,k-means,warm,exec,queue,0.03699994087219238,4.76837158203125e-07,2.384185791015625e-07,1609702111.723931,1609702112.0812151,0.3572840690612793,1609702111.78629,1609702111.794356,0.008066177368164062
b897a50894d14071a09722a7dd0d7246,k-means,warm,exec,queue,0.03171348571777344,4.76837158203125e-07,2.384185791015625e-07,1609702111.7255313,1609702112.0272584,0.3017270565032959,1609702111.7775257,1609702111.7822897,0.004764080047607422
fdffda79647243cd88ac2bbe5ba482b0,k-means,warm,exec,queue,0.027348041534423828,2.384185791015625e-07,7.152557373046875e-07,1609702111.7271008,1609702111.9569638,0.22986292839050293,1609702111.7753575,1609702111.7798896,0.0045320987701416016
55a75a879aae41c69112e30c346fd93c,k-means,warm,exec,queue,0.011595010757446289,4.76837158203125e-07,2.384185791015625e-07,1609702111.728721,1609702111.845887,0.11716604232788086,1609702111.7559404,1609702111.764103,0.008162498474121094
30928533567a43ea9f2caa55e7a407a3,k-means,warm,exec,queue,0.01632070541381836,4.76837158203125e-07,2.384185791015625e-07,1609702111.7303944,1609702111.9552946,0.2249002456665039,1609702111.761604,1609702111.7700095,0.008405447006225586
8bc0ef3c54d0409d8f71e0d06c9dc983,k-means,warm,exec,queue,0.022696971893310547,4.76837158203125e-07,2.384185791015625e-07,1609702111.7319672,1609702112.0278616,0.2958943843841553,1609702111.7731528,1609702111.780435,0.007282257080078125
636f70b637194e55ae49f176c314a1c0,k-means,warm,exec,queue,7.653236389160156e-05,4.76837158203125e-07,2.384185791015625e-07,1609702112.7120676,1609702112.8440435,0.13197588920593262,1609702112.7618043,1609702112.7698288,0.008024454116821289
c7fbb520db334ff79d557c847b3ef596,k-means,warm,exec,queue,0.008537769317626953,2.384185791015625e-07,0.0,1609702112.7164834,1609702112.8411841,0.12470078468322754,1609702112.7615147,1609702112.7697577,0.008243083953857422
281d123563824d45b9e8143f3ee2c09b,k-means,warm,exec,queue,0.013466835021972656,2.384185791015625e-07,2.384185791015625e-07,1609702112.7192779,1609702112.8446445,0.1253666877746582,1609702112.7667184,1609702112.7746263,0.007907867431640625
29e52519601b48fbb21742f9141c825a,k-means,warm,exec,queue,0.018773317337036133,2.384185791015625e-07,2.384185791015625e-07,1609702112.7220714,1609702112.9264207,0.20434927940368652,1609702112.772808,1609702112.7799933,0.007185220718383789
60323383f76a4fe198f511a2b2e5b784,k-means,warm,exec,queue,0.023141145706176758,2.384185791015625e-07,2.384185791015625e-07,1609702112.7248542,1609702112.9238057,0.19895148277282715,1609702112.7783,1609702112.7843976,0.006097555160522461
07c68f2b4cdc4e6bb2b7ed322eb36ad1,k-means,warm,exec,queue,0.028245210647583008,4.76837158203125e-07,2.384185791015625e-07,1609702112.7264915,1609702112.882998,0.15650653839111328,1609702112.7826202,1609702112.7868245,0.004204273223876953
2584f48795624184814ea66c3e7b6fe7,k-means,warm,exec,queue,0.033138275146484375,2.384185791015625e-07,0.0,1609702112.7281425,1609702113.007652,0.2795095443725586,1609702112.7892578,1609702112.7940323,0.004774570465087891
75c05eb6906d46e58efad0a939a00ffa,k-means,warm,exec,queue,0.03780555725097656,2.384185791015625e-07,2.384185791015625e-07,1609702112.7298121,1609702113.0835662,0.35375404357910156,1609702112.7934623,1609702112.7992854,0.0058231353759765625
ff464e0120e04cadafb2f0bc5a4e2d75,k-means,warm,exec,queue,0.0423126220703125,4.76837158203125e-07,0.0,1609702112.731469,1609702113.0851755,0.35370659828186035,1609702112.8003519,1609702112.807113,0.006761074066162109
57f155d7da7d4dbc85f3a4642f9a4ee7,k-means,warm,exec,queue,0.046721458435058594,4.76837158203125e-07,2.384185791015625e-07,1609702112.7332442,1609702112.8818345,0.1485903263092041,1609702112.8052032,1609702112.8104036,0.005200386047363281
037556a2dded44dead778b0d2ac75da8,k-means,warm,exec,queue,0.05135297775268555,4.76837158203125e-07,2.384185791015625e-07,1609702112.73489,1609702112.9275105,0.19262051582336426,1609702112.8092813,1609702112.8135276,0.004246234893798828
4b3a30a8315d4b7ebb6dd60886d7a2dc,k-means,warm,exec,queue,0.0559086799621582,2.384185791015625e-07,0.0,1609702112.7365687,1609702112.9251802,0.18861150741577148,1609702112.8155499,1609702112.8200672,0.004517316818237305
68a52d053ca2415583f5af74141ce131,k-means,warm,exec,queue,0.06116056442260742,2.384185791015625e-07,0.0,1609702112.738228,1609702112.9761925,0.23796439170837402,1609702112.8205397,1609702112.8251634,0.0046236515045166016
80d49d4f7dd7476eac3aa1420f3165a0,k-means,warm,exec,queue,7.772445678710938e-05,9.5367431640625e-07,2.384185791015625e-07,1609702113.711854,1609702113.8264294,0.11457538604736328,1609702113.755639,1609702113.7639098,0.008270740509033203
26141d5ef9574569bdd56991fe922755,k-means,warm,exec,queue,0.0073223114013671875,4.76837158203125e-07,2.384185791015625e-07,1609702113.7158241,1609702113.8297114,0.11388731002807617,1609702113.7556381,1609702113.7635655,0.007927417755126953
bb0bb51f73e94602a1b384fd8f81a752,k-means,warm,exec,queue,0.012358427047729492,4.76837158203125e-07,2.384185791015625e-07,1609702113.7182982,1609702113.829149,0.11085081100463867,1609702113.7598643,1609702113.7683241,0.008459806442260742
3acad4d1c8b748258be71d975aaf9ea2,k-means,warm,exec,queue,0.01770758628845215,4.76837158203125e-07,0.0,1609702113.7207124,1609702113.8512874,0.13057494163513184,1609702113.766687,1609702113.7757888,0.00910186767578125
5192bf106e5242939d38688b40a2c114,k-means,warm,exec,queue,0.024420976638793945,4.76837158203125e-07,0.0,1609702113.723382,1609702113.9209528,0.19757080078125,1609702113.7750933,1609702113.7814612,0.006367921829223633
6c56c3d6b5e14073867d46ee759a6297,k-means,warm,exec,queue,0.028784513473510742,2.384185791015625e-07,2.384185791015625e-07,1609702113.7252805,1609702113.885368,0.16008758544921875,1609702113.7780612,1609702113.7854033,0.007342100143432617
cb1a73d506874b02a8fa3d6935f29780,k-means,warm,exec,queue,0.03368854522705078,4.76837158203125e-07,2.384185791015625e-07,1609702113.7268083,1609702113.943998,0.21718978881835938,1609702113.7830718,1609702113.7894244,0.006352663040161133
2098c01305b5415abbf8751d9bb4560e,k-means,warm,exec,queue,0.03865456581115723,2.384185791015625e-07,2.384185791015625e-07,1609702113.7283523,1609702113.946788,0.21843576431274414,1609702113.7889853,1609702113.7953231,0.006337881088256836
17221c26d5334f9998096b2fa0de35b6,k-means,warm,exec,queue,0.04311203956604004,2.384185791015625e-07,0.0,1609702113.7298841,1609702113.8870783,0.1571941375732422,1609702113.795003,1609702113.8006978,0.005694866180419922
b9fd210f3fb74027b4f4b75a51aa74c9,video,warm,exec,queue,0.018538236618041992,2.384185791015625e-07,2.384185791015625e-07,1609702113.7315392,1609702114.0387623,0.3072230815887451,1609702113.7759042,1609702113.7930517,0.017147541046142578
e5ae0895406d46d19b89330f44b3fbca,k-means,warm,exec,queue,0.04770541191101074,2.384185791015625e-07,0.0,1609702113.7331219,1609702113.9473295,0.21420764923095703,1609702113.801079,1609702113.807405,0.006325960159301758
efcccab0f72640419abb23f454a3b10d,k-means,warm,exec,queue,0.004323005676269531,4.76837158203125e-07,2.384185791015625e-07,1609702114.7108908,1609702114.909446,0.19855523109436035,1609702114.7523146,1609702114.7600253,0.007710695266723633
107bf9dd3b54421da5cfd7efb98beee6,k-means,warm,exec,queue,0.05345654487609863,4.76837158203125e-07,2.384185791015625e-07,1609702114.7151685,1609702115.0040298,0.2888612747192383,1609702114.8035548,1609702114.8094795,0.005924701690673828
b3da939f4b8b4f2ea04476c677fbb603,k-means,warm,exec,queue,0.04818272590637207,2.384185791015625e-07,2.384185791015625e-07,1609702114.7177558,1609702114.976553,0.25879716873168945,1609702114.7974608,1609702114.803173,0.005712270736694336
837b584f718f47928d0d7626be556660,k-means,warm,exec,queue,0.042871952056884766,2.384185791015625e-07,0.0,1609702114.7203197,1609702115.0460248,0.32570505142211914,1609702114.7913792,1609702114.7957208,0.004341602325439453
14b4df80388d42e9b12c68399a9b7bab,k-means,warm,exec,queue,0.037500858306884766,4.76837158203125e-07,0.0,1609702114.722051,1609702114.9759436,0.2538926601409912,1609702114.7854764,1609702114.7898602,0.00438380241394043
861824e55e8e4d69bbbe1814bbc75620,k-means,warm,exec,queue,0.0325624942779541,2.384185791015625e-07,0.0,1609702114.7235518,1609702114.9042163,0.1806645393371582,1609702114.7808864,1609702114.785893,0.005006551742553711
ab89c1720b4f4a1fb3215cde8602cc42,k-means,warm,exec,queue,0.00931239128112793,4.76837158203125e-07,2.384185791015625e-07,1609702114.7250516,1609702114.9369373,0.21188569068908691,1609702114.7526007,1609702114.7606115,0.0080108642578125
a0a376e54e01421cbec4f407836a012e,k-means,warm,exec,queue,0.014189958572387695,2.384185791015625e-07,2.384185791015625e-07,1609702114.7265344,1609702115.0302818,0.30374741554260254,1609702114.7573953,1609702114.7652328,0.007837533950805664
05f0c12e56504c48abfcd204ba802cfa,k-means,warm,exec,queue,0.019438743591308594,2.384185791015625e-07,2.384185791015625e-07,1609702114.7280085,1609702114.9071517,0.17914319038391113,1609702114.7640913,1609702114.7735543,0.009463071823120117
d950f145982a4472b5d249feebc5fcf9,k-means,warm,exec,queue,0.02482771873474121,2.384185791015625e-07,2.384185791015625e-07,1609702114.7296085,1609702114.9727173,0.24310874938964844,1609702114.7704384,1609702114.7751276,0.004689216613769531
5ba2800969dc477899f328c83fdb8a14,k-means,warm,exec,queue,0.030035734176635742,2.384185791015625e-07,2.384185791015625e-07,1609702114.731085,1609702114.907748,0.17666292190551758,1609702114.774469,1609702114.7788744,0.004405498504638672
87cdc239b93a49b4a3a68ba6c83268eb,k-means,warm,exec,queue,7.653236389160156e-05,7.152557373046875e-07,2.384185791015625e-07,1609702115.7261674,1609702115.9315648,0.205397367477417,1609702115.7869072,1609702115.7949696,0.008062362670898438
45f9ac3486a5466687fc7f865e0476a7,k-means,warm,exec,queue,0.008308172225952148,2.384185791015625e-07,0.0,1609702115.7305074,1609702115.8634794,0.13297200202941895,1609702115.786834,1609702115.794147,0.0073130130767822266
991aaa21550b4378b77dcaf835a1dc02,k-means,warm,exec,queue,0.012794971466064453,2.384185791015625e-07,2.384185791015625e-07,1609702115.7330234,1609702115.898141,0.16511750221252441,1609702115.7934203,1609702115.8023174,0.008897066116333008
fd9ceaed225844e6823c2d5c38551914,k-means,warm,exec,queue,0.01718926429748535,2.384185791015625e-07,2.384185791015625e-07,1609702115.7355123,1609702115.9732847,0.23777246475219727,1609702115.7991571,1609702115.8070416,0.007884502410888672
bb0a69dcea7141d687ae9d9c22b053bf,k-means,warm,exec,queue,0.02259516716003418,2.384185791015625e-07,2.384185791015625e-07,1609702115.7382848,1609702115.8967552,0.15847039222717285,1609702115.805492,1609702115.8130124,0.007520437240600586
753f1de47a374557b814ae2ab081f125,k-means,warm,exec,queue,0.027164936065673828,2.384185791015625e-07,0.0,1609702115.7407548,1609702115.930112,0.18935704231262207,1609702115.8175478,1609702115.8257847,0.008236885070800781
19af869e784c497490d75826edb90e75,k-means,warm,exec,queue,0.03386998176574707,4.76837158203125e-07,4.76837158203125e-07,1609702115.7421918,1609702115.9717784,0.22958660125732422,1609702115.8212018,1609702115.8280787,0.006876945495605469
5701d896650d4e01b64204e85c644848,k-means,warm,exec,queue,0.0393528938293457,2.384185791015625e-07,2.384185791015625e-07,1609702115.743621,1609702116.0973213,0.3537001609802246,1609702115.8215926,1609702115.8287523,0.007159709930419922
a5cc3464bfe7434aaf83efebbba32723,k-means,warm,exec,queue,0.04417872428894043,2.384185791015625e-07,2.384185791015625e-07,1609702115.7451792,1609702116.0475247,0.30234551429748535,1609702115.8290496,1609702115.8366165,0.007566928863525391
a3f3680eb08a4849a7506dc7508dcb15,k-means,warm,exec,queue,0.04889631271362305,2.384185791015625e-07,0.0,1609702115.7466109,1609702116.093933,0.3473222255706787,1609702115.8366692,1609702115.844469,0.007799863815307617
da79a005452f42b8b7881a6700e8424b,k-means,warm,exec,queue,0.054564714431762695,2.384185791015625e-07,0.0,1609702115.7480366,1609702116.0540395,0.3060028553009033,1609702115.8370337,1609702115.8440185,0.006984710693359375
11e7c9d8f1f14e009360214ab862e1e6,k-means,warm,exec,queue,0.05993533134460449,4.76837158203125e-07,0.0,1609702115.7494674,1609702116.1997793,0.45031189918518066,1609702115.8427455,1609702115.849289,0.006543397903442383
8f8d06083bbd457c86d72c9ff68f28ef,k-means,warm,exec,queue,0.06520485877990723,2.384185791015625e-07,0.0,1609702115.7512243,1609702116.0967813,0.34555697441101074,1609702115.8524332,1609702115.8604326,0.007999420166015625
818ac86dc6be41f083b67277d89521cb,k-means,warm,exec,queue,0.07011771202087402,7.152557373046875e-07,4.76837158203125e-07,1609702115.7526789,1609702116.0915673,0.33888840675354004,1609702115.8608189,1609702115.868716,0.007897138595581055
0b41a782f5ad4cfa8d8152ff5fdecfaf,k-means,warm,exec,queue,0.07545137405395508,4.76837158203125e-07,2.384185791015625e-07,1609702115.7541394,1609702116.0944498,0.34031033515930176,1609702115.861343,1609702115.8687232,0.007380247116088867
f1c74121facb459c83c83d69dcef1b50,k-means,warm,exec,queue,0.08104515075683594,4.76837158203125e-07,2.384185791015625e-07,1609702115.7556212,1609702116.052477,0.2968556880950928,1609702115.8675933,1609702115.8743868,0.006793498992919922
a327908f3fc1433cade0df032a5ecbbe,k-means,warm,exec,queue,0.08573675155639648,2.384185791015625e-07,2.384185791015625e-07,1609702115.7572303,1609702116.118707,0.3614766597747803,1609702115.870834,1609702115.8774772,0.006643056869506836
f7e040b08d004f9cbc6e08b8ec41acda,video,warm,exec,queue,0.015259981155395508,2.384185791015625e-07,2.384185791015625e-07,1609702115.7587216,1609702116.0518918,0.2931702136993408,1609702115.8060863,1609702115.8233376,0.017251253128051758
84f5cb190a4345eb8f92f916490bd3c3,matmul,warm,exec,queue,0.018879175186157227,2.384185791015625e-07,0.0,1609702115.7602236,1609702116.0493433,0.2891197204589844,1609702115.8063157,1609702115.8154407,0.009124994277954102
b3aeee644a8a4f0286ae2f854da274f4,map_reduce,warm,exec,queue,0.02514052391052246,2.384185791015625e-07,2.384185791015625e-07,1609702115.7617168,1609702116.1974816,0.43576478958129883,1609702115.8200774,1609702115.9052787,0.08520126342773438
11d60dd314614763b0e3d9ff0332f827,k-means,warm,exec,queue,0.01304936408996582,7.152557373046875e-07,2.384185791015625e-07,1609702116.711752,1609702116.8588324,0.1470804214477539,1609702116.7604058,1609702116.7687051,0.00829935073852539
aee4ea075c4c4cf6a986ecb8322b63c0,k-means,warm,exec,queue,0.01638960838317871,7.152557373046875e-07,4.76837158203125e-07,1609702116.716,1609702116.8570552,0.14105510711669922,1609702116.763745,1609702116.7718115,0.008066415786743164
22cd618b6caa43a18e38c78af96a3797,k-means,warm,exec,queue,0.020425081253051758,2.384185791015625e-07,2.384185791015625e-07,1609702116.7186384,1609702116.962666,0.24402761459350586,1609702116.7685633,1609702116.777714,0.00915074348449707
e6f642b4f6e54120977a1378af643514,k-means,warm,exec,queue,0.02510523796081543,2.384185791015625e-07,0.0,1609702116.7212598,1609702117.1129603,0.39170050621032715,1609702116.7765033,1609702116.784232,0.00772857666015625
17fe87bd67bf4ac9ac1cab1146ba0588,k-means,warm,exec,queue,0.029337167739868164,2.384185791015625e-07,2.384185791015625e-07,1609702116.7241411,1609702116.9746253,0.2504842281341553,1609702116.7788818,1609702116.7835605,0.0046787261962890625
e9ec5da678ca4604b2b8d173a026774c,k-means,warm,exec,queue,0.03312373161315918,2.384185791015625e-07,0.0,1609702116.7258089,1609702116.9005072,0.1746983528137207,1609702116.7839737,1609702116.7895901,0.005616426467895508
68bad9332250415089788775b918af2c,k-means,warm,exec,queue,0.037157535552978516,0.0,0.0,1609702116.7273507,1609702117.017455,0.29010438919067383,1609702116.7903469,1609702116.7950838,0.004736900329589844
cf4a67a97455405aac01072794d03d4f,k-means,warm,exec,queue,0.04159402847290039,2.384185791015625e-07,4.76837158203125e-07,1609702116.728895,1609702116.8988173,0.1699223518371582,1609702116.7948308,1609702116.8007472,0.0059163570404052734
6135e9ce26e84329a925d67e0d28df55,k-means,warm,exec,queue,0.04608941078186035,4.76837158203125e-07,0.0,1609702116.7304354,1609702116.959383,0.22894763946533203,1609702116.8008432,1609702116.8050632,0.004220008850097656
9c2cf7bc3e9344d6997b008dbd81429f,k-means,warm,exec,queue,0.05039501190185547,2.384185791015625e-07,2.384185791015625e-07,1609702116.732079,1609702116.9632201,0.2311410903930664,1609702116.8060963,1609702116.8120084,0.005912065505981445
3e5119b1b6a747f196bc2f361b30c38a,k-means,warm,exec,queue,0.055144309997558594,4.76837158203125e-07,2.384185791015625e-07,1609702116.733626,1609702117.1535141,0.4198882579803467,1609702116.8117986,1609702116.8163202,0.004521608352661133
a089d8c9c5f04ddfb3a6e837dda4e1e4,k-means,warm,exec,queue,0.0044097900390625,4.76837158203125e-07,2.384185791015625e-07,1609702117.7122512,1609702117.8930833,0.1808321475982666,1609702117.7526553,1609702117.7608812,0.00822591781616211
1bbb87007fc140ae92555b4d40dd5f21,video,warm,exec,queue,0.017137527465820312,2.384185791015625e-07,0.0,1609702117.7161446,1609702117.9690053,0.25286078453063965,1609702117.7748957,1609702117.7919486,0.017052888870239258
7f157670de644f0db29e88acbd2944e7,k-means,warm,exec,queue,0.047170162200927734,2.384185791015625e-07,0.0,1609702117.7179105,1609702118.1223276,0.4044170379638672,1609702117.7977355,1609702117.8038867,0.0061511993408203125
cf6f52ef01484ea692aef89db480b22e,k-means,warm,exec,queue,0.04203033447265625,2.384185791015625e-07,2.384185791015625e-07,1609702117.7196453,1609702117.9695737,0.24992847442626953,1609702117.7923124,1609702117.7970452,0.004732847213745117
ae27afb27fa249728e4bdb497a30364d,k-means,warm,exec,queue,0.037465572357177734,2.384185791015625e-07,2.384185791015625e-07,1609702117.7215753,1609702118.0043278,0.28275251388549805,1609702117.785818,1609702117.7910085,0.005190372467041016
3ac39fa02aa0427ea97f2a14926abf21,k-means,warm,exec,queue,0.03280067443847656,2.384185791015625e-07,0.0,1609702117.7232754,1609702117.9648807,0.24160528182983398,1609702117.7805312,1609702117.7870817,0.00655055046081543
b9a987cb40f94f3c910c3bc207af534a,k-means,warm,exec,queue,0.009415149688720703,2.384185791015625e-07,2.384185791015625e-07,1609702117.72497,1609702117.888082,0.16311192512512207,1609702117.753116,1609702117.7630103,0.009894371032714844
af962168ed8944d7a352c4e244899264,k-means,warm,exec,queue,0.01435542106628418,7.152557373046875e-07,2.384185791015625e-07,1609702117.7264788,1609702117.8908856,0.16440677642822266,1609702117.758642,1609702117.767866,0.00922393798828125
49ec443756ea4ea885aea308f26615d8,k-means,warm,exec,queue,0.018739938735961914,4.76837158203125e-07,0.0,1609702117.7279916,1609702117.8914611,0.16346955299377441,1609702117.763385,1609702117.771613,0.008227825164794922
90abe914080e4da3b68bc7fa83034f00,k-means,warm,exec,queue,0.025891542434692383,4.76837158203125e-07,2.384185791015625e-07,1609702117.7296455,1609702118.0640771,0.33443164825439453,1609702117.774618,1609702117.7823048,0.0076868534088134766
632933ff135e4d7a860a9ee4ee7fed88,k-means,warm,exec,queue,0.030196189880371094,2.384185791015625e-07,2.384185791015625e-07,1609702117.7311587,1609702117.9701133,0.2389545440673828,1609702117.7752335,1609702117.7798328,0.004599332809448242
b72acf9593664d589b7dbdadd4f49d3f,k-means,warm,exec,queue,5.2928924560546875e-05,2.384185791015625e-07,2.384185791015625e-07,1609702118.7178936,1609702118.8426545,0.12476086616516113,1609702118.765803,1609702118.7744107,0.008607625961303711
d0f79251bed14b7695497fa344db6d30,k-means,warm,exec,queue,0.00433349609375,2.384185791015625e-07,0.0,1609702118.722136,1609702118.842247,0.12011098861694336,1609702118.766812,1609702118.7749925,0.008180379867553711
79e93e02656d4859bb0ded0b0f85fae9,k-means,warm,exec,queue,0.008870840072631836,2.384185791015625e-07,4.76837158203125e-07,1609702118.7247758,1609702118.8399837,0.11520791053771973,1609702118.7697332,1609702118.7782896,0.008556365966796875
a5cd31a6a2964f349324b047cce6f50b,k-means,warm,exec,queue,0.014471769332885742,2.384185791015625e-07,2.384185791015625e-07,1609702118.7274332,1609702118.9738317,0.2463984489440918,1609702118.776498,1609702118.7846847,0.008186578750610352
9f3aa3fc5fd944f6832b1d5fb437f886,k-means,warm,exec,queue,0.019446849822998047,2.384185791015625e-07,0.0,1609702118.7296903,1609702118.9427857,0.21309542655944824,1609702118.78405,1609702118.792454,0.008404016494750977
650f218a03d143afaf9297f8d1fd5a5b,k-means,warm,exec,queue,0.025104761123657227,4.76837158203125e-07,0.0,1609702118.7312906,1609702118.9466014,0.21531081199645996,1609702118.7866282,1609702118.7916193,0.004991054534912109
a7b2168da8214c428f277566dffbc046,k-means,warm,exec,queue,0.029814958572387695,4.76837158203125e-07,4.76837158203125e-07,1609702118.7328744,1609702119.0592518,0.32637739181518555,1609702118.7915435,1609702118.797962,0.006418466567993164
1307744f52e046a5ad84662ecf54a464,k-means,warm,exec,queue,0.03439760208129883,4.76837158203125e-07,2.384185791015625e-07,1609702118.734434,1609702118.9474313,0.2129974365234375,1609702118.799267,1609702118.8063755,0.007108449935913086
39ddea91f5ba48e7a41971ab19db288b,k-means,warm,exec,queue,0.039139509201049805,2.384185791015625e-07,0.0,1609702118.736048,1609702118.8812017,0.14515376091003418,1609702118.80158,1609702118.806446,0.004866123199462891
34f2f957585745749a7d5407780bf5de,k-means,warm,exec,queue,0.04381537437438965,2.384185791015625e-07,2.384185791015625e-07,1609702118.7377813,1609702118.947031,0.20924973487854004,1609702118.8065782,1609702118.8136585,0.0070803165435791016
3a73fc11802e41cdb75168997700e19b,k-means,warm,exec,queue,0.05207061767578125,4.76837158203125e-07,2.384185791015625e-07,1609702118.739329,1609702119.1169336,0.37760448455810547,1609702118.8187392,1609702118.8252954,0.006556272506713867
62a72d7271f24b31984141a95f25a73d,k-means,warm,exec,queue,0.049256086349487305,4.76837158203125e-07,0.0,1609702118.7409058,1609702118.975459,0.23455333709716797,1609702118.8138816,1609702118.8183348,0.004453182220458984
3f390d3fa2cc49d1bd1575e22d5e940d,k-means,warm,exec,queue,0.05678534507751465,2.384185791015625e-07,2.384185791015625e-07,1609702118.7425075,1609702119.0238729,0.28136539459228516,1609702118.824443,1609702118.8303573,0.005914211273193359
7d63db7deeb241358d8023c062c67890,k-means,warm,exec,queue,0.061681270599365234,2.384185791015625e-07,0.0,1609702118.7444916,1609702119.1187925,0.3743009567260742,1609702118.828015,1609702118.8324049,0.004389762878417969
120425f2c55140c6a92af41e1da2cc10,k-means,warm,exec,queue,0.0026574134826660156,4.76837158203125e-07,2.384185791015625e-07,1609702119.7188718,1609702119.876691,0.15781927108764648,1609702119.7658093,1609702119.7743263,0.008517026901245117
ad10e03c28f2449ba6367c2807f6849a,k-means,warm,exec,queue,0.02724742889404297,2.384185791015625e-07,0.0,1609702119.7232838,1609702120.034273,0.3109891414642334,1609702119.78885,1609702119.7953959,0.0065457820892333984
2506cfff6f2f4ca3bbec421edf13efc3,k-means,warm,exec,queue,0.032341957092285156,2.384185791015625e-07,2.384185791015625e-07,1609702119.725902,1609702119.9716442,0.2457420825958252,1609702119.7951326,1609702119.8016603,0.00652766227722168
c6ab393c7dae4e1eaf72858a99b73740,k-means,warm,exec,queue,0.037915706634521484,2.384185791015625e-07,0.0,1609702119.7285497,1609702120.121988,0.39343833923339844,1609702119.8017783,1609702119.8072624,0.005484104156494141
8cc89d207c0e48759c25357ef41b5a35,k-means,warm,exec,queue,0.043563127517700195,4.76837158203125e-07,2.384185791015625e-07,1609702119.7303276,1609702120.119421,0.38909339904785156,1609702119.808913,1609702119.8159118,0.006998777389526367
364bb577890b4fdca95ca43388beb638,k-means,warm,exec,queue,0.04894900321960449,2.384185791015625e-07,4.76837158203125e-07,1609702119.7318392,1609702120.123839,0.3919997215270996,1609702119.814013,1609702119.821475,0.007462024688720703
3b951442fdb64701ada756972e8dfcdd,k-means,warm,exec,queue,0.0539860725402832,2.384185791015625e-07,2.384185791015625e-07,1609702119.733428,1609702120.0006986,0.267270565032959,1609702119.8178601,1609702119.823175,0.005314826965332031
e5aca23c8c1140b4a9b32d823acaa941,k-means,warm,exec,queue,0.0590972900390625,2.384185791015625e-07,0.0,1609702119.7349527,1609702119.9751737,0.2402210235595703,1609702119.8228674,1609702119.8288207,0.005953311920166016
47c560cf802f475f84b5640f176e5532,k-means,warm,exec,queue,0.01642608642578125,2.384185791015625e-07,2.384185791015625e-07,1609702119.736479,1609702119.9755595,0.23908042907714844,1609702119.7774591,1609702119.7856543,0.008195161819458008
32f21026d1634687879a7e52cb32909a,k-means,warm,exec,queue,0.022519350051879883,2.384185791015625e-07,2.384185791015625e-07,1609702119.7381794,1609702119.9747734,0.23659396171569824,1609702119.7855666,1609702119.7905283,0.004961729049682617
25305a1dd2334505a0df956a732e662f,k-means,warm,exec,queue,0.010821104049682617,2.384185791015625e-07,2.384185791015625e-07,1609702119.7396898,1609702119.8798208,0.14013099670410156,1609702119.7719269,1609702119.7808545,0.008927583694458008
ff00012636c74ee38c07d74c5c8b63f9,k-means,warm,exec,queue,0.008033037185668945,2.384185791015625e-07,2.384185791015625e-07,1609702119.7412112,1609702119.8804016,0.1391904354095459,1609702119.7664974,1609702119.7764592,0.009961843490600586
d2757453f5904811a59a28844f96ced6,k-means,warm,exec,queue,0.06378316879272461,2.384185791015625e-07,0.0,1609702119.7426999,1609702120.0355735,0.2928736209869385,1609702119.829265,1609702119.8339598,0.004694700241088867
4d77879347f34125af8f302507be942f,video,warm,exec,queue,0.016070127487182617,2.384185791015625e-07,2.384185791015625e-07,1609702119.7443638,1609702119.9341648,0.18980097770690918,1609702119.786119,1609702119.8036044,0.017485380172729492
ea041352a8b04ea6a4fdbbe7d2b707d3,k-means,warm,exec,queue,7.319450378417969e-05,4.76837158203125e-07,2.384185791015625e-07,1609702120.7157397,1609702120.8489985,0.13325881958007812,1609702120.7548666,1609702120.7629392,0.008072614669799805
717402aafb194ede949adf994869cba3,matmul,warm,exec,queue,0.02088189125061035,2.384185791015625e-07,2.384185791015625e-07,1609702120.7193396,1609702121.0058322,0.28649258613586426,1609702120.775233,1609702120.7852383,0.01000523567199707
62bff8d983ad4245a1f400f7ee14bf98,k-means,warm,exec,queue,0.004027366638183594,2.384185791015625e-07,0.0,1609702120.7213993,1609702120.848303,0.12690377235412598,1609702120.754901,1609702120.7631867,0.008285760879516602
b0190b5aecc7448e980cf2dd34936231,k-means,warm,exec,queue,0.00937342643737793,2.384185791015625e-07,2.384185791015625e-07,1609702120.7234442,1609702120.8453774,0.1219332218170166,1609702120.7604656,1609702120.7689116,0.008445978164672852
a3855f47738e49c6b91fdc83c92d8389,k-means,warm,exec,queue,0.015033245086669922,2.384185791015625e-07,0.0,1609702120.7257159,1609702120.8778622,0.1521463394165039,1609702120.7670026,1609702120.7741213,0.007118701934814453
323108165b014ed5ab54a03038374f4f,k-means,warm,exec,queue,0.021439790725708008,2.384185791015625e-07,0.0,1609702120.7278438,1609702120.9377592,0.2099153995513916,1609702120.774869,1609702120.781625,0.0067560672760009766
8cc39470ec514a989532d1ad45813b69,k-means,warm,exec,queue,0.02621626853942871,2.384185791015625e-07,2.384185791015625e-07,1609702120.7295036,1609702120.9113731,0.1818695068359375,1609702120.777479,1609702120.7827973,0.005318403244018555
ef7cf99f466b4551b8d3ec2f9349e44b,k-means,warm,exec,queue,0.03133440017700195,2.384185791015625e-07,2.384185791015625e-07,1609702120.7310493,1609702120.9132566,0.18220734596252441,1609702120.7832613,1609702120.7905562,0.007294893264770508
8fdd51c28389445b8cc57edf0110c295,k-means,warm,exec,queue,0.036949872970581055,2.384185791015625e-07,0.0,1609702120.7326255,1609702120.9150367,0.18241119384765625,1609702120.7899117,1609702120.794838,0.004926204681396484
8442e555f73c40e59f60ee5cbe36fb49,k-means,warm,exec,queue,0.04248046875,2.384185791015625e-07,0.0,1609702120.7342594,1609702121.007981,0.27372169494628906,1609702120.7961538,1609702120.8032985,0.0071446895599365234
8c4bddcd74a446b09fd02934598da3e8,k-means,warm,exec,queue,0.047762155532836914,2.384185791015625e-07,4.76837158203125e-07,1609702120.7357793,1609702120.9866934,0.2509140968322754,1609702120.8003833,1609702120.8046188,0.004235506057739258
149d5a7b252a48a19013550dfd50e638,k-means,warm,exec,queue,0.01023411750793457,2.384185791015625e-07,2.384185791015625e-07,1609702121.7249107,1609702121.8461843,0.12127351760864258,1609702121.7738357,1609702121.7823567,0.008521080017089844
1e0d2a52324549bd8f507af875adffea,k-means,warm,exec,queue,0.03907418251037598,7.152557373046875e-07,2.384185791015625e-07,1609702121.7287614,1609702122.10963,0.38086867332458496,1609702121.8066463,1609702121.814086,0.007439613342285156
cff626392ebb4b18b688d1a074f902de,k-means,warm,exec,queue,0.04343438148498535,2.384185791015625e-07,0.0,1609702121.7313201,1609702122.0255651,0.29424500465393066,1609702121.811761,1609702121.8190541,0.007293224334716797
f4677b3e72764fc7b8cd684299262feb,k-means,warm,exec,queue,0.04813218116760254,2.384185791015625e-07,2.384185791015625e-07,1609702121.7339253,1609702122.0262043,0.2922790050506592,1609702121.815088,1609702121.821725,0.006636857986450195
8ffb7c8ab5f34bfa8aae024eed76b148,k-means,warm,exec,queue,0.05274605751037598,2.384185791015625e-07,2.384185791015625e-07,1609702121.7366278,1609702122.028374,0.2917461395263672,1609702121.8223104,1609702121.8302135,0.007903099060058594
47575fb338894f45b5bb2a7540a24600,k-means,warm,exec,queue,0.0570981502532959,2.384185791015625e-07,2.384185791015625e-07,1609702121.7381396,1609702122.1728323,0.4346926212310791,1609702121.8262749,1609702121.8308158,0.004540920257568359
9356dc7cf50542a98d7427742952c4a7,k-means,warm,exec,queue,0.061525583267211914,2.384185791015625e-07,2.384185791015625e-07,1609702121.7396626,1609702121.9570904,0.21742773056030273,1609702121.8303115,1609702121.8367343,0.006422758102416992
eb8da6e59e204bdfa5e462259c456020,k-means,warm,exec,queue,0.033701181411743164,2.384185791015625e-07,0.0,1609702121.7411852,1609702122.1755059,0.43432068824768066,1609702121.7990544,1609702121.806808,0.007753610610961914
b09948f55bd943efbb5d238c4c8caa85,k-means,warm,exec,queue,0.028876066207885742,2.384185791015625e-07,4.76837158203125e-07,1609702121.7426944,1609702121.8795028,0.1368083953857422,1609702121.7951703,1609702121.7998903,0.004719972610473633
a2f649418e244dd7a0e0b4d775bfec73,k-means,warm,exec,queue,0.024388790130615234,2.384185791015625e-07,2.384185791015625e-07,1609702121.7443328,1609702121.881289,0.13695621490478516,1609702121.7952824,1609702121.8039467,0.008664369583129883
53105afa3493434abf0afaa4cad79a1f,k-means,warm,exec,queue,0.014590024948120117,4.76837158203125e-07,7.152557373046875e-07,1609702121.7458334,1609702121.8480096,0.10217618942260742,1609702121.777369,1609702121.7848854,0.007516384124755859
59ed44f01d8448ecbe461a403f556041,k-means,warm,exec,queue,0.019079923629760742,2.384185791015625e-07,0.0,1609702121.7473402,1609702121.9140081,0.16666793823242188,1609702121.7829745,1609702121.791397,0.008422613143920898
b04e6d1c875e403d9db4c860f56f2c40,k-means,warm,exec,queue,0.06566405296325684,2.384185791015625e-07,2.384185791015625e-07,1609702121.7488697,1609702122.1760352,0.42716550827026367,1609702121.8375194,1609702121.8438563,0.00633692741394043
ee92137545d3442298715b46d5168547,video,warm,exec,queue,0.02011418342590332,2.384185791015625e-07,2.384185791015625e-07,1609702121.7504973,1609702121.9157288,0.16523146629333496,1609702121.7962685,1609702121.8137264,0.017457962036132812
0adeef39b7114481b5287f67c349e8f5,k-means,warm,exec,queue,0.009585380554199219,4.76837158203125e-07,2.384185791015625e-07,1609702122.7226923,1609702122.8575401,0.13484787940979004,1609702122.7919583,1609702122.798985,0.00702667236328125
7a1e415596ea4617b1efee1130b460f9,k-means,warm,exec,queue,0.037848711013793945,2.384185791015625e-07,2.384185791015625e-07,1609702122.7269773,1609702123.0085144,0.2815370559692383,1609702122.8245373,1609702122.8309402,0.0064029693603515625
5ab1fcd6e42c4ccabb09e639b9ce8e82,k-means,warm,exec,queue,0.04291701316833496,7.152557373046875e-07,2.384185791015625e-07,1609702122.7296247,1609702123.2288501,0.499225378036499,1609702122.8333259,1609702122.839468,0.006142139434814453
61597b6f682f4ab4ab656d81d2667f8b,k-means,warm,exec,queue,0.0472254753112793,2.384185791015625e-07,2.384185791015625e-07,1609702122.7322295,1609702122.9749458,0.24271631240844727,1609702122.8360238,1609702122.84125,0.00522613525390625
2897852c62ae43f8915547dd82a3c3b6,k-means,warm,exec,queue,0.0623774528503418,2.384185791015625e-07,2.384185791015625e-07,1609702122.735129,1609702123.2260969,0.4909677505493164,1609702122.8530087,1609702122.8579452,0.0049364566802978516
77fbf8cd9eee4a3393e5c8a7e7d237d7,k-means,warm,exec,queue,0.0525212287902832,0.0,2.384185791015625e-07,1609702122.7372787,1609702123.1518106,0.414531946182251,1609702122.8408253,1609702122.8475091,0.006683826446533203
e9ad86321a704dbcaf4d8ba9abd56853,k-means,warm,exec,queue,0.0573277473449707,2.384185791015625e-07,2.384185791015625e-07,1609702122.7388537,1609702123.2294092,0.4905555248260498,1609702122.8470445,1609702122.8537629,0.00671839714050293
31e789edd7b84dfc92d42c37f51f8a43,k-means,warm,exec,queue,0.03250432014465332,2.384185791015625e-07,2.384185791015625e-07,1609702122.7404473,1609702122.8995547,0.15910744667053223,1609702122.8196657,1609702122.826454,0.0067882537841796875
9e6bda769e9b42d680527dae7d6ca727,k-means,warm,exec,queue,0.028089284896850586,4.76837158203125e-07,2.384185791015625e-07,1609702122.7420185,1609702123.049558,0.3075394630432129,1609702122.8171163,1609702122.8251266,0.008010387420654297
93281c6a05f04be3a121c2f2e2ba9431,k-means,warm,exec,queue,0.023546695709228516,4.76837158203125e-07,4.76837158203125e-07,1609702122.7664173,1609702123.1561038,0.38968658447265625,1609702122.8090737,1609702122.8169334,0.00785970687866211
4300bf4496a74d9799077932a6f28edb,k-means,warm,exec,queue,0.01397395133972168,4.76837158203125e-07,4.76837158203125e-07,1609702122.7679627,1609702122.9766822,0.20871949195861816,1609702122.799066,1609702122.807632,0.008565902709960938
a4c90347349c4bf4b2d5c86defad6913,k-means,warm,exec,queue,0.01892542839050293,2.384185791015625e-07,4.76837158203125e-07,1609702122.769509,1609702122.898262,0.1287529468536377,1609702122.804938,1609702122.8131042,0.008166074752807617
75fcc151c5e94213bf84c8b39921a4b0,k-means,warm,exec,queue,0.0673980712890625,4.76837158203125e-07,2.384185791015625e-07,1609702122.7711093,1609702123.156712,0.3856027126312256,1609702122.8596363,1609702122.8658588,0.00622248649597168
89f95413d6474276b60ca7de3fa107fa,k-means,warm,exec,queue,0.001764535903930664,4.76837158203125e-07,2.384185791015625e-07,1609702123.724479,1609702123.845819,0.12134003639221191,1609702123.7717628,1609702123.782654,0.010891199111938477
f797d1c8cf234386bdd4e1909d1e0191,k-means,warm,exec,queue,0.041899681091308594,2.384185791015625e-07,2.384185791015625e-07,1609702123.7287924,1609702123.9911394,0.2623469829559326,1609702123.8128421,1609702123.818003,0.005160808563232422
c75ac41a248d459a9a5c9fc701e41540,k-means,warm,exec,queue,0.047016143798828125,2.384185791015625e-07,2.384185791015625e-07,1609702123.7313905,1609702123.9916754,0.2602849006652832,1609702123.8192759,1609702123.82637,0.007094144821166992
9a270f7850a748bc80b5043a711726c8,k-means,warm,exec,queue,0.03539133071899414,2.384185791015625e-07,0.0,1609702123.7339842,1609702123.954725,0.22074079513549805,1609702123.8006008,1609702123.8056931,0.0050923824310302734
581937be8fea4fc38d936a5a3e538ce2,k-means,warm,exec,queue,0.04070925712585449,4.76837158203125e-07,0.0,1609702123.7366896,1609702123.9868727,0.25018310546875,1609702123.8117075,1609702123.8190084,0.007300853729248047
3e5ed36373a5431eb11eae14a49839b5,k-means,warm,exec,queue,0.03012990951538086,2.384185791015625e-07,2.384185791015625e-07,1609702123.7382207,1609702123.9099467,0.17172598838806152,1609702123.7962012,1609702123.8031096,0.006908416748046875
dcdc8f7d177f418f9c4ff6c6ac639962,k-means,warm,exec,queue,0.025519847869873047,2.384185791015625e-07,4.76837158203125e-07,1609702123.7397592,1609702124.1449335,0.40517425537109375,1609702123.7946017,1609702123.8018754,0.007273674011230469
b76e93a2ea53464eae9965c5383b31e9,k-means,warm,exec,queue,0.02001214027404785,2.384185791015625e-07,0.0,1609702123.7413063,1609702123.8689454,0.1276390552520752,1609702123.7845807,1609702123.7930188,0.0084381103515625
1fe9af83d8264e46a3749007d4d23a55,k-means,warm,exec,queue,0.015440940856933594,7.152557373046875e-07,2.384185791015625e-07,1609702123.7428439,1609702123.988743,0.24589920043945312,1609702123.7791467,1609702123.787898,0.008751392364501953
372b07bc92784f59b6ce58321214e9c3,k-means,warm,exec,queue,0.010864496231079102,2.384185791015625e-07,0.0,1609702123.7445135,1609702123.8436263,0.09911274909973145,1609702123.7744703,1609702123.7846994,0.010229110717773438
76c4af6899424f7bb7907fa00f676e28,k-means,warm,exec,queue,0.008864641189575195,4.76837158203125e-07,2.384185791015625e-07,1609702123.7460392,1609702123.844788,0.09874892234802246,1609702123.7726026,1609702123.7810535,0.008450984954833984
db483c2834f649b08f0212cddf2f40b0,video,warm,exec,queue,0.020293712615966797,2.384185791015625e-07,4.76837158203125e-07,1609702123.7475762,1609702123.8678608,0.1202845573425293,1609702123.7948067,1609702123.812084,0.017277240753173828
7c748586378d4babab8a8b8a0c9929e4,k-means,warm,exec,queue,0.002382516860961914,4.76837158203125e-07,2.384185791015625e-07,1609702124.7226522,1609702124.847763,0.12511086463928223,1609702124.7619965,1609702124.7703984,0.008401870727539062
0624ef2a4a2b4461adaf8833b42c9dd4,k-means,warm,exec,queue,0.03114175796508789,2.384185791015625e-07,2.384185791015625e-07,1609702124.7267632,1609702124.8706188,0.14385557174682617,1609702124.790501,1609702124.796807,0.0063059329986572266
2cf2eb5fad454416bed38327ec0dedf4,k-means,warm,exec,queue,0.035634517669677734,2.384185791015625e-07,2.384185791015625e-07,1609702124.7293844,1609702124.9301183,0.20073390007019043,1609702124.7955573,1609702124.8021557,0.006598472595214844
4b74a3abb16e4e63b3792981ffce546c,k-means,warm,exec,queue,0.04021453857421875,2.384185791015625e-07,2.384185791015625e-07,1609702124.7319589,1609702124.8722708,0.14031195640563965,1609702124.7995455,1609702124.8046465,0.00510096549987793
bf65f4e1ec4b45588286d0373db0bf40,k-means,warm,exec,queue,0.04491567611694336,2.384185791015625e-07,2.384185791015625e-07,1609702124.7337666,1609702124.9749954,0.24122881889343262,1609702124.8048558,1609702124.809788,0.0049321651458740234
7cb2f1212b7a49c7b50040426d57ca11,k-means,warm,exec,queue,0.02608036994934082,2.384185791015625e-07,2.384185791015625e-07,1609702124.7355204,1609702124.9714143,0.23589396476745605,1609702124.783355,1609702124.7896638,0.006308794021606445
a030b37a1fd846a4898242dc385e018c,k-means,warm,exec,queue,0.02100515365600586,2.384185791015625e-07,2.384185791015625e-07,1609702124.7370934,1609702124.895428,0.15833449363708496,1609702124.779327,1609702124.7856598,0.006332874298095703
92f57ff0163046dfa4649e90eb6f4084,k-means,warm,exec,queue,0.01543426513671875,2.384185791015625e-07,0.0,1609702124.7386537,1609702124.9743793,0.23572564125061035,1609702124.7726135,1609702124.7809687,0.008355140686035156
6ab6b647e5ee40228a10252f5dc60830,k-means,warm,exec,queue,0.008314371109008789,2.384185791015625e-07,0.0,1609702124.7402282,1609702124.8461206,0.10589241981506348,1609702124.7622318,1609702124.7707832,0.008551359176635742
c85aa211bb8b488f992b5e82defefdd8,k-means,warm,exec,queue,0.013100862503051758,4.76837158203125e-07,4.76837158203125e-07,1609702124.741911,1609702124.873942,0.13203096389770508,1609702124.7672377,1609702124.7755044,0.008266687393188477
7f7e4fca9d094c978a7428d65a188974,k-means,warm,exec,queue,0.0029420852661132812,4.76837158203125e-07,4.76837158203125e-07,1609702125.7235417,1609702125.8392062,0.11566448211669922,1609702125.767025,1609702125.7748516,0.007826566696166992
41af7cac26e640138f0f5fb09b533ee5,disk,warm,exec,queue,0.030034780502319336,2.384185791015625e-07,0.0,1609702125.7276933,1609702125.9813185,0.25362515449523926,1609702125.798606,1609702125.8079152,0.00930929183959961
6b93bf24f3ee424ebe7831656786c2ff,k-means,warm,exec,queue,0.03259682655334473,2.384185791015625e-07,2.384185791015625e-07,1609702125.7303448,1609702126.2110558,0.4807109832763672,1609702125.7977967,1609702125.8047574,0.006960630416870117
9f4e1a9f0c5e42ad85acdaac38f2da54,k-means,warm,exec,queue,0.025089740753173828,2.384185791015625e-07,2.384185791015625e-07,1609702125.732922,1609702125.9316173,0.19869518280029297,1609702125.795928,1609702125.8037393,0.007811307907104492
022dd56bdf974518be7eb61b0911a895,k-means,warm,exec,queue,0.020354270935058594,7.152557373046875e-07,2.384185791015625e-07,1609702125.735775,1609702125.933068,0.19729304313659668,1609702125.7919016,1609702125.799415,0.007513523101806641
ef18fc23991b4d3fafe5fd674222ea4d,k-means,warm,exec,queue,0.015307188034057617,4.76837158203125e-07,2.384185791015625e-07,1609702125.737668,1609702125.8656135,0.1279454231262207,1609702125.778945,1609702125.787575,0.008630037307739258
c7f9c03f593d4a1bb9c0a93ceaca2390,k-means,warm,exec,queue,0.009921073913574219,2.384185791015625e-07,0.0,1609702125.739249,1609702125.863995,0.12474608421325684,1609702125.77257,1609702125.7806892,0.008119344711303711
5a5a84e6e2154c03a6c686be0916262c,k-means,warm,exec,queue,0.004752397537231445,7.152557373046875e-07,2.384185791015625e-07,1609702125.7408311,1609702125.982657,0.24182581901550293,1609702125.7677524,1609702125.7761428,0.008390426635742188
0b95acdf35cc458ea0e6a4c2869e953b,video,warm,exec,queue,0.024178028106689453,2.384185791015625e-07,2.384185791015625e-07,1609702125.7424307,1609702125.955919,0.21348834037780762,1609702125.7924428,1609702125.8099482,0.017505407333374023
f5966004642148d1a4d48b4134dbd5fe,matmul,warm,exec,queue,0.028657197952270508,2.384185791015625e-07,0.0,1609702125.7441618,1609702125.8974159,0.15325403213500977,1609702125.796266,1609702125.8046134,0.008347272872924805
ddadb9e1739342c793c0fb25c19f96a3,map_reduce,warm,exec,queue,0.03340554237365723,2.384185791015625e-07,0.0,1609702125.7457817,1609702126.0594676,0.31368589401245117,1609702125.7978067,1609702125.8837245,0.08591771125793457
b4792b2500d04ba09f38edacab5f3c2d,k-means,warm,exec,queue,0.003095388412475586,4.76837158203125e-07,2.384185791015625e-07,1609702126.731852,1609702126.8957691,0.16391706466674805,1609702126.796928,1609702126.8055797,0.0086517333984375
a04372673b9647ac8bfb94e2ce584dc7,k-means,warm,exec,queue,0.027476787567138672,4.76837158203125e-07,2.384185791015625e-07,1609702126.736253,1609702127.2037675,0.4675145149230957,1609702126.8145137,1609702126.820108,0.0055942535400390625
b693eeea57d2441b859e24db14a5975e,k-means,warm,exec,queue,0.032877445220947266,4.76837158203125e-07,2.384185791015625e-07,1609702126.7387807,1609702126.9444296,0.20564889907836914,1609702126.8204985,1609702126.8264701,0.005971670150756836
dd0a156b7daf449fa0d296ec6d3ece8b,k-means,warm,exec,queue,0.03735041618347168,2.384185791015625e-07,0.0,1609702126.7413328,1609702126.9461,0.20476722717285156,1609702126.8257003,1609702126.830615,0.004914760589599609
a7bc82964ef84a4ca05229bfc3f6b062,k-means,warm,exec,queue,0.0427098274230957,7.152557373046875e-07,2.384185791015625e-07,1609702126.7441132,1609702127.0547862,0.3106729984283447,1609702126.8319879,1609702126.837781,0.005793094635009766
da5352d13c3942ac8ba9e908926e9791,k-means,warm,exec,queue,0.04799032211303711,2.384185791015625e-07,0.0,1609702126.7456539,1609702127.0591323,0.3134784698486328,1609702126.8365638,1609702126.8414075,0.004843711853027344
4db548b56a08467da291d10b151d7799,k-means,warm,exec,queue,0.053325653076171875,9.5367431640625e-07,4.76837158203125e-07,1609702126.747086,1609702126.9876375,0.24055147171020508,1609702126.849282,1609702126.855389,0.0061070919036865234
372869cf58974a989e1e507570d0d6a8,k-means,warm,exec,queue,0.059571266174316406,4.76837158203125e-07,2.384185791015625e-07,1609702126.7485678,1609702127.1363645,0.38779664039611816,1609702126.8508775,1609702126.8554635,0.004585981369018555
f75358e083ad46b3aebd7e666e9f98a8,k-means,warm,exec,queue,0.06441116333007812,2.384185791015625e-07,0.0,1609702126.750273,1609702127.1373136,0.3870406150817871,1609702126.8548393,1609702126.8604667,0.00562739372253418
f322d68330244afaac58e64d87e092b4,k-means,warm,exec,queue,0.01410222053527832,2.384185791015625e-07,2.384185791015625e-07,1609702126.751721,1609702126.894419,0.14269804954528809,1609702126.7970238,1609702126.8056507,0.008626937866210938
4bc147070aba43afa9fe262fcd628df7,k-means,warm,exec,queue,0.018461942672729492,2.384185791015625e-07,0.0,1609702126.7532005,1609702126.9894454,0.23624491691589355,1609702126.8016694,1609702126.8092914,0.0076220035552978516
2d84099e46a8490cb87ab8a365ca1541,k-means,warm,exec,queue,0.02383732795715332,4.76837158203125e-07,0.0,1609702126.7546265,1609702127.2056274,0.4510009288787842,1609702126.8076265,1609702126.815576,0.007949590682983398
49c61ef248484321b3634ef008da9099,k-means,warm,exec,queue,0.06841397285461426,4.76837158203125e-07,2.384185791015625e-07,1609702126.7561362,1609702127.059857,0.30372071266174316,1609702126.862791,1609702126.87036,0.007568836212158203
1027b7374a514c409bffe5c661fb023b,k-means,warm,exec,queue,0.07318854331970215,2.384185791015625e-07,0.0,1609702126.7576177,1609702127.133718,0.3761003017425537,1609702126.8668084,1609702126.8719797,0.005171298980712891
4b226dd504734fb5842026ad92c43800,k-means,warm,exec,queue,0.07879304885864258,4.76837158203125e-07,2.384185791015625e-07,1609702126.759057,1609702127.1398654,0.38080835342407227,1609702126.871518,1609702126.876785,0.005267143249511719
b326da58acb444df9e6edcdc0fe88842,k-means,warm,exec,queue,0.08391118049621582,4.76837158203125e-07,2.384185791015625e-07,1609702126.7605262,1609702127.1321633,0.37163710594177246,1609702126.8793275,1609702126.885538,0.0062105655670166016
7cdd5002de8b40c6b954a794bd52d8f6,k-means,warm,exec,queue,0.08958220481872559,4.76837158203125e-07,2.384185791015625e-07,1609702126.7620502,1609702127.1402347,0.37818455696105957,1609702126.883627,1609702126.8875973,0.00397038459777832
7d372987d5ed4514a6ac5a510a967ae0,k-means,warm,exec,queue,0.09501290321350098,4.76837158203125e-07,0.0,1609702126.7635384,1609702127.138291,0.3747525215148926,1609702126.8916566,1609702126.8978338,0.006177186965942383
bbdf9aa369c847258d77328b4432920e,k-means,warm,exec,queue,0.10033774375915527,4.76837158203125e-07,2.384185791015625e-07,1609702126.7650068,1609702127.2621458,0.49713897705078125,1609702126.895873,1609702126.901137,0.0052640438079833984
14f763208174488894567e2cf521a64b,k-means,warm,exec,queue,0.10536932945251465,2.384185791015625e-07,4.76837158203125e-07,1609702126.76653,1609702127.0864048,0.31987476348876953,1609702126.9001048,1609702126.9065907,0.006485939025878906
b216fca42ff0476b9cdbb391ca001a1d,k-means,warm,exec,queue,0.11020398139953613,2.384185791015625e-07,2.384185791015625e-07,1609702126.7679768,1609702127.135998,0.36802124977111816,1609702126.9061346,1609702126.9116638,0.005529165267944336
7f78710d5c924a3194359374575c6955,k-means,warm,exec,queue,0.009573221206665039,2.384185791015625e-07,2.384185791015625e-07,1609702127.7313793,1609702127.8731287,0.14174938201904297,1609702127.783971,1609702127.7922332,0.008262157440185547
5639e27c66274981ad2a49558c6962e3,k-means,warm,exec,queue,0.07829999923706055,2.384185791015625e-07,0.0,1609702127.7356002,1609702128.0231426,0.28754234313964844,1609702127.8623085,1609702127.869221,0.0069124698638916016
c51e6e698ddb4051963ffa29c1d05440,k-means,warm,exec,queue,0.044355154037475586,2.384185791015625e-07,2.384185791015625e-07,1609702127.7382114,1609702128.156778,0.4185667037963867,1609702127.8211136,1609702127.8269966,0.005882978439331055
86df3bf817bc48ff9566a773172e55d7,k-means,warm,exec,queue,0.04942750930786133,2.384185791015625e-07,0.0,1609702127.74076,1609702127.9692314,0.2284712791442871,1609702127.8274262,1609702127.8343248,0.006898641586303711
763231fdd44a46ea9bfadb255fc5efcb,k-means,warm,exec,queue,0.05494213104248047,2.384185791015625e-07,2.384185791015625e-07,1609702127.7436068,1609702127.9668283,0.2232215404510498,1609702127.8327515,1609702127.8386695,0.005918025970458984
a0063ed22cc44e4190dec75470ae5157,k-means,warm,exec,queue,0.0390775203704834,2.384185791015625e-07,0.0,1609702127.7455473,1609702128.2071009,0.46155357360839844,1609702127.8170483,1609702127.8244073,0.007359027862548828
c6dfe25efc264dc897c81b857c862631,k-means,warm,exec,queue,0.03356337547302246,2.384185791015625e-07,0.0,1609702127.747052,1609702128.2090454,0.4619934558868408,1609702127.8093297,1609702127.8155255,0.006195783615112305
b4a274e43c57486ebcd094ee67f23f1c,k-means,warm,exec,queue,0.02888655662536621,2.384185791015625e-07,2.384185791015625e-07,1609702127.748569,1609702128.0219626,0.2733936309814453,1609702127.8062282,1609702127.8138473,0.007619142532348633
f69f0300bee8413eb806d71b6680d663,k-means,warm,exec,queue,0.02326226234436035,2.384185791015625e-07,4.76837158203125e-07,1609702127.750072,1609702127.904887,0.1548149585723877,1609702127.8042667,1609702127.8117647,0.007498025894165039
5e1ae640877540b58919f670d446bfcb,k-means,warm,exec,queue,0.018415451049804688,2.384185791015625e-07,2.384185791015625e-07,1609702127.7517085,1609702128.1058724,0.35416388511657715,1609702127.7934556,1609702127.8016658,0.008210182189941406
7fea00043a7b43249af60013fd5ebc0c,k-means,warm,exec,queue,0.013850688934326172,4.76837158203125e-07,2.384185791015625e-07,1609702127.7532244,1609702127.8714657,0.1182413101196289,1609702127.7884262,1609702127.7967083,0.008282184600830078
858cac00bde74565a1a7b7ba27893fa3,k-means,warm,exec,queue,0.06016182899475098,2.384185791015625e-07,2.384185791015625e-07,1609702127.7547312,1609702127.9697835,0.21505236625671387,1609702127.8399913,1609702127.8464081,0.006416797637939453
0a3738a3d96a4a9ea7f42d72e9ebef2c,k-means,warm,exec,queue,0.06537270545959473,2.384185791015625e-07,0.0,1609702127.7562444,1609702128.1075873,0.35134291648864746,1609702127.8443942,1609702127.8501484,0.005754232406616211
5a1ab511703d45af90148591f45153df,k-means,warm,exec,queue,0.07076907157897949,4.76837158203125e-07,2.384185791015625e-07,1609702127.7578678,1609702128.0242972,0.26642942428588867,1609702127.8527663,1609702127.8591876,0.006421327590942383
784a1723d9e148fdb46215b67e2ac078,k-means,warm,exec,queue,0.07546663284301758,2.384185791015625e-07,0.0,1609702127.7593555,1609702127.9662776,0.20692205429077148,1609702127.8557694,1609702127.8614733,0.005703926086425781
07e1a0799a384774944373fa36bdc0cb,video,warm,exec,queue,0.019381046295166016,2.384185791015625e-07,4.76837158203125e-07,1609702127.7608678,1609702127.9636145,0.20274662971496582,1609702127.8046339,1609702127.8207772,0.016143321990966797
b612608d1bef487c8db6dd1b50904154,k-means,warm,exec,queue,0.0043032169342041016,4.76837158203125e-07,2.384185791015625e-07,1609702128.722298,1609702128.842018,0.1197199821472168,1609702128.7566025,1609702128.7648528,0.008250236511230469
d1f88da54f4140ed9f8e0335c087a7a0,k-means,warm,exec,queue,0.033911943435668945,2.384185791015625e-07,2.384185791015625e-07,1609702128.725966,1609702128.9500184,0.22405242919921875,1609702128.788815,1609702128.793117,0.004302024841308594
0c029261b1294f0a8974b9b28b272e88,k-means,warm,exec,queue,0.029448747634887695,2.384185791015625e-07,0.0,1609702128.7280543,1609702128.9767737,0.2487194538116455,1609702128.7848976,1609702128.7909024,0.006004810333251953
6f3097c8cb4a476b9e8d968e5fe0df7e,k-means,warm,exec,queue,0.008066177368164062,2.384185791015625e-07,2.384185791015625e-07,1609702128.730206,1609702128.844331,0.11412501335144043,1609702128.7580762,1609702128.7662518,0.00817561149597168
911c962816924e11a3112670ee110961,k-means,warm,exec,queue,0.012820005416870117,2.384185791015625e-07,2.384185791015625e-07,1609702128.7323525,1609702128.9170647,0.18471217155456543,1609702128.7635038,1609702128.7718673,0.008363485336303711
c409d7982e0b4b9d963ceb9f9c6ff41d,k-means,warm,exec,queue,0.0175173282623291,2.384185791015625e-07,2.384185791015625e-07,1609702128.735022,1609702128.8769147,0.141892671585083,1609702128.7687514,1609702128.776815,0.008063554763793945
1cc3537a6c074e519801397f669de943,k-means,warm,exec,queue,0.02271437644958496,2.384185791015625e-07,2.384185791015625e-07,1609702128.7372677,1609702128.8745134,0.13724565505981445,1609702128.773612,1609702128.7797883,0.0061762332916259766
a004ae45efe7490aa94669921d5afdfb,k-means,warm,exec,queue,0.027199745178222656,2.384185791015625e-07,0.0,1609702128.738764,1609702128.952991,0.21422696113586426,1609702128.7787669,1609702128.7833078,0.004540920257568359
f3cf15426fda42a4846df58d3bef21be,k-means,warm,exec,queue,0.005321025848388672,2.384185791015625e-07,2.384185791015625e-07,1609702129.7294667,1609702129.8530989,0.12363219261169434,1609702129.767686,1609702129.776125,0.008439064025878906
188dd7dbbdec48b8be5b675261accf94,k-means,warm,exec,queue,0.053885698318481445,2.384185791015625e-07,4.76837158203125e-07,1609702129.733315,1609702129.9195268,0.18621182441711426,1609702129.8210647,1609702129.8255754,0.004510641098022461
65da9aaba3374c8683c393173a0211fe,k-means,warm,exec,queue,0.018833398818969727,2.384185791015625e-07,0.0,1609702129.7355802,1609702129.8760324,0.14045214653015137,1609702129.7901046,1609702129.7984533,0.008348703384399414
51031d790a5649f6a7c5788701bfb0c2,k-means,warm,exec,queue,0.02353048324584961,2.384185791015625e-07,2.384185791015625e-07,1609702129.7374475,1609702130.1440005,0.4065530300140381,1609702129.7929385,1609702129.7996733,0.0067348480224609375
1f65d0ee51c74ad18db460d6b4b4339b,k-means,warm,exec,queue,0.02947402000427246,2.384185791015625e-07,2.384185791015625e-07,1609702129.7391808,1609702129.9432,0.20401930809020996,1609702129.7934496,1609702129.7998202,0.00637054443359375
a340cf9acc544e2a9fe091f0849090d8,k-means,warm,exec,queue,0.03451061248779297,2.384185791015625e-07,2.384185791015625e-07,1609702129.7409015,1609702130.0779722,0.3370707035064697,1609702129.7989826,1609702129.8064945,0.00751185417175293
b4f764b54cfc4c7da2ca54e731cba83b,k-means,warm,exec,queue,0.040337562561035156,2.384185791015625e-07,2.384185791015625e-07,1609702129.7424316,1609702130.0765007,0.33406901359558105,1609702129.8074408,1609702129.81385,0.006409168243408203
610f15bca3e148f9a4712f2c3feb2d45,k-means,warm,exec,queue,0.045740604400634766,0.0,2.384185791015625e-07,1609702129.7439628,1609702129.9178476,0.17388486862182617,1609702129.812163,1609702129.8188956,0.006732463836669922
78a719da69844ca982c47b838d0844b1,k-means,warm,exec,queue,0.05063152313232422,4.76837158203125e-07,2.384185791015625e-07,1609702129.7455108,1609702129.9681022,0.22259140014648438,1609702129.8179588,1609702129.8242736,0.006314754486083984
2df2088b386442638d7dd15bf6b70719,k-means,warm,exec,queue,0.013928651809692383,2.384185791015625e-07,0.0,1609702129.7473254,1609702129.9212346,0.17390918731689453,1609702129.777655,1609702129.7863393,0.008684396743774414
ef0c55b8b5fa4ee2a12bfc97d2bb1e5d,k-means,warm,exec,queue,0.009330987930297852,4.76837158203125e-07,2.384185791015625e-07,1609702129.74888,1609702129.8514433,0.10256338119506836,1609702129.7721283,1609702129.7804625,0.008334159851074219
e4c95bcee6eb4d2f943a2ab30e3ea9be,video,warm,exec,queue,0.022590160369873047,2.384185791015625e-07,2.384185791015625e-07,1609702129.750396,1609702130.1186595,0.36826348304748535,1609702129.7930505,1609702129.8105292,0.01747870445251465
0877ae0a5584429a85894a2da7b98e3c,k-means,warm,exec,queue,0.004521846771240234,2.384185791015625e-07,0.0,1609702130.720322,1609702130.822128,0.1018061637878418,1609702130.750351,1609702130.758191,0.007840156555175781
8a841e27928f4e0086bf8c4951a3caa2,matmul,warm,exec,queue,0.017377614974975586,2.384185791015625e-07,0.0,1609702130.72441,1609702130.8783343,0.15392422676086426,1609702130.7696593,1609702130.778989,0.009329795837402344
1fe1f12d1d564f58827eb5d2978796b9,k-means,warm,exec,queue,0.03520703315734863,2.384185791015625e-07,2.384185791015625e-07,1609702130.727109,1609702130.9543648,0.22725582122802734,1609702130.7849185,1609702130.789369,0.004450559616088867
fd76063f901b4411ad6631c566b7ed46,k-means,warm,exec,queue,0.020843982696533203,2.384185791015625e-07,2.384185791015625e-07,1609702130.7296412,1609702130.9371922,0.2075510025024414,1609702130.769375,1609702130.775186,0.005810976028442383
4403c6cc9e8341d8a3e9bba82d2a2967,k-means,warm,exec,queue,0.025700807571411133,2.384185791015625e-07,2.384185791015625e-07,1609702130.7321212,1609702130.8450947,0.11297345161437988,1609702130.7732725,1609702130.778222,0.0049495697021484375
aec6aacb18a342149c60dc1a494e87a6,k-means,warm,exec,queue,0.030597925186157227,2.384185791015625e-07,4.76837158203125e-07,1609702130.7338195,1609702130.9560163,0.2221968173980713,1609702130.7775667,1609702130.783802,0.006235361099243164
1a87d67979af4927b0617a0ce0db78a9,k-means,warm,exec,queue,0.014066696166992188,2.384185791015625e-07,2.384185791015625e-07,1609702130.735266,1609702130.8467033,0.11143732070922852,1609702130.761108,1609702130.768303,0.007194995880126953
408b907d7b65490784abce8befba6bd1,k-means,warm,exec,queue,0.009188175201416016,2.384185791015625e-07,2.384185791015625e-07,1609702130.736729,1609702130.8204374,0.08370852470397949,1609702130.7553456,1609702130.762675,0.007329463958740234
c79d5474af9c449f93942b4eefced8b3,k-means,warm,exec,queue,0.0009677410125732422,4.76837158203125e-07,2.384185791015625e-07,1609702131.734965,1609702131.915501,0.18053603172302246,1609702131.7939172,1609702131.8015969,0.00767970085144043
c10dba7e88fd45cfaf5e11fde177534c,k-means,warm,exec,queue,0.014358997344970703,7.152557373046875e-07,2.384185791015625e-07,1609702131.7392428,1609702131.91766,0.17841720581054688,1609702131.7937694,1609702131.8015628,0.007793426513671875
0dcd8d729b614b6c9a74f4a59416f9b1,k-means,warm,exec,queue,0.021372556686401367,2.384185791015625e-07,2.384185791015625e-07,1609702131.7418044,1609702132.5003703,0.7585659027099609,1609702131.8042996,1609702131.8119214,0.00762176513671875
842d1be48fbb47e0a7b15d69aa9aa7c5,k-means,warm,exec,queue,0.02732992172241211,2.384185791015625e-07,0.0,1609702131.744315,1609702132.4989266,0.7546117305755615,1609702131.8126268,1609702131.8187,0.0060732364654541016
fce7c582d1a54bae960ba79081bae9a6,k-means,warm,exec,queue,0.031862497329711914,4.76837158203125e-07,2.384185791015625e-07,1609702131.7470875,1609702132.6019466,0.8548591136932373,1609702131.816981,1609702131.8234372,0.006456136703491211
d30f5c3002e9421885981324e29ccfb1,k-means,warm,exec,queue,0.03653883934020996,2.384185791015625e-07,0.0,1609702131.7491271,1609702132.4801505,0.7310233116149902,1609702131.820982,1609702131.8266551,0.00567317008972168
ba29debc244d4ad2b731503c59fc4e4d,k-means,warm,exec,queue,0.04147768020629883,2.384185791015625e-07,0.0,1609702131.7505813,1609702132.4774413,0.7268600463867188,1609702131.825782,1609702131.8317475,0.005965471267700195
1f107acd38a54718a0702e8cd11290b2,k-means,warm,exec,queue,0.04676008224487305,4.76837158203125e-07,2.384185791015625e-07,1609702131.7520545,1609702132.711765,0.9597105979919434,1609702131.832934,1609702131.8389125,0.005978584289550781
dd34968295814bc5aa3bb3b383d107f8,k-means,warm,exec,queue,0.05112504959106445,2.384185791015625e-07,2.384185791015625e-07,1609702131.753516,1609702132.869795,1.116279125213623,1609702131.837662,1609702131.84265,0.004987955093383789
dec0b6a591684d969c164282098e8db4,k-means,warm,exec,queue,0.055555105209350586,2.384185791015625e-07,2.384185791015625e-07,1609702131.7550702,1609702132.4240518,0.6689815521240234,1609702131.8417425,1609702131.8478286,0.006086111068725586
39f761441dac432489e2b7c790ce5913,k-means,warm,exec,queue,0.06008005142211914,2.384185791015625e-07,2.384185791015625e-07,1609702131.7565327,1609702132.5029936,0.7464609146118164,1609702131.84785,1609702131.8537736,0.00592350959777832
33bc597111254cb49917b411d101e7b0,k-means,warm,exec,queue,0.016053438186645508,4.76837158203125e-07,4.76837158203125e-07,1609702131.757973,1609702132.2653372,0.5073642730712891,1609702131.7977033,1609702131.804765,0.00706171989440918
06a61440f9044c17a91a2134b357dec2,k-means,warm,exec,queue,0.06415629386901855,2.384185791015625e-07,2.384185791015625e-07,1609702131.7594135,1609702132.9619606,1.2025470733642578,1609702131.8531692,1609702131.8578205,0.004651308059692383
45ed33e2cbc4428ba2499138ee4c18c2,k-means,warm,exec,queue,0.06952381134033203,2.384185791015625e-07,2.384185791015625e-07,1609702131.7609828,1609702132.7135088,0.9525260925292969,1609702131.8592622,1609702131.8645334,0.005271196365356445
bed27c38c5f34a689cbd5d468b222311,k-means,warm,exec,queue,0.07442331314086914,2.384185791015625e-07,2.384185791015625e-07,1609702131.7624307,1609702132.5025172,0.740086555480957,1609702131.863547,1609702131.8677552,0.004208087921142578
59673f60ae094847903ed469aede7689,k-means,warm,exec,queue,0.0788872241973877,7.152557373046875e-07,2.384185791015625e-07,1609702131.7638679,1609702132.4780676,0.7141997814178467,1609702131.8702679,1609702131.8767488,0.0064809322357177734
e34eefec7ac248bdba7dde1b2a6e8d81,video,warm,exec,queue,0.01683330535888672,2.384185791015625e-07,2.384185791015625e-07,1609702131.765428,1609702132.4258277,0.6603996753692627,1609702131.8134458,1609702131.8305187,0.01707291603088379
a928038a5e974116b8f445b63d546302,k-means,warm,exec,queue,0.004205465316772461,2.384185791015625e-07,0.0,1609702132.7469232,1609702133.148945,0.4020218849182129,1609702132.7960715,1609702132.8033245,0.007252931594848633
c99c3176be9243e089272651d302408e,k-means,warm,exec,queue,0.03833460807800293,2.384185791015625e-07,0.0,1609702132.7510188,1609702133.198262,0.44724321365356445,1609702132.8292384,1609702132.8345792,0.0053408145904541016
664cf112e87042aba2b54b132150359b,k-means,warm,exec,queue,0.043082237243652344,2.384185791015625e-07,2.384185791015625e-07,1609702132.753577,1609702133.1957128,0.4421358108520508,1609702132.834316,1609702132.8402734,0.005957365036010742
29b7bc8811d04badb4ddaacf6f8563b3,k-means,warm,exec,queue,0.04861283302307129,2.384185791015625e-07,2.384185791015625e-07,1609702132.7560923,1609702132.9653702,0.20927786827087402,1609702132.8403108,1609702132.845217,0.004906177520751953
cb4168407c9e4c9297d348574f835e0a,k-means,warm,exec,queue,0.05385017395019531,2.384185791015625e-07,2.384185791015625e-07,1609702132.7579963,1609702133.1987967,0.44080042839050293,1609702132.846214,1609702132.8507018,0.004487752914428711
4fb2acb65be74453aa2dfbe78ba567c6,k-means,warm,exec,queue,0.05935811996459961,2.384185791015625e-07,0.0,1609702132.7594342,1609702133.0871587,0.3277244567871094,1609702132.8526115,1609702132.8580496,0.005438089370727539
c4e2fdc987a44271a1c6b1b98291376e,k-means,warm,exec,queue,0.014855146408081055,2.384185791015625e-07,0.0,1609702132.7608979,1609702133.0387452,0.2778472900390625,1609702132.8026488,1609702132.811904,0.009255170822143555
5b326beef0024d72901c18f5ea8bb6cd,k-means,warm,exec,queue,0.02014946937561035,2.384185791015625e-07,2.384185791015625e-07,1609702132.7623255,1609702133.08902,0.3266944885253906,1609702132.809819,1609702132.8166792,0.006860256195068359
c20deb0fd8484a739be4f847378460df,k-means,warm,exec,queue,0.025308847427368164,4.76837158203125e-07,2.384185791015625e-07,1609702132.7637882,1609702132.9647894,0.20100116729736328,1609702132.8134599,1609702132.8203542,0.006894350051879883
5bd5110182a14c3391f058d1287d18da,k-means,warm,exec,queue,0.030212879180908203,2.384185791015625e-07,2.384185791015625e-07,1609702132.7653592,1609702133.20028,0.4349207878112793,1609702132.8193998,1609702132.826631,0.007231235504150391
64a7b181719040a68f39024bd005adc2,k-means,warm,exec,queue,0.03495597839355469,2.384185791015625e-07,0.0,1609702132.7668486,1609702133.146038,0.37918949127197266,1609702132.8239193,1609702132.8283284,0.004409074783325195
0fe2ae26c5cc485faba2446efc599cc9,k-means,warm,exec,queue,0.009362936019897461,4.76837158203125e-07,2.384185791015625e-07,1609702132.7683134,1609702133.0035381,0.23522472381591797,1609702132.796797,1609702132.8046749,0.007877826690673828
3e68e532da5148949902b97836d012e1,k-means,warm,exec,queue,0.06446170806884766,2.384185791015625e-07,0.0,1609702132.769736,1609702133.0906396,0.3209035396575928,1609702132.857802,1609702132.8625176,0.004715681076049805
b38b58c1dd26491687c6d8656a609e8b,k-means,warm,exec,queue,0.06902861595153809,2.384185791015625e-07,2.384185791015625e-07,1609702132.7712677,1609702133.273317,0.502049446105957,1609702132.8648078,1609702132.8724766,0.007668733596801758
2cfe0478f67243f69e9fbd238dc2d87a,k-means,warm,exec,queue,0.07362246513366699,2.384185791015625e-07,0.0,1609702132.7727048,1609702133.271427,0.4987220764160156,1609702132.8680224,1609702132.872048,0.004025459289550781
9982a629e54d466e88599d631659ac61,k-means,warm,exec,queue,0.07889366149902344,2.384185791015625e-07,2.384185791015625e-07,1609702132.7741396,1609702133.005428,0.23128843307495117,1609702132.8741903,1609702132.8797264,0.005536079406738281
1eb7e76ce7d2464eafee7d6b948fa4a2,k-means,warm,exec,queue,0.0020973682403564453,7.152557373046875e-07,2.384185791015625e-07,1609702133.7383463,1609702133.939038,0.20069169998168945,1609702133.792436,1609702133.8023365,0.009900569915771484
c4eaf9ef783945ffb48ab42845be0a6c,k-means,warm,exec,queue,0.04234504699707031,2.384185791015625e-07,2.384185791015625e-07,1609702133.7425156,1609702134.2573164,0.5148007869720459,1609702133.8329697,1609702133.8403862,0.007416486740112305
0c500856beaf48f49360a85478c5d550,k-means,warm,exec,queue,0.04745984077453613,2.384185791015625e-07,2.384185791015625e-07,1609702133.745141,1609702134.0007753,0.2556343078613281,1609702133.838812,1609702133.8450665,0.006254434585571289
b599e08788814116af2f3a2630ee90ff,k-means,warm,exec,queue,0.05221891403198242,2.384185791015625e-07,2.384185791015625e-07,1609702133.7477188,1609702134.0047026,0.25698375701904297,1609702133.843014,1609702133.8472822,0.004268169403076172
462888767d344c26b1f3e47030c0a4b8,k-means,warm,exec,queue,0.020148277282714844,2.384185791015625e-07,2.384185791015625e-07,1609702133.7506227,1609702134.0040731,0.2534503936767578,1609702133.8046865,1609702133.8112001,0.0065135955810546875
bbd9d0dceadc49808af0894b0b572b24,k-means,warm,exec,queue,0.024585962295532227,2.384185791015625e-07,2.384185791015625e-07,1609702133.752913,1609702133.9406848,0.18777179718017578,1609702133.814275,1609702133.8209617,0.006686687469482422
761565761dd941a2b7b13a3216dd1651,k-means,warm,exec,queue,0.029259443283081055,2.384185791015625e-07,2.384185791015625e-07,1609702133.7544718,1609702134.1740885,0.41961669921875,1609702133.8159986,1609702133.8216574,0.005658864974975586
8e6b85eb96a2436ca2fe88507847db35,k-means,warm,exec,queue,0.03396892547607422,2.384185791015625e-07,0.0,1609702133.7560246,1609702134.1175222,0.3614976406097412,1609702133.8202274,1609702133.8269985,0.006771087646484375
cfb3ae9e78b2416e974036319decf0f6,k-means,warm,exec,queue,0.03930830955505371,2.384185791015625e-07,2.384185791015625e-07,1609702133.757604,1609702134.0002046,0.242600679397583,1609702133.829171,1609702133.8359954,0.006824493408203125
582316c916f14d86b48012e87ac8e5dd,k-means,warm,exec,queue,0.014810562133789062,2.384185791015625e-07,2.384185791015625e-07,1609702133.7592962,1609702134.0328798,0.27358365058898926,1609702133.7985632,1609702133.8063226,0.0077593326568603516
f577db28bcaf44729e946ff4bb162867,k-means,warm,exec,queue,0.009928226470947266,2.384185791015625e-07,2.384185791015625e-07,1609702133.76087,1609702133.8748853,0.11401534080505371,1609702133.7945657,1609702133.803607,0.009041309356689453
72a59ba210e949fa807a77a72b92f502,k-means,warm,exec,queue,0.007980585098266602,2.384185791015625e-07,0.0,1609702133.7624187,1609702133.8727808,0.11036205291748047,1609702133.7932544,1609702133.8014445,0.008190155029296875
20047d8f857048b0860239e0340dce07,k-means,warm,exec,queue,0.05709385871887207,2.384185791015625e-07,2.384185791015625e-07,1609702133.7639732,1609702134.0687087,0.3047354221343994,1609702133.8481276,1609702133.8541772,0.006049633026123047
953d316edc2a4a54ab96eca950092308,k-means,warm,exec,queue,0.06230330467224121,4.76837158203125e-07,2.384185791015625e-07,1609702133.7656631,1609702134.0651975,0.29953432083129883,1609702133.8547578,1609702133.8602889,0.0055310726165771484
2cdf33ed159c455898d9132097f7c3a1,video,warm,exec,queue,0.0154876708984375,0.0,2.384185791015625e-07,1609702133.7672045,1609702134.0681043,0.3008997440338135,1609702133.8146057,1609702133.8307307,0.016124963760375977
0d2c6c70b4b84f639b29f5f6b5572979,k-means,warm,exec,queue,7.414817810058594e-05,4.76837158203125e-07,2.384185791015625e-07,1609702134.722774,1609702134.8247821,0.10200810432434082,1609702134.7520316,1609702134.7606251,0.008593559265136719
28bf586dae9f473ea3d63425e3e3d27d,k-means,warm,exec,queue,0.008353471755981445,1.6689300537109375e-05,4.76837158203125e-07,1609702134.7267187,1609702134.8266442,0.09992551803588867,1609702134.7579355,1609702134.76659,0.008654594421386719
18b62306dbbe40d1a4e779c0ce80eaca,k-means,warm,exec,queue,0.013074874877929688,4.76837158203125e-07,2.384185791015625e-07,1609702134.729354,1609702134.9091058,0.17975187301635742,1609702134.763257,1609702134.7715895,0.008332490921020508
b4846006f06c4bb597fee1e42013bf18,k-means,warm,exec,queue,0.017519235610961914,2.384185791015625e-07,2.384185791015625e-07,1609702134.731937,1609702134.9122493,0.1803123950958252,1609702134.7701428,1609702134.7775102,0.007367372512817383
e416ada8ecf4406c89919d262e544ff2,k-means,warm,exec,queue,0.003171205520629883,2.384185791015625e-07,2.384185791015625e-07,1609702134.734541,1609702134.9128673,0.17832636833190918,1609702134.752604,1609702134.7612693,0.008665323257446289
cbfe43dfdfb1451cba17729329907c78,k-means,warm,exec,queue,0.003749847412109375,4.76837158203125e-07,2.384185791015625e-07,1609702135.742457,1609702135.9007292,0.15827226638793945,1609702135.8028698,1609702135.8116944,0.008824586868286133
5d861ee93ab14be2b7e76d40143a304d,k-means,warm,exec,queue,0.045382022857666016,2.384185791015625e-07,2.384185791015625e-07,1609702135.74676,1609702135.935439,0.18867921829223633,1609702135.840571,1609702135.8485448,0.007973909378051758
2e0c4fe1f3314e4f8a76504575d2cf59,k-means,warm,exec,queue,0.01415395736694336,2.384185791015625e-07,2.384185791015625e-07,1609702135.7493904,1609702135.9023764,0.1529860496520996,1609702135.8018198,1609702135.8096159,0.007796049118041992
efa37d26f6e44aeb9d7842635ffdca06,k-means,warm,exec,queue,0.059015512466430664,2.384185791015625e-07,2.384185791015625e-07,1609702135.7519674,1609702136.3391318,0.5871644020080566,1609702135.8592012,1609702135.8654096,0.0062084197998046875
b2774be8ebe649688d9abbca3226ff87,k-means,warm,exec,queue,0.06369280815124512,2.384185791015625e-07,0.0,1609702135.7548313,1609702136.0948195,0.33998823165893555,1609702135.8598828,1609702135.866774,0.0068912506103515625
f6c30a6882504972b82db06523f8e938,k-means,warm,exec,queue,0.06906509399414062,2.384185791015625e-07,2.384185791015625e-07,1609702135.7571616,1609702136.264918,0.5077564716339111,1609702135.8690464,1609702135.8754249,0.0063784122467041016
95b6daf1bb0643c2bbc4dbd392cf7d3a,k-means,warm,exec,queue,0.07479739189147949,2.384185791015625e-07,2.384185791015625e-07,1609702135.7587447,1609702136.0484655,0.2897207736968994,1609702135.8732965,1609702135.8776813,0.004384756088256836
a9ef3b9a0c5a4b0183009e6fd4457dd0,k-means,warm,exec,queue,0.04040169715881348,2.384185791015625e-07,2.384185791015625e-07,1609702135.7603464,1609702136.2630718,0.50272536277771,1609702135.8359983,1609702135.843753,0.007754802703857422
e8699227555c467ea1a39c732fd01872,k-means,warm,exec,queue,0.035236358642578125,2.384185791015625e-07,4.76837158203125e-07,1609702135.7619176,1609702136.0443494,0.28243184089660645,1609702135.834523,1609702135.8419766,0.0074536800384521484
5689942309344e3f9cc6eeb91fd845ea,k-means,warm,exec,queue,0.028839111328125,4.76837158203125e-07,4.76837158203125e-07,1609702135.7636192,1609702135.9849539,0.22133469581604004,1609702135.8333008,1609702135.8408437,0.007542848587036133
8ac160d941f54d7391882e2ed49481c6,k-means,warm,exec,queue,0.017983198165893555,4.76837158203125e-07,2.384185791015625e-07,1609702135.7652094,1609702135.933766,0.16855645179748535,1609702135.8076024,1609702135.8162596,0.008657217025756836
7257e65e5fb34e228d7a656a3765d69c,k-means,warm,exec,queue,0.050675153732299805,4.76837158203125e-07,2.384185791015625e-07,1609702135.7667768,1609702136.3421814,0.5754046440124512,1609702135.8571632,1609702135.8640413,0.0068781375885009766
c9d4963979474bc0a1a698c8d80a3b1b,k-means,warm,exec,queue,0.022326231002807617,2.384185791015625e-07,2.384185791015625e-07,1609702135.7684686,1609702136.0491343,0.28066563606262207,1609702135.8127525,1609702135.8216608,0.008908271789550781
d984cd50a0dc422797681d606e53383c,k-means,warm,exec,queue,0.07856416702270508,2.384185791015625e-07,0.0,1609702135.7700462,1609702136.0496922,0.2796459197998047,1609702135.8772686,1609702135.8838334,0.0065648555755615234
9327d686248c4e41b21afe271bdb9cb0,video,warm,exec,queue,0.01685047149658203,4.76837158203125e-07,2.384185791015625e-07,1609702135.7715971,1609702136.051384,0.2797868251800537,1609702135.8339057,1609702135.8514268,0.017521142959594727
9e9e0888c8b747ff93c09d15d5084faf,matmul,warm,exec,queue,0.024594783782958984,2.384185791015625e-07,0.0,1609702135.7731717,1609702136.3428044,0.5696327686309814,1609702135.8347824,1609702135.8449495,0.010167121887207031
04c988ac937843b1add19af490723826,map_reduce,warm,exec,queue,0.030905485153198242,2.384185791015625e-07,0.0,1609702135.7748303,1609702136.1794875,0.40465712547302246,1609702135.835344,1609702135.9202266,0.08488249778747559
a1ea99a3c1954669983906a395bd1364,k-means,warm,exec,queue,0.004303455352783203,4.76837158203125e-07,0.0,1609702136.7362382,1609702136.8637109,0.1274726390838623,1609702136.7830193,1609702136.7912185,0.008199214935302734
1c717c981d2a49fe8aa009359dc28a27,k-means,warm,exec,queue,0.009588479995727539,2.384185791015625e-07,0.0,1609702136.740273,1609702136.8603013,0.12002825736999512,1609702136.782801,1609702136.7909834,0.008182525634765625
3bb843b5f06c428f92dc330c0a22bac4,k-means,warm,exec,queue,0.059835195541381836,2.384185791015625e-07,0.0,1609702136.7429914,1609702137.0049336,0.26194214820861816,1609702136.840656,1609702136.8455856,0.004929542541503906
4d1e596f28fa4d5fbdd1aaffe6e0ffda,k-means,warm,exec,queue,0.05440998077392578,2.384185791015625e-07,0.0,1609702136.7458627,1609702136.939923,0.1940603256225586,1609702136.8360014,1609702136.8422384,0.006237030029296875
35fdb63952a44ee58a190d6c5eb69579,k-means,warm,exec,queue,0.04950070381164551,2.384185791015625e-07,0.0,1609702136.7487404,1609702136.9455984,0.19685792922973633,1609702136.829116,1609702136.8334959,0.004379749298095703
05793b7d535048fe8e2b4dc231701ff3,k-means,warm,exec,queue,0.044193267822265625,4.76837158203125e-07,2.384185791015625e-07,1609702136.7502563,1609702136.9369855,0.18672919273376465,1609702136.8240554,1609702136.8298454,0.005789995193481445
f2276fc277b74d129ad49507ea541a87,k-means,warm,exec,queue,0.038922786712646484,4.76837158203125e-07,2.384185791015625e-07,1609702136.751766,1609702136.8769522,0.12518620491027832,1609702136.8182397,1609702136.8225253,0.004285573959350586
e9ae1cff631246caa0edfca1fef1f778,k-means,warm,exec,queue,0.03357362747192383,4.76837158203125e-07,2.384185791015625e-07,1609702136.7532928,1609702136.9449017,0.19160890579223633,1609702136.8126001,1609702136.81704,0.004439830780029297
3ba696948bac497885b1bd070b421836,k-means,warm,exec,queue,0.013829469680786133,2.384185791015625e-07,0.0,1609702136.754809,1609702136.863112,0.10830307006835938,1609702136.7882094,1609702136.7970238,0.008814334869384766
72503538b99042c39c25b0bcd614c161,k-means,warm,exec,queue,0.019152164459228516,4.76837158203125e-07,2.384185791015625e-07,1609702136.7566178,1609702137.0036352,0.24701738357543945,1609702136.7947135,1609702136.80318,0.008466482162475586
c5610e19b526461cae00ebf009be562c,k-means,warm,exec,queue,0.024575233459472656,2.384185791015625e-07,0.0,1609702136.7581275,1609702136.9452598,0.1871323585510254,1609702136.7991533,1609702136.8051002,0.0059468746185302734
584ecd45380644a1a07a3af54e69e34f,k-means,warm,exec,queue,0.06551003456115723,4.76837158203125e-07,2.384185791015625e-07,1609702136.759645,1609702136.9405496,0.18090462684631348,1609702136.8482835,1609702136.8547509,0.006467342376708984
37d0647f13934d509d3d3bcd3c1b22b4,k-means,warm,exec,queue,0.029841184616088867,2.384185791015625e-07,2.384185791015625e-07,1609702136.7614067,1609702136.945926,0.18451929092407227,1609702136.8057232,1609702136.81018,0.004456758499145508
2e0d1c965b044209aa4d5df01ba07b0c,k-means,warm,exec,queue,0.0030891895294189453,4.76837158203125e-07,2.384185791015625e-07,1609702137.734674,1609702137.8764322,0.14175820350646973,1609702137.7788737,1609702137.7879016,0.009027957916259766
5d184f61aa8f4139876102553153988a,video,warm,exec,queue,0.020052194595336914,4.76837158203125e-07,2.384185791015625e-07,1609702137.7391517,1609702138.0431993,0.3040475845336914,1609702137.8031847,1609702137.8209093,0.01772451400756836
1b4cb619c4c445efb9d19c7ffc7bb57d,k-means,warm,exec,queue,0.0399785041809082,2.384185791015625e-07,0.0,1609702137.7420418,1609702137.9365933,0.1945514678955078,1609702137.817554,1609702137.824053,0.006499052047729492
81064223be954298b8cf845d6660240e,k-means,warm,exec,queue,0.03444528579711914,2.384185791015625e-07,0.0,1609702137.7448823,1609702138.003543,0.25866055488586426,1609702137.8088796,1609702137.8162239,0.007344245910644531
3ae330001e7a4e659bb7c4fa197a84de,k-means,warm,exec,queue,0.02954840660095215,2.384185791015625e-07,2.384185791015625e-07,1609702137.747699,1609702138.1350358,0.38733673095703125,1609702137.8046765,1609702137.8115747,0.006898164749145508
de9fb7212168434294d3211cf2d8020d,k-means,warm,exec,queue,0.025118350982666016,4.76837158203125e-07,2.384185791015625e-07,1609702137.7499833,1609702137.9329164,0.18293309211730957,1609702137.8024397,1609702137.8099551,0.007515430450439453
ab9e65f2ec5b4763b71685e53cef8cb6,k-means,warm,exec,queue,0.020557880401611328,2.384185791015625e-07,2.384185791015625e-07,1609702137.751702,1609702138.0014987,0.24979662895202637,1609702137.8000855,1609702137.80842,0.00833439826965332
d976120287f248489d20e7c82b1666b3,k-means,warm,exec,queue,0.008939266204833984,4.76837158203125e-07,2.384185791015625e-07,1609702137.753441,1609702137.8747756,0.12133455276489258,1609702137.7793918,1609702137.7900906,0.010698795318603516
30ee32b85db24c238b279439438000f1,k-means,warm,exec,queue,0.013753652572631836,2.384185791015625e-07,2.384185791015625e-07,1609702137.7551682,1609702137.9359527,0.1807844638824463,1609702137.7840993,1609702137.7945712,0.010471820831298828
0ae3cedca39f41ee8cbef8d96f41b001,k-means,warm,exec,queue,0.018436193466186523,2.384185791015625e-07,0.0,1609702137.757029,1609702138.0414412,0.284412145614624,1609702137.7888935,1609702137.7977574,0.00886392593383789
f4653c5313824c3588d548891be7822a,k-means,warm,exec,queue,0.006830930709838867,4.76837158203125e-07,2.384185791015625e-07,1609702138.7409325,1609702138.8865347,0.14560222625732422,1609702138.7934303,1609702138.800606,0.0071756839752197266
1773108df3cc4db5a7238949ef45639b,k-means,warm,exec,queue,0.053868770599365234,4.76837158203125e-07,2.384185791015625e-07,1609702138.74534,1609702139.111634,0.36629390716552734,1609702138.8510406,1609702138.8581476,0.0071070194244384766
6c32bbcba6f0461285e6c285cf47683c,k-means,warm,exec,queue,0.059926509857177734,4.76837158203125e-07,2.384185791015625e-07,1609702138.748149,1609702139.1093345,0.36118555068969727,1609702138.8511553,1609702138.855843,0.004687786102294922
d4fa7a0080544d91b1fa3c601a23d032,k-means,warm,exec,queue,0.0649559497833252,2.384185791015625e-07,2.384185791015625e-07,1609702138.7509544,1609702138.9854872,0.23453283309936523,1609702138.8554933,1609702138.8625107,0.007017374038696289
0e3e221b7cb447688f1a546bb77131b5,k-means,warm,exec,queue,0.04062509536743164,2.384185791015625e-07,2.384185791015625e-07,1609702138.753439,1609702139.1104958,0.3570568561553955,1609702138.8312309,1609702138.8387778,0.007546901702880859
01431a8e0ff8493e89cf14d91aabdfa1,k-means,warm,exec,queue,0.046726226806640625,2.384185791015625e-07,0.0,1609702138.7551377,1609702139.0874104,0.3322727680206299,1609702138.8331914,1609702138.8379266,0.004735231399536133
a5f32d895f1e4bf68075a8e1e294ad56,k-means,warm,exec,queue,0.05147671699523926,2.384185791015625e-07,2.384185791015625e-07,1609702138.7568374,1609702138.9612453,0.2044079303741455,1609702138.8371491,1609702138.8441336,0.0069844722747802734
af1c65a574ba4dcba4f6eec3d1491672,k-means,warm,exec,queue,0.0353240966796875,2.384185791015625e-07,2.384185791015625e-07,1609702138.7585194,1609702138.959394,0.20087456703186035,1609702138.8189569,1609702138.8261702,0.0072133541107177734
16e6b4d2293f4ea995cae9a3264e9619,k-means,warm,exec,queue,0.030162811279296875,2.384185791015625e-07,2.384185791015625e-07,1609702138.760224,1609702139.1347187,0.3744945526123047,1609702138.8164673,1609702138.8235672,0.00709986686706543
24f42999213b4e6083d7941700fe1ff4,k-means,warm,exec,queue,0.02171182632446289,9.5367431640625e-07,4.76837158203125e-07,1609702138.762032,1609702138.988595,0.2265629768371582,1609702138.8146539,1609702138.8220878,0.007433891296386719
1343b544fc1a41ebbb6570c354e80c6b,k-means,warm,exec,queue,0.016420602798461914,2.384185791015625e-07,2.384185791015625e-07,1609702138.763717,1609702138.9892654,0.22554850578308105,1609702138.7997131,1609702138.809946,0.010232925415039062
2923af84ac0342ecae0ffefb80ea898f,k-means,warm,exec,queue,0.011432647705078125,2.384185791015625e-07,2.384185791015625e-07,1609702138.7654235,1609702138.8846889,0.11926531791687012,1609702138.7939796,1609702138.802389,0.008409261703491211
cffd616bc39a4ae68be1d692997eb196,k-means,warm,exec,queue,0.06954479217529297,4.76837158203125e-07,2.384185791015625e-07,1609702138.7671204,1609702139.087802,0.3206815719604492,1609702138.8673594,1609702138.8741245,0.006765127182006836
e140dfee426c4de2a3d9a684a511f44a,k-means,warm,exec,queue,0.07468533515930176,2.384185791015625e-07,4.76837158203125e-07,1609702138.7689066,1609702139.2274063,0.4584996700286865,1609702138.8688743,1609702138.8754926,0.0066182613372802734
745496de0bcd47fc9b7b65d24111cff3,k-means,warm,exec,queue,7.82012939453125e-05,4.76837158203125e-07,2.384185791015625e-07,1609702139.7526014,1609702139.8873906,0.13478922843933105,1609702139.7991996,1609702139.8076782,0.008478641510009766
df24100d01754d3b8a21f7dad9f17acf,k-means,warm,exec,queue,0.008164644241333008,2.384185791015625e-07,2.384185791015625e-07,1609702139.7569273,1609702139.8904192,0.13349199295043945,1609702139.7993848,1609702139.807915,0.008530139923095703
28d29d675e4d485ab4e44b15621a916a,k-means,warm,exec,queue,0.013129472732543945,2.384185791015625e-07,0.0,1609702139.7595592,1609702140.0032988,0.24373960494995117,1609702139.8037555,1609702139.8124013,0.008645772933959961
13ab335b24cb4eb89c4f7ebbcd3a6670,k-means,warm,exec,queue,0.01845240592956543,4.76837158203125e-07,7.152557373046875e-07,1609702139.7621872,1609702139.8910005,0.1288132667541504,1609702139.8126094,1609702139.8206158,0.00800633430480957
369d081a85ea455b996d211f310bdc06,k-means,warm,exec,queue,0.0285341739654541,2.384185791015625e-07,2.384185791015625e-07,1609702139.7648392,1609702140.0667439,0.30190467834472656,1609702139.822029,1609702139.8289273,0.006898164749145508
9554869fb36c474ca43de3cbf2c7c50b,k-means,warm,exec,queue,0.03347587585449219,2.384185791015625e-07,2.384185791015625e-07,1609702139.7664165,1609702139.9621675,0.19575095176696777,1609702139.8270824,1609702139.835263,0.008180618286132812
cce08056a1634f088ecdc3f9a6c5b98e,k-means,warm,exec,queue,0.03788304328918457,2.384185791015625e-07,2.384185791015625e-07,1609702139.767991,1609702140.0008183,0.23282718658447266,1609702139.832819,1609702139.839586,0.0067670345306396484
54091baba4f24ac99894f415dac42cf1,k-means,warm,exec,queue,0.04228520393371582,4.76837158203125e-07,2.384185791015625e-07,1609702139.7695913,1609702140.062963,0.29337167739868164,1609702139.836913,1609702139.843496,0.006582975387573242
852f08b35be340bbb1fa8aa46b8893fa,k-means,warm,exec,queue,0.04717898368835449,2.384185791015625e-07,2.384185791015625e-07,1609702139.771179,1609702140.0002453,0.2290663719177246,1609702139.8417573,1609702139.8496976,0.007940292358398438
322235385cc04bb7b0a301b7ef7f5e94,k-means,warm,exec,queue,0.05281376838684082,4.76837158203125e-07,2.384185791015625e-07,1609702139.772888,1609702140.0660641,0.29317617416381836,1609702139.8508472,1609702139.857159,0.006311655044555664
801384bb9fa845f88f7760ea752b693f,k-means,warm,exec,queue,0.057733774185180664,4.76837158203125e-07,2.384185791015625e-07,1609702139.7744596,1609702139.9995384,0.22507882118225098,1609702139.8554304,1609702139.8616984,0.006268024444580078
aebf542cd0da47e087f42fb0ec6f0b77,video,warm,exec,queue,0.019713640213012695,4.76837158203125e-07,4.76837158203125e-07,1609702139.7760465,1609702140.0028646,0.22681808471679688,1609702139.822745,1609702139.8391073,0.01636219024658203
f644472869c4476999e1bb9f66979fb9,k-means,warm,exec,queue,0.001012563705444336,4.76837158203125e-07,2.384185791015625e-07,1609702140.7420106,1609702140.9906507,0.2486400604248047,1609702140.7978044,1609702140.805879,0.008074760437011719
6c9db84c75b5432ea6acd8b3204d9d8d,k-means,warm,exec,queue,0.023262977600097656,2.384185791015625e-07,2.384185791015625e-07,1609702140.746408,1609702140.9869843,0.24057626724243164,1609702140.8198435,1609702140.826646,0.006802558898925781
9ee7eefefd5e49d29e372a89173c9260,k-means,warm,exec,queue,0.028378009796142578,2.384185791015625e-07,2.384185791015625e-07,1609702140.7490802,1609702141.0394526,0.290372371673584,1609702140.8210886,1609702140.8268983,0.005809783935546875
6b84fd6b5917432298f26ed3e088bdb6,k-means,warm,exec,queue,0.033564090728759766,4.76837158203125e-07,2.384185791015625e-07,1609702140.7516916,1609702140.9390473,0.18735575675964355,1609702140.8276157,1609702140.834523,0.006907224655151367
4ba10002ffb84fd2b315f01bd3c1e416,k-means,warm,exec,queue,0.03886580467224121,2.384185791015625e-07,0.0,1609702140.7538369,1609702140.99184,0.23800301551818848,1609702140.8379567,1609702140.8450298,0.007073163986206055
fa3c22e4f17746eebe63a93b92e11e17,k-means,warm,exec,queue,0.04324769973754883,2.384185791015625e-07,2.384185791015625e-07,1609702140.7554116,1609702140.9863777,0.23096609115600586,1609702140.8389459,1609702140.8456078,0.006661891937255859
f2b3df4d0d6e4fc79f9469ab0db456be,k-means,warm,exec,queue,0.047924041748046875,2.384185791015625e-07,4.76837158203125e-07,1609702140.7570002,1609702140.9912694,0.2342691421508789,1609702140.8427632,1609702140.8483717,0.005608558654785156
3fda8458306f4c1d9e2058ef2297dbce,k-means,warm,exec,queue,0.05320882797241211,2.384185791015625e-07,4.76837158203125e-07,1609702140.758574,1609702141.1061165,0.34754252433776855,1609702140.8520799,1609702140.8594456,0.007365703582763672
74953f2895004946b5f66272b5fc544c,k-means,warm,exec,queue,0.059584617614746094,2.384185791015625e-07,2.384185791015625e-07,1609702140.7601619,1609702141.084956,0.32479405403137207,1609702140.8571477,1609702140.8618736,0.004725933074951172
3be337c0db7d49d08cbe9c3081b381ce,k-means,warm,exec,queue,0.0647878646850586,9.5367431640625e-07,7.152557373046875e-07,1609702140.7620606,1609702141.1758287,0.41376805305480957,1609702140.862153,1609702140.8688402,0.006687164306640625
da56fc6c80f44244b214f39020eed081,k-means,warm,exec,queue,0.003756284713745117,4.76837158203125e-07,4.76837158203125e-07,1609702140.7636306,1609702140.8666072,0.10297656059265137,1609702140.798571,1609702140.8066444,0.00807332992553711
0aa02d81fe074a3098182cb26ef5fc6f,k-means,warm,exec,queue,0.011359691619873047,4.76837158203125e-07,2.384185791015625e-07,1609702140.7652152,1609702140.8647766,0.09956145286560059,1609702140.798031,1609702140.8055525,0.007521390914916992
1c77dc1fa1a940a0b7cb6212934a5012,k-means,warm,exec,queue,0.016363143920898438,4.76837158203125e-07,4.76837158203125e-07,1609702140.7668073,1609702140.9823375,0.2155301570892334,1609702140.8049262,1609702140.812966,0.00803995132446289
d364ab8a003141519ddfa66f83742acb,k-means,warm,exec,queue,0.020945310592651367,2.384185791015625e-07,0.0,1609702140.7684786,1609702140.8978055,0.12932682037353516,1609702140.8174129,1609702140.8255675,0.008154630661010742
64185afabd4147a483a69d5b5d6cd0a8,matmul,warm,exec,queue,0.024626731872558594,2.384185791015625e-07,4.76837158203125e-07,1609702140.770052,1609702140.8967972,0.12674522399902344,1609702140.8208115,1609702140.8278205,0.007009029388427734
19bd57dae85d43e5bd8792c372b2c215,k-means,warm,exec,queue,0.009335517883300781,2.384185791015625e-07,4.76837158203125e-07,1609702141.7445571,1609702141.8655896,0.1210324764251709,1609702141.7900536,1609702141.7978146,0.0077610015869140625
c8783fac00f349b2a1695f667aff8ad9,k-means,warm,exec,queue,0.06751322746276855,2.384185791015625e-07,0.0,1609702141.7486746,1609702142.1680522,0.41937756538391113,1609702141.8550935,1609702141.8604615,0.00536799430847168
6ebb1a6549ca43e0994257f76dc92e36,k-means,warm,exec,queue,0.047052860260009766,2.384185791015625e-07,4.76837158203125e-07,1609702141.751124,1609702141.9880552,0.23693132400512695,1609702141.8339355,1609702141.8394718,0.005536317825317383
c94b4c77b525432a9934ebf817be2e97,k-means,warm,exec,queue,0.05207085609436035,2.384185791015625e-07,0.0,1609702141.7535598,1609702141.9852686,0.23170876502990723,1609702141.8375745,1609702141.8445597,0.006985187530517578
eea61b9890c146c4b30d3af87a3f1ae4,k-means,warm,exec,queue,0.0572972297668457,4.76837158203125e-07,2.384185791015625e-07,1609702141.756282,1609702142.1248362,0.36855411529541016,1609702141.8467247,1609702141.8538094,0.00708460807800293
9a1c088a1ae14ae284bf2e5b9d4f2caf,k-means,warm,exec,queue,0.0631110668182373,2.384185791015625e-07,0.0,1609702141.7579935,1609702141.9826326,0.2246391773223877,1609702141.8514519,1609702141.8560905,0.004638671875
6fc47d3cb92e4e2f9c55d334930be806,k-means,warm,exec,queue,0.040686845779418945,4.76837158203125e-07,4.76837158203125e-07,1609702141.7595773,1609702142.0845075,0.32493019104003906,1609702141.834269,1609702141.8430152,0.008746147155761719
ea5cf668342b465684227ec25dc05abb,k-means,warm,exec,queue,0.03536510467529297,2.384185791015625e-07,2.384185791015625e-07,1609702141.7611678,1609702141.98756,0.22639226913452148,1609702141.818961,1609702141.8263261,0.007365226745605469
0fbd76c641214efeb94437a642d0f20f,k-means,warm,exec,queue,0.03052973747253418,4.76837158203125e-07,2.384185791015625e-07,1609702141.7627568,1609702141.89954,0.13678312301635742,1609702141.8159697,1609702141.821059,0.005089282989501953
ef5e1afdc90640958e0104332cbdb142,k-means,warm,exec,queue,0.02614450454711914,4.76837158203125e-07,2.384185791015625e-07,1609702141.7644749,1609702141.898528,0.13405323028564453,1609702141.8139749,1609702141.8209705,0.006995677947998047
03b20192449b4a4aaa09f115cba03fca,k-means,warm,exec,queue,0.013096809387207031,2.384185791015625e-07,2.384185791015625e-07,1609702141.7660463,1609702141.8673444,0.10129809379577637,1609702141.7949793,1609702141.803081,0.008101701736450195
121b8aadfc2c49428aeed54416653bda,k-means,warm,exec,queue,0.017658710479736328,2.384185791015625e-07,0.0,1609702141.7676282,1609702142.0876148,0.31998658180236816,1609702141.7998617,1609702141.8089216,0.009059906005859375
e94770109384453faaf510294a88ef8e,video,warm,exec,queue,0.01626729965209961,2.384185791015625e-07,2.384185791015625e-07,1609702141.769195,1609702142.0882397,0.3190445899963379,1609702141.813841,1609702141.8314006,0.017559528350830078
55bbe2921e3449bbbf5e639be09362f7,k-means,warm,exec,queue,0.0018723011016845703,4.76837158203125e-07,2.384185791015625e-07,1609702142.7472942,1609702142.912759,0.1654648780822754,1609702142.8026066,1609702142.8105693,0.007962703704833984
e8c7de042a93471d8f7d0a06c3fd7780,k-means,warm,exec,queue,0.047995805740356445,2.384185791015625e-07,0.0,1609702142.7516284,1609702143.0430524,0.291424036026001,1609702142.8474402,1609702142.852089,0.004648685455322266
8355e2fa49ac4b8a8ff8e979593bf3fb,k-means,warm,exec,queue,0.052736520767211914,2.384185791015625e-07,2.384185791015625e-07,1609702142.7542455,1609702143.0155377,0.2612922191619873,1609702142.8525114,1609702142.8583708,0.005859375
e6d200c055984ca19e6957f4fbf4df73,k-means,warm,exec,queue,0.029587984085083008,7.152557373046875e-07,2.384185791015625e-07,1609702142.7568367,1609702143.016145,0.2593083381652832,1609702142.8261483,1609702142.832473,0.00632476806640625
feee97d0260145b6a02efd8b8b0fe7bd,k-means,warm,exec,queue,0.03423810005187988,2.384185791015625e-07,0.0,1609702142.759723,1609702143.016726,0.2570030689239502,1609702142.8311768,1609702142.8393533,0.008176565170288086
22b18c02b32a49ccb5054867a9cc4747,k-means,warm,exec,queue,0.039298295974731445,2.384185791015625e-07,2.384185791015625e-07,1609702142.7614849,1609702142.9529943,0.19150948524475098,1609702142.8366702,1609702142.8415968,0.0049266815185546875
fe9e90a8cf444e889f1773d77d435ec2,k-means,warm,exec,queue,0.04490208625793457,4.76837158203125e-07,2.384185791015625e-07,1609702142.7630348,1609702143.0445933,0.2815585136413574,1609702142.8417394,1609702142.8465898,0.0048503875732421875
b4f3b2dd901940868a6e88845cad3827,k-means,warm,exec,queue,0.023527860641479492,4.76837158203125e-07,2.384185791015625e-07,1609702142.7645967,1609702142.95122,0.18662333488464355,1609702142.8210347,1609702142.8282158,0.0071811676025390625
eebb362d08ff42fdbf80ef89776a71c5,k-means,warm,exec,queue,0.019103527069091797,2.384185791015625e-07,2.384185791015625e-07,1609702142.7661526,1609702143.018569,0.25241637229919434,1609702142.8209863,1609702142.829126,0.008139610290527344
398c0f34671f4bd99c397ddb29201ab9,k-means,warm,exec,queue,0.01445317268371582,7.152557373046875e-07,2.384185791015625e-07,1609702142.7678316,1609702143.011616,0.24378442764282227,1609702142.810228,1609702142.8185415,0.008313417434692383
45a870adb4bf4a15a93910eb3ddb7d15,k-means,warm,exec,queue,0.00968027114868164,2.384185791015625e-07,2.384185791015625e-07,1609702142.7693813,1609702142.910061,0.14067959785461426,1609702142.804607,1609702142.8125734,0.00796651840209961
29679be1ddf14849b52212540bdb1917,k-means,warm,exec,queue,0.007711172103881836,2.384185791015625e-07,0.0,1609702142.7709262,1609702142.9133542,0.14242792129516602,1609702142.80388,1609702142.8126051,0.008725166320800781
11e899fd9909412ab80ee04f9ba824db,k-means,warm,exec,queue,0.057557106018066406,4.76837158203125e-07,2.384185791015625e-07,1609702142.772483,1609702143.1227317,0.3502485752105713,1609702142.8578591,1609702142.862365,0.00450587272644043
75b4004c16ae416daa6505aad4717e42,k-means,warm,exec,queue,0.06214022636413574,4.76837158203125e-07,2.384185791015625e-07,1609702142.774148,1609702143.1233199,0.34917187690734863,1609702142.8652985,1609702142.8729403,0.007641792297363281
de366284435e4d3f9f014ee836b12438,k-means,warm,exec,queue,0.06702828407287598,2.384185791015625e-07,0.0,1609702142.7756739,1609702143.1251853,0.34951138496398926,1609702142.8681102,1609702142.8722956,0.00418543815612793
f1002aea28494d999a1d2c9a727ff7e7,k-means,warm,exec,queue,0.07257342338562012,4.76837158203125e-07,0.0,1609702142.7772226,1609702143.1197402,0.342517614364624,1609702142.8739243,1609702142.8808806,0.006956338882446289
a923d4af61b9476f83c3322c55ad005c,k-means,warm,exec,queue,0.002844095230102539,4.76837158203125e-07,2.384185791015625e-07,1609702143.7365952,1609702143.8666236,0.13002848625183105,1609702143.7720113,1609702143.7800944,0.008083105087280273
0ca6b60817044c1f925cc95aa1aacafa,k-means,warm,exec,queue,0.029436826705932617,2.384185791015625e-07,4.76837158203125e-07,1609702143.740661,1609702143.92925,0.18858909606933594,1609702143.8019676,1609702143.808406,0.006438493728637695
a6980beadaa7481ebed2d194bf9c54db,video,warm,exec,queue,0.018848419189453125,4.76837158203125e-07,2.384185791015625e-07,1609702143.7432673,1609702143.964302,0.22103476524353027,1609702143.8015542,1609702143.8189209,0.017366647720336914
070afeeb6fea41e0bd7f1756cf124b8e,k-means,warm,exec,queue,0.02358698844909668,2.384185791015625e-07,2.384185791015625e-07,1609702143.7458944,1609702143.8871725,0.14127802848815918,1609702143.8009331,1609702143.8072016,0.006268501281738281
39078d9df7054f9eb8c95bec37a4a665,k-means,warm,exec,queue,0.03432965278625488,4.76837158203125e-07,2.384185791015625e-07,1609702143.7485132,1609702143.930898,0.18238472938537598,1609702143.804988,1609702143.8123288,0.007340908050537109
fd1e7b1e4057413d807387f94c9b9f49,k-means,warm,exec,queue,0.007676362991333008,4.76837158203125e-07,2.384185791015625e-07,1609702143.7503774,1609702143.8649294,0.11455202102661133,1609702143.7726796,1609702143.7810783,0.008398771286010742
15ec7c1e821543598045034dd2d80816,k-means,warm,exec,queue,0.012403726577758789,2.384185791015625e-07,0.0,1609702143.751968,1609702143.8630886,0.11112070083618164,1609702143.7773407,1609702143.7850475,0.007706880569458008
28fc21b110834f1b8f5c9029e451922b,k-means,warm,exec,queue,0.01708531379699707,4.76837158203125e-07,2.384185791015625e-07,1609702143.753577,1609702143.9325686,0.17899155616760254,1609702143.7830856,1609702143.792434,0.009348392486572266
cc3e8315288f4986873e4f4c9633b71e,k-means,warm,exec,queue,0.0062258243560791016,7.152557373046875e-07,2.384185791015625e-07,1609702144.7486477,1609702144.9895995,0.2409517765045166,1609702144.801047,1609702144.8097718,0.008724689483642578
9fa002bdd8d34e5095a775554e72a78a,k-means,warm,exec,queue,0.04780125617980957,2.384185791015625e-07,2.384185791015625e-07,1609702144.7529275,1609702145.164123,0.4111955165863037,1609702144.8445432,1609702144.849604,0.005060672760009766
ea8a735574cb4a7b8036757b7883ec39,k-means,warm,exec,queue,0.05317425727844238,2.384185791015625e-07,0.0,1609702144.755537,1609702144.981689,0.2261519432067871,1609702144.8491423,1609702144.853351,0.004208803176879883
5387fcd96bff496183667bb32ba2e8af,k-means,warm,exec,queue,0.05795121192932129,2.384185791015625e-07,0.0,1609702144.7581413,1609702145.0469959,0.28885459899902344,1609702144.8560839,1609702144.862311,0.006227016448974609
4aff1c96110b495092e30dcb58426098,k-means,warm,exec,queue,0.025290489196777344,4.76837158203125e-07,4.76837158203125e-07,1609702144.7607498,1609702144.98673,0.22598028182983398,1609702144.8210995,1609702144.8267448,0.005645275115966797
809e2d3dccdb4545af43110d184ea9da,k-means,warm,exec,queue,0.02966141700744629,4.76837158203125e-07,2.384185791015625e-07,1609702144.7623029,1609702144.9019022,0.13959932327270508,1609702144.8221684,1609702144.8285778,0.006409406661987305
4cb61f1bbd034e6fb7dea02aa3f57029,k-means,warm,exec,queue,0.03500795364379883,2.384185791015625e-07,2.384185791015625e-07,1609702144.763874,1609702144.9879084,0.22403430938720703,1609702144.8274665,1609702144.8320374,0.004570960998535156
45ca763d57884d4f998b7b81591d55a5,k-means,warm,exec,queue,0.03995084762573242,4.76837158203125e-07,2.384185791015625e-07,1609702144.7654872,1609702144.9873383,0.22185111045837402,1609702144.833994,1609702144.8387728,0.004778861999511719
2fa67ca51cff4c55826dd4e8c0b2bd5e,k-means,warm,exec,queue,0.04477405548095703,2.384185791015625e-07,2.384185791015625e-07,1609702144.7670724,1609702145.1481967,0.38112425804138184,1609702144.837932,1609702144.8425918,0.0046596527099609375
fd58fb42f4354c9892f79533b8014dc9,k-means,warm,exec,queue,0.020244359970092773,2.384185791015625e-07,2.384185791015625e-07,1609702144.7687993,1609702144.8996232,0.13082385063171387,1609702144.8115723,1609702144.8199048,0.008332490921020508
e53a88e2b0aa4da5843b1da21533178d,k-means,warm,exec,queue,0.01488184928894043,2.384185791015625e-07,2.384185791015625e-07,1609702144.7703638,1609702144.9002147,0.1298508644104004,1609702144.8059337,1609702144.814385,0.008451223373413086
a235e6915df54339ac94c31666a9f6e6,k-means,warm,exec,queue,0.009784936904907227,2.384185791015625e-07,4.76837158203125e-07,1609702144.771931,1609702144.8968296,0.12489867210388184,1609702144.8007216,1609702144.8092883,0.008566617965698242
d2b7c3108c214fd19bd1ff43e86749d4,k-means,warm,exec,queue,0.06306338310241699,2.384185791015625e-07,2.384185791015625e-07,1609702144.7735174,1609702145.1666787,0.3931612968444824,1609702144.860048,1609702144.8645535,0.0045053958892822266
5273ebc7af9b4361b851e770471ab1f0,k-means,warm,exec,queue,0.06863975524902344,4.76837158203125e-07,2.384185791015625e-07,1609702144.7751856,1609702145.0046906,0.22950506210327148,1609702144.8689492,1609702144.8757062,0.006757020950317383
2b8162beaf4e4de48f5a212e232c300e,k-means,warm,exec,queue,0.07364463806152344,2.384185791015625e-07,4.76837158203125e-07,1609702144.7767603,1609702145.08384,0.307079553604126,1609702144.8721523,1609702144.8764036,0.004251241683959961
b6ab725bcdf24e739020301b8ad233cc,k-means,warm,exec,queue,0.0005946159362792969,4.76837158203125e-07,2.384185791015625e-07,1609702145.7453425,1609702145.8574655,0.11212301254272461,1609702145.794504,1609702145.8025267,0.008022785186767578
0570f9cc6bb349468e69b0c570b20a04,k-means,warm,exec,queue,0.02875995635986328,2.384185791015625e-07,0.0,1609702145.7490335,1609702145.9661362,0.2171027660369873,1609702145.8242562,1609702145.8316398,0.007383584976196289
0cb7f030783348a7a5bd86f0f14aa02a,k-means,warm,exec,queue,0.03393292427062988,0.0,2.384185791015625e-07,1609702145.7520287,1609702145.9245834,0.17255473136901855,1609702145.8248584,1609702145.831521,0.006662607192993164
0790f2a93c40431b95d56265f466e7b8,matmul,warm,exec,queue,0.02376723289489746,2.384185791015625e-07,2.384185791015625e-07,1609702145.7546675,1609702146.0367565,0.2820889949798584,1609702145.8244634,1609702145.8341045,0.009641170501708984
befcba92729944e88482f4a65a0e6296,video,warm,exec,queue,0.01715564727783203,2.384185791015625e-07,0.0,1609702145.7575965,1609702145.9679122,0.21031570434570312,1609702145.8215063,1609702145.8391523,0.017646074295043945
e781a730aebb4520a63f659c21f07d91,k-means,warm,exec,queue,0.037180185317993164,2.384185791015625e-07,0.0,1609702145.7602506,1609702146.002518,0.24226737022399902,1609702145.8308818,1609702145.8390718,0.008189916610717773
b07dabd5cfd9414babcc93012d8d7c1c,k-means,warm,exec,queue,0.00393223762512207,4.76837158203125e-07,2.384185791015625e-07,1609702145.761915,1609702145.8937893,0.13187432289123535,1609702145.795556,1609702145.803914,0.008358001708984375
6bb3c053a528416e9565a9a0398b5e54,k-means,warm,exec,queue,0.009169578552246094,4.76837158203125e-07,2.384185791015625e-07,1609702145.763506,1609702145.8909044,0.12739849090576172,1609702145.795905,1609702145.8043206,0.008415460586547852
e368a3cf59e64f8cbd0cc6c52117c288,k-means,warm,exec,queue,0.013955354690551758,2.384185791015625e-07,2.384185791015625e-07,1609702145.7651224,1609702146.0332983,0.2681758403778076,1609702145.7999349,1609702145.8087602,0.008825302124023438
2663f00794c24e34b96a13c55f9c575f,k-means,warm,exec,queue,0.019398927688598633,4.76837158203125e-07,0.0,1609702145.7668338,1609702145.8943434,0.12750959396362305,1609702145.8066673,1609702145.8152664,0.008599042892456055
688e2e98e2674b03bca8ecba9a0646c2,k-means,warm,exec,queue,0.025017976760864258,4.76837158203125e-07,2.384185791015625e-07,1609702145.7684438,1609702146.0005996,0.23215579986572266,1609702145.820729,1609702145.828602,0.007873058319091797
706672f5fd344e269b4858a109b643e3,map_reduce,warm,exec,queue,0.029461383819580078,2.384185791015625e-07,0.0,1609702145.7700555,1609702146.0361521,0.2660965919494629,1609702145.8241265,1609702145.9097452,0.08561873435974121
cb24aff83965429aa270ba76312bd5bd,k-means,warm,exec,queue,0.0002429485321044922,4.76837158203125e-07,2.384185791015625e-07,1609702146.751325,1609702146.8892264,0.13790154457092285,1609702146.8053129,1609702146.8127317,0.00741887092590332
7770dd1070ef4b7f917a09d4acb4f632,k-means,warm,exec,queue,0.01024937629699707,4.76837158203125e-07,2.384185791015625e-07,1609702146.7555516,1609702146.8909123,0.1353607177734375,1609702146.805895,1609702146.8142626,0.008367538452148438
739ca75a03724b3e8145d73471590baf,k-means,warm,exec,queue,0.015074014663696289,2.384185791015625e-07,4.76837158203125e-07,1609702146.7581666,1609702147.2456949,0.48752832412719727,1609702146.8108504,1609702146.8193436,0.008493185043334961
83a7a9848f3247bb9eecd42d384139a3,k-means,warm,exec,queue,0.01941680908203125,2.384185791015625e-07,2.384185791015625e-07,1609702146.7607684,1609702147.010317,0.24954867362976074,1609702146.8162072,1609702146.823676,0.0074689388275146484
2d1103016798463582786077904479f6,k-means,warm,exec,queue,0.024889469146728516,2.384185791015625e-07,2.384185791015625e-07,1609702146.7636564,1609702147.009701,0.24604463577270508,1609702146.8220174,1609702146.8280206,0.006003141403198242
1503770beca74194b78723b7eab52f20,k-means,warm,exec,queue,0.02948784828186035,2.384185791015625e-07,4.76837158203125e-07,1609702146.7655025,1609702147.2450907,0.47958827018737793,1609702146.82659,1609702146.83251,0.005919933319091797
ff4ea5e5fe5741068c6511f9ddc4f784,k-means,warm,exec,queue,0.034647226333618164,2.384185791015625e-07,0.0,1609702146.767065,1609702147.1841042,0.417039155960083,1609702146.8333125,1609702146.8379142,0.004601716995239258
10c63e717c114d9cb1efba8803c060c8,k-means,warm,exec,queue,0.039812326431274414,2.384185791015625e-07,4.76837158203125e-07,1609702146.768637,1609702147.184697,0.4160599708557129,1609702146.8379416,1609702146.843828,0.0058863162994384766
a329b370e9e94711ac2120190b6afa13,k-means,warm,exec,queue,0.0447690486907959,4.76837158203125e-07,4.76837158203125e-07,1609702146.7702084,1609702146.9307883,0.16057991981506348,1609702146.84378,1609702146.848427,0.004647016525268555
e5fa4a12b4b540b7a6e5968d466e1b56,k-means,warm,exec,queue,0.04981541633605957,2.384185791015625e-07,2.384185791015625e-07,1609702146.7719173,1609702147.2404525,0.4685351848602295,1609702146.84942,1609702146.8554435,0.006023406982421875
4f10b9743985440982b149d6d334db97,k-means,warm,exec,queue,0.05474591255187988,4.76837158203125e-07,2.384185791015625e-07,1609702146.773485,1609702147.2423468,0.46886181831359863,1609702146.8552513,1609702146.8594866,0.004235267639160156
8d937049688c4b8a9528ce709e5b2075,k-means,warm,exec,queue,0.05996060371398926,4.76837158203125e-07,2.384185791015625e-07,1609702146.7750368,1609702147.0066893,0.23165249824523926,1609702146.861077,1609702146.8668332,0.0057561397552490234
98bee137c86c46bf9f09f65f5afd928d,k-means,warm,exec,queue,0.0643916130065918,2.384185791015625e-07,0.0,1609702146.7766104,1609702147.0563824,0.2797720432281494,1609702146.8662982,1609702146.8703783,0.004080057144165039
24cc856ac06047d3a8714fc897fb4006,k-means,warm,exec,queue,0.0687408447265625,2.384185791015625e-07,2.384185791015625e-07,1609702146.7782903,1609702147.149773,0.37148261070251465,1609702146.8732953,1609702146.8805454,0.007250070571899414
ff20d129ddbf41dabce792c4827534b8,k-means,warm,exec,queue,0.07346129417419434,2.384185791015625e-07,0.0,1609702146.779837,1609702147.181427,0.40159010887145996,1609702146.8771539,1609702146.8812568,0.004102945327758789
635663f1a03b48caa207ce08aa0020df,k-means,warm,exec,queue,0.006924867630004883,4.76837158203125e-07,2.384185791015625e-07,1609702147.7495265,1609702147.9027128,0.15318632125854492,1609702147.8002048,1609702147.8084004,0.008195638656616211
a0b0865a135140fa8a1b31afe3a9c924,k-means,warm,exec,queue,0.04680633544921875,2.384185791015625e-07,0.0,1609702147.7536788,1609702148.017846,0.26416730880737305,1609702147.842292,1609702147.847877,0.0055849552154541016
47822bdb2dd640439664fea65bedb048,k-means,warm,exec,queue,0.05136919021606445,4.76837158203125e-07,2.384185791015625e-07,1609702147.756319,1609702148.1459584,0.38963937759399414,1609702147.849996,1609702147.8574643,0.007468223571777344
ecbdafe317754e11b4aece446daa8540,k-means,warm,exec,queue,0.019658565521240234,2.384185791015625e-07,2.384185791015625e-07,1609702147.758929,1609702147.9032855,0.14435648918151855,1609702147.8098583,1609702147.818577,0.008718729019165039
130b530c21864a429ccf7b3475c6f37e,k-means,warm,exec,queue,0.024087190628051758,2.384185791015625e-07,2.384185791015625e-07,1609702147.7618303,1609702147.933732,0.17190170288085938,1609702147.822197,1609702147.830219,0.008022069931030273
d8a62bc88ec648f8b3ee3525b09f6f15,k-means,warm,exec,queue,0.028450965881347656,2.384185791015625e-07,2.384185791015625e-07,1609702147.764445,1609702147.9745235,0.21007847785949707,1609702147.8242066,1609702147.8306012,0.006394624710083008
b79a977b83c7411ca0ad2708b3de70bc,k-means,warm,exec,queue,0.03409934043884277,2.384185791015625e-07,2.384185791015625e-07,1609702147.7660298,1609702148.2018206,0.4357907772064209,1609702147.825389,1609702147.8320699,0.006680965423583984
5313e894b547478fb062f883ce29c45c,k-means,warm,exec,queue,0.03886890411376953,2.384185791015625e-07,2.384185791015625e-07,1609702147.7675943,1609702148.0194833,0.2518889904022217,1609702147.8309464,1609702147.8383164,0.0073699951171875
0f7122aa6b9b4b36a4ffe6c57ee69e78,k-means,warm,exec,queue,0.04418301582336426,2.384185791015625e-07,4.76837158203125e-07,1609702147.7691863,1609702148.2003508,0.4311645030975342,1609702147.8389082,1609702147.8440237,0.005115509033203125
9a50e3f8c7284c53a6f961805ced9841,k-means,warm,exec,queue,0.015239715576171875,2.384185791015625e-07,0.0,1609702147.7710578,1609702147.8999536,0.12889575958251953,1609702147.8046885,1609702147.8132153,0.008526802062988281
0cf9a24f09ae4666a64da8145c18a93e,k-means,warm,exec,queue,0.010874271392822266,4.76837158203125e-07,4.76837158203125e-07,1609702147.772639,1609702148.2029188,0.4302797317504883,1609702147.8008208,1609702147.8092446,0.008423805236816406
dda4b365fd33498e8a1b0b535c73bb96,k-means,warm,exec,queue,0.05568695068359375,2.384185791015625e-07,4.76837158203125e-07,1609702147.7742088,1609702148.03311,0.25890111923217773,1609702147.8537924,1609702147.8586457,0.004853248596191406
698be27d217a46bfb6038b3bd2c6b635,video,warm,exec,queue,0.01883697509765625,2.384185791015625e-07,2.384185791015625e-07,1609702147.7757916,1609702147.9325545,0.15676283836364746,1609702147.8257535,1609702147.8432167,0.017463207244873047
d207724c70244d9c8a22803f181874a6,k-means,warm,exec,queue,0.003736257553100586,7.152557373046875e-07,2.384185791015625e-07,1609702148.7367575,1609702148.8693316,0.13257408142089844,1609702148.7557633,1609702148.762626,0.006862640380859375
6add443fe8a44854b34ccb2ba5583665,k-means,warm,exec,queue,0.013109922409057617,2.384185791015625e-07,2.384185791015625e-07,1609702148.7394931,1609702148.9184613,0.17896819114685059,1609702148.766057,1609702148.7744405,0.008383512496948242
9345eac8ff9f464fa8ad004b6eea6088,k-means,warm,exec,queue,0.017756938934326172,2.384185791015625e-07,0.0,1609702148.7411246,1609702148.9773107,0.23618602752685547,1609702148.7704735,1609702148.7763135,0.0058400630950927734
a83fe5926cdc458e854d40d92db637ac,k-means,warm,exec,queue,0.008648872375488281,9.5367431640625e-07,2.384185791015625e-07,1609702148.7427025,1609702148.871054,0.12835144996643066,1609702148.7605455,1609702148.7692251,0.008679628372192383
d1c57b050fc74acfb00aaaef320261f5,video,warm,exec,queue,0.0031943321228027344,4.76837158203125e-07,2.384185791015625e-07,1609702149.7301226,1609702149.8197346,0.08961200714111328,1609702149.7436047,1609702149.760779,0.017174243927001953
fc0e2901cfea410cae0d1ec60e57443f,matmul,warm,exec,queue,0.0031948089599609375,7.152557373046875e-07,2.384185791015625e-07,1609702150.7318277,1609702150.812394,0.0805661678314209,1609702150.7456322,1609702150.7567294,0.011097192764282227
e1ea04b73d9146aba247bb22d1ccd142,video,warm,exec,queue,0.004185676574707031,4.76837158203125e-07,2.384185791015625e-07,1609702151.732797,1609702151.845925,0.1131281852722168,1609702151.7472935,1609702151.7635355,0.016242027282714844
22697cc7d12a4f7d8cc3ba547b617e15,k-means,warm,exec,queue,0.0031516551971435547,4.76837158203125e-07,0.0,1609702153.7643006,1609702153.8798797,0.11557912826538086,1609702153.808158,1609702153.8165002,0.008342266082763672
189d510557d341788fbe646bee083bf8,k-means,warm,exec,queue,0.0022704601287841797,2.384185791015625e-07,2.384185791015625e-07,1609702153.7688944,1609702154.0487332,0.27983880043029785,1609702153.8194537,1609702153.8280857,0.00863194465637207
3fd30dfd102940c0a6b942bbe3c753e9,k-means,warm,exec,queue,0.029249906539916992,2.384185791015625e-07,2.384185791015625e-07,1609702153.7708669,1609702154.3230069,0.5521399974822998,1609702153.842003,1609702153.8503997,0.008396625518798828
925ea4f952954a5e8d2d5f6c4b17cf7b,k-means,warm,exec,queue,0.034088850021362305,2.384185791015625e-07,0.0,1609702153.7724051,1609702154.0149436,0.2425384521484375,1609702153.847875,1609702153.852442,0.00456690788269043
3ac9e6e4c1df42d0b9a106399d4fa12f,k-means,warm,exec,queue,0.039710044860839844,2.384185791015625e-07,2.384185791015625e-07,1609702153.7740574,1609702154.0224254,0.2483680248260498,1609702153.8533902,1609702153.860331,0.0069408416748046875
ad19870e15a44e77a7a98ce4f5f8a2b0,k-means,warm,exec,queue,0.04423069953918457,0.0,2.384185791015625e-07,1609702153.7755692,1609702154.0888216,0.31325244903564453,1609702153.8580174,1609702153.8622603,0.004242897033691406
fdc02690e83246e9a9e31173a8299cfc,k-means,warm,exec,queue,0.049826622009277344,2.384185791015625e-07,4.76837158203125e-07,1609702153.7770863,1609702153.9550717,0.17798542976379395,1609702153.8655431,1609702153.8722396,0.006696462631225586
324b84a0e9174a5e9585ba8477af0c84,k-means,warm,exec,queue,0.05549144744873047,2.384185791015625e-07,2.384185791015625e-07,1609702153.7785728,1609702154.0216572,0.24308443069458008,1609702153.8699646,1609702153.874219,0.004254341125488281
398ccfdf6eed40909b38495bd56ac872,k-means,warm,exec,queue,0.06105446815490723,4.76837158203125e-07,0.0,1609702153.7800705,1609702154.0470715,0.2670009136199951,1609702153.8786905,1609702153.8857942,0.007103681564331055
214b3f7d6124466ea761f6641cf356bf,k-means,warm,exec,queue,0.008551836013793945,2.384185791015625e-07,0.0,1609702153.7817123,1609702153.9154553,0.1337430477142334,1609702153.8195357,1609702153.8277085,0.008172750473022461
5eaf5e3233864e1da21d43725958b96d,k-means,warm,exec,queue,0.014567375183105469,2.384185791015625e-07,2.384185791015625e-07,1609702153.7831907,1609702153.9138322,0.13064146041870117,1609702153.8248498,1609702153.8297162,0.004866361618041992
4ad49ff43d7d49c18f9fd9dee62eb610,k-means,warm,exec,queue,0.02364325523376465,2.384185791015625e-07,2.384185791015625e-07,1609702153.7846885,1609702154.1434276,0.35873913764953613,1609702153.8366947,1609702153.8412611,0.0045664310455322266
d60d09d9804e41358a2b507244463750,k-means,warm,exec,queue,0.01945352554321289,2.384185791015625e-07,0.0,1609702153.786286,1609702154.018519,0.23223280906677246,1609702153.831074,1609702153.839568,0.008493900299072266
6814b9e9efb945c898b6580e299c1f8d,k-means,warm,exec,queue,0.06618022918701172,4.76837158203125e-07,4.76837158203125e-07,1609702153.787765,1609702154.0220675,0.23430252075195312,1609702153.882042,1609702153.8862462,0.004204273223876953
811cd7c7418948ff977adb290544f2a2,k-means,warm,exec,queue,0.07120394706726074,4.76837158203125e-07,2.384185791015625e-07,1609702153.7892644,1609702154.1479523,0.3586878776550293,1609702153.8878942,1609702153.8950534,0.007159233093261719
fadd1e42bcd2444a84dea10feda0dafc,k-means,warm,exec,queue,0.07627105712890625,2.384185791015625e-07,0.0,1609702153.7916396,1609702154.1488855,0.35724592208862305,1609702153.892658,1609702153.8971813,0.004523277282714844
a01aeaf9bce1461682968c476f97cef1,k-means,warm,exec,queue,0.08174657821655273,2.384185791015625e-07,2.384185791015625e-07,1609702153.7932699,1609702154.2601907,0.4669208526611328,1609702153.9001603,1609702153.9071994,0.007039070129394531
a828732e108945cb862b720804ffac17,k-means,warm,exec,queue,0.08666062355041504,2.384185791015625e-07,2.384185791015625e-07,1609702153.7947447,1609702154.148504,0.3537592887878418,1609702153.9038434,1609702153.908091,0.0042476654052734375
a31805e0d21443b7b595df3a6b3267d6,video,warm,exec,queue,0.004935264587402344,0.0,2.384185791015625e-07,1609702153.7962747,1609702154.0179105,0.2216358184814453,1609702153.8257544,1609702153.8427787,0.01702427864074707
ce365e1ca6544811a370772d02a8a41d,k-means,warm,exec,queue,0.010521173477172852,2.384185791015625e-07,0.0,1609702154.7631493,1609702154.916219,0.15306973457336426,1609702154.8155546,1609702154.824247,0.008692264556884766
bfd07bb5ee754656bdb02f070d6ef980,k-means,warm,exec,queue,0.028409957885742188,4.76837158203125e-07,4.76837158203125e-07,1609702154.7679498,1609702154.9513645,0.18341469764709473,1609702154.835966,1609702154.8424442,0.006478071212768555
950f4ac064724c2fbe47daa34343c3a4,k-means,warm,exec,queue,0.03318309783935547,2.384185791015625e-07,2.384185791015625e-07,1609702154.7696648,1609702154.9518757,0.18221092224121094,1609702154.8413854,1609702154.8467982,0.0054128170013427734
453390758054453089ba324552c8ae4c,k-means,warm,exec,queue,0.03802752494812012,2.384185791015625e-07,0.0,1609702154.771221,1609702155.0791798,0.30795884132385254,1609702154.848753,1609702154.8562489,0.007495880126953125
0edee28288f64a67920a38629839a310,k-means,warm,exec,queue,0.04277348518371582,2.384185791015625e-07,2.384185791015625e-07,1609702154.7730184,1609702155.3195817,0.5465633869171143,1609702154.852372,1609702154.8589237,0.0065517425537109375
9813b84a9cb74c3e920a4a81789f50ad,k-means,warm,exec,queue,0.04832863807678223,2.384185791015625e-07,2.384185791015625e-07,1609702154.774575,1609702155.1920443,0.4174692630767822,1609702154.8573532,1609702154.8636715,0.006318330764770508
ff1a5fb385264dfd94430db1c5b5ec76,k-means,warm,exec,queue,0.05314993858337402,2.384185791015625e-07,0.0,1609702154.7761238,1609702155.0189445,0.24282073974609375,1609702154.8642213,1609702154.8708708,0.006649494171142578
6e52b9e30c464b278fb29320d9621732,k-means,warm,exec,queue,0.058046579360961914,2.384185791015625e-07,2.384185791015625e-07,1609702154.7777271,1609702155.3173974,0.5396702289581299,1609702154.8694766,1609702154.8760135,0.006536960601806641
0cbadbd658934d55b5b477c2d06894a3,k-means,warm,exec,queue,0.06295228004455566,2.384185791015625e-07,0.0,1609702154.7792475,1609702155.1367002,0.3574526309967041,1609702154.873385,1609702154.8779457,0.004560708999633789
072560c7eb3a4b48aa042a98db609beb,k-means,warm,exec,queue,0.023372650146484375,2.384185791015625e-07,0.0,1609702154.780938,1609702154.9489737,0.16803574562072754,1609702154.832649,1609702154.8409557,0.008306741714477539
99d7edb21025443fae575ddceca6ae2e,k-means,warm,exec,queue,0.013678789138793945,2.384185791015625e-07,2.384185791015625e-07,1609702154.78246,1609702154.9177644,0.13530445098876953,1609702154.8198748,1609702154.8283744,0.008499622344970703
2c0ef99db0f3469cb64704d71a66c96d,k-means,warm,exec,queue,0.018032312393188477,2.384185791015625e-07,0.0,1609702154.7839909,1609702155.0223193,0.2383284568786621,1609702154.8247745,1609702154.8336897,0.008915185928344727
24e76310262843bc88df6fc5c5238450,k-means,warm,exec,queue,0.06762909889221191,2.384185791015625e-07,2.384185791015625e-07,1609702154.7855506,1609702155.017058,0.2315073013305664,1609702154.8786256,1609702154.8850062,0.006380558013916016
5e1ecc5c917d49b1a860c044c934d2e8,k-means,warm,exec,queue,0.07221102714538574,4.76837158203125e-07,2.384185791015625e-07,1609702154.787192,1609702155.2676048,0.48041272163391113,1609702154.883867,1609702154.8901303,0.006263256072998047
bc019f91fce44ffdbc245ba94b6b27c3,k-means,warm,exec,queue,0.07759666442871094,4.76837158203125e-07,0.0,1609702154.7887402,1609702155.318484,0.5297439098358154,1609702154.891094,1609702154.8982093,0.007115364074707031
e965a0e040e444c9abccc5ca1e17c07b,k-means,warm,exec,queue,0.08208942413330078,2.384185791015625e-07,0.0,1609702154.7902484,1609702155.0217228,0.2314743995666504,1609702154.895756,1609702154.9021754,0.00641942024230957
6ea0df22731f46059efb6914f4c666f8,k-means,warm,exec,queue,0.08674359321594238,4.76837158203125e-07,0.0,1609702154.7927632,1609702155.078536,0.28577280044555664,1609702154.8999221,1609702154.9048254,0.004903316497802734
013124fa84b341399ddb8c35c116ad44,k-means,warm,exec,queue,0.007085561752319336,4.76837158203125e-07,2.384185791015625e-07,1609702155.7635586,1609702156.868629,1.1050703525543213,1609702155.8210032,1609702155.829549,0.008545875549316406
1156f10ff3f14f8e9a7cee8ea12c291b,k-means,warm,exec,queue,0.05566859245300293,2.384185791015625e-07,2.384185791015625e-07,1609702155.7678456,1609702157.112042,1.3441963195800781,1609702155.8726118,1609702155.8793821,0.00677037239074707
fb1b55a47f9f4af9b622e8962f18a816,k-means,warm,exec,queue,0.06162118911743164,4.76837158203125e-07,2.384185791015625e-07,1609702155.7704763,1609702158.3712082,2.60073184967041,1609702155.879546,1609702155.8858562,0.006310224533081055
48a1cccd0c6b42df9a9b3b70b2c7790c,k-means,warm,exec,queue,0.010137319564819336,2.384185791015625e-07,2.384185791015625e-07,1609702155.7730637,1609702155.9034793,0.130415678024292,1609702155.820538,1609702155.829246,0.008708000183105469
7618d3e013c24745a588c904663406be,k-means,warm,exec,queue,0.01515650749206543,2.384185791015625e-07,2.384185791015625e-07,1609702155.7759275,1609702158.244622,2.4686944484710693,1609702155.8256953,1609702155.834233,0.008537769317626953
417ce2e680e94706bc3447f889f2484b,k-means,warm,exec,queue,0.020523786544799805,2.384185791015625e-07,2.384185791015625e-07,1609702155.7777593,1609702158.249596,2.471836805343628,1609702155.831834,1609702155.8412576,0.009423494338989258
9fcc34581d91481a89d0331bec27b90f,k-means,warm,exec,queue,0.027856111526489258,2.384185791015625e-07,0.0,1609702155.779295,1609702156.2648506,0.48555564880371094,1609702155.8469026,1609702155.854274,0.007371425628662109
a0095e2861174f29907df1b061102adc,k-means,warm,exec,queue,0.032534122467041016,2.384185791015625e-07,2.384185791015625e-07,1609702155.780855,1609702156.9967153,1.215860366821289,1609702155.8515847,1609702155.8592784,0.007693767547607422
d2a32348a76c4aa58fc91c141729e886,k-means,warm,exec,queue,0.03989148139953613,2.384185791015625e-07,0.0,1609702155.7824156,1609702156.2630332,0.4806175231933594,1609702155.853173,1609702155.8598492,0.006676197052001953
a4ecdf32239246d99e22e94e6f9a4696,k-means,warm,exec,queue,0.04531669616699219,2.384185791015625e-07,2.384185791015625e-07,1609702155.784098,1609702158.2490442,2.4649462699890137,1609702155.8616176,1609702155.8696737,0.008056163787841797
00bf1cfe9b6f47d38318bbfb86a76cd5,k-means,warm,exec,queue,0.04999089241027832,2.384185791015625e-07,0.0,1609702155.785665,1609702156.8185525,1.0328874588012695,1609702155.8635583,1609702155.8718665,0.008308172225952148
24378a708ee245a69d15bf721857e267,video,warm,exec,queue,0.028035402297973633,4.76837158203125e-07,2.384185791015625e-07,1609702155.7872217,1609702158.7010794,2.9138576984405518,1609702155.847603,1609702155.8647532,0.017150163650512695
b20c5c436dfb488c9bfda28f7788a6dd,matmul,warm,exec,queue,0.025600910186767578,2.384185791015625e-07,4.76837158203125e-07,1609702155.7887957,1609702158.698486,2.9096903800964355,1609702155.8519828,1609702155.8616755,0.009692668914794922
b308a989f84c4c17b0fccc4cfeb6d1df,map_reduce,warm,exec,queue,0.02982497215270996,2.384185791015625e-07,2.384185791015625e-07,1609702155.7904634,1609702156.9414048,1.1509413719177246,1609702155.8524892,1609702155.938259,0.0857696533203125
a6c4a97a8907405abbf33ab15cb44d78,disk,warm,exec,queue,0.032617807388305664,2.384185791015625e-07,2.384185791015625e-07,1609702155.7920039,1609702156.9409177,1.148913860321045,1609702155.853662,1609702155.862953,0.009290933609008789
957f747a58924b3aab387eca17321965,image,cold,exec,create,0.042519330978393555,5.206244707107544,2.384185791015625e-07,1609702155.7935388,1609702161.334208,5.540669202804565,1609702161.0676603,1609702161.0884557,0.020795345306396484
8859dd71a7c14728bf91ece1ae05bb78,network,cold,exec,create,0.04720735549926758,5.092961311340332,2.384185791015625e-07,1609702155.7951682,1609702161.0932777,5.298109531402588,1609702160.9588206,1609702160.9775276,0.0187070369720459
bfbdaf0c25054737b87b116d6259cb81,k-means,warm,exec,queue,0.005686283111572266,4.76837158203125e-07,2.384185791015625e-07,1609702156.7514727,1609702158.6970372,1.9455645084381104,1609702156.7880898,1609702156.7963762,0.008286476135253906
101d55be36fa4c949498ca4af4bd405f,k-means,warm,exec,queue,0.040479183197021484,4.76837158203125e-07,0.0,1609702156.7557042,1609702158.3722367,1.616532564163208,1609702156.828477,1609702156.833844,0.0053670406341552734
654e1183cf684f92a34c52c0ec69dda7,k-means,warm,exec,queue,0.010473966598510742,7.152557373046875e-07,2.384185791015625e-07,1609702156.758373,1609702158.5187826,1.7604095935821533,1609702156.7923725,1609702156.8003054,0.007932901382446289
b3e564f7f3d442018d5604b61ead2510,k-means,warm,exec,queue,0.014983177185058594,2.384185791015625e-07,2.384185791015625e-07,1609702156.7609792,1609702156.9362779,0.17529869079589844,1609702156.797214,1609702156.804759,0.007544994354248047
8f9afdbfcfb84a89a2daf168aa38de86,k-means,warm,exec,queue,0.019639968872070312,4.76837158203125e-07,2.384185791015625e-07,1609702156.7639494,1609702158.373223,1.6092736721038818,1609702156.8042111,1609702156.8119664,0.007755279541015625
cbea9134d5874e089ba1d23ad9601c89,k-means,warm,exec,queue,0.024071693420410156,2.384185791015625e-07,0.0,1609702156.7657,1609702158.6997924,1.9340922832489014,1609702156.8069203,1609702156.8112967,0.004376411437988281
87eebefa98ed4c888f5357ae2e061d9f,k-means,warm,exec,queue,0.028562307357788086,2.384185791015625e-07,4.76837158203125e-07,1609702156.7672637,1609702158.3698215,1.602557897567749,1609702156.8117886,1609702156.816211,0.004422426223754883
f127af658cd7446b9b2652524f144f53,k-means,warm,exec,queue,0.03356194496154785,2.384185791015625e-07,0.0,1609702156.7688477,1609702156.938066,0.1692183017730713,1609702156.8224463,1609702156.8271236,0.004677295684814453
eabd418b8a7b4d1181758c8ae7560eed,k-means,warm,exec,queue,0.0382077693939209,2.384185791015625e-07,2.384185791015625e-07,1609702156.770486,1609702158.240575,1.4700889587402344,1609702156.8237262,1609702156.829232,0.005505800247192383
4c2fafa73b3945d5a8c4ac2a2a6e4da0,video,warm,exec,queue,0.0031931400299072266,4.76837158203125e-07,2.384185791015625e-07,1609702157.7388585,1609702158.2452116,0.5063531398773193,1609702157.7531238,1609702157.7707694,0.017645597457885742
a64c67b9d575437b8a3e90a8cbb66e83,k-means,warm,exec,queue,0.0015974044799804688,7.152557373046875e-07,2.384185791015625e-07,1609702158.7673051,1609702159.0799649,0.31265974044799805,1609702158.8421729,1609702158.8487852,0.006612300872802734
10acc08ec52d48be9df9315c456be952,k-means,warm,exec,queue,0.010101079940795898,2.384185791015625e-07,2.384185791015625e-07,1609702158.7718496,1609702159.0765357,0.3046860694885254,1609702158.8431246,1609702158.8512263,0.008101701736450195
6924a706d555425a94ef6676d55f3ff3,k-means,warm,exec,queue,0.014803171157836914,2.384185791015625e-07,2.384185791015625e-07,1609702158.774512,1609702159.2925932,0.5180811882019043,1609702158.847187,1609702158.8534362,0.006249189376831055
2dc4cc4d74a54d5d914ea490b6649fb9,k-means,warm,exec,queue,0.020389318466186523,4.76837158203125e-07,2.384185791015625e-07,1609702158.777178,1609702159.0794702,0.3022921085357666,1609702158.8592246,1609702158.8663814,0.007156848907470703
0b9df93f441b406a991a2c105c57e92a,k-means,warm,exec,queue,0.02611064910888672,4.76837158203125e-07,0.0,1609702158.7802956,1609702159.3021197,0.5218241214752197,1609702158.861614,1609702158.8674288,0.005814790725708008
7faefb6e830c49efb0943e3688a5b226,k-means,warm,exec,queue,0.0306088924407959,2.384185791015625e-07,2.384185791015625e-07,1609702158.7829006,1609702159.3744845,0.5915839672088623,1609702158.865004,1609702158.870182,0.005177974700927734
f52fdfcd122b40188a308af75847ee14,k-means,warm,exec,queue,0.03589773178100586,4.76837158203125e-07,2.384185791015625e-07,1609702158.785561,1609702159.08961,0.304049015045166,1609702158.8765013,1609702158.8838513,0.007349967956542969
0de83585364d4eef98ab4b7f1069a152,k-means,warm,exec,queue,0.040952205657958984,2.384185791015625e-07,0.0,1609702158.7882056,1609702159.8029127,1.014707088470459,1609702158.8772373,1609702158.8819075,0.004670143127441406
f69d83e8e41f4394949325713dfacd08,k-means,warm,exec,queue,0.045967817306518555,2.384185791015625e-07,2.384185791015625e-07,1609702158.790994,1609702159.303069,0.5120751857757568,1609702158.882373,1609702158.8881612,0.005788087844848633
8143ccda8cd441559ad421324793c00d,k-means,warm,exec,queue,0.05116844177246094,2.384185791015625e-07,0.0,1609702158.7936318,1609702159.3026006,0.5089688301086426,1609702158.888663,1609702158.8944097,0.005746603012084961
6a8ce5279db74e90981ec9c28cb58a2e,k-means,warm,exec,queue,0.05630779266357422,4.76837158203125e-07,2.384185791015625e-07,1609702158.7962732,1609702159.8024335,1.0061602592468262,1609702158.8943644,1609702158.8994324,0.005068063735961914
37a54daf722d4e5ca273341c996a203c,k-means,warm,exec,queue,0.061067819595336914,4.76837158203125e-07,2.384185791015625e-07,1609702158.798884,1609702159.8032658,1.0043818950653076,1609702158.8996637,1609702158.904422,0.004758358001708984
517b94d3551b4f6487b402224a8e979b,k-means,warm,exec,queue,0.06545543670654297,2.384185791015625e-07,2.384185791015625e-07,1609702158.801682,1609702159.2967393,0.4950573444366455,1609702158.9045215,1609702158.9104462,0.005924701690673828
117e017fbcb14cd58f749617d5ab3c5b,k-means,warm,exec,queue,0.07063937187194824,2.384185791015625e-07,2.384185791015625e-07,1609702158.8040755,1609702159.3016093,0.49753379821777344,1609702158.9101744,1609702158.9166665,0.006492137908935547
2298002633744d4d82046fbdaed4ae19,k-means,warm,exec,queue,0.07617378234863281,2.384185791015625e-07,2.384185791015625e-07,1609702158.8055398,1609702159.2972577,0.4917178153991699,1609702158.9166353,1609702158.9226477,0.006012439727783203
04e6c7db4adf43549c0ec2793ea3f82a,k-means,warm,exec,queue,0.08094596862792969,2.384185791015625e-07,2.384185791015625e-07,1609702158.8069909,1609702159.803571,0.9965801239013672,1609702158.9218514,1609702158.9289222,0.007070779800415039
2014bfa10e0c4121a3aac2527dd5c9a4,k-means,warm,exec,queue,0.08570098876953125,2.384185791015625e-07,2.384185791015625e-07,1609702158.8085608,1609702159.5759697,0.7674088478088379,1609702158.925617,1609702158.9306486,0.005031585693359375
75a58a58f18d4df08dba67fc2b4e1128,k-means,warm,exec,queue,0.09078812599182129,2.384185791015625e-07,2.384185791015625e-07,1609702158.8099904,1609702159.8020258,0.9920353889465332,1609702158.930968,1609702158.935877,0.004909038543701172
e31ec70697284bc085dea836a76198f9,k-means,warm,exec,queue,0.09586858749389648,2.384185791015625e-07,2.384185791015625e-07,1609702158.8114345,1609702159.2962222,0.4847877025604248,1609702158.936562,1609702158.9423196,0.005757570266723633
f03f78cec745401281f94c87cd516873,k-means,warm,exec,queue,0.10055017471313477,2.384185791015625e-07,2.384185791015625e-07,1609702158.8128948,1609702159.470136,0.6572411060333252,1609702158.9413764,1609702158.9458132,0.0044367313385009766
8bcd8360c1154344a539029bc9f334b9,k-means,warm,exec,queue,0.0044634342193603516,4.76837158203125e-07,2.384185791015625e-07,1609702159.763025,1609702159.8931062,0.1300811767578125,1609702159.821996,1609702159.8298264,0.007830381393432617
45d242fa9db64edea8021dca77880971,k-means,warm,exec,queue,0.04351449012756348,2.384185791015625e-07,2.384185791015625e-07,1609702159.767687,1609702160.334534,0.5668468475341797,1609702159.8656216,1609702159.8720477,0.006426095962524414
f41a7cbd15df4da78a259f6cd7f883d6,k-means,warm,exec,queue,0.04766678810119629,2.384185791015625e-07,2.384185791015625e-07,1609702159.7705438,1609702160.3353891,0.5648453235626221,1609702159.8665116,1609702159.8738213,0.007309675216674805
d2dba73f2a9644199585beda6099c48e,k-means,warm,exec,queue,0.05220603942871094,2.384185791015625e-07,2.384185791015625e-07,1609702159.7732954,1609702160.089715,0.3164196014404297,1609702159.8716576,1609702159.8773847,0.005727052688598633
ff4a7fa10b9b49b5aca1c8a89e396def,k-means,warm,exec,queue,0.013776779174804688,4.76837158203125e-07,2.384185791015625e-07,1609702159.776291,1609702159.954843,0.17855215072631836,1609702159.8264434,1609702159.832875,0.00643157958984375
b3f97cf60f93415ab26ae1b9f70eccb5,k-means,warm,exec,queue,0.018381595611572266,4.76837158203125e-07,2.384185791015625e-07,1609702159.77795,1609702160.0868025,0.3088524341583252,1609702159.832899,1609702159.840366,0.007466793060302734
82e380c364ca4b1a89ba05c49b36936f,k-means,warm,exec,queue,0.02507948875427246,4.76837158203125e-07,2.384185791015625e-07,1609702159.7794168,1609702160.3300385,0.550621747970581,1609702159.8472877,1609702159.8550599,0.007772207260131836
690b820480ab4bf8a5bcdb6cc37edd3b,k-means,warm,exec,queue,0.031380653381347656,4.76837158203125e-07,2.384185791015625e-07,1609702159.7810633,1609702159.9552996,0.17423629760742188,1609702159.8479218,1609702159.8547482,0.0068264007568359375
3bbc05702e234a65b64575ae5636e48a,k-means,warm,exec,queue,0.03625369071960449,2.384185791015625e-07,0.0,1609702159.7825274,1609702160.218925,0.4363975524902344,1609702159.8507435,1609702159.856709,0.005965471267700195
44bc0cbb2f6d4d2cb7649bd2cbb7d603,k-means,warm,exec,queue,0.04086613655090332,2.384185791015625e-07,0.0,1609702159.7841096,1609702160.2201574,0.4360477924346924,1609702159.8566542,1609702159.8637779,0.007123708724975586
9ea427b76db9417dbc923cde2b9d5faa,k-means,warm,exec,queue,0.009175777435302734,4.76837158203125e-07,2.384185791015625e-07,1609702159.7857227,1609702159.952595,0.16687226295471191,1609702159.823208,1609702159.8309267,0.007718563079833984
766e9bb6d368445cbcd0e3480e07e08f,k-means,warm,exec,queue,0.006108283996582031,2.384185791015625e-07,0.0,1609702159.787185,1609702160.006217,0.21903204917907715,1609702159.8230474,1609702159.8307178,0.007670402526855469
8cbe4df0dc764833a4b7e8a6ec6b7766,k-means,warm,exec,queue,0.056740760803222656,2.384185791015625e-07,0.0,1609702159.7887862,1609702160.160033,0.3712468147277832,1609702159.8789403,1609702159.88675,0.007809638977050781
932b90f176a14766b972f073fde1f8b0,video,warm,exec,queue,0.016100406646728516,2.384185791015625e-07,2.384185791015625e-07,1609702159.790358,1609702160.0902975,0.2999393939971924,1609702159.847727,1609702159.8640485,0.016321420669555664
af721abfd24548968fb0136c83f2a289,matmul,warm,exec,queue,0.02190709114074707,2.384185791015625e-07,4.76837158203125e-07,1609702159.791839,1609702160.0846884,0.2928495407104492,1609702159.848325,1609702159.8583183,0.009993314743041992
ef7e6268a4be446d97f889e1fcedd2e3,k-means,warm,exec,queue,0.004416465759277344,2.384185791015625e-07,2.384185791015625e-07,1609702160.7612522,1609702160.8797073,0.11845517158508301,1609702160.825572,1609702160.8332438,0.007671833038330078
501995c1bfa843408ca5061a9564e5b2,k-means,warm,exec,queue,0.05483436584472656,2.384185791015625e-07,2.384185791015625e-07,1609702160.7664888,1609702160.9657567,0.19926786422729492,1609702160.8757524,1609702160.8835459,0.007793426513671875
35c2ba9cf15f4aab9a0da5348672b1ea,k-means,warm,exec,queue,0.05943751335144043,2.384185791015625e-07,0.0,1609702160.769848,1609702161.0325673,0.26271915435791016,1609702160.879518,1609702160.8866286,0.007110595703125
3c988ccdae40479dbcb43d78f5cbf890,k-means,warm,exec,queue,0.019443750381469727,2.384185791015625e-07,2.384185791015625e-07,1609702160.773044,1609702161.0973961,0.3243520259857178,1609702160.8362713,1609702160.843539,0.00726771354675293
f025513744b9475b97fed0f170593d0f,k-means,warm,exec,queue,0.05234479904174805,2.384185791015625e-07,2.384185791015625e-07,1609702160.775918,1609702160.9663672,0.19044923782348633,1609702160.8749285,1609702160.8820763,0.007147789001464844
bc03f6e253854424a72dabbae0c87f44,k-means,warm,exec,queue,0.013356208801269531,2.384185791015625e-07,2.384185791015625e-07,1609702160.7785175,1609702160.9341736,0.155656099319458,1609702160.829491,1609702160.837294,0.007803201675415039
7df59b942d724224b587791fde0a6224,k-means,warm,exec,queue,0.009431838989257812,4.76837158203125e-07,0.0,1609702160.7811213,1609702160.9317102,0.1505889892578125,1609702160.8260405,1609702160.8335779,0.007537364959716797
ebb1d64b4c374c3e82fc7907e9b45597,k-means,warm,exec,queue,0.08585524559020996,2.384185791015625e-07,2.384185791015625e-07,1609702160.783705,1609702161.0970368,0.31333184242248535,1609702160.90986,1609702160.916476,0.006616115570068359
3c721f5dddeb4cc9a483c48448ddb106,k-means,warm,exec,queue,0.07987427711486816,2.384185791015625e-07,4.76837158203125e-07,1609702160.786299,1609702161.275469,0.4891700744628906,1609702160.902299,1609702160.9083161,0.006017208099365234
bcb3c2a2c9d7423ba64781bab8f37214,k-means,warm,exec,queue,0.07508540153503418,0.0,2.384185791015625e-07,1609702160.789061,1609702161.0319004,0.24283933639526367,1609702160.9017878,1609702160.9085639,0.006776094436645508
4bd49e6de3e047d89e0b9ae86915bdab,k-means,warm,exec,queue,0.07106804847717285,7.152557373046875e-07,2.384185791015625e-07,1609702160.7916603,1609702161.1670983,0.37543797492980957,1609702160.8976436,1609702160.9040663,0.006422758102416992
919acefcc25342c89599661569e93d5b,k-means,warm,exec,queue,0.06403493881225586,4.76837158203125e-07,2.384185791015625e-07,1609702160.7942603,1609702161.0291035,0.23484325408935547,1609702160.8851337,1609702160.8937573,0.008623600006103516
bdbacb4dc5314de987810b0a9edde344,k-means,warm,exec,queue,0.09004044532775879,4.76837158203125e-07,4.76837158203125e-07,1609702160.79686,1609702161.0977168,0.3008568286895752,1609702160.9147213,1609702160.9207714,0.00605010986328125
07251f408a6d41f6a3617da14c573600,k-means,warm,exec,queue,0.09637951850891113,2.384185791015625e-07,0.0,1609702160.799597,1609702161.226734,0.4271368980407715,1609702160.919122,1609702160.9251149,0.005992889404296875
1107cbea6bad4ffca06448792695ed7f,k-means,warm,exec,queue,7.271766662597656e-05,4.76837158203125e-07,4.76837158203125e-07,1609702161.7608097,1609702161.886864,0.1260542869567871,1609702161.8054967,1609702161.8131406,0.007643938064575195
be96e8ea96b64533bd09af6bd26b9dce,k-means,warm,exec,queue,0.005673408508300781,2.384185791015625e-07,2.384185791015625e-07,1609702161.7651744,1609702161.8851125,0.11993813514709473,1609702161.805295,1609702161.8129086,0.007613658905029297
659f9886d33145daa0d03f292e30c4ac,k-means,warm,exec,queue,0.010615825653076172,2.384185791015625e-07,2.384185791015625e-07,1609702161.7677271,1609702161.9564745,0.18874740600585938,1609702161.8101933,1609702161.817571,0.00737762451171875
65f28680ebbc45fa9102774a6a6848f5,k-means,warm,exec,queue,0.015835285186767578,4.76837158203125e-07,4.76837158203125e-07,1609702161.7704773,1609702161.9263785,0.15590119361877441,1609702161.8164337,1609702161.8240824,0.0076487064361572266
401654a2788b47a89fd0075897df83b0,k-means,warm,exec,queue,0.0209197998046875,2.384185791015625e-07,2.384185791015625e-07,1609702161.7730417,1609702161.954606,0.1815643310546875,1609702161.8230548,1609702161.827848,0.0047931671142578125
6ec66f6a9796432f9a1c01a3d6fd618f,k-means,warm,exec,queue,0.026101112365722656,2.384185791015625e-07,0.0,1609702161.7744856,1609702162.1329613,0.3584756851196289,1609702161.82653,1609702161.8314712,0.004941225051879883
e99cc18e06e54ab3a7ca0027e1176e20,k-means,warm,exec,queue,0.030924558639526367,2.384185791015625e-07,2.384185791015625e-07,1609702161.775926,1609702162.1322389,0.35631275177001953,1609702161.8326156,1609702161.838058,0.005442380905151367
2aff2158e4f64e59b03b1b8a8530346e,k-means,warm,exec,queue,0.0358579158782959,4.76837158203125e-07,0.0,1609702161.7775137,1609702161.9281173,0.1506035327911377,1609702161.8368635,1609702161.8412237,0.004360198974609375
f3afe29406944918a926b2fd94ca84bf,k-means,warm,exec,queue,0.041153907775878906,4.76837158203125e-07,2.384185791015625e-07,1609702161.7789562,1609702162.131616,0.3526599407196045,1609702161.844497,1609702161.851168,0.006670951843261719
762bd4e009db47d19cd337de03910703,k-means,warm,exec,queue,0.045806884765625,2.384185791015625e-07,2.384185791015625e-07,1609702161.7806404,1609702162.0016456,0.22100520133972168,1609702161.8476028,1609702161.8522072,0.004604339599609375
81ed929aeba047318f9ab1e40ed362b2,k-means,warm,exec,queue,0.051209211349487305,2.384185791015625e-07,2.384185791015625e-07,1609702161.7820845,1609702162.1276238,0.3455393314361572,1609702161.8540058,1609702161.8609602,0.0069544315338134766
a9b798b636ea44cb9aa32e6a855f3e28,k-means,warm,exec,queue,0.05622053146362305,2.384185791015625e-07,4.76837158203125e-07,1609702161.7835333,1609702161.9512382,0.16770482063293457,1609702161.858912,1609702161.8633106,0.0043985843658447266
96d464fb99324ac5a66d28e8f5d783b7,video,warm,exec,queue,0.01573324203491211,0.0,0.0,1609702161.7852075,1609702161.9539344,0.16872692108154297,1609702161.8238552,1609702161.8406591,0.016803979873657227
6cce24bf1bb5438bb4d0b59e05c48ca3,k-means,warm,exec,queue,0.006926059722900391,2.384185791015625e-07,2.384185791015625e-07,1609702162.765847,1609702163.3819828,0.616135835647583,1609702162.8219564,1609702162.8295157,0.007559299468994141
aae7fd7d14384fdf8427d491fe413ca9,k-means,warm,exec,queue,0.05297708511352539,2.384185791015625e-07,2.384185791015625e-07,1609702162.7702847,1609702163.985856,1.215571403503418,1609702162.8709674,1609702162.8775358,0.006568431854248047
a53bd649a6f642c486692128de3fed99,k-means,warm,exec,queue,0.05854940414428711,2.384185791015625e-07,0.0,1609702162.7731516,1609702163.6204948,0.8473432064056396,1609702162.8763824,1609702162.8803477,0.0039653778076171875
97dd6a8763304904b731aca02db5ec93,k-means,warm,exec,queue,0.014870643615722656,7.152557373046875e-07,2.384185791015625e-07,1609702162.7756784,1609702163.3802388,0.604560375213623,1609702162.82699,1609702162.8343792,0.0073893070220947266
097c7cf5990d47f69ea9d6f10db2ad23,k-means,warm,exec,queue,0.020188570022583008,2.384185791015625e-07,2.384185791015625e-07,1609702162.778715,1609702163.6545274,0.8758125305175781,1609702162.8328967,1609702162.8402975,0.0074007511138916016
6b2d7ae8dbf14dcd9db8fe2ace2ad93a,k-means,warm,exec,queue,0.02559685707092285,2.384185791015625e-07,2.384185791015625e-07,1609702162.7810576,1609702163.8552291,1.074171543121338,1609702162.8399143,1609702162.8462524,0.0063381195068359375
52829b9c96234be8845b1a238c10acd3,k-means,warm,exec,queue,0.030124664306640625,4.76837158203125e-07,7.152557373046875e-07,1609702162.782504,1609702163.3853066,0.6028025150299072,1609702162.843672,1609702162.8483734,0.004701375961303711
5a6105866e3b4f1389153c3fa26afa71,k-means,warm,exec,queue,0.03485512733459473,4.76837158203125e-07,2.384185791015625e-07,1609702162.7839463,1609702163.617036,0.8330898284912109,1609702162.849379,1609702162.8552558,0.005876779556274414
05b7d00a26b2441c80271ba251178ea8,k-means,warm,exec,queue,0.039484500885009766,9.5367431640625e-07,2.384185791015625e-07,1609702162.7855272,1609702163.7388623,0.9533350467681885,1609702162.8538814,1609702162.8582385,0.004357099533081055
08afd26195da4c78a3e27808b319d94f,k-means,warm,exec,queue,0.04470229148864746,2.384185791015625e-07,2.384185791015625e-07,1609702162.7872417,1609702163.9863405,1.199098825454712,1609702162.8626118,1609702162.8689716,0.00635981559753418
db20fc12932844eab703f97dda2acffb,k-means,warm,exec,queue,0.049635887145996094,4.76837158203125e-07,2.384185791015625e-07,1609702162.7888155,1609702163.6980472,0.9092316627502441,1609702162.8655348,1609702162.8708985,0.0053637027740478516
93d3b4b64a5e445eb950436f92099e23,k-means,warm,exec,queue,0.010246515274047852,2.384185791015625e-07,2.384185791015625e-07,1609702162.7902591,1609702163.3836544,0.5933952331542969,1609702162.8221588,1609702162.8298354,0.007676601409912109
4f13d72dc04e40eb92b60dfaf687c276,k-means,warm,exec,queue,0.0638887882232666,2.384185791015625e-07,2.384185791015625e-07,1609702162.7917004,1609702163.983513,1.1918127536773682,1609702162.8853397,1609702162.8913784,0.006038665771484375
f95d03081b454419b2ccaaeeba81b3f4,k-means,warm,exec,queue,0.0691225528717041,2.384185791015625e-07,2.384185791015625e-07,1609702162.7934074,1609702163.9873052,1.1938977241516113,1609702162.8882256,1609702162.8922918,0.0040662288665771484
7620db95d87c4f2fadff5448bdbe01f2,k-means,warm,exec,queue,0.07474207878112793,2.384185791015625e-07,2.384185791015625e-07,1609702162.7948499,1609702163.6198905,0.8250405788421631,1609702162.8948357,1609702162.9009118,0.00607609748840332
d10f361201b145e2aa291b185c2ba9f7,k-means,warm,exec,queue,0.07981514930725098,4.76837158203125e-07,4.76837158203125e-07,1609702162.7963715,1609702163.791687,0.9953155517578125,1609702162.9002578,1609702162.9049032,0.004645347595214844
a44c75eed0284e93858627bd65ac814d,k-means,warm,exec,queue,0.08475685119628906,2.384185791015625e-07,0.0,1609702162.7979662,1609702163.6164117,0.8184454441070557,1609702162.9068787,1609702162.9138002,0.006921529769897461
cde17cf1bd584c2a9451ce7d65b662c9,k-means,warm,exec,queue,7.104873657226562e-05,4.76837158203125e-07,2.384185791015625e-07,1609702163.7603903,1609702164.0768995,0.3165092468261719,1609702163.8032367,1609702163.8093147,0.006078004837036133
2fdab258e5d54e44ac84cf5aee49653e,k-means,warm,exec,queue,0.04620528221130371,0.0,0.0,1609702163.7643776,1609702164.1275754,0.36319780349731445,1609702163.8517556,1609702163.8567216,0.004966020584106445
a1cd3c0979304b21a7a6d05ce0ea4f8d,k-means,warm,exec,queue,0.041031599044799805,2.384185791015625e-07,0.0,1609702163.7665958,1609702164.1247091,0.35811328887939453,1609702163.8452377,1609702163.8521357,0.006897926330566406
c7dc1046e3e0455090fb698e43666319,k-means,warm,exec,queue,0.035779476165771484,7.152557373046875e-07,4.76837158203125e-07,1609702163.768825,1609702164.0408692,0.27204418182373047,1609702163.8394203,1609702163.844924,0.005503654479980469
a6a33be640484ec78aea9a65d230cfa9,k-means,warm,exec,queue,0.03110361099243164,2.384185791015625e-07,2.384185791015625e-07,1609702163.7713556,1609702163.9478822,0.17652654647827148,1609702163.8377044,1609702163.8436992,0.0059947967529296875
363996dcaa83453399e1d4450259fc9f,k-means,warm,exec,queue,0.02551436424255371,2.384185791015625e-07,2.384185791015625e-07,1609702163.7735693,1609702164.0423903,0.26882100105285645,1609702163.8293092,1609702163.8367364,0.007427215576171875
1741f1e165774c1698d16670940af156,k-means,warm,exec,queue,0.020654678344726562,4.76837158203125e-07,2.384185791015625e-07,1609702163.7757592,1609702163.933813,0.15805387496948242,1609702163.8242774,1609702163.830155,0.005877494812011719
9c1b604baddf4be789809e2eec85aa31,k-means,warm,exec,queue,0.002844095230102539,2.384185791015625e-07,0.0,1609702163.7774172,1609702163.8888688,0.11145162582397461,1609702163.8048217,1609702163.812434,0.0076122283935546875
b4b9a4ff4a4f407ca4759a77dcdefc98,k-means,warm,exec,queue,0.00783395767211914,2.384185791015625e-07,0.0,1609702163.7788727,1609702163.9333622,0.15448951721191406,1609702163.8073394,1609702163.813718,0.006378650665283203
07c4cca63c664de8a8b6fc85647545c7,k-means,warm,exec,queue,0.012788772583007812,2.384185791015625e-07,0.0,1609702163.7804487,1609702164.0750384,0.2945897579193115,1609702163.81298,1609702163.8192737,0.006293773651123047
6ff5def5659b41f997b094126638c0e5,k-means,warm,exec,queue,0.01748061180114746,2.384185791015625e-07,2.384185791015625e-07,1609702163.7819161,1609702163.9306836,0.14876747131347656,1609702163.8207295,1609702163.8280573,0.0073277950286865234
c42f57411c5b4530b8567d1f04a4d4fc,video,warm,exec,queue,0.014554262161254883,2.384185791015625e-07,0.0,1609702163.7833765,1609702164.1281936,0.3448171615600586,1609702163.8155665,1609702163.8309927,0.015426158905029297
140e6b846b6645d3a7f312a6fb68e113,k-means,warm,exec,queue,0.0006203651428222656,2.384185791015625e-07,2.384185791015625e-07,1609702164.7614813,1609702164.8852155,0.1237342357635498,1609702164.814334,1609702164.8218524,0.0075185298919677734
028b8fedd8f94cdf84040def55e13486,k-means,warm,exec,queue,0.04322504997253418,2.384185791015625e-07,0.0,1609702164.7657256,1609702164.9606755,0.19494986534118652,1609702164.856009,1609702164.8630574,0.007048368453979492
5e7cd52c3d1d4fc0ac75c0d581eb9bec,k-means,warm,exec,queue,0.04823708534240723,0.0,2.384185791015625e-07,1609702164.7680857,1609702164.9594934,0.1914076805114746,1609702164.8598628,1609702164.8648562,0.004993438720703125
d28d3530c0444685a2493c2a69e7bc62,k-means,warm,exec,queue,0.05289292335510254,2.384185791015625e-07,0.0,1609702164.7704551,1609702165.0971596,0.3267045021057129,1609702164.8650837,1609702164.8701916,0.005107879638671875
1f8d25f818c849d09366d8295173fb75,k-means,warm,exec,queue,0.05826926231384277,2.384185791015625e-07,2.384185791015625e-07,1609702164.7730966,1609702165.0018854,0.2287888526916504,1609702164.8709474,1609702164.8762155,0.005268096923828125
ce21c1402f5e40449244aac88ad714fa,k-means,warm,exec,queue,0.06305217742919922,2.384185791015625e-07,0.0,1609702164.7754495,1609702165.0302274,0.2547779083251953,1609702164.8760045,1609702164.8802161,0.0042116641998291016
d770856b6e544e5da52d3b921353c623,k-means,warm,exec,queue,0.005361080169677734,2.384185791015625e-07,2.384185791015625e-07,1609702164.7772496,1609702165.102778,0.3255283832550049,1609702164.8151512,1609702164.8227985,0.007647275924682617
04aa0ce3bacd4a409f062e65ef00c6a9,k-means,warm,exec,queue,0.009952306747436523,2.384185791015625e-07,0.0,1609702164.7787027,1609702165.0966284,0.31792569160461426,1609702164.8149812,1609702164.8219087,0.006927490234375
831d260d23f44342ae4c491dcd25d41d,k-means,warm,exec,queue,0.015015602111816406,2.384185791015625e-07,2.384185791015625e-07,1609702164.7801495,1609702165.1016603,0.32151079177856445,1609702164.8203914,1609702164.827919,0.007527589797973633
841f56653932489bb13a08ab628b5d1c,k-means,warm,exec,queue,0.02042531967163086,2.384185791015625e-07,2.384185791015625e-07,1609702164.781725,1609702164.962327,0.1806020736694336,1609702164.8350105,1609702164.843235,0.0082244873046875
5e938e759fdc49dca7929ba3e4df359f,k-means,warm,exec,queue,0.027141571044921875,4.76837158203125e-07,0.0,1609702164.7831686,1609702164.9179058,0.13473725318908691,1609702164.8367286,1609702164.842996,0.0062673091888427734
8e311d21044f459eab364b026ef19af8,k-means,warm,exec,queue,0.031533241271972656,2.384185791015625e-07,2.384185791015625e-07,1609702164.7846296,1609702165.1023917,0.3177621364593506,1609702164.8376253,1609702164.8421135,0.004488229751586914
baa296e65e614f4a992f58298b9bd087,k-means,warm,exec,queue,0.036077260971069336,2.384185791015625e-07,2.384185791015625e-07,1609702164.786076,1609702165.0595653,0.27348923683166504,1609702164.8432274,1609702164.849619,0.0063915252685546875
7bcc89744b7940659df47dc3411135a4,k-means,warm,exec,queue,0.041468143463134766,4.76837158203125e-07,2.384185791015625e-07,1609702164.7876346,1609702165.1020663,0.31443166732788086,1609702164.8510826,1609702164.8565857,0.005503177642822266
f355a4804920441da558ab78ee25e572,video,warm,exec,queue,0.02176666259765625,4.76837158203125e-07,2.384185791015625e-07,1609702164.7890928,1609702165.027638,0.23854517936706543,1609702164.835844,1609702164.8527398,0.016895771026611328
93c366207ad94d62946fa7f789a2fa04,k-means,warm,exec,queue,0.008986711502075195,4.76837158203125e-07,0.0,1609702165.7662585,1609702165.9112148,0.14495635032653809,1609702165.8396494,1609702165.8479319,0.00828242301940918
55de6b765da44f488c39b17d8b06250b,k-means,warm,exec,queue,0.029970169067382812,2.384185791015625e-07,2.384185791015625e-07,1609702165.770773,1609702166.033934,0.26316118240356445,1609702165.864637,1609702165.8711052,0.006468296051025391
af44aeeaea14417e8b2d04ff2b42cd28,k-means,warm,exec,queue,0.03495073318481445,2.384185791015625e-07,2.384185791015625e-07,1609702165.7734456,1609702166.0307848,0.2573392391204834,1609702165.8681042,1609702165.875432,0.0073277950286865234
1655fa40985742fdb7f64ddf8cf0dcc0,k-means,warm,exec,queue,0.04042649269104004,4.76837158203125e-07,0.0,1609702165.7760756,1609702165.9698462,0.1937706470489502,1609702165.8766427,1609702165.883918,0.00727534294128418
539ce88e790941259a20d2c446dad96d,k-means,warm,exec,queue,0.045874834060668945,2.384185791015625e-07,0.0,1609702165.7790673,1609702166.0375009,0.25843358039855957,1609702165.8807805,1609702165.88707,0.006289482116699219
074e61bb8b3440b999915c3e8f390042,k-means,warm,exec,queue,0.05074596405029297,4.76837158203125e-07,4.76837158203125e-07,1609702165.7812533,1609702165.9734964,0.19224309921264648,1609702165.884825,1609702165.8912225,0.0063974857330322266
f83f8dc57e274ef0b1cb37cf2f79dd7a,k-means,warm,exec,queue,0.056291818618774414,2.384185791015625e-07,0.0,1609702165.7828107,1609702166.0291226,0.24631190299987793,1609702165.8920202,1609702165.898269,0.0062487125396728516
19b4658ccdbd48c9a2ea3cc0290c99f4,k-means,warm,exec,queue,0.06091713905334473,2.384185791015625e-07,2.384185791015625e-07,1609702165.7844086,1609702165.9723275,0.18791890144348145,1609702165.8970027,1609702165.9035473,0.006544589996337891
08d7dcc8301b4caf938b00502021faee,k-means,warm,exec,queue,0.06643033027648926,2.384185791015625e-07,0.0,1609702165.78597,1609702166.0982084,0.3122384548187256,1609702165.903726,1609702165.9109275,0.007201433181762695
89a6e85b99614111a637b3a97e8ac127,k-means,warm,exec,queue,0.02483844757080078,2.384185791015625e-07,0.0,1609702165.7877927,1609702166.0371513,0.2493586540222168,1609702165.862741,1609702165.8682952,0.00555419921875
ada2125380524fe3bb83c0f0f0180067,k-means,warm,exec,queue,0.012424945831298828,4.76837158203125e-07,2.384185791015625e-07,1609702165.7893655,1609702165.9123664,0.1230008602142334,1609702165.8435607,1609702165.8516405,0.008079767227172852
0017cbbb1f3a4a49b73531073e203318,k-means,warm,exec,queue,0.017768383026123047,7.152557373046875e-07,2.384185791015625e-07,1609702165.7909274,1609702166.0333672,0.24243974685668945,1609702165.8490798,1609702165.8565736,0.007493734359741211
08a50b34e076460b8c38b29b3fc7017a,k-means,warm,exec,queue,0.07102560997009277,2.384185791015625e-07,2.384185791015625e-07,1609702165.7924857,1609702166.0378437,0.24535799026489258,1609702165.908419,1609702165.9150167,0.006597757339477539
0eb87b97ef0148f38aee370ea4c6b547,matmul,warm,exec,queue,0.017207860946655273,4.76837158203125e-07,2.384185791015625e-07,1609702165.816217,1609702165.9718478,0.15563082695007324,1609702165.862432,1609702165.8725731,0.010141134262084961
6fa152bbb16d49169ab90c9bf2e85ebb,map_reduce,warm,exec,queue,0.022434473037719727,2.384185791015625e-07,2.384185791015625e-07,1609702165.8177514,1609702166.0963166,0.2785651683807373,1609702165.8647125,1609702165.950344,0.0856316089630127
9bc4fb5435a247ef84849a1952afba73,k-means,warm,exec,queue,0.0005013942718505859,4.76837158203125e-07,2.384185791015625e-07,1609702166.7623107,1609702166.8987954,0.13648462295532227,1609702166.802293,1609702166.809338,0.00704503059387207
6ef92aa6a2da44c5a739bf7df2a38ce7,k-means,warm,exec,queue,0.04814410209655762,2.384185791015625e-07,0.0,1609702166.7662554,1609702166.9636807,0.19742536544799805,1609702166.8513463,1609702166.857009,0.005662679672241211
f2dc5507765c4ee8b627fe01e1832385,k-means,warm,exec,queue,0.004194736480712891,2.384185791015625e-07,2.384185791015625e-07,1609702166.768312,1609702166.8972626,0.1289505958557129,1609702166.8031905,1609702166.8107772,0.00758671760559082
75dda6c146974eb7b96ded46e5122911,k-means,warm,exec,queue,0.008938074111938477,4.76837158203125e-07,4.76837158203125e-07,1609702166.7704022,1609702167.0482967,0.2778944969177246,1609702166.8083334,1609702166.8161614,0.007827997207641602
7242b62b3fd740dcac9b397d39aac5aa,k-means,warm,exec,queue,0.013682842254638672,2.384185791015625e-07,2.384185791015625e-07,1609702166.7726922,1609702166.9308417,0.15814948081970215,1609702166.812927,1609702166.8208222,0.007895231246948242
950fa81dedda4f53849c4925ba2e87df,k-means,warm,exec,queue,0.019317150115966797,4.76837158203125e-07,2.384185791015625e-07,1609702166.7747364,1609702167.1072114,0.332474946975708,1609702166.8187847,1609702166.8254979,0.006713151931762695
895de7393670470e8206a80981db15cd,k-means,warm,exec,queue,0.024835586547851562,7.152557373046875e-07,2.384185791015625e-07,1609702166.7767696,1609702166.9338212,0.15705156326293945,1609702166.8247004,1609702166.8306055,0.0059051513671875
382747d1c0e845468271d579fffe379b,k-means,warm,exec,queue,0.029520511627197266,2.384185791015625e-07,4.76837158203125e-07,1609702166.7781913,1609702166.9323227,0.15413141250610352,1609702166.8303676,1609702166.8356884,0.00532078742980957
c5054333c8e4468d99951201bf1eaed6,k-means,warm,exec,queue,0.034670352935791016,0.0,2.384185791015625e-07,1609702166.779626,1609702166.9987166,0.21909070014953613,1609702166.835269,1609702166.8418484,0.006579399108886719
594793753b08434dacf38fedf3a9ad63,k-means,warm,exec,queue,0.04030156135559082,2.384185791015625e-07,0.0,1609702166.781221,1609702166.9998343,0.2186133861541748,1609702166.8425848,1609702166.8488545,0.006269693374633789
edbf345a7a4d421c8f4f64799a37f1e6,k-means,warm,exec,queue,0.04502701759338379,2.384185791015625e-07,2.384185791015625e-07,1609702166.782647,1609702166.9647026,0.18205571174621582,1609702166.8461325,1609702166.8511212,0.004988670349121094
1d445bc0f60b49f39e37e86316f4df3e,video,warm,exec,queue,0.014963388442993164,4.76837158203125e-07,2.384185791015625e-07,1609702166.7840781,1609702167.108789,0.3247108459472656,1609702166.8194594,1609702166.8363626,0.016903162002563477
586a88a344ca42bf911bab3d97d6017b,k-means,warm,exec,queue,0.007424592971801758,4.76837158203125e-07,2.384185791015625e-07,1609702167.7714236,1609702167.8750386,0.10361504554748535,1609702167.8093798,1609702167.8165696,0.007189750671386719
e62f8fee458647b1b56c685f5ec08bac,k-means,warm,exec,queue,0.0365443229675293,2.384185791015625e-07,0.0,1609702167.775498,1609702168.0530097,0.2775118350982666,1609702167.8421323,1609702167.8485138,0.006381511688232422
d5f89f8fb6544b7a87cbb1ce333b63ef,k-means,warm,exec,queue,0.032082557678222656,2.384185791015625e-07,2.384185791015625e-07,1609702167.7780452,1609702168.0565307,0.2784855365753174,1609702167.8372989,1609702167.84264,0.005341053009033203
a869780a71624160b487d9921d1a06cc,k-means,warm,exec,queue,0.012030363082885742,4.76837158203125e-07,2.384185791015625e-07,1609702167.78056,1609702167.9086545,0.12809443473815918,1609702167.8144202,1609702167.8228524,0.008432149887084961
5104b6fe6d8e41379dec8a5566ab1f81,k-means,warm,exec,queue,0.016473770141601562,2.384185791015625e-07,0.0,1609702167.783075,1609702167.9794643,0.19638919830322266,1609702167.8195996,1609702167.8283622,0.008762598037719727
14d16d5e0fe9439589d8c737210a47e3,k-means,warm,exec,queue,0.02168893814086914,2.384185791015625e-07,2.384185791015625e-07,1609702167.7851827,1609702167.9102798,0.12509703636169434,1609702167.8251514,1609702167.8313515,0.006200075149536133
14b34d2a74934b9e8ecb355b4765037e,k-means,warm,exec,queue,0.0270230770111084,2.384185791015625e-07,0.0,1609702167.786636,1609702168.0559533,0.2693171501159668,1609702167.8306527,1609702167.8365717,0.005918979644775391
ae393bc6734146c1b1bd7a82c9377465,k-means,warm,exec,queue,0.05026531219482422,2.384185791015625e-07,2.384185791015625e-07,1609702167.7880847,1609702167.9503827,0.16229796409606934,1609702167.858668,1609702167.8637326,0.005064487457275391
9d3ccb279bc9458ca10f723aea874ef5,k-means,warm,exec,queue,0.04514575004577637,2.384185791015625e-07,0.0,1609702167.789546,1609702167.9770887,0.18754267692565918,1609702167.85143,1609702167.8567483,0.005318403244018555
292cad5bad024417bcef660442e4f920,k-means,warm,exec,queue,0.040769100189208984,2.384185791015625e-07,2.384185791015625e-07,1609702167.791105,1609702167.9797883,0.18868327140808105,1609702167.8474462,1609702167.8524094,0.0049631595611572266
301a4a260a1d4881891edde0302147da,k-means,warm,exec,queue,0.0055446624755859375,2.384185791015625e-07,0.0,1609702168.7675698,1609702168.9074845,0.13991475105285645,1609702168.8159645,1609702168.8242137,0.008249282836914062
d88fda586a364c4dbb9057d12ac36dd1,k-means,warm,exec,queue,0.05829668045043945,4.76837158203125e-07,2.384185791015625e-07,1609702168.7717414,1609702169.0060503,0.23430895805358887,1609702168.8715131,1609702168.8766153,0.0051021575927734375
478644062b724c72af54c7b1e08e712b,k-means,warm,exec,queue,0.05273151397705078,2.384185791015625e-07,2.384185791015625e-07,1609702168.7742772,1609702169.0408373,0.26656007766723633,1609702168.864467,1609702168.8701837,0.005716800689697266
212184ff071b4900ab02e1ce16779dad,k-means,warm,exec,queue,0.04781007766723633,2.384185791015625e-07,0.0,1609702168.7767746,1609702169.1472514,0.37047672271728516,1609702168.859112,1609702168.8635433,0.004431247711181641
831a21f8da21425aa6114642b83d0379,k-means,warm,exec,queue,0.04262351989746094,2.384185791015625e-07,4.76837158203125e-07,1609702168.7795477,1609702168.9731505,0.1936028003692627,1609702168.8533335,1609702168.8576026,0.004269123077392578
33466b24fb93458892cdfc97089d3107,k-means,warm,exec,queue,0.009420394897460938,2.384185791015625e-07,2.384185791015625e-07,1609702168.7814841,1609702168.9059126,0.12442851066589355,1609702168.8162212,1609702168.824387,0.008165836334228516
e3852679dcdf43848d0242550e6a86a7,k-means,warm,exec,queue,0.013655424118041992,2.384185791015625e-07,0.0,1609702168.7829068,1609702168.90412,0.12121319770812988,1609702168.820286,1609702168.8283715,0.008085489273071289
bd3b6b4bf0f946f8b8e579e72525a86c,k-means,warm,exec,queue,0.01803302764892578,4.76837158203125e-07,2.384185791015625e-07,1609702168.7843418,1609702169.0388339,0.25449204444885254,1609702168.8255029,1609702168.8335154,0.008012533187866211
c57c87bc07104f31a1e1673eaf926256,k-means,warm,exec,queue,0.022436141967773438,4.76837158203125e-07,2.384185791015625e-07,1609702168.78577,1609702168.9712856,0.1855156421661377,1609702168.8360276,1609702168.8442364,0.008208751678466797
5fc1205be077498ebee4e1947074003c,k-means,warm,exec,queue,0.028288841247558594,2.384185791015625e-07,2.384185791015625e-07,1609702168.7873073,1609702168.9375243,0.15021705627441406,1609702168.8367925,1609702168.841583,0.004790544509887695
d4eab99b29af498e989648c541b2fe41,k-means,warm,exec,queue,0.03351950645446777,2.384185791015625e-07,0.0,1609702168.7887375,1609702168.9391015,0.15036392211914062,1609702168.841651,1609702168.8475516,0.00590062141418457
dbca7df857164e958edd5dad39568dbb,k-means,warm,exec,queue,0.03889298439025879,2.384185791015625e-07,0.0,1609702168.7901628,1609702168.974757,0.18459415435791016,1609702168.8476663,1609702168.8522243,0.004558086395263672
16683e539b734c4eb2e60f2f6270f6de,k-means,warm,exec,queue,0.06347346305847168,2.384185791015625e-07,2.384185791015625e-07,1609702168.7915902,1609702169.0045037,0.21291351318359375,1609702168.876513,1609702168.8820033,0.005490303039550781
f4fa215fb20447358ea20fee1cca5247,k-means,warm,exec,queue,0.06816864013671875,7.152557373046875e-07,4.76837158203125e-07,1609702168.793136,1609702169.0075202,0.2143843173980713,1609702168.8839478,1609702168.8916452,0.007697343826293945
0a0ee6d0a9294bc1b36100024684c429,k-means,warm,exec,queue,0.002680540084838867,7.152557373046875e-07,2.384185791015625e-07,1609702169.7714138,1609702169.9157162,0.1443023681640625,1609702169.825342,1609702169.83376,0.008418083190917969
459216dd3b664d0e9078447a259a9a0f,k-means,warm,exec,queue,0.03473830223083496,2.384185791015625e-07,2.384185791015625e-07,1609702169.7759194,1609702170.0333927,0.2574732303619385,1609702169.8531148,1609702169.8600192,0.0069043636322021484
dcb2bfd5824942eebbc912311b773f2e,k-means,warm,exec,queue,0.040259599685668945,2.384185791015625e-07,2.384185791015625e-07,1609702169.7785761,1609702170.0405033,0.26192712783813477,1609702169.8599784,1609702169.8670652,0.007086753845214844
70aa81770c8340b59cfd3b04db9cf011,k-means,warm,exec,queue,0.04650521278381348,2.384185791015625e-07,2.384185791015625e-07,1609702169.7811995,1609702170.0322032,0.2510037422180176,1609702169.8690405,1609702169.87554,0.006499528884887695
0333abcb089b4a12a193565a8966c4a0,k-means,warm,exec,queue,0.05106043815612793,0.0,0.0,1609702169.7841244,1609702170.0813222,0.2971978187561035,1609702169.8733222,1609702169.879887,0.0065648555755615234
da65eede0cbf4084af50b4c416004a9d,k-means,warm,exec,queue,0.05594944953918457,4.76837158203125e-07,2.384185791015625e-07,1609702169.785871,1609702170.035479,0.24960803985595703,1609702169.8765578,1609702169.8825374,0.0059795379638671875
93f2691755c2442c9ace3005e90d54df,k-means,warm,exec,queue,0.060713768005371094,4.76837158203125e-07,2.384185791015625e-07,1609702169.787459,1609702170.0364714,0.24901247024536133,1609702169.8815532,1609702169.887931,0.0063779354095458984
d929e606cf2d46849bb0bc3b4e63fa74,k-means,warm,exec,queue,0.030224323272705078,2.384185791015625e-07,2.384185791015625e-07,1609702169.7890537,1609702170.034481,0.24542737007141113,1609702169.8511589,1609702169.8588452,0.0076863765716552734
2e28f587dcd1447c8eea3bc5e63848f7,k-means,warm,exec,queue,0.02543044090270996,2.384185791015625e-07,0.0,1609702169.7906308,1609702170.0375357,0.24690485000610352,1609702169.8497543,1609702169.8561401,0.00638580322265625
e2383bc9b4b94eb88de2d5558a491d86,k-means,warm,exec,queue,0.0180814266204834,4.76837158203125e-07,2.384185791015625e-07,1609702169.792561,1609702169.917264,0.12470293045043945,1609702169.8365898,1609702169.8459811,0.009391307830810547
9b416dc66ca84fed908196b5a6a4c4ac,k-means,warm,exec,queue,0.010724544525146484,4.76837158203125e-07,2.384185791015625e-07,1609702169.7941334,1609702169.9203212,0.12618780136108398,1609702169.825809,1609702169.8343165,0.008507490158081055
47ed99addc594aee8bd176af234588bb,k-means,warm,exec,queue,0.015794992446899414,4.76837158203125e-07,0.0,1609702169.7957017,1609702169.9186833,0.12298154830932617,1609702169.8310227,1609702169.8397615,0.00873875617980957
f9c6b6a3859e415cbc3eb2bfd8985504,k-means,warm,exec,queue,0.06545734405517578,2.384185791015625e-07,2.384185791015625e-07,1609702169.7973135,1609702170.0385313,0.24121785163879395,1609702169.8883176,1609702169.8933544,0.005036830902099609
60effc2cc19747a6bd22e489f5e64470,k-means,warm,exec,queue,0.07009124755859375,2.384185791015625e-07,4.76837158203125e-07,1609702169.799003,1609702170.0401413,0.24113845825195312,1609702169.89372,1609702169.8997087,0.0059888362884521484
35bf90430cb64c9b845bd6b13166df7c,video,warm,exec,queue,0.017342805862426758,2.384185791015625e-07,2.384185791015625e-07,1609702169.8005729,1609702169.9653656,0.16479277610778809,1609702169.8500862,1609702169.867969,0.017882823944091797
310da58ed8514b8898f2377226ec9c24,k-means,warm,exec,queue,0.005261421203613281,2.384185791015625e-07,0.0,1609702170.7649095,1609702170.9190753,0.15416574478149414,1609702170.8059244,1609702170.8135347,0.007610321044921875
de5e370d322a4268abd3760a7e286d66,k-means,warm,exec,queue,0.0531003475189209,2.384185791015625e-07,0.0,1609702170.7690077,1609702171.21899,0.4499824047088623,1609702170.8596697,1609702170.864282,0.0046122074127197266
b5da69ecfbaf436190f0a62b9b6cb312,k-means,warm,exec,queue,0.04792928695678711,2.384185791015625e-07,0.0,1609702170.7715108,1609702170.9611228,0.18961191177368164,1609702170.8557715,1609702170.8626814,0.006909847259521484
0c34c29e73464c40a0ae6db4164a9648,k-means,warm,exec,queue,0.04251861572265625,2.384185791015625e-07,4.76837158203125e-07,1609702170.7740214,1609702171.1019168,0.3278954029083252,1609702170.8471425,1609702170.8523133,0.0051708221435546875
6a03514aa79b466ba036429465e54880,k-means,warm,exec,queue,0.03783607482910156,2.384185791015625e-07,2.384185791015625e-07,1609702170.7765977,1609702171.0111187,0.23452091217041016,1609702170.8442662,1609702170.8495498,0.0052835941314697266
9c3721db2b2b4e15bdd896e62c44c9cd,k-means,warm,exec,queue,0.009002208709716797,2.384185791015625e-07,2.384185791015625e-07,1609702170.7780344,1609702170.9211578,0.14312338829040527,1609702170.8090281,1609702170.8166425,0.0076143741607666016
562dd37e21d241da8a3e380e5786a85f,k-means,warm,exec,queue,0.01340937614440918,2.384185791015625e-07,0.0,1609702170.7794907,1609702170.9215684,0.14207768440246582,1609702170.8128235,1609702170.8204725,0.007648944854736328
5af8da60726e4020948995aec66eee99,k-means,warm,exec,queue,0.018543720245361328,4.76837158203125e-07,2.384185791015625e-07,1609702170.7809467,1609702171.136062,0.3551151752471924,1609702170.824075,1609702170.8313777,0.007302761077880859
a6a3a29cbac84e91ac67653f1ccca87a,k-means,warm,exec,queue,0.02408623695373535,4.76837158203125e-07,4.76837158203125e-07,1609702170.782378,1609702171.0094357,0.22705769538879395,1609702170.8261116,1609702170.830921,0.004809379577636719
c069f59d052a4c29be35c7903d86e25b,k-means,warm,exec,queue,0.02951979637145996,2.384185791015625e-07,0.0,1609702170.7839158,1609702170.959491,0.17557525634765625,1609702170.8301191,1609702170.8357785,0.005659341812133789
10d426295827442b98d9cc51c6a865ba,k-means,warm,exec,queue,0.034449100494384766,4.76837158203125e-07,2.384185791015625e-07,1609702170.785359,1609702171.0847673,0.2994084358215332,1609702170.842394,1609702170.8492866,0.00689244270324707
eb9206750d004b6c8beb4e2f8370aa28,matmul,warm,exec,queue,0.018644094467163086,2.384185791015625e-07,4.76837158203125e-07,1609702170.7867858,1609702171.0127335,0.22594761848449707,1609702170.8249211,1609702170.8347046,0.009783506393432617
daf8481ed62a4e1f85d7e44dcccfa874,k-means,warm,exec,queue,0.004944324493408203,7.152557373046875e-07,2.384185791015625e-07,1609702171.7658374,1609702171.8790963,0.11325883865356445,1609702171.8057988,1609702171.8138494,0.008050680160522461
84d9b8160197435ea8b3d9cb970622fd,video,warm,exec,queue,0.015663623809814453,2.384185791015625e-07,2.384185791015625e-07,1609702171.7699614,1609702171.9724226,0.20246124267578125,1609702171.8265166,1609702171.843585,0.01706838607788086
7a408251082e40f5bef15b330096f69d,k-means,warm,exec,queue,0.048383474349975586,2.384185791015625e-07,0.0,1609702171.7725358,1609702171.9707565,0.19822072982788086,1609702171.855374,1609702171.8610213,0.005647182464599609
784c4a076fe34610ba1b8e25c5832406,k-means,warm,exec,queue,0.043457746505737305,2.384185791015625e-07,2.384185791015625e-07,1609702171.7750373,1609702172.0291915,0.2541542053222656,1609702171.8496072,1609702171.8561447,0.006537437438964844
48313574e48643278f97597a41ea2747,k-means,warm,exec,queue,0.03869199752807617,2.384185791015625e-07,0.0,1609702171.7778373,1609702171.9458947,0.16805744171142578,1609702171.8444774,1609702171.849533,0.005055665969848633
548f8bb93a794379b6e997bd3acd4adf,k-means,warm,exec,queue,0.009334325790405273,4.76837158203125e-07,0.0,1609702171.7803156,1609702171.947665,0.16734933853149414,1609702171.8088439,1609702171.8167055,0.007861614227294922
04c2b3cb7f654ed0b0c75a15d2c916e0,k-means,warm,exec,queue,0.013814449310302734,4.76837158203125e-07,2.384185791015625e-07,1609702171.7817562,1609702172.0052454,0.22348928451538086,1609702171.8139641,1609702171.8218312,0.007867097854614258
a807f2d8b1b9404395a277f61c866356,k-means,warm,exec,queue,0.019024372100830078,4.76837158203125e-07,2.384185791015625e-07,1609702171.7831929,1609702171.9159641,0.13277125358581543,1609702171.8254862,1609702171.8331087,0.007622480392456055
36f695b5329d40eda65b979b9555d89c,k-means,warm,exec,queue,0.02452540397644043,2.384185791015625e-07,2.384185791015625e-07,1609702171.7846546,1609702171.91266,0.1280052661895752,1609702171.8274758,1609702171.831881,0.00440526008605957
2d0502b6fc8c470aa61938c7fba0f5e8,k-means,warm,exec,queue,0.029433012008666992,2.384185791015625e-07,2.384185791015625e-07,1609702171.7862043,1609702171.9143517,0.12814736366271973,1609702171.83044,1609702171.8349562,0.004516124725341797
dd05c681ba5043c5bf37e7da48e29a1f,k-means,warm,exec,queue,0.034708499908447266,7.152557373046875e-07,2.384185791015625e-07,1609702171.787639,1609702171.9740286,0.18638968467712402,1609702171.8396435,1609702171.8471792,0.007535696029663086
122247a5e1794acc9d886cddf95f740b,k-means,warm,exec,queue,0.004827022552490234,4.76837158203125e-07,2.384185791015625e-07,1609702172.7653425,1609702172.8825104,0.11716794967651367,1609702172.8086073,1609702172.8162706,0.007663249969482422
8fe2ed8923fb4e0abeb3061c82908edc,k-means,warm,exec,queue,0.05045485496520996,2.384185791015625e-07,0.0,1609702172.7694035,1609702172.9930613,0.22365784645080566,1609702172.8558016,1609702172.8598244,0.004022836685180664
d4f7361fe9d54907a64e3cfca17278ad,k-means,warm,exec,queue,0.045011281967163086,2.384185791015625e-07,2.384185791015625e-07,1609702172.77189,1609702172.940512,0.16862201690673828,1609702172.8526142,1609702172.8588161,0.006201982498168945
ff1983c587894a7b8abf46418490d911,k-means,warm,exec,queue,0.039726972579956055,4.76837158203125e-07,2.384185791015625e-07,1609702172.7744038,1609702172.9925191,0.21811532974243164,1609702172.8449368,1609702172.849659,0.004722118377685547
d4b11927ab624ceab0865be15009e39c,k-means,warm,exec,queue,0.0351560115814209,2.384185791015625e-07,2.384185791015625e-07,1609702172.7771835,1609702173.1071906,0.33000707626342773,1609702172.8412194,1609702172.8471982,0.005978822708129883
a0a8f10cfc0843adbef25eadb0618b6c,k-means,warm,exec,queue,0.008592367172241211,4.76837158203125e-07,2.384185791015625e-07,1609702172.7796657,1609702172.8807747,0.10110902786254883,1609702172.8082964,1609702172.8152556,0.006959199905395508
f5ffdc17258244d4aa26dec202adeb12,k-means,warm,exec,queue,0.013478517532348633,2.384185791015625e-07,2.384185791015625e-07,1609702172.7815487,1609702172.9148896,0.13334083557128906,1609702172.8140883,1609702172.8218033,0.007714986801147461
41ae82f6f4e74e6f870d2e73f9419fb8,k-means,warm,exec,queue,0.01792740821838379,2.384185791015625e-07,2.384185791015625e-07,1609702172.7829754,1609702172.9946067,0.21163129806518555,1609702172.8185885,1609702172.8261902,0.007601737976074219
29fbfb7b2b9d43bc8984dcbcebfe9f75,k-means,warm,exec,queue,0.0227358341217041,2.384185791015625e-07,2.384185791015625e-07,1609702172.7844114,1609702172.9132564,0.1288449764251709,1609702172.822461,1609702172.826698,0.004237174987792969
e30ef13994d24bb5a39a7ba6c7bb1c99,k-means,warm,exec,queue,0.027267932891845703,2.384185791015625e-07,2.384185791015625e-07,1609702172.7859478,1609702172.9897783,0.20383048057556152,1609702172.8295054,1609702172.8358982,0.006392717361450195
edad1cbd57ce4e4cb265eec833c456a8,k-means,warm,exec,queue,0.03192710876464844,4.76837158203125e-07,2.384185791015625e-07,1609702172.7873669,1609702172.9399285,0.15256166458129883,1609702172.835659,1609702172.8397608,0.004101753234863281
b8b9dd0a67814272b59338f2ee7307d2,k-means,warm,exec,queue,0.00393986701965332,4.76837158203125e-07,2.384185791015625e-07,1609702173.7745392,1609702173.9002137,0.12567448616027832,1609702173.8182607,1609702173.8266363,0.00837564468383789
701fd295cdeb4b5a88db3c43fb51a933,k-means,warm,exec,queue,0.051488399505615234,9.5367431640625e-07,2.384185791015625e-07,1609702173.7786956,1609702174.1403527,0.36165714263916016,1609702173.8710308,1609702173.8774223,0.0063915252685546875
1b904772d5b04da1b9c715c97d6dd6d9,k-means,warm,exec,queue,0.045957088470458984,2.384185791015625e-07,2.384185791015625e-07,1609702173.7812333,1609702174.1358647,0.3546314239501953,1609702173.8611784,1609702173.8664947,0.005316257476806641
3da746be6d594322879f665511b6db94,k-means,warm,exec,queue,0.04134988784790039,4.76837158203125e-07,2.384185791015625e-07,1609702173.783705,1609702174.0119805,0.22827553749084473,1609702173.85795,1609702173.8643029,0.006352901458740234
fbd7919b2937436184d124657395eb44,k-means,warm,exec,queue,0.03657054901123047,2.384185791015625e-07,2.384185791015625e-07,1609702173.786495,1609702174.1409576,0.3544626235961914,1609702173.8545382,1609702173.8620746,0.007536411285400391
de776345af9b44859f5db6ebdb1656e8,k-means,warm,exec,queue,0.031942129135131836,2.384185791015625e-07,2.384185791015625e-07,1609702173.7888463,1609702173.9420793,0.15323305130004883,1609702173.8456888,1609702173.8511732,0.005484342575073242
acd8a1e80f50463db5944fb08283ffb6,k-means,warm,exec,queue,0.026424646377563477,2.384185791015625e-07,0.0,1609702173.7902708,1609702173.9437194,0.15344858169555664,1609702173.8401582,1609702173.846307,0.006148815155029297
dc118c574afd4f9d90706985227f0020,k-means,warm,exec,queue,0.02185344696044922,2.384185791015625e-07,0.0,1609702173.791686,1609702174.0604978,0.2688117027282715,1609702173.8385477,1609702173.8464851,0.007937431335449219
cb027d2f363b4d48ae90fc76e8f20632,k-means,warm,exec,queue,0.007884740829467773,2.384185791015625e-07,2.384185791015625e-07,1609702173.793132,1609702173.9029245,0.10979247093200684,1609702173.8178551,1609702173.8260643,0.008209228515625
ceedd2be7bb8462f968c84cfcf1bd5d6,k-means,warm,exec,queue,0.013218879699707031,2.384185791015625e-07,2.384185791015625e-07,1609702173.7946563,1609702173.9034936,0.10883736610412598,1609702173.823215,1609702173.831292,0.008076906204223633
c109e59c5a3f4e3aad3c8e7693c0a127,k-means,warm,exec,queue,0.0176389217376709,2.384185791015625e-07,0.0,1609702173.7960725,1609702174.0101275,0.21405506134033203,1609702173.8286035,1609702173.8367968,0.008193254470825195
79cd9d8c794d49b4a4316a3da141364e,video,warm,exec,queue,0.022095441818237305,2.384185791015625e-07,0.0,1609702173.7975106,1609702174.1376367,0.34012603759765625,1609702173.8381116,1609702173.8550897,0.016978025436401367
5a88dea2d43b468db3b5e5278a71abf6,k-means,warm,exec,queue,0.01097726821899414,2.384185791015625e-07,2.384185791015625e-07,1609702174.777057,1609702174.903629,0.1265721321105957,1609702174.8294184,1609702174.83757,0.008151531219482422
fb0ea373bf474dc388d7fd9368215f7b,k-means,warm,exec,queue,0.025577783584594727,4.76837158203125e-07,2.384185791015625e-07,1609702174.7813463,1609702175.1433136,0.3619673252105713,1609702174.8489933,1609702174.8554735,0.006480216979980469
3bb553c0c6694376b77f0ba43b476d02,k-means,warm,exec,queue,0.0301361083984375,4.76837158203125e-07,4.76837158203125e-07,1609702174.7839077,1609702174.9300199,0.14611220359802246,1609702174.8508663,1609702174.8565333,0.005666971206665039
5c585f2926b44ab29740c9f9cd3aa1ef,k-means,warm,exec,queue,0.034852027893066406,4.76837158203125e-07,2.384185791015625e-07,1609702174.7864854,1609702175.054916,0.2684304714202881,1609702174.8622174,1609702174.870029,0.007811546325683594
fb3a9d6402b54cbe9b2235012bf5403d,k-means,warm,exec,queue,0.040813446044921875,2.384185791015625e-07,0.0,1609702174.7893429,1609702175.0696528,0.28030991554260254,1609702174.8645802,1609702174.8711407,0.006560564041137695
0e40dc37428b438185f93460cd0b4fb6,k-means,warm,exec,queue,0.04554581642150879,2.384185791015625e-07,2.384185791015625e-07,1609702174.7918878,1609702175.1036613,0.31177353858947754,1609702174.868197,1609702174.8753781,0.0071811676025390625
ad50cae5bb7e489a83a8d96a36349831,k-means,warm,exec,queue,0.05004262924194336,4.76837158203125e-07,2.384185791015625e-07,1609702174.7937455,1609702175.0601954,0.2664499282836914,1609702174.8802674,1609702174.8876486,0.0073812007904052734
b05017f08f5242e797dc967ace852d68,k-means,warm,exec,queue,0.05545544624328613,4.76837158203125e-07,4.76837158203125e-07,1609702174.7952857,1609702175.288435,0.4931492805480957,1609702174.8816228,1609702174.8868976,0.005274772644042969
7cd1206c013c45c4810fc14ca1408065,k-means,warm,exec,queue,0.05996561050415039,2.384185791015625e-07,0.0,1609702174.7968297,1609702175.2075548,0.41072511672973633,1609702174.8843064,1609702174.890767,0.006460666656494141
a3baea0452ee42eab425ad0ade637248,k-means,warm,exec,queue,0.06516170501708984,4.76837158203125e-07,2.384185791015625e-07,1609702174.7985027,1609702175.0596228,0.261120080947876,1609702174.897857,1609702174.9052815,0.007424592971801758
12ae785de34648ea9b7bb393ba1dd274,k-means,warm,exec,queue,0.014944314956665039,2.384185791015625e-07,0.0,1609702174.8000405,1609702174.928207,0.12816643714904785,1609702174.8335464,1609702174.8413632,0.007816791534423828
b18f91b4c92844599d3357fb91a0dbe8,k-means,warm,exec,queue,0.020191669464111328,4.76837158203125e-07,4.76837158203125e-07,1609702174.8015904,1609702175.139661,0.3380706310272217,1609702174.8424284,1609702174.8506534,0.008224964141845703
3980c85957dc4a28b72397571f90f7a2,k-means,warm,exec,queue,0.0700984001159668,2.384185791015625e-07,4.76837158203125e-07,1609702174.8031337,1609702175.2630577,0.45992398262023926,1609702174.897569,1609702174.9021053,0.00453639030456543
aa07818fd0b142c29d931dce01e16cbe,k-means,warm,exec,queue,0.07485198974609375,2.384185791015625e-07,2.384185791015625e-07,1609702174.8048081,1609702175.2056763,0.40086817741394043,1609702174.9015949,1609702174.9085999,0.007004976272583008
9b0aa3c6593b4e809eb0b72fd635deaa,k-means,warm,exec,queue,0.07924985885620117,4.76837158203125e-07,2.384185791015625e-07,1609702174.806321,1609702175.0590346,0.252713680267334,1609702174.911434,1609702174.9183571,0.006923198699951172
80cdd60246ee4058a10dd5b0c4b7d5a3,k-means,warm,exec,queue,0.0024471282958984375,4.76837158203125e-07,2.384185791015625e-07,1609702175.7758393,1609702175.9075124,0.13167309761047363,1609702175.8224878,1609702175.8303828,0.00789499282836914
61ea8a2c14bf45fab228253361dbd5ab,k-means,warm,exec,queue,0.057498931884765625,4.76837158203125e-07,4.76837158203125e-07,1609702175.7794917,1609702176.0371263,0.25763463973999023,1609702175.877348,1609702175.8843446,0.006996631622314453
0c1d418cb1bb45d8b98735e7c1ebcb58,k-means,warm,exec,queue,0.05309557914733887,2.384185791015625e-07,2.384185791015625e-07,1609702175.7809856,1609702176.0349746,0.25398898124694824,1609702175.8706176,1609702175.8770936,0.006475925445556641
31668fe456d24227a71818298881c768,k-means,warm,exec,queue,0.048889875411987305,4.76837158203125e-07,4.76837158203125e-07,1609702175.7824388,1609702176.0026186,0.22017979621887207,1609702175.8687165,1609702175.875631,0.006914615631103516
92f3ef8dac874febbf808a1802e62840,k-means,warm,exec,queue,0.04307126998901367,4.76837158203125e-07,2.384185791015625e-07,1609702175.7840552,1609702176.1599941,0.37593889236450195,1609702175.8620293,1609702175.871138,0.009108781814575195
36c26a4360e74d3992e8eda1313abd84,k-means,warm,exec,queue,0.03783679008483887,4.76837158203125e-07,2.384185791015625e-07,1609702175.7855124,1609702176.0355477,0.25003528594970703,1609702175.8528385,1609702175.8591506,0.006312131881713867
79c75fcf4a4a4e76b7ae1bb5ad29732a,k-means,warm,exec,queue,0.03253531455993652,2.384185791015625e-07,2.384185791015625e-07,1609702175.786975,1609702175.9507606,0.16378569602966309,1609702175.8500261,1609702175.8558981,0.005872011184692383
be3ab3ec1b3043329926bee33713a184,k-means,warm,exec,queue,0.02537679672241211,2.384185791015625e-07,2.384185791015625e-07,1609702175.7884398,1609702176.0320678,0.24362802505493164,1609702175.8466008,1609702175.8541553,0.007554531097412109
71dc17c8534346e48f4b017f51d29dc2,k-means,warm,exec,queue,0.01920795440673828,4.76837158203125e-07,2.384185791015625e-07,1609702175.7898977,1609702176.002067,0.21216940879821777,1609702175.8335536,1609702175.8414233,0.007869720458984375
c7231743fb294927a775c2748f10459f,k-means,warm,exec,queue,0.011927604675292969,2.384185791015625e-07,2.384185791015625e-07,1609702175.7914681,1609702175.9059987,0.11453056335449219,1609702175.822908,1609702175.8311198,0.008211851119995117
fc8abc9338524debae27c093c020f1d8,k-means,warm,exec,queue,0.01716160774230957,4.76837158203125e-07,2.384185791015625e-07,1609702175.7929273,1609702175.9491816,0.15625429153442383,1609702175.828162,1609702175.8358462,0.007684230804443359
857f0a08b2ed4ab2981219c42060cdf4,video,warm,exec,queue,0.017594575881958008,2.384185791015625e-07,0.0,1609702175.7943828,1609702176.0014837,0.20710086822509766,1609702175.8464975,1609702175.8626661,0.016168594360351562
6824f2cfccda4fb0a524e7d6f24ffa3e,matmul,warm,exec,queue,0.021750211715698242,2.384185791015625e-07,2.384185791015625e-07,1609702175.7958415,1609702175.947512,0.1516704559326172,1609702175.8484373,1609702175.8583636,0.009926319122314453
362c036ee82d4dd78020a041f4d32b11,map_reduce,warm,exec,queue,0.024518489837646484,2.384185791015625e-07,0.0,1609702175.7974198,1609702176.072374,0.27495431900024414,1609702175.8497238,1609702175.9342725,0.0845487117767334
78485d3ea97b4db2ad8d56a5b0cc2ab4,k-means,warm,exec,queue,0.005700111389160156,4.76837158203125e-07,2.384185791015625e-07,1609702176.7713165,1609702176.9236693,0.15235280990600586,1609702176.8065174,1609702176.8150246,0.008507251739501953
f6098dad372d4cd4b102ebb8a7f859c7,k-means,warm,exec,queue,0.04416203498840332,4.76837158203125e-07,7.152557373046875e-07,1609702176.7754867,1609702177.033728,0.2582411766052246,1609702176.8516335,1609702176.8585103,0.006876707077026367
18663bcfd61448278ad874b01a62b0f4,k-means,warm,exec,queue,0.03887748718261719,2.384185791015625e-07,0.0,1609702176.7781014,1609702177.24491,0.466808557510376,1609702176.843711,1609702176.8495421,0.005831241607666016
552f6557e818412cb0e97d6e830e4271,k-means,warm,exec,queue,0.03349757194519043,2.384185791015625e-07,2.384185791015625e-07,1609702176.7806864,1609702176.9389427,0.15825629234313965,1609702176.8390207,1609702176.844313,0.005292177200317383
8bc134d36e9c443898291ae5941e3702,k-means,warm,exec,queue,0.02811431884765625,2.384185791015625e-07,0.0,1609702176.7832835,1609702177.127195,0.34391140937805176,1609702176.831857,1609702176.8368227,0.004965782165527344
1914548273964f988d1e0aa63e730160,k-means,warm,exec,queue,0.023613691329956055,4.76837158203125e-07,2.384185791015625e-07,1609702176.7855186,1609702177.0367684,0.2512497901916504,1609702176.82769,1609702176.8342705,0.0065805912017822266
0dbaba96672142b99523daab7e66e7f2,k-means,warm,exec,queue,0.010062932968139648,4.76837158203125e-07,2.384185791015625e-07,1609702176.787061,1609702177.0373685,0.250307559967041,1609702176.811703,1609702176.8195345,0.007831573486328125
194062e66c6543969bdf502f9c4fd015,k-means,warm,exec,queue,0.014618158340454102,4.76837158203125e-07,2.384185791015625e-07,1609702176.7886198,1609702176.9265668,0.13794708251953125,1609702176.8172297,1609702176.8247592,0.007529497146606445
7ad63755e0864b5781521f3b198472ef,k-means,warm,exec,queue,0.018925189971923828,4.76837158203125e-07,2.384185791015625e-07,1609702176.7901676,1609702176.9271555,0.13698792457580566,1609702176.823439,1609702176.8314478,0.008008956909179688
bbad78ab4be945bb8be44ff169d4da69,k-means,warm,exec,queue,0.0012521743774414062,4.76837158203125e-07,4.76837158203125e-07,1609702177.778497,1609702177.9062402,0.12774324417114258,1609702177.8280551,1609702177.8366797,0.008624553680419922
85b485d9ec9e422484f3a3c3f0596a4a,k-means,warm,exec,queue,0.009898662567138672,2.384185791015625e-07,2.384185791015625e-07,1609702177.7827766,1609702177.904592,0.12181544303894043,1609702177.8284924,1609702177.8363757,0.007883310317993164
0f2cb219af3d4998867c204fad222b64,k-means,warm,exec,queue,0.053421974182128906,4.76837158203125e-07,0.0,1609702177.785408,1609702178.0549943,0.26958632469177246,1609702177.8812692,1609702177.8870642,0.005795001983642578
7a3150bd25f34313b4be376543f9a033,k-means,warm,exec,queue,0.012081384658813477,4.76837158203125e-07,0.0,1609702177.787996,1609702177.9712296,0.18323349952697754,1609702177.8324106,1609702177.8408399,0.008429288864135742
068dfbf40bb44eacbf9001da4101427d,k-means,warm,exec,queue,0.01647210121154785,2.384185791015625e-07,2.384185791015625e-07,1609702177.7908707,1609702177.9460566,0.15518593788146973,1609702177.8376203,1609702177.8466337,0.00901341438293457
86bfcf5d26f24deea3bdba82bb9b94ed,k-means,warm,exec,queue,0.020823001861572266,2.384185791015625e-07,2.384185791015625e-07,1609702177.7931433,1609702177.9491608,0.15601754188537598,1609702177.8476202,1609702177.8555686,0.00794839859008789
9c1fcbf3d84c495dba7425a04d20bc9b,k-means,warm,exec,queue,0.026300907135009766,2.384185791015625e-07,2.384185791015625e-07,1609702177.7947001,1609702178.080353,0.28565287590026855,1609702177.8497026,1609702177.8556585,0.005955934524536133
a87a410aad7140e0959839b917f83a7e,k-means,warm,exec,queue,0.0305633544921875,4.76837158203125e-07,0.0,1609702177.7962728,1609702178.0821986,0.28592586517333984,1609702177.8526397,1609702177.857737,0.005097389221191406
719ba40df2d74035aa5c0e26615154a2,k-means,warm,exec,queue,0.03582954406738281,2.384185791015625e-07,0.0,1609702177.7978544,1609702177.9993029,0.2014484405517578,1609702177.8614995,1609702177.8678584,0.0063588619232177734
3d536fe7aed9463d80c229c756bf74d6,k-means,warm,exec,queue,0.04112434387207031,2.384185791015625e-07,2.384185791015625e-07,1609702177.799551,1609702177.9961376,0.19658660888671875,1609702177.8647428,1609702177.871402,0.006659269332885742
5453df2f648f44e8a73e9b611a7a3954,k-means,warm,exec,queue,0.04659318923950195,4.76837158203125e-07,0.0,1609702177.801144,1609702177.9987295,0.1975855827331543,1609702177.8711243,1609702177.8777027,0.0065784454345703125
fa0ba4ae1b9241ae89d78a9bcb87673c,k-means,warm,exec,queue,0.04884171485900879,2.384185791015625e-07,2.384185791015625e-07,1609702177.8027182,1609702178.0839074,0.2811892032623291,1609702177.8770099,1609702177.881762,0.004752159118652344
1453c5b1ff484197bf81545a88bd48c2,video,warm,exec,queue,0.019389867782592773,2.384185791015625e-07,4.76837158203125e-07,1609702177.8043215,1609702177.9476106,0.14328908920288086,1609702177.8497422,1609702177.867361,0.017618894577026367
db0011dee832477c8a7e8c3ccf82b22a,k-means,warm,exec,queue,0.0029032230377197266,7.152557373046875e-07,2.384185791015625e-07,1609702178.781089,1609702178.9153848,0.13429570198059082,1609702178.837725,1609702178.846531,0.008805990219116211
1b1f45b9a6e4438893df0545d2786bd6,k-means,warm,exec,queue,0.019753456115722656,2.384185791015625e-07,2.384185791015625e-07,1609702178.7852466,1609702179.1277084,0.34246182441711426,1609702178.8488338,1609702178.8559282,0.007094383239746094
f4694855d1df4f6988aa94851293c87c,k-means,warm,exec,queue,0.024131298065185547,4.76837158203125e-07,2.384185791015625e-07,1609702178.7878084,1609702179.1321578,0.34434938430786133,1609702178.8575552,1609702178.8657837,0.008228540420532227
533f90a493fd44f192f5994bb67d8ef7,k-means,warm,exec,queue,0.028787851333618164,4.76837158203125e-07,2.384185791015625e-07,1609702178.7903762,1609702178.9411533,0.15077710151672363,1609702178.859018,1609702178.86489,0.005872011184692383
ccd08557354f4ab5ad920a3891336f3b,k-means,warm,exec,queue,0.03416562080383301,2.384185791015625e-07,2.384185791015625e-07,1609702178.7932615,1609702178.939367,0.14610552787780762,1609702178.8641415,1609702178.8704162,0.006274700164794922
e50229e7582440029cb5ad62fcf5df0a,k-means,warm,exec,queue,0.038789987564086914,2.384185791015625e-07,2.384185791015625e-07,1609702178.7958102,1609702178.9901178,0.19430756568908691,1609702178.8706954,1609702178.8758683,0.0051729679107666016
1cb6e0053c9b4925ad9260d034a573af,k-means,warm,exec,queue,0.043878793716430664,0.0,2.384185791015625e-07,1609702178.7975495,1609702179.0769377,0.2793881893157959,1609702178.8752937,1609702178.8806934,0.0053997039794921875
93b8f7e32bf449b082e684f6b274912e,k-means,warm,exec,queue,0.048451900482177734,2.384185791015625e-07,2.384185791015625e-07,1609702178.7991197,1609702179.074897,0.27577733993530273,1609702178.8793268,1609702178.8858144,0.006487607955932617
452d3c35d3bb43d8bc5a27005930a238,k-means,warm,exec,queue,0.053044795989990234,2.384185791015625e-07,2.384185791015625e-07,1609702178.8007176,1609702179.132804,0.33208632469177246,1609702178.8858752,1609702178.8910565,0.005181312561035156
ce534b198a1f47ffaf427ef7f686d6e4,k-means,warm,exec,queue,0.012605428695678711,2.384185791015625e-07,2.384185791015625e-07,1609702178.8024447,1609702178.9648263,0.16238164901733398,1609702178.8373733,1609702178.8461883,0.00881505012512207
1472ea6376b643329d23209d5e2bb05a,k-means,warm,exec,queue,0.057160377502441406,2.384185791015625e-07,2.384185791015625e-07,1609702178.804017,1609702179.017629,0.21361184120178223,1609702178.8907335,1609702178.8975983,0.006864786148071289
b79037e45a63402b8f541d1d7657892c,k-means,warm,exec,queue,0.0175628662109375,4.76837158203125e-07,0.0,1609702178.8056078,1609702179.1246336,0.31902575492858887,1609702178.8426578,1609702178.8515272,0.008869409561157227
8bbbce6dd54d40a886a60e896687efa3,k-means,warm,exec,queue,0.061560630798339844,2.384185791015625e-07,2.384185791015625e-07,1609702178.8071866,1609702179.0487742,0.24158763885498047,1609702178.8955965,1609702178.9020534,0.006456851959228516
b8da5aa7d4464e2eadf9b444f7324714,k-means,warm,exec,queue,0.06599140167236328,2.384185791015625e-07,0.0,1609702178.8088713,1609702179.128372,0.3195006847381592,1609702178.8997207,1609702178.9045484,0.004827737808227539
a5231fde5ae34597bc05cc9a7d02293d,k-means,warm,exec,queue,0.07084846496582031,2.384185791015625e-07,0.0,1609702178.8104284,1609702179.1333828,0.3229544162750244,1609702178.906639,1609702178.91283,0.0061910152435302734
2ce62358d6684040998acc9e66ad026f,k-means,warm,exec,queue,0.0030622482299804688,4.76837158203125e-07,2.384185791015625e-07,1609702179.7751741,1609702179.9050708,0.1298966407775879,1609702179.8145003,1609702179.8233643,0.00886392593383789
58ef7371f9cd4b3ca539d85d9fec5f65,k-means,warm,exec,queue,0.034325599670410156,7.152557373046875e-07,0.0,1609702179.779346,1609702180.029733,0.25038695335388184,1609702179.8458757,1609702179.8532624,0.007386684417724609
d3cc60bad9194675a1721d157db7ecb1,k-means,warm,exec,queue,0.029932737350463867,2.384185791015625e-07,4.76837158203125e-07,1609702179.7820394,1609702179.979242,0.1972026824951172,1609702179.8402247,1609702179.8451157,0.004890918731689453
79519f29aa3f49e2be811172d8542985,k-means,warm,exec,queue,0.02546238899230957,2.384185791015625e-07,2.384185791015625e-07,1609702179.7846096,1609702179.975859,0.19124937057495117,1609702179.837539,1609702179.84482,0.007281064987182617
fbe019555ff84452923d1bc0e41ba373,k-means,warm,exec,queue,0.019611597061157227,4.76837158203125e-07,0.0,1609702179.786215,1609702179.9355075,0.1492924690246582,1609702179.8370023,1609702179.8457475,0.008745193481445312
98f24aae97d94c4aa442b267565d498f,k-means,warm,exec,queue,0.015096902847290039,2.384185791015625e-07,0.0,1609702179.7880213,1609702179.977594,0.18957257270812988,1609702179.8245754,1609702179.83323,0.008654594421386719
c64b756232fa4a8fb823c1eb5c97ad6a,k-means,warm,exec,queue,0.008456945419311523,7.152557373046875e-07,2.384185791015625e-07,1609702179.7896447,1609702179.9015534,0.1119086742401123,1609702179.8147357,1609702179.8235085,0.008772850036621094
129a9d3aae03405e944356a0cda62355,video,warm,exec,queue,0.028072595596313477,2.384185791015625e-07,2.384185791015625e-07,1609702179.791257,1609702179.9340146,0.14275765419006348,1609702179.8378603,1609702179.8553858,0.017525434494018555
bf0710beb5be4314a32ad1b74882d826,k-means,warm,exec,queue,0.01271677017211914,4.76837158203125e-07,2.384185791015625e-07,1609702179.7928953,1609702179.9044628,0.11156749725341797,1609702179.8192384,1609702179.8282588,0.009020328521728516
e5aa6f110c0c4f19b7f7bb8c2f349c46,k-means,warm,exec,queue,0.0008661746978759766,4.76837158203125e-07,2.384185791015625e-07,1609702180.7855473,1609702181.2152822,0.4297349452972412,1609702180.8438172,1609702180.852223,0.008405685424804688
aca8cb850f494de8a6e26c726ff2afbf,k-means,warm,exec,queue,0.037715911865234375,7.152557373046875e-07,0.0,1609702180.7900589,1609702182.0565186,1.2664597034454346,1609702180.8768146,1609702180.883539,0.006724357604980469
82e4b07646f94224943171ad1f8806b8,k-means,warm,exec,queue,0.04283261299133301,2.384185791015625e-07,2.384185791015625e-07,1609702180.792717,1609702181.534161,0.7414441108703613,1609702180.88366,1609702180.892992,0.009331941604614258
acbc4404996d420e8c7ca437b220ff88,k-means,warm,exec,queue,0.048284053802490234,2.384185791015625e-07,0.0,1609702180.7953496,1609702181.4823549,0.6870052814483643,1609702180.8915124,1609702180.8967314,0.005218982696533203
2959b868ab684ac7a93bf2ef43b980df,k-means,warm,exec,queue,0.053704023361206055,2.384185791015625e-07,0.0,1609702180.798263,1609702181.4381015,0.639838457107544,1609702180.8950026,1609702180.9006493,0.005646705627441406
14ff0f7946c04c68bfb1be7841fc4741,k-means,warm,exec,queue,0.05840659141540527,2.384185791015625e-07,2.384185791015625e-07,1609702180.8007877,1609702181.8664584,1.0656707286834717,1609702180.899433,1609702180.9059482,0.0065152645111083984
c4be0931c3ee4c6db9175c8340e687c2,k-means,warm,exec,queue,0.06306099891662598,2.384185791015625e-07,2.384185791015625e-07,1609702180.802372,1609702181.7575986,0.9552266597747803,1609702180.9059436,1609702180.9109936,0.005049943923950195
92db48dad32b4dcb96e2659d7dba3218,k-means,warm,exec,queue,0.9756665229797363,2.384185791015625e-07,0.0,1609702180.8039548,1609702182.2437155,1.439760684967041,1609702181.828369,1609702181.8370533,0.008684396743774414
637e39371c984fe4b16ccf83ed85d634,k-means,warm,exec,queue,0.0053594112396240234,7.152557373046875e-07,2.384185791015625e-07,1609702180.8055594,1609702181.5347607,0.7292013168334961,1609702180.8446827,1609702180.8534908,0.008808135986328125
8b1507a2aa6b464e9fe9ff7241e3854e,k-means,warm,exec,queue,0.011014938354492188,2.384185791015625e-07,2.384185791015625e-07,1609702180.8072708,1609702181.5311823,0.7239115238189697,1609702180.844758,1609702180.8536127,0.00885462760925293
d6efa7da893b4579aa208c31a8f0e5ee,k-means,warm,exec,queue,0.015330314636230469,2.384185791015625e-07,0.0,1609702180.8088677,1609702181.213429,0.40456128120422363,1609702180.8489308,1609702180.8577106,0.008779764175415039
a64b24049a2940cdac7d81c6360a268f,k-means,warm,exec,queue,0.01977396011352539,2.384185791015625e-07,2.384185791015625e-07,1609702180.8104544,1609702181.389025,0.5785706043243408,1609702180.854488,1609702180.8654768,0.010988950729370117
8f3774f8b5624c969f9ae5a9b3e82941,k-means,warm,exec,queue,0.0316166877746582,2.384185791015625e-07,4.76837158203125e-07,1609702180.812039,1609702181.3907197,0.5786807537078857,1609702180.873291,1609702180.880537,0.0072460174560546875
1213ede604554fd4923a9ada46127683,k-means,warm,exec,queue,0.03689742088317871,2.384185791015625e-07,2.384185791015625e-07,1609702180.8140206,1609702181.3872135,0.573192834854126,1609702180.874818,1609702180.8823764,0.007558345794677734
9b7656325a84412981fac49e5ccb8b92,matmul,warm,exec,queue,0.026693105697631836,2.384185791015625e-07,4.76837158203125e-07,1609702180.8155878,1609702181.4838443,0.6682565212249756,1609702180.8739808,1609702180.884309,0.010328292846679688
48723b89bf4a40b4a0daf144f98239cf,k-means,warm,exec,queue,0.011728763580322266,2.384185791015625e-07,2.384185791015625e-07,1609702181.7840216,1609702182.05604,0.2720184326171875,1609702181.8281376,1609702181.8369565,0.008818864822387695
beb225d253e44c609d7f3cd5aa827436,k-means,warm,exec,queue,0.036748647689819336,2.384185791015625e-07,2.384185791015625e-07,1609702181.7879586,1609702182.4688268,0.6808681488037109,1609702181.8593297,1609702181.866581,0.007251262664794922
8fe639a9233d47bfbc6cb3e3192ffafc,k-means,warm,exec,queue,0.04215431213378906,2.384185791015625e-07,2.384185791015625e-07,1609702181.7895143,1609702182.1713488,0.3818345069885254,1609702181.8695066,1609702181.8753955,0.005888938903808594
72010a87094b4adb83cededdac3c5dde,k-means,warm,exec,queue,0.046628713607788086,2.384185791015625e-07,0.0,1609702181.7910204,1609702182.521382,0.7303617000579834,1609702181.8720815,1609702181.8786993,0.00661778450012207
ec5f54f00e8a4153823f3e50217510ef,k-means,warm,exec,queue,0.05169320106506348,2.384185791015625e-07,0.0,1609702181.792817,1609702182.5207777,0.7279605865478516,1609702181.8768473,1609702181.8822765,0.005429267883300781
099bb2219120426591be57225e51df7e,k-means,warm,exec,queue,0.05671525001525879,2.384185791015625e-07,2.384185791015625e-07,1609702181.7943213,1609702182.1706924,0.3763711452484131,1609702181.8813372,1609702181.8866038,0.005266666412353516
850ffd944e4947eab9de383b204340d4,k-means,warm,exec,queue,0.9997012615203857,2.384185791015625e-07,2.384185791015625e-07,1609702181.7958305,1609702182.920335,1.124504566192627,1609702182.827949,1609702182.8357112,0.00776219367980957
9e9dbc0873aa4abab1dd9bbd19151cc3,k-means,warm,exec,queue,0.03188657760620117,2.384185791015625e-07,0.0,1609702181.7973871,1609702182.0555906,0.25820350646972656,1609702181.8538113,1609702181.860302,0.0064907073974609375
b68c1212f91b4e2492f522adc3e1d047,k-means,warm,exec,queue,0.02755570411682129,7.152557373046875e-07,2.384185791015625e-07,1609702181.79891,1609702182.20026,0.4013500213623047,1609702181.852731,1609702181.8584743,0.005743265151977539
98dc567a43584b37825b992d8ebff181,k-means,warm,exec,queue,0.015058279037475586,2.384185791015625e-07,2.384185791015625e-07,1609702181.800597,1609702182.241984,0.4413869380950928,1609702181.8324609,1609702181.8408933,0.008432388305664062
f6e0fd20ca224b358e816d9a73e4cb96,k-means,warm,exec,queue,0.019458532333374023,2.384185791015625e-07,0.0,1609702181.802089,1609702182.052606,0.2505171298980713,1609702181.837584,1609702181.8456316,0.00804758071899414
327cc3c888b84f5cbb35771a9b77f1a8,k-means,warm,exec,queue,0.02476048469543457,4.76837158203125e-07,2.384185791015625e-07,1609702181.8035746,1609702182.052045,0.24847054481506348,1609702181.850403,1609702181.8588438,0.008440732955932617
d753f30b560d49d99e39b87cc5b88be9,video,warm,exec,queue,0.020132780075073242,2.384185791015625e-07,2.384185791015625e-07,1609702181.8052158,1609702182.3697627,0.5645468235015869,1609702181.8535156,1609702181.8711274,0.01761174201965332
5ad64f5e4cd444268df4b48e20741119,k-means,warm,exec,queue,0.010511636734008789,4.76837158203125e-07,2.384185791015625e-07,1609702182.7901297,1609702182.9220705,0.1319408416748047,1609702182.8313448,1609702182.8389978,0.007652997970581055
5fcba11b111f4332b1435a3c2af22072,k-means,warm,exec,queue,0.9966461658477783,2.384185791015625e-07,2.384185791015625e-07,1609702182.7941597,1609702183.8914697,1.0973100662231445,1609702183.827195,1609702183.8346713,0.007476329803466797
b47675bdc8e642ff8c85b2a8eb3f0d08,k-means,warm,exec,queue,0.05865025520324707,4.76837158203125e-07,2.384185791015625e-07,1609702182.7965114,1609702183.1396203,0.3431088924407959,1609702182.8861554,1609702182.8911197,0.004964351654052734
000e2e6deb6446a3a5933319a0482710,k-means,warm,exec,queue,0.053816795349121094,2.384185791015625e-07,0.0,1609702182.797941,1609702183.0798016,0.2818605899810791,1609702182.8812525,1609702182.8882368,0.006984233856201172
f0aea001762944bdb49c6a729de7882d,k-means,warm,exec,queue,0.048728227615356445,7.152557373046875e-07,2.384185791015625e-07,1609702182.799564,1609702183.0044372,0.20487332344055176,1609702182.8771744,1609702182.8836944,0.00652003288269043
ee2155ae403641a2969387a2a72da589,k-means,warm,exec,queue,0.014580965042114258,2.384185791015625e-07,2.384185791015625e-07,1609702182.8009984,1609702183.1166236,0.3156251907348633,1609702182.8365655,1609702182.8441463,0.007580757141113281
417b07ae1345434b8b7ee5a96ddeeed7,k-means,warm,exec,queue,0.01959967613220215,2.384185791015625e-07,4.76837158203125e-07,1609702182.8024163,1609702183.0061455,0.20372915267944336,1609702182.84301,1609702182.850251,0.007241010665893555
17cbbfe68a6f4c3d92cd22acf78ff6e6,k-means,warm,exec,queue,0.024758100509643555,4.76837158203125e-07,2.384185791015625e-07,1609702182.8038397,1609702182.9629543,0.15911459922790527,1609702182.847244,1609702182.8536904,0.006446361541748047
78217d2c4dcd46c69121da65713b2c94,k-means,warm,exec,queue,0.02965235710144043,7.152557373046875e-07,7.152557373046875e-07,1609702182.8052926,1609702183.1379316,0.3326389789581299,1609702182.8528967,1609702182.858723,0.005826234817504883
6c498eaf5cb749f190377ca23948423a,k-means,warm,exec,queue,0.03449869155883789,2.384185791015625e-07,4.76837158203125e-07,1609702182.8068209,1609702182.9646902,0.1578693389892578,1609702182.8596432,1609702182.865937,0.006293773651123047
e654f252c5cc475bbb47f4f436b428c8,k-means,warm,exec,queue,0.03916025161743164,2.384185791015625e-07,0.0,1609702182.8082511,1609702183.1160526,0.3078014850616455,1609702182.8645773,1609702182.8703964,0.005819082260131836
1631b417b0a4417ba25c4064049ac560,k-means,warm,exec,queue,0.04476022720336914,2.384185791015625e-07,2.384185791015625e-07,1609702182.8096857,1609702183.113395,0.3037092685699463,1609702182.871723,1609702182.8782616,0.0065386295318603516
e6da4daddf8841aaa15adf9b46a2b2b0,k-means,warm,exec,queue,0.011071205139160156,2.384185791015625e-07,0.0,1609702183.7885082,1609702183.9768758,0.18836760520935059,1609702183.8305554,1609702183.8383205,0.007765054702758789
5a83a9924987452397f35e7f922dc06c,video,warm,exec,queue,0.015479803085327148,2.384185791015625e-07,2.384185791015625e-07,1609702183.7923121,1609702184.095553,0.3032407760620117,1609702183.8474925,1609702183.8643355,0.016843080520629883
0a0ac5f76bb8450c9b549bde348089a7,k-means,warm,exec,queue,1.003389835357666,4.76837158203125e-07,2.384185791015625e-07,1609702183.7943635,1609702185.0619285,1.2675650119781494,1609702184.8370018,1609702184.8443415,0.0073397159576416016
0fd793e1d3e54bfca614f4903e2fb52d,k-means,warm,exec,queue,0.0742335319519043,0.0,0.0,1609702183.796425,1609702184.1925607,0.3961355686187744,1609702183.9008152,1609702183.9079537,0.007138490676879883
4afee17f2ec648a0a253cfb34d375fc8,k-means,warm,exec,queue,0.014970541000366211,7.152557373046875e-07,0.0,1609702183.7986999,1609702183.9090405,0.11034059524536133,1609702183.8356955,1609702183.8427336,0.007038116455078125
0645d067ea68471395a6895fedbe61d7,k-means,warm,exec,queue,0.019506216049194336,2.384185791015625e-07,2.384185791015625e-07,1609702183.8007483,1609702184.0115206,0.21077227592468262,1609702183.8470936,1609702183.8552744,0.008180856704711914
6114d4ad28404ec6968a017e4e595e84,k-means,warm,exec,queue,0.025836944580078125,2.384185791015625e-07,2.384185791015625e-07,1609702183.8027737,1609702184.0349126,0.23213887214660645,1609702183.8486109,1609702183.8543425,0.0057315826416015625
9b84ccae4cfd490dad6b26601c03bc77,k-means,warm,exec,queue,0.03106856346130371,2.384185791015625e-07,0.0,1609702183.8047574,1609702184.098228,0.2934706211090088,1609702183.8526905,1609702183.8598711,0.007180690765380859
4d00556360e64c498505e13dd4184588,k-means,warm,exec,queue,0.060416460037231445,2.384185791015625e-07,2.384185791015625e-07,1609702183.8062062,1609702184.009584,0.20337772369384766,1609702183.8906884,1609702183.8981352,0.007446765899658203
563c0b782c234115b0d43dffdc31f3d1,k-means,warm,exec,queue,0.06584596633911133,7.152557373046875e-07,4.76837158203125e-07,1609702183.8077486,1609702184.1171713,0.30942273139953613,1609702183.8924227,1609702183.8997433,0.0073206424713134766
8223dc506b4f4b25bfc2fb58e1bf1f8f,k-means,warm,exec,queue,0.07090902328491211,0.0,2.384185791015625e-07,1609702183.8092136,1609702184.0962284,0.2870147228240967,1609702183.8953907,1609702183.9030807,0.007689952850341797
eaf0061473f348ac85c5cee6d8bdcc84,k-means,warm,exec,queue,0.013176679611206055,2.384185791015625e-07,2.384185791015625e-07,1609702184.7858498,1609702184.9189746,0.13312482833862305,1609702184.837021,1609702184.8433735,0.006352424621582031
a7f33e4761a64a0caf6f85ec35034e80,k-means,warm,exec,queue,0.05975627899169922,7.152557373046875e-07,2.384185791015625e-07,1609702184.7897255,1609702185.2897682,0.5000426769256592,1609702184.8919287,1609702184.8972263,0.005297660827636719
87bb24962d7e45d1baf0fab53e0213fd,k-means,warm,exec,queue,0.06520318984985352,2.384185791015625e-07,2.384185791015625e-07,1609702184.7922742,1609702185.06512,0.2728457450866699,1609702184.8985953,1609702184.904819,0.0062236785888671875
ca663430b13342778703e307b3cf93ac,k-means,warm,exec,queue,0.031260013580322266,2.384185791015625e-07,0.0,1609702184.7947774,1609702185.028457,0.23367953300476074,1609702184.857867,1609702184.8634872,0.005620241165161133
d52fbccbe2ff4994896c9349e14865e3,k-means,warm,exec,queue,0.03614449501037598,2.384185791015625e-07,2.384185791015625e-07,1609702184.797588,1609702184.9537432,0.15615510940551758,1609702184.86606,1609702184.8723717,0.006311655044555664
cd965853361346f8abe4cde11fc992a5,k-means,warm,exec,queue,0.04103565216064453,2.384185791015625e-07,0.0,1609702184.800093,1609702185.1829839,0.3828909397125244,1609702184.8687932,1609702184.8739057,0.005112409591674805
2a1a120b94b64a0186c8bded19f699f3,k-means,warm,exec,queue,0.046514034271240234,2.384185791015625e-07,2.384185791015625e-07,1609702184.8015404,1609702185.0314102,0.22986984252929688,1609702184.8753965,1609702184.881849,0.0064525604248046875
8833359797ce4444928db6bd484a401f,k-means,warm,exec,queue,0.05160999298095703,2.384185791015625e-07,2.384185791015625e-07,1609702184.8028936,1609702185.1123059,0.30941224098205566,1609702184.8804498,1609702184.8843837,0.003933906555175781
8609770ef4644d3b9d2c9cc6d6ab231c,k-means,warm,exec,queue,0.05695009231567383,4.76837158203125e-07,0.0,1609702184.8042934,1609702184.9876878,0.1833944320678711,1609702184.8890078,1609702184.895475,0.006467103958129883
e93ba81941b84c92841bafcee1d1e688,k-means,warm,exec,queue,0.02585124969482422,0.0,2.384185791015625e-07,1609702184.8058736,1609702184.955457,0.1495833396911621,1609702184.852271,1609702184.8586342,0.0063631534576416016
e99251f2d6e24ed6bf3ac2253fe8f318,k-means,warm,exec,queue,0.021340370178222656,2.384185791015625e-07,2.384185791015625e-07,1609702184.8071797,1609702185.064636,0.25745630264282227,1609702184.8516903,1609702184.8591285,0.007438182830810547
bf0dead7f7c54a3880a057d25861d8fc,k-means,warm,exec,queue,0.016524314880371094,4.76837158203125e-07,2.384185791015625e-07,1609702184.808575,1609702184.9209123,0.11233735084533691,1609702184.842514,1609702184.849883,0.007369041442871094
2cc62e924cde4a1998a67d6161f8bc74,k-means,warm,exec,queue,0.07022309303283691,2.384185791015625e-07,0.0,1609702184.8098652,1609702185.2932806,0.4834153652191162,1609702184.9036536,1609702184.907795,0.004141330718994141
03a19cb1968944e8977d554b52a77c8d,k-means,warm,exec,queue,0.07456064224243164,2.384185791015625e-07,2.384185791015625e-07,1609702184.8112357,1609702185.2938304,0.48259472846984863,1609702184.910936,1609702184.9173255,0.0063893795013427734
6b7e135c77394199badd7f88802baacd,k-means,warm,exec,queue,0.07906699180603027,4.76837158203125e-07,2.384185791015625e-07,1609702184.812668,1609702185.031974,0.21930599212646484,1609702184.914231,1609702184.918498,0.004266977310180664
6245e31787e74e6dac00f579e52652f0,k-means,cold,exec,create,-3.978031873703003,4.094605207443237,4.76837158203125e-07,1609702184.8140316,1609702185.2904212,0.47638964653015137,1609702184.954642,1609702184.9638708,0.009228706359863281
7632bccb75234158889467937af54055,k-means,warm,exec,queue,0.004354715347290039,2.384185791015625e-07,2.384185791015625e-07,1609702185.7888558,1609702185.90594,0.11708426475524902,1609702185.839167,1609702185.84664,0.007472991943359375
24b417e1d1ea4761a377469c0e78368d,k-means,warm,exec,queue,0.059804677963256836,2.384185791015625e-07,0.0,1609702185.793059,1609702186.0064094,0.2133502960205078,1609702185.8973086,1609702185.902695,0.0053863525390625
897a81b0c2a6419ba56d2a394c83cf75,k-means,warm,exec,queue,0.05476999282836914,2.384185791015625e-07,2.384185791015625e-07,1609702185.795573,1609702186.2021365,0.40656352043151855,1609702185.8919306,1609702185.8980498,0.006119251251220703
b0a660a9fff84ab8b3fd61fbb3f5d537,k-means,warm,exec,queue,0.049954891204833984,2.384185791015625e-07,0.0,1609702185.7980924,1609702186.1605954,0.3625030517578125,1609702185.885503,1609702185.8922608,0.0067577362060546875
15b1b20c87cb46419e2bb3c6370c037b,k-means,warm,exec,queue,0.04495573043823242,2.384185791015625e-07,2.384185791015625e-07,1609702185.8009017,1609702186.0093212,0.2084195613861084,1609702185.8800175,1609702185.88593,0.0059125423431396484
9f280536671c40af8b862dc1955b331e,k-means,warm,exec,queue,0.04030346870422363,2.384185791015625e-07,4.76837158203125e-07,1609702185.803386,1609702186.1330338,0.3296477794647217,1609702185.8762999,1609702185.8833609,0.007061004638671875
fd99a65f5ef846379090325add5dcf00,k-means,warm,exec,queue,0.03575563430786133,2.384185791015625e-07,0.0,1609702185.805108,1609702186.1312172,0.3261091709136963,1609702185.870908,1609702185.8781748,0.0072667598724365234
7ae69ec305da4838b5b91b1d222862b3,k-means,warm,exec,queue,0.01052713394165039,2.384185791015625e-07,2.384185791015625e-07,1609702185.8063807,1609702185.9047027,0.09832191467285156,1609702185.8393126,1609702185.847078,0.007765531539916992
83a3f36fa9a64e989f6659a90dfaeede,k-means,warm,exec,queue,0.014954566955566406,4.76837158203125e-07,2.384185791015625e-07,1609702185.8075655,1609702185.9475837,0.14001822471618652,1609702185.8440685,1609702185.8518693,0.0078008174896240234
9b2cfa9c086440209f83498d22ce5dc9,k-means,warm,exec,queue,0.020205020904541016,2.384185791015625e-07,0.0,1609702185.8089337,1609702186.0098782,0.2009444236755371,1609702185.8495727,1609702185.8560019,0.006429195404052734
948341cb540a4ff6b03d7b42eed360db,k-means,warm,exec,queue,0.0268704891204834,2.384185791015625e-07,4.76837158203125e-07,1609702185.8101118,1609702185.9494307,0.13931894302368164,1609702185.859683,1609702185.8656366,0.005953550338745117
7207d9f332d34d9e96de4ef46289a43c,k-means,warm,exec,queue,0.0336151123046875,2.384185791015625e-07,0.0,1609702185.811323,1609702186.2594233,0.44810032844543457,1609702185.8645825,1609702185.8705611,0.005978584289550781
1e0d316958e04a61923b5179361a48cf,video,warm,exec,queue,0.015588521957397461,2.384185791015625e-07,2.384185791015625e-07,1609702185.8126056,1609702186.1346955,0.32208991050720215,1609702185.8568907,1609702185.873342,0.016451358795166016
096bb2694b7f4d3e990e3a97958942be,matmul,warm,exec,queue,0.017791271209716797,4.76837158203125e-07,0.0,1609702185.813869,1609702186.100007,0.28613805770874023,1609702185.8598282,1609702185.8673003,0.007472038269042969
7dc1ae4d6624487bae8903ed2fc34f20,map_reduce,warm,exec,queue,0.021834135055541992,2.384185791015625e-07,0.0,1609702185.8150485,1609702186.161188,0.34613943099975586,1609702185.8630347,1609702185.9477627,0.08472800254821777
ed8cfda66c554a80823dd9c14329ebfb,disk,warm,exec,queue,0.02455878257751465,2.384185791015625e-07,0.0,1609702185.816264,1609702186.200401,0.3841371536254883,1609702185.8648098,1609702185.870572,0.005762338638305664
34e6528db296413e9e5b56804bed34eb,k-means,warm,exec,queue,0.004975557327270508,4.76837158203125e-07,2.384185791015625e-07,1609702186.7833714,1609702187.081865,0.2984936237335205,1609702186.825816,1609702186.8337488,0.007932901382446289
b438aa71405f42c5b6eb3863eeab0c77,k-means,warm,exec,queue,0.05216050148010254,4.76837158203125e-07,2.384185791015625e-07,1609702186.7875495,1609702187.1191661,0.3316166400909424,1609702186.876044,1609702186.8804274,0.0043833255767822266
40f385d2e9ca49ff94a49292e0c58e1b,k-means,warm,exec,queue,0.047377824783325195,7.152557373046875e-07,0.0,1609702186.7901103,1609702187.1175644,0.3274540901184082,1609702186.8721154,1609702186.8791401,0.0070247650146484375
a0e7cd5f2d034bbd9e5716a217a0d2f9,k-means,warm,exec,queue,0.042110443115234375,2.384185791015625e-07,0.0,1609702186.792636,1609702187.1541734,0.36153745651245117,1609702186.8644688,1609702186.8687968,0.004328012466430664
9737eb05b02a4432a95fa81569043b52,k-means,warm,exec,queue,0.03670454025268555,2.384185791015625e-07,2.384185791015625e-07,1609702186.795438,1609702187.115882,0.32044386863708496,1609702186.8593922,1609702186.8662167,0.006824493408203125
2f0157ec8fd64eda88a1ea3ff8f186f2,k-means,warm,exec,queue,0.009105920791625977,2.384185791015625e-07,2.384185791015625e-07,1609702186.7973003,1609702187.0612273,0.26392698287963867,1609702186.8261735,1609702186.8345647,0.008391141891479492
c5235e2831384f8d90852661240ef35f,k-means,warm,exec,queue,0.013998270034790039,2.384185791015625e-07,2.384185791015625e-07,1609702186.7987838,1609702187.0578284,0.2590446472167969,1609702186.830604,1609702186.8386984,0.008094310760498047
b7813a4d299c4916a5225f28ea31eb83,k-means,warm,exec,queue,0.019304990768432617,2.384185791015625e-07,2.384185791015625e-07,1609702186.8002486,1609702187.060642,0.2603933811187744,1609702186.8373082,1609702186.8453622,0.008054018020629883
4b2054ef8ef14ec8b0bd5448c8b0d126,k-means,warm,exec,queue,0.024446964263916016,2.384185791015625e-07,2.384185791015625e-07,1609702186.8017135,1609702187.062846,0.26113247871398926,1609702186.8419275,1609702186.8481429,0.006215333938598633
d481ecdfe65f474ea90cca7be1557914,k-means,warm,exec,queue,0.029381513595581055,2.384185791015625e-07,2.384185791015625e-07,1609702186.8032722,1609702187.1751394,0.37186717987060547,1609702186.8472672,1609702186.8538089,0.006541728973388672
3088a3d092ff4e25b6d943f046686200,k-means,warm,exec,queue,0.0340118408203125,2.384185791015625e-07,0.0,1609702186.80474,1609702187.176711,0.37197113037109375,1609702186.853851,1609702186.858672,0.004820823669433594
9adee2a1acc54b0d9f39161a6bb2b6a4,k-means,warm,exec,queue,0.0038788318634033203,2.384185791015625e-07,2.384185791015625e-07,1609702187.7847896,1609702187.9147913,0.13000178337097168,1609702187.8216953,1609702187.8303645,0.008669137954711914
7da11a2a5fc74a8ab1ee384fa10027e9,video,warm,exec,queue,0.01604485511779785,2.384185791015625e-07,2.384185791015625e-07,1609702187.7885003,1609702187.9490352,0.16053485870361328,1609702187.8412979,1609702187.8586807,0.01738286018371582
ea4dc7b011004e3eb0034fd0172fd74d,k-means,warm,exec,queue,0.04304790496826172,2.384185791015625e-07,4.76837158203125e-07,1609702187.7900536,1609702188.06053,0.2704763412475586,1609702187.8639176,1609702187.8710423,0.007124662399291992
d453a60f506b43d2b127000e1ecd9916,k-means,warm,exec,queue,0.0377192497253418,2.384185791015625e-07,2.384185791015625e-07,1609702187.7915926,1609702187.9462254,0.1546328067779541,1609702187.8570647,1609702187.8634233,0.006358623504638672
6d98e6d0810e45958d53452c8e4e8a8b,k-means,warm,exec,queue,0.03237199783325195,2.384185791015625e-07,0.0,1609702187.7933192,1609702188.124327,0.331007719039917,1609702187.8505185,1609702187.858566,0.00804758071899414
d80e831ac47f4bc2b85d60cf17c34e5a,k-means,warm,exec,queue,0.02707386016845703,2.384185791015625e-07,2.384185791015625e-07,1609702187.7948325,1609702188.0050004,0.21016788482666016,1609702187.8434474,1609702187.8501084,0.006660938262939453
f4c1b776916f4bc9828970c45c713c7c,k-means,warm,exec,queue,0.008878946304321289,2.384185791015625e-07,2.384185791015625e-07,1609702187.7963738,1609702187.9166567,0.12028288841247559,1609702187.821286,1609702187.8284338,0.007147789001464844
5954c97628e54483a442f9eadefb5d65,k-means,warm,exec,queue,0.013690948486328125,4.76837158203125e-07,4.76837158203125e-07,1609702187.7978842,1609702187.949631,0.1517467498779297,1609702187.8283749,1609702187.8369765,0.008601665496826172
fb807ad556594bc683d5e777dbc0665e,k-means,warm,exec,queue,0.018687963485717773,4.76837158203125e-07,7.152557373046875e-07,1609702187.799408,1609702188.0611358,0.26172780990600586,1609702187.840428,1609702187.8482807,0.007852554321289062
4008e690ce4840b88011ae24e3726505,k-means,warm,exec,queue,0.025173425674438477,4.76837158203125e-07,2.384185791015625e-07,1609702187.8010862,1609702188.0067759,0.2056896686553955,1609702187.8404834,1609702187.847905,0.0074214935302734375
ef9fe968008c4c5bad44df3e3eca1e0f,k-means,warm,exec,queue,0.0024428367614746094,7.152557373046875e-07,2.384185791015625e-07,1609702188.7924924,1609702188.9093127,0.1168203353881836,1609702188.8406482,1609702188.848581,0.007932901382446289
fe730fc18eee44db855cb19cd57319b6,k-means,warm,exec,queue,0.03662848472595215,2.384185791015625e-07,2.384185791015625e-07,1609702188.7967014,1609702189.0574462,0.2607448101043701,1609702188.8736959,1609702188.878536,0.00484013557434082
e72917ce41e84447a297c368dcf57d6b,k-means,warm,exec,queue,0.04216170310974121,4.76837158203125e-07,0.0,1609702188.7981622,1609702189.0169706,0.21880841255187988,1609702188.8793225,1609702188.8850083,0.0056858062744140625
c8f051a2cd6c482fac0fd0d29851997b,k-means,warm,exec,queue,0.04695439338684082,4.76837158203125e-07,2.384185791015625e-07,1609702188.799612,1609702189.0223527,0.22274065017700195,1609702188.8846939,1609702188.891302,0.006608247756958008
21a9634ba305469893476c06c3c0160a,k-means,warm,exec,queue,0.051935672760009766,2.384185791015625e-07,0.0,1609702188.80128,1609702189.1652057,0.3639256954193115,1609702188.8901496,1609702188.8954618,0.005312204360961914
484daa72efc0486eb740c6df5183a357,k-means,warm,exec,queue,0.056670188903808594,4.76837158203125e-07,2.384185791015625e-07,1609702188.802738,1609702188.9747422,0.17200422286987305,1609702188.8938935,1609702188.899047,0.0051534175872802734
2c38835e43214c02b8df9e00d757c1e0,k-means,warm,exec,queue,0.03198838233947754,4.76837158203125e-07,2.384185791015625e-07,1609702188.8041925,1609702188.9318871,0.12769460678100586,1609702188.8679686,1609702188.8739765,0.0060079097747802734
bcede48dea8a48a68b2ab756735512b7,k-means,warm,exec,queue,0.027296781539916992,4.76837158203125e-07,2.384185791015625e-07,1609702188.805643,1609702188.9766917,0.17104864120483398,1609702188.8617613,1609702188.8674407,0.00567936897277832
d610aaef436a4d82b179d8be40cb2d6f,k-means,warm,exec,queue,0.022466182708740234,2.384185791015625e-07,0.0,1609702188.8070972,1609702189.019857,0.21275973320007324,1609702188.8571749,1609702188.8635714,0.00639653205871582
e144e8fd12804597b2904a94784dbb03,k-means,warm,exec,queue,0.017906904220581055,2.384185791015625e-07,2.384185791015625e-07,1609702188.8086753,1609702188.9335592,0.12488389015197754,1609702188.8519535,1609702188.8603795,0.00842595100402832
e887595e9c05429788aac7a64f2922f8,k-means,warm,exec,queue,0.010279655456542969,2.384185791015625e-07,2.384185791015625e-07,1609702188.8101192,1609702188.906866,0.09674692153930664,1609702188.8413527,1609702188.849108,0.007755279541015625
27128208b5754ac898538e51b096ff7a,k-means,warm,exec,queue,0.014894723892211914,2.384185791015625e-07,2.384185791015625e-07,1609702188.8115666,1609702188.9098256,0.09825897216796875,1609702188.8461428,1609702188.8545227,0.008379936218261719
6bd6b863aac84cd58f675394728d36c2,k-means,warm,exec,queue,0.06156349182128906,4.76837158203125e-07,2.384185791015625e-07,1609702188.8130488,1609702189.2418427,0.42879390716552734,1609702188.9001608,1609702188.9059403,0.0057795047760009766
55332fdaca13451c9ee49e718e827ca8,k-means,warm,exec,queue,0.06645488739013672,2.384185791015625e-07,2.384185791015625e-07,1609702188.814595,1609702189.020506,0.20591092109680176,1609702188.9048457,1609702188.9101002,0.005254507064819336
287b1e0a31e940cca510728a39ae4b30,k-means,warm,exec,queue,0.07098174095153809,2.384185791015625e-07,2.384185791015625e-07,1609702188.816035,1609702189.0227733,0.20673823356628418,1609702188.9118392,1609702188.9178808,0.006041526794433594
654ef2031a7d4b0bacd14e958a085c21,k-means,warm,exec,queue,0.07574653625488281,4.76837158203125e-07,2.384185791015625e-07,1609702188.8175004,1609702189.165595,0.3480947017669678,1609702188.9155977,1609702188.9214065,0.005808830261230469
4593cee4320140d99bf45506c9a644d9,k-means,warm,exec,queue,0.0064089298248291016,4.76837158203125e-07,2.384185791015625e-07,1609702189.7838187,1609702189.8956056,0.1117868423461914,1609702189.815534,1609702189.8242924,0.008758306503295898
d4ef712cead4443c960a4bc559b60c12,video,warm,exec,queue,0.01856517791748047,2.384185791015625e-07,2.384185791015625e-07,1609702189.7874968,1609702189.9682503,0.18075346946716309,1609702189.836658,1609702189.8542886,0.017630577087402344
0f4fe86f1150486898eb0476460ec212,k-means,warm,exec,queue,0.03887438774108887,4.76837158203125e-07,2.384185791015625e-07,1609702189.7891357,1609702189.9716675,0.18253183364868164,1609702189.8518147,1609702189.8568969,0.005082130432128906
f9dbe397c5044d1a9393ce90f554f137,k-means,warm,exec,queue,0.033535003662109375,2.384185791015625e-07,0.0,1609702189.7906759,1609702189.9265685,0.13589262962341309,1609702189.845672,1609702189.8515205,0.00584864616394043
8414452112e84847a483669b87c6765e,k-means,warm,exec,queue,0.02909111976623535,2.384185791015625e-07,2.384185791015625e-07,1609702189.7922509,1609702189.9283495,0.13609862327575684,1609702189.8417366,1609702189.848914,0.0071773529052734375
3557ff5ed36c494bb0f048cad8f5296f,k-means,warm,exec,queue,0.023789405822753906,4.76837158203125e-07,0.0,1609702189.794012,1609702190.062977,0.2689650058746338,1609702189.8364003,1609702189.8433,0.006899833679199219
4552bb50f5b749579948ce9c8798432e,k-means,warm,exec,queue,0.010119915008544922,2.384185791015625e-07,0.0,1609702189.7955654,1609702189.8937223,0.09815692901611328,1609702189.8200638,1609702189.8286474,0.008583545684814453
94ac5841a87b4bf3b85f846b7fc0b186,k-means,warm,exec,queue,0.014503717422485352,7.152557373046875e-07,2.384185791015625e-07,1609702189.797147,1609702190.0610843,0.26393723487854004,1609702189.8260207,1609702189.8360605,0.010039806365966797
99a1bd6eb5224ec8bc761475350977c9,k-means,warm,exec,queue,0.019324779510498047,2.384185791015625e-07,2.384185791015625e-07,1609702189.798709,1609702189.9699843,0.17127537727355957,1609702189.8345494,1609702189.8430946,0.008545160293579102
b521bb2a44e44651ba213b58f3609365,k-means,warm,exec,queue,0.0019199848175048828,4.76837158203125e-07,2.384185791015625e-07,1609702190.7977917,1609702190.9542432,0.15645146369934082,1609702190.8546796,1609702190.8632596,0.00857996940612793
e9832150daf54a4b977cacb62b780a9f,k-means,warm,exec,queue,0.012021303176879883,0.0,2.384185791015625e-07,1609702190.802647,1609702190.9571545,0.15450739860534668,1609702190.8555217,1609702190.863471,0.007949352264404297
61ebea88469242d9b3bbc97e92febe90,k-means,warm,exec,queue,0.017077207565307617,2.384185791015625e-07,2.384185791015625e-07,1609702190.8042436,1609702191.0406759,0.23643231391906738,1609702190.8604786,1609702190.8682473,0.0077686309814453125
bbc72e151417407e9f1884dfe00ce8cd,k-means,warm,exec,queue,0.022439002990722656,2.384185791015625e-07,0.0,1609702190.8057852,1609702190.9871984,0.1814131736755371,1609702190.8672729,1609702190.876149,0.00887608528137207
4a1b0f02c60b4aed85e21187019e1f8b,k-means,warm,exec,queue,0.047927141189575195,7.152557373046875e-07,4.76837158203125e-07,1609702190.807516,1609702191.0373478,0.22983169555664062,1609702190.9004748,1609702190.90651,0.006035327911376953
608fa350b0b14eb680bfc3bcd39be570,k-means,warm,exec,queue,0.02777886390686035,2.384185791015625e-07,0.0,1609702190.8090756,1609702191.1600478,0.35097217559814453,1609702190.875965,1609702190.8827221,0.006757020950317383
a4cd0efce7f54feebe96df965657be08,k-means,warm,exec,queue,0.0322566032409668,2.384185791015625e-07,2.384185791015625e-07,1609702190.8106174,1609702191.1569073,0.34628987312316895,1609702190.8767738,1609702190.8833318,0.006557941436767578
45d638a4bc94440c9b5024abe28f4441,k-means,warm,exec,queue,0.0368647575378418,2.384185791015625e-07,0.0,1609702190.8121433,1609702191.0870414,0.27489805221557617,1609702190.882939,1609702190.8899944,0.0070552825927734375
d5ac50a43311477eada7d0c77107f6f9,k-means,warm,exec,queue,0.042244911193847656,2.384185791015625e-07,2.384185791015625e-07,1609702190.8137121,1609702191.0831437,0.26943159103393555,1609702190.8940537,1609702190.9025242,0.008470535278320312
d70b88feea694f05bb7f2879f661fe86,k-means,warm,exec,queue,0.046689748764038086,2.384185791015625e-07,2.384185791015625e-07,1609702190.8153465,1609702191.039018,0.22367143630981445,1609702190.8997598,1609702190.9062686,0.006508827209472656
19e3c2f37ccf46e1a6b8a1d268ba83bf,k-means,warm,exec,queue,0.05277061462402344,9.5367431640625e-07,7.152557373046875e-07,1609702190.8168883,1609702191.0837202,0.2668318748474121,1609702190.9056184,1609702190.9124334,0.0068149566650390625
535a6792831a4ad6a03700392bb7583a,k-means,warm,exec,queue,0.008095264434814453,4.76837158203125e-07,2.384185791015625e-07,1609702190.8184154,1609702190.9577506,0.13933515548706055,1609702190.8554418,1609702190.8641155,0.008673667907714844
d8f97ad570354019970538adc8fa2ea3,k-means,warm,exec,queue,0.057260990142822266,2.384185791015625e-07,2.384185791015625e-07,1609702190.8199375,1609702191.1791852,0.35924768447875977,1609702190.9089475,1609702190.9152005,0.00625300407409668
a7e8b5ade7384bd2b96fd62df2224d00,k-means,warm,exec,queue,0.06280159950256348,7.152557373046875e-07,2.384185791015625e-07,1609702190.821581,1609702191.1305337,0.30895280838012695,1609702190.917999,1609702190.924708,0.006708860397338867
21a135c02c0d4bb5ab4371316ca00183,k-means,warm,exec,queue,0.06747245788574219,4.76837158203125e-07,7.152557373046875e-07,1609702190.8231223,1609702191.0867035,0.2635812759399414,1609702190.9215643,1609702190.9262843,0.004719972610473633
f8b61a6da96042618ee9df42dc7e4483,k-means,warm,exec,queue,0.07263016700744629,2.384185791015625e-07,2.384185791015625e-07,1609702190.824647,1609702191.0873644,0.26271748542785645,1609702190.9253764,1609702190.9320269,0.006650447845458984
b21ca11a92644314b55979e70e6f2307,matmul,warm,exec,queue,0.01605510711669922,0.0,2.384185791015625e-07,1609702190.826259,1609702190.988945,0.16268610954284668,1609702190.8760252,1609702190.883978,0.007952690124511719
a92a3840c9194fab9d98faa136290b80,k-means,warm,exec,queue,0.002488851547241211,2.384185791015625e-07,0.0,1609702191.7914321,1609702191.9265773,0.1351451873779297,1609702191.838927,1609702191.846222,0.007294893264770508
b68d9ba6fe9349d7a5266f8990ffadb5,k-means,warm,exec,queue,0.036426544189453125,2.384185791015625e-07,0.0,1609702191.79583,1609702192.5935822,0.7977521419525146,1609702191.8726804,1609702191.8779685,0.005288124084472656
6fe142d10481413abf59c641ade8f9ca,k-means,warm,exec,queue,0.041823387145996094,4.76837158203125e-07,2.384185791015625e-07,1609702191.7984717,1609702192.5893373,0.7908656597137451,1609702191.8777826,1609702191.8847358,0.006953239440917969
0a9f5dec31ba4cf8bc1659b83736c25a,k-means,warm,exec,queue,0.047483205795288086,2.384185791015625e-07,0.0,1609702191.8011007,1609702192.5846338,0.7835330963134766,1609702191.8845944,1609702191.8904786,0.0058841705322265625
830b971a1c3846fcb6c3331e01e5462a,k-means,warm,exec,queue,0.05287909507751465,2.384185791015625e-07,2.384185791015625e-07,1609702191.8039987,1609702192.726497,0.9224982261657715,1609702191.8906968,1609702191.8970528,0.006356000900268555
1b25116fbf5343f4b68272864be1862c,k-means,warm,exec,queue,0.05826306343078613,2.384185791015625e-07,2.384185791015625e-07,1609702191.8057873,1609702192.589899,0.784111738204956,1609702191.8966506,1609702191.902498,0.005847454071044922
8d4cecf580ed43fabe15c960aa2da5de,k-means,warm,exec,queue,0.031655073165893555,2.384185791015625e-07,0.0,1609702191.8073578,1609702192.401443,0.5940852165222168,1609702191.8708577,1609702191.877646,0.0067882537841796875
1f969a12b4c5435991d62c6cb94da9d5,k-means,warm,exec,queue,0.02718520164489746,2.384185791015625e-07,2.384185791015625e-07,1609702191.80895,1609702192.5941818,0.7852318286895752,1609702191.861998,1609702191.8676367,0.005638599395751953
078449b933584d51aca437c48084bea7,k-means,warm,exec,queue,0.021402835845947266,2.384185791015625e-07,2.384185791015625e-07,1609702191.8105223,1609702192.4035702,0.5930478572845459,1609702191.8560152,1609702191.8632967,0.00728154182434082
1ab26b36db61460794f43b92cd57c2aa,k-means,warm,exec,queue,0.016335725784301758,2.384185791015625e-07,2.384185791015625e-07,1609702191.8124287,1609702192.5947542,0.7823255062103271,1609702191.8561387,1609702191.864407,0.008268356323242188
fcce24f8798544e082ca82c84883db7f,k-means,warm,exec,queue,0.009158611297607422,2.384185791015625e-07,2.384185791015625e-07,1609702191.8139958,1609702191.926027,0.11203122138977051,1609702191.839388,1609702191.8472478,0.007859945297241211
7d280ec5023646ca92b5f02f6a12febf,k-means,warm,exec,queue,0.014179468154907227,2.384185791015625e-07,2.384185791015625e-07,1609702191.8155818,1609702191.9233785,0.10779666900634766,1609702191.846024,1609702191.8545287,0.008504629135131836
27d6b52967d64a86881f490b414c2dbd,video,warm,exec,queue,0.015295743942260742,7.152557373046875e-07,2.384185791015625e-07,1609702191.8171747,1609702192.588738,0.7715632915496826,1609702191.8575554,1609702191.8750393,0.017483949661254883
f56967164e174abaabead1cadf3dbc08,k-means,warm,exec,queue,0.008166790008544922,2.384185791015625e-07,0.0,1609702192.7915678,1609702192.928829,0.13726115226745605,1609702192.8385646,1609702192.8464549,0.00789022445678711
5b0c13f0a2d94e4d897a1ed77292180e,k-means,warm,exec,queue,0.0570528507232666,4.76837158203125e-07,2.384185791015625e-07,1609702192.7954354,1609702193.1138668,0.31843137741088867,1609702192.8938227,1609702192.9002354,0.0064127445220947266
721e5eecc3424c60ac8a86dfc2211ac6,k-means,warm,exec,queue,0.0513613224029541,4.76837158203125e-07,2.384185791015625e-07,1609702192.7976615,1609702193.0863671,0.28870558738708496,1609702192.8871832,1609702192.892599,0.005415916442871094
f8a36269667a435095c8669d86f901d9,k-means,warm,exec,queue,0.045818328857421875,2.384185791015625e-07,0.0,1609702192.7998564,1609702193.084797,0.2849404811859131,1609702192.8830354,1609702192.890254,0.007218599319458008
f13d7e7cd02a4da0a699a0a19147066d,k-means,warm,exec,queue,0.04058551788330078,2.384185791015625e-07,2.384185791015625e-07,1609702192.8024254,1609702193.2891653,0.4867398738861084,1609702192.8750591,1609702192.8805208,0.005461692810058594
b16ef08d3f894783a9d2c19f13407e92,k-means,warm,exec,queue,0.036193132400512695,2.384185791015625e-07,2.384185791015625e-07,1609702192.8046124,1609702192.970628,0.166015625,1609702192.8705943,1609702192.8769348,0.006340503692626953
8b4508171a5c451eaf9883ef70b67723,k-means,warm,exec,queue,0.031020164489746094,0.0,2.384185791015625e-07,1609702192.8067727,1609702193.0294056,0.22263288497924805,1609702192.864236,1609702192.869807,0.005570888519287109
50d55cc837544a0985c4ff182717666c,k-means,warm,exec,queue,0.025862693786621094,2.384185791015625e-07,0.0,1609702192.8088892,1609702192.995952,0.18706274032592773,1609702192.8606799,1609702192.8678799,0.007200002670288086
22c798259e9f4900a3228c2e0992cc6e,k-means,warm,exec,queue,0.020843029022216797,2.384185791015625e-07,2.384185791015625e-07,1609702192.8103397,1609702192.9977305,0.18739080429077148,1609702192.8530893,1609702192.8588848,0.005795478820800781
83ba90ec011f466c92e4cfc8a5d78354,k-means,warm,exec,queue,0.012017250061035156,4.76837158203125e-07,0.0,1609702192.8119075,1609702192.9723074,0.1603999137878418,1609702192.8466363,1609702192.854098,0.0074617862701416016
faf84553a1c24b53b269ab25cff8ec52,k-means,warm,exec,queue,0.01631641387939453,2.384185791015625e-07,0.0,1609702192.8133767,1609702193.0842123,0.27083563804626465,1609702192.8504994,1609702192.8573842,0.00688481330871582
73921f16c02e4fca8830076aa2dc9476,k-means,warm,exec,queue,0.0625157356262207,2.384185791015625e-07,2.384185791015625e-07,1609702192.8148239,1609702193.0812092,0.2663853168487549,1609702192.9001977,1609702192.90594,0.005742311477661133
134706f81fc542c291b012c001f65d0e,k-means,warm,exec,queue,0.06723642349243164,7.152557373046875e-07,2.384185791015625e-07,1609702192.8162847,1609702193.348376,0.5320913791656494,1609702192.9078965,1609702192.915266,0.007369518280029297
071ce849ce8b4dd7b858f0950310a6f1,k-means,warm,exec,queue,0.008092164993286133,2.384185791015625e-07,2.384185791015625e-07,1609702193.7907932,1609702194.1663902,0.3755970001220703,1609702193.8321223,1609702193.8407474,0.008625030517578125
b1756cbdbab04a5f9ef0145c2c62703c,video,warm,exec,queue,0.02606797218322754,4.76837158203125e-07,2.384185791015625e-07,1609702193.7947788,1609702194.4377453,0.6429665088653564,1609702193.853204,1609702193.869393,0.016189098358154297
8c7ac0e303894d76a6fe65d444319f42,k-means,warm,exec,queue,0.02680683135986328,2.384185791015625e-07,2.384185791015625e-07,1609702193.7972825,1609702194.3557346,0.5584521293640137,1609702193.8554237,1609702193.8632772,0.007853507995605469
d9b809c31a054de294dfa8c99ab8dd70,k-means,warm,exec,queue,0.0209505558013916,2.384185791015625e-07,0.0,1609702193.7996874,1609702194.260396,0.4607086181640625,1609702193.8527951,1609702193.8610685,0.00827336311340332
a48e28602a934f488309ef42e2f883bd,k-means,warm,exec,queue,0.015991687774658203,4.76837158203125e-07,2.384185791015625e-07,1609702193.8021019,1609702194.215834,0.41373205184936523,1609702193.8410754,1609702193.8483598,0.007284402847290039
da636117d5c74b938e246bdd7aefc1ed,k-means,warm,exec,queue,0.01120615005493164,4.76837158203125e-07,2.384185791015625e-07,1609702193.804751,1609702194.1693819,0.36463093757629395,1609702193.8369262,1609702193.8456,0.008673667907714844
3db7427ca3844068974069c464ccd281,k-means,warm,exec,queue,0.03700828552246094,2.384185791015625e-07,2.384185791015625e-07,1609702193.8063073,1609702194.2631047,0.45679736137390137,1609702193.8655262,1609702193.8738902,0.008363962173461914
4510c89054b54918a708d600638cc277,k-means,warm,exec,queue,0.04174518585205078,2.384185791015625e-07,0.0,1609702193.8078694,1609702194.170011,0.36214160919189453,1609702193.8717337,1609702193.8768127,0.005079030990600586
acb5133c09234581adbd07ceb28d5e43,k-means,warm,exec,queue,0.04651999473571777,2.384185791015625e-07,0.0,1609702193.809445,1609702194.2610562,0.4516112804412842,1609702193.8757982,1609702193.8808134,0.005015134811401367
043e067f8c1a4f7e936e6f87d0321c75,k-means,warm,exec,queue,0.05153322219848633,2.384185791015625e-07,4.76837158203125e-07,1609702193.8111176,1609702194.438358,0.6272404193878174,1609702193.8825777,1609702193.8885477,0.005970001220703125
6a665704f5a54b88a8e62802cd7bec0a,k-means,warm,exec,queue,0.03196525573730469,2.384185791015625e-07,0.0,1609702193.8126843,1609702194.2824683,0.4697840213775635,1609702193.858816,1609702193.865664,0.00684809684753418
4c0ecee768af41df82c24856b4d6a95d,k-means,warm,exec,queue,0.0020079612731933594,2.384185791015625e-07,2.384185791015625e-07,1609702194.8002949,1609702194.9366207,0.13632583618164062,1609702194.8580127,1609702194.8664048,0.008392095565795898
701a70a1838d473eb1495b431e8661c1,k-means,warm,exec,queue,0.03360104560852051,4.76837158203125e-07,2.384185791015625e-07,1609702194.8047125,1609702195.2072186,0.40250611305236816,1609702194.8879986,1609702194.895849,0.007850408554077148
6497263e0c46432d88a524a1ac82a96c,k-means,warm,exec,queue,0.038440704345703125,7.152557373046875e-07,2.384185791015625e-07,1609702194.8072855,1609702195.095537,0.2882513999938965,1609702194.8931367,1609702194.9004292,0.007292509078979492
6cb32e1ff2ee4f719cb091fe77e8da9c,k-means,warm,exec,queue,0.04276895523071289,2.384185791015625e-07,0.0,1609702194.8098536,1609702195.2094407,0.39958715438842773,1609702194.8957984,1609702194.9006221,0.0048236846923828125
9db52697c772466d96fa58aacdfd0fcc,k-means,warm,exec,queue,0.04810595512390137,2.384185791015625e-07,0.0,1609702194.812727,1609702195.2818227,0.46909570693969727,1609702194.9017518,1609702194.9074752,0.005723476409912109
2d20f48454f64915b1c7a489c81bdd87,k-means,warm,exec,queue,0.01593327522277832,2.384185791015625e-07,2.384185791015625e-07,1609702194.8142583,1609702195.282486,0.4682276248931885,1609702194.8638265,1609702194.871952,0.008125543594360352
5f72a46b0eb94aed9605afcea4cedb70,k-means,warm,exec,queue,0.021398305892944336,2.384185791015625e-07,0.0,1609702194.815785,1609702194.980079,0.16429400444030762,1609702194.8739967,1609702194.8804965,0.006499767303466797
a943dd15637246938a0a7f9b5feea6d5,k-means,warm,exec,queue,0.02655339241027832,4.76837158203125e-07,0.0,1609702194.8173287,1609702194.9807436,0.16341495513916016,1609702194.8750465,1609702194.8807023,0.005655765533447266
e361f6349ab848f285238591a2c80be4,k-means,warm,exec,queue,0.03136563301086426,4.76837158203125e-07,7.152557373046875e-07,1609702194.8188672,1609702195.0568056,0.23793840408325195,1609702194.8812869,1609702194.8858538,0.00456690788269043
35b513efe5384f669cd177140d62a420,k-means,warm,exec,queue,0.010905742645263672,2.384185791015625e-07,2.384185791015625e-07,1609702194.8205383,1609702195.0200253,0.19948697090148926,1609702194.8582761,1609702194.865622,0.007345914840698242
fe21989c9e264a50b16e91430ee82eff,k-means,warm,exec,queue,0.05315971374511719,2.384185791015625e-07,0.0,1609702194.8220682,1609702195.3042753,0.4822070598602295,1609702194.907407,1609702194.9118347,0.004427671432495117
9af9a27d6e7746459dd1846c3a588cb2,k-means,warm,exec,queue,0.0054056644439697266,2.384185791015625e-07,2.384185791015625e-07,1609702194.8236244,1609702194.977556,0.1539316177368164,1609702194.8585742,1609702194.8664281,0.007853984832763672
06d8639d96434f2c8726fcaa686d5a5d,k-means,warm,exec,queue,0.05840730667114258,2.384185791015625e-07,0.0,1609702194.8251615,1609702195.0218358,0.19667434692382812,1609702194.9130335,1609702194.9186904,0.0056569576263427734
1695de4c9e01484fa0e8fa61ee51e328,k-means,warm,exec,queue,0.06315016746520996,2.384185791015625e-07,0.0,1609702194.826792,1609702195.0538495,0.22705745697021484,1609702194.9183974,1609702194.9227166,0.004319190979003906
c5071a2e88f9470baeef7adbfa303264,k-means,warm,exec,queue,0.06847715377807617,2.384185791015625e-07,2.384185791015625e-07,1609702194.828303,1609702195.3728743,0.5445711612701416,1609702194.9242146,1609702194.9297802,0.005565643310546875
ca9f1c694c7c4ef7814234c40c503d5b,k-means,warm,exec,queue,0.0741262435913086,2.384185791015625e-07,2.384185791015625e-07,1609702194.8298144,1609702195.0573454,0.22753095626831055,1609702194.9302664,1609702194.934423,0.004156589508056641
c4dc3b9fedb44b97ad5484e70bb1facf,k-means,warm,exec,queue,0.07883572578430176,2.384185791015625e-07,2.384185791015625e-07,1609702194.831418,1609702195.2844214,0.4530034065246582,1609702194.9364917,1609702194.942183,0.0056912899017333984
cd890232f1ea48ad889fab04211877c0,k-means,warm,exec,queue,0.008208274841308594,2.384185791015625e-07,0.0,1609702195.7950912,1609702195.925142,0.1300508975982666,1609702195.8395436,1609702195.8479195,0.008375883102416992
4f3e022da5f44d35af6007e185abc681,k-means,warm,exec,queue,0.037481069564819336,2.384185791015625e-07,2.384185791015625e-07,1609702195.7991645,1609702196.0097609,0.21059632301330566,1609702195.8732798,1609702195.8799927,0.006712913513183594
de0c1b70f10b4ae3b025053e80d72026,video,warm,exec,queue,0.01819753646850586,4.76837158203125e-07,0.0,1609702195.8016076,1609702196.1295736,0.32796597480773926,1609702195.8577356,1609702195.8748684,0.01713275909423828
24766f0566fe4ba4bd7714434cd7227e,k-means,warm,exec,queue,0.042572975158691406,2.384185791015625e-07,2.384185791015625e-07,1609702195.8040195,1609702196.1256714,0.3216519355773926,1609702195.8859668,1609702195.893515,0.007548332214355469
4be1f92465604ff185e430fb943cb654,k-means,warm,exec,queue,0.04748845100402832,2.384185791015625e-07,0.0,1609702195.8066916,1609702196.006305,0.19961333274841309,1609702195.8872774,1609702195.894612,0.007334709167480469
93ac5e97f7394f2aad5312cb8f6154a3,k-means,warm,exec,queue,0.05289745330810547,2.384185791015625e-07,2.384185791015625e-07,1609702195.8089294,1609702196.1289632,0.3200337886810303,1609702195.8903916,1609702195.8956711,0.005279541015625
76f0f7dcd19d4b368630a82079e5d7d2,k-means,warm,exec,queue,0.03250718116760254,2.384185791015625e-07,2.384185791015625e-07,1609702195.8104665,1609702195.9561634,0.14569687843322754,1609702195.8691242,1609702195.8745892,0.005465030670166016
55836524ada84abb8fff72f0b054c58b,k-means,warm,exec,queue,0.027929306030273438,4.76837158203125e-07,2.384185791015625e-07,1609702195.8120065,1609702195.9596252,0.14761877059936523,1609702195.868329,1609702195.87406,0.005730867385864258
5e1e2ea252a8498a8194b603c8feec5e,k-means,warm,exec,queue,0.022649049758911133,2.384185791015625e-07,0.0,1609702195.8135536,1609702196.0560868,0.24253320693969727,1609702195.8568676,1609702195.8618355,0.004967927932739258
04a0e8c19f794bdba3d83fcdfc091cc5,k-means,warm,exec,queue,0.015657901763916016,2.384185791015625e-07,2.384185791015625e-07,1609702195.8152106,1609702196.008019,0.1928083896636963,1609702195.8492212,1609702195.857006,0.007784843444824219
3368ea2ff62741069c1f73e508068b51,k-means,warm,exec,queue,0.011910200119018555,2.384185791015625e-07,2.384185791015625e-07,1609702195.8167603,1609702195.9232798,0.10651946067810059,1609702195.8448946,1609702195.8535974,0.008702754974365234
66a9299c5b9f40638a8a9f3a917512bc,matmul,warm,exec,queue,0.027756929397583008,2.384185791015625e-07,0.0,1609702195.8182993,1609702195.9579086,0.13960933685302734,1609702195.8679068,1609702195.878791,0.010884284973144531
b74b942f76784f448580aac98a3ec9f4,map_reduce,warm,exec,queue,0.02713155746459961,2.384185791015625e-07,0.0,1609702195.819847,1609702196.0431383,0.22329115867614746,1609702195.8700488,1609702195.9557507,0.08570194244384766
7dd2232d9dff4299b3d23c9c6cd5e3c8,k-means,warm,exec,queue,0.002492666244506836,4.76837158203125e-07,2.384185791015625e-07,1609702196.796511,1609702196.991578,0.1950671672821045,1609702196.8468058,1609702196.854943,0.008137226104736328
fc5a35cd29e245708cd2372856581628,k-means,warm,exec,queue,0.033528804779052734,4.76837158203125e-07,4.76837158203125e-07,1609702196.800819,1609702197.0632029,0.26238393783569336,1609702196.8729253,1609702196.8787751,0.0058498382568359375
d71c0cf699bf4c63bcc1a7035fe117de,k-means,warm,exec,queue,0.03815793991088867,2.384185791015625e-07,2.384185791015625e-07,1609702196.803398,1609702197.1320157,0.32861781120300293,1609702196.8791645,1609702196.8838332,0.004668712615966797
199159f3f2c34feeb5dd0fb4a8863dfb,k-means,warm,exec,queue,0.042695045471191406,4.76837158203125e-07,2.384185791015625e-07,1609702196.8059788,1609702196.9863498,0.18037104606628418,1609702196.8843744,1609702196.8892612,0.0048868656158447266
750d6a4b8f5f489c9f8afa2f5693fd76,k-means,warm,exec,queue,0.047422170639038086,2.384185791015625e-07,0.0,1609702196.8086507,1609702197.1268606,0.3182098865509033,1609702196.8896112,1609702196.8942196,0.0046083927154541016
6368ebe8f39c41ae9c27ea24284d7728,k-means,warm,exec,queue,0.052049875259399414,2.384185791015625e-07,2.384185791015625e-07,1609702196.8101714,1609702197.0681407,0.25796937942504883,1609702196.8952777,1609702196.9003582,0.005080461502075195
a69624dce61949059bb3d15936200cfb,k-means,warm,exec,queue,0.0566709041595459,2.384185791015625e-07,2.384185791015625e-07,1609702196.8117025,1609702197.0638309,0.25212836265563965,1609702196.8999805,1609702196.904694,0.004713535308837891
b0c304bdddae4daf93d62ec64dfdce64,k-means,warm,exec,queue,0.028494596481323242,2.384185791015625e-07,0.0,1609702196.8132427,1609702197.129756,0.3165132999420166,1609702196.8678799,1609702196.874172,0.006292104721069336
7083656103bc46b7ac3ec3f75bef6352,k-means,warm,exec,queue,0.02317190170288086,2.384185791015625e-07,2.384185791015625e-07,1609702196.8147604,1609702197.0675302,0.25276970863342285,1609702196.8639674,1609702196.870063,0.0060956478118896484
0d68fdd6c60d482da20a6b2bb7189b2b,k-means,warm,exec,queue,0.018476009368896484,2.384185791015625e-07,2.384185791015625e-07,1609702196.8164134,1609702197.0687428,0.25232934951782227,1609702196.8572183,1609702196.8652015,0.007983207702636719
c41bea6d1173453188f6b62be420ed7b,k-means,warm,exec,queue,0.01046133041381836,7.152557373046875e-07,2.384185791015625e-07,1609702196.817938,1609702196.9892726,0.17133450508117676,1609702196.8471947,1609702196.8555863,0.008391618728637695
5b68b93494f84b7ba7a1455216a1d4f2,k-means,warm,exec,queue,0.015165090560913086,2.384185791015625e-07,2.384185791015625e-07,1609702196.819468,1609702196.9898756,0.17040753364562988,1609702196.8511121,1609702196.8594522,0.008340120315551758
3d9052b6ff6541b4bdfe4a0d2248aa7b,k-means,warm,exec,queue,0.061930179595947266,2.384185791015625e-07,4.76837158203125e-07,1609702196.821014,1609702197.1303613,0.30934739112854004,1609702196.9067256,1609702196.9125133,0.00578761100769043
8ea83eecd37d461e99488f30b35aa6e0,k-means,warm,exec,queue,0.06678986549377441,2.384185791015625e-07,2.384185791015625e-07,1609702196.8226256,1609702197.060291,0.23766541481018066,1609702196.9103644,1609702196.9161131,0.005748748779296875
f1bd69e0a3904bcd913c3318603d925b,k-means,warm,exec,queue,7.772445678710938e-05,4.76837158203125e-07,2.384185791015625e-07,1609702197.796141,1609702197.9391575,0.14301657676696777,1609702197.8440347,1609702197.8525286,0.008493900299072266
783672c6f79948c79fa9413c803b0c1b,k-means,warm,exec,queue,0.006610870361328125,2.384185791015625e-07,0.0,1609702197.800527,1609702197.9398096,0.1392824649810791,1609702197.8450625,1609702197.8540173,0.008954763412475586
70a7bc9c108646d78b52eb41106edbf8,k-means,warm,exec,queue,0.011426687240600586,2.384185791015625e-07,2.384185791015625e-07,1609702197.8031144,1609702198.0865889,0.2834744453430176,1609702197.8497612,1609702197.8582118,0.008450508117675781
02906bd4bef74723ac313e273e027861,k-means,warm,exec,queue,0.016696929931640625,2.384185791015625e-07,2.384185791015625e-07,1609702197.8056784,1609702197.936277,0.1305985450744629,1609702197.8555934,1609702197.8634074,0.00781393051147461
dd5f26514968463095c618fc618eea05,k-means,warm,exec,queue,0.022384166717529297,2.384185791015625e-07,0.0,1609702197.8084292,1609702198.011352,0.20292282104492188,1609702197.8624735,1609702197.8690615,0.006587982177734375
1ed873a585df41feb541b7d618e8180d,k-means,warm,exec,queue,0.027554750442504883,2.384185791015625e-07,4.76837158203125e-07,1609702197.809942,1609702198.054839,0.24489688873291016,1609702197.8687925,1609702197.8745666,0.005774021148681641
17fc9adc3478466cb09f6bb5ce953417,k-means,warm,exec,queue,0.03235173225402832,2.384185791015625e-07,2.384185791015625e-07,1609702197.8114593,1609702197.9692051,0.1577458381652832,1609702197.8736959,1609702197.8807156,0.007019758224487305
68e30c42290441dbbd49ba38db54cb34,k-means,warm,exec,queue,0.037059783935546875,4.76837158203125e-07,2.384185791015625e-07,1609702197.812993,1609702198.05696,0.24396705627441406,1609702197.8775449,1609702197.8843222,0.006777286529541016
947b0a9c75e544c0b7ad6d5d61398952,k-means,warm,exec,queue,0.0422976016998291,2.384185791015625e-07,2.384185791015625e-07,1609702197.8145041,1609702198.014904,0.20039987564086914,1609702197.883321,1609702197.8894823,0.006161212921142578
0976fbeef5924a28b085a40739464e69,k-means,warm,exec,queue,0.04735708236694336,2.384185791015625e-07,0.0,1609702197.8161352,1609702198.088387,0.27225184440612793,1609702197.8895893,1609702197.8957446,0.006155252456665039
4dc4da81e3ea494e8518e593b55da219,k-means,warm,exec,queue,0.05205178260803223,2.384185791015625e-07,2.384185791015625e-07,1609702197.8176618,1609702198.0142424,0.1965806484222412,1609702197.894854,1609702197.9013963,0.006542205810546875
b487297b1f954baa9482a78a801c1bb4,k-means,warm,exec,queue,0.0575869083404541,2.384185791015625e-07,2.384185791015625e-07,1609702197.8191721,1609702198.2326062,0.4134340286254883,1609702197.901106,1609702197.9059134,0.004807233810424805
d78da11f257045a1b63d1b862a4b68e8,k-means,warm,exec,queue,0.0630483627319336,4.76837158203125e-07,2.384185791015625e-07,1609702197.8207207,1609702198.1222777,0.3015570640563965,1609702197.9068627,1609702197.9134011,0.00653839111328125
044d7e0a5e8f4535b3605232264afc8f,video,warm,exec,queue,0.015956640243530273,0.0,0.0,1609702197.8223343,1609702198.2305717,0.4082374572753906,1609702197.8633416,1609702197.880247,0.016905546188354492
e2bd03b4d62541489a50ef796880592d,k-means,warm,exec,queue,0.0029349327087402344,2.384185791015625e-07,4.76837158203125e-07,1609702198.7928107,1609702198.930461,0.1376502513885498,1609702198.8283062,1609702198.8370452,0.008738994598388672
61d2eda7aa9c443a9da46b8c23250ece,k-means,warm,exec,queue,0.03241443634033203,2.384185791015625e-07,0.0,1609702198.7970188,1609702199.0012567,0.2042379379272461,1609702198.8583145,1609702198.8643339,0.0060193538665771484
91fd4a98bb30439dbda240e556bfa4e6,k-means,warm,exec,queue,0.027981042861938477,2.384185791015625e-07,2.384185791015625e-07,1609702198.7996125,1609702198.9992125,0.1995999813079834,1609702198.8542006,1609702198.8613544,0.007153749465942383
2dd529fea3a24a17a9e63a2301545331,k-means,warm,exec,queue,0.02334761619567871,2.384185791015625e-07,0.0,1609702198.8022459,1609702199.0416434,0.23939752578735352,1609702198.8502812,1609702198.8579473,0.007666110992431641
1c6a9c462d1c47179935f0146e41fe64,k-means,warm,exec,queue,0.019012928009033203,2.384185791015625e-07,0.0,1609702198.804709,1609702199.0396833,0.23497438430786133,1609702198.8479962,1609702198.8566372,0.00864100456237793
2649894da81b4f3ca8b64aa238cdb76d,k-means,warm,exec,queue,0.007456302642822266,2.384185791015625e-07,2.384185791015625e-07,1609702198.8064907,1609702198.9061635,0.09967279434204102,1609702198.8287673,1609702198.8375678,0.008800506591796875
a7059f331f3549e99c7edab0b8bcd0e6,k-means,warm,exec,queue,0.012442350387573242,4.76837158203125e-07,0.0,1609702198.808044,1609702198.9322116,0.12416768074035645,1609702198.8337748,1609702198.8426661,0.00889134407043457
1ef5faf7b0ec44bc9a72d63ac7c25259,k-means,warm,exec,queue,0.017008304595947266,2.384185791015625e-07,2.384185791015625e-07,1609702198.8096166,1609702198.964083,0.1544663906097412,1609702198.8391244,1609702198.847632,0.008507490158081055
9898a44bc49546df9af7ad5feecd3cde,k-means,warm,exec,queue,0.0071680545806884766,4.76837158203125e-07,4.76837158203125e-07,1609702199.816475,1609702200.027471,0.21099615097045898,1609702199.867316,1609702199.8762672,0.008951187133789062
7ecd9faf3dff47a88f6324feaa66f442,k-means,warm,exec,queue,0.05131077766418457,7.152557373046875e-07,2.384185791015625e-07,1609702199.8208506,1609702200.1045477,0.28369712829589844,1609702199.9161477,1609702199.922163,0.006015300750732422
0502f53139ec479a8929c2d5acca2937,k-means,warm,exec,queue,0.056096792221069336,4.76837158203125e-07,2.384185791015625e-07,1609702199.8234086,1609702200.1003091,0.2769005298614502,1609702199.9238696,1609702199.9310443,0.00717473030090332
498991b48b5b4bbbbf6a7bc43a143bf7,k-means,warm,exec,queue,0.03474712371826172,2.384185791015625e-07,2.384185791015625e-07,1609702199.826002,1609702200.0679593,0.241957426071167,1609702199.8927689,1609702199.8991673,0.006398439407348633
35d0ebd6641a4d459dbdf27d0a88e232,k-means,warm,exec,queue,0.03936457633972168,4.76837158203125e-07,0.0,1609702199.8286786,1609702200.0245209,0.19584226608276367,1609702199.8986673,1609702199.9064133,0.007745981216430664
daefb1afd6034580ba6ed4d72bc58921,k-means,warm,exec,queue,0.04386401176452637,4.76837158203125e-07,2.384185791015625e-07,1609702199.8302054,1609702200.1075394,0.27733397483825684,1609702199.9082472,1609702199.9160573,0.007810115814208984
1330bc50432142619a5a142fce3ee814,k-means,warm,exec,queue,0.04832577705383301,2.384185791015625e-07,0.0,1609702199.831733,1609702200.1348135,0.30308055877685547,1609702199.908409,1609702199.915138,0.0067288875579833984
1d5500f9920140da93ced7e64758bd95,k-means,warm,exec,queue,0.029505491256713867,2.384185791015625e-07,2.384185791015625e-07,1609702199.8332596,1609702200.1069996,0.2737400531768799,1609702199.8916142,1609702199.8987815,0.007167339324951172
fed92f31985e4cf6a8487a654ffd2d71,k-means,warm,exec,queue,0.025041818618774414,4.76837158203125e-07,2.384185791015625e-07,1609702199.8347812,1609702200.1039362,0.26915502548217773,1609702199.889849,1609702199.8983197,0.008470773696899414
65004c8f05464138963a1749b74cf7d4,k-means,warm,exec,queue,0.020142793655395508,4.76837158203125e-07,0.0,1609702199.8364298,1609702200.0280733,0.19164347648620605,1609702199.8772032,1609702199.8856137,0.008410453796386719
0f04b669e2b747549fa309bab9150005,k-means,warm,exec,queue,0.01491689682006836,2.384185791015625e-07,4.76837158203125e-07,1609702199.8379414,1609702199.993105,0.15516352653503418,1609702199.8713264,1609702199.8795197,0.008193254470825195
f77f3d6d8a0c4f8fa4f44719f9bd4dfa,k-means,warm,exec,queue,0.010363101959228516,2.384185791015625e-07,2.384185791015625e-07,1609702199.839441,1609702199.9913356,0.15189456939697266,1609702199.867542,1609702199.8760788,0.008536815643310547
5c39e8027d78457daa74e2916fc60f53,k-means,warm,exec,queue,0.060495853424072266,2.384185791015625e-07,0.0,1609702199.8409762,1609702200.1331995,0.2922232151031494,1609702199.9247408,1609702199.9298813,0.005140542984008789
b8274ae999024cbeb3df91c365f1e7c7,video,warm,exec,queue,0.02022528648376465,2.384185791015625e-07,2.384185791015625e-07,1609702199.842575,1609702200.0705469,0.22797179222106934,1609702199.8924124,1609702199.909297,0.016884565353393555
9e8e3872172347d7a40be27b2824ebb3,k-means,warm,exec,queue,0.002821683883666992,2.384185791015625e-07,2.384185791015625e-07,1609702200.8045545,1609702200.9276748,0.12312030792236328,1609702200.856107,1609702200.8643873,0.008280277252197266
7b933dc0680443e2905973adb2f77d77,k-means,warm,exec,queue,0.018149614334106445,4.76837158203125e-07,0.0,1609702200.8088365,1609702201.13822,0.32938361167907715,1609702200.8672314,1609702200.8754704,0.008239030838012695
4ba35c43c7fb422484c018fa8108f1ec,k-means,warm,exec,queue,0.024053573608398438,2.384185791015625e-07,2.384185791015625e-07,1609702200.8113892,1609702201.1352417,0.3238525390625,1609702200.8758018,1609702200.8832307,0.007428884506225586
b077bc0af13644d49f31c2d6854dd1c1,k-means,warm,exec,queue,0.02933955192565918,2.384185791015625e-07,0.0,1609702200.8139477,1609702201.0713315,0.2573838233947754,1609702200.8790805,1609702200.8843296,0.0052490234375
3db6c4b6e28c4dcfafbc28abc1f301f3,k-means,warm,exec,queue,0.03453421592712402,4.76837158203125e-07,2.384185791015625e-07,1609702200.8167136,1609702201.0358362,0.21912264823913574,1609702200.8848007,1609702200.891192,0.006391286849975586
76ef2114efbd4a97a8249edd68a20de7,k-means,warm,exec,queue,0.03998160362243652,2.384185791015625e-07,2.384185791015625e-07,1609702200.818228,1609702201.0128517,0.19462370872497559,1609702200.8920515,1609702200.896972,0.004920482635498047
3bd9440b2fbf4541b2d755030bf6b534,k-means,warm,exec,queue,0.04442167282104492,2.384185791015625e-07,2.384185791015625e-07,1609702200.8197494,1609702201.0696392,0.24988985061645508,1609702200.8970425,1609702200.9038787,0.0068361759185791016
f239d7ebec89400082d9cb96dcc92f3b,k-means,warm,exec,queue,0.049828529357910156,2.384185791015625e-07,2.384185791015625e-07,1609702200.8212821,1609702201.2035308,0.3822486400604248,1609702200.9027333,1609702200.90912,0.006386756896972656
fa5e4d732c5446ae96d540603614ca99,k-means,warm,exec,queue,0.05464339256286621,2.384185791015625e-07,2.384185791015625e-07,1609702200.8227868,1609702201.0111165,0.18832969665527344,1609702200.9080477,1609702200.9126701,0.004622459411621094
3b489af2a341436dba5c4cacacaf332d,k-means,warm,exec,queue,0.010589838027954102,4.76837158203125e-07,2.384185791015625e-07,1609702200.824451,1609702200.9258895,0.10143852233886719,1609702200.856631,1609702200.865112,0.008481025695800781
bd3d02eb93dd46d2820bead228a2284c,k-means,warm,exec,queue,0.015161514282226562,2.384185791015625e-07,0.0,1609702200.8259723,1609702201.1388323,0.31286001205444336,1609702200.8613374,1609702200.8696122,0.00827479362487793
ecc8cc1405014e4da7f1abc28b5fe37a,k-means,warm,exec,queue,0.05925893783569336,7.152557373046875e-07,2.384185791015625e-07,1609702200.827481,1609702201.2776523,0.45017123222351074,1609702200.9120839,1609702200.9183009,0.006217002868652344
7aa92ea678a84502ab34249e33df1aef,k-means,warm,exec,queue,0.06403636932373047,4.76837158203125e-07,2.384185791015625e-07,1609702200.8290067,1609702201.067861,0.23885440826416016,1609702200.9184344,1609702200.924637,0.00620269775390625
b9c2427f484e434e825c989d52ad0be3,k-means,warm,exec,queue,0.06927204132080078,4.76837158203125e-07,2.384185791015625e-07,1609702200.8306384,1609702201.2018094,0.3711709976196289,1609702200.9240136,1609702200.9290326,0.005018949508666992
7e83e54b09474d49addfe680257f95d7,matmul,warm,exec,queue,0.016519784927368164,2.384185791015625e-07,2.384185791015625e-07,1609702200.8321323,1609702201.0093563,0.17722392082214355,1609702200.8762987,1609702200.8872395,0.010940790176391602
12ad6eef8a3c439db090cb9af247ec13,k-means,warm,exec,queue,0.010317087173461914,2.384185791015625e-07,0.0,1609702201.8077145,1609702201.9621148,0.15440034866333008,1609702201.8619614,1609702201.8704538,0.008492469787597656
965e195153f8482cb0e1b569375f8d2f,k-means,warm,exec,queue,0.0303189754486084,4.76837158203125e-07,2.384185791015625e-07,1609702201.812211,1609702201.9866614,0.17445039749145508,1609702201.8865356,1609702201.8943014,0.007765769958496094
e2539f5102014dddab1cc3d8f3d4028e,k-means,warm,exec,queue,0.035013675689697266,2.384185791015625e-07,0.0,1609702201.8147671,1609702202.0852592,0.2704920768737793,1609702201.8894966,1609702201.8941178,0.004621267318725586
e791808ec4234fee80b28fbdd4f23338,k-means,warm,exec,queue,0.03948974609375,2.384185791015625e-07,2.384185791015625e-07,1609702201.8173344,1609702202.0856028,0.268268346786499,1609702201.894885,1609702201.902123,0.007237911224365234
c3f0e7d208034fd496631d4f7593c2bb,k-means,warm,exec,queue,0.044189453125,2.384185791015625e-07,0.0,1609702201.8202164,1609702202.0809355,0.26071906089782715,1609702201.9017758,1609702201.9072127,0.005436897277832031
85663bf158e042f789ff57c0b6b0aac1,k-means,warm,exec,queue,0.04886174201965332,2.384185791015625e-07,0.0,1609702201.8219144,1609702202.149715,0.3278005123138428,1609702201.9049995,1609702201.911341,0.006341457366943359
19f7467548f443f9af8b0dae5f729e69,k-means,warm,exec,queue,0.05378293991088867,2.384185791015625e-07,2.384185791015625e-07,1609702201.8234227,1609702202.0862448,0.26282215118408203,1609702201.9114718,1609702201.917408,0.005936145782470703
b0f8c6df4d39458d8362a0c74b38de14,k-means,warm,exec,queue,0.05856442451477051,2.384185791015625e-07,2.384185791015625e-07,1609702201.824939,1609702202.0452602,0.2203211784362793,1609702201.9166715,1609702201.922187,0.005515575408935547
d534754b0be247eb8d2b4b1dd5c6a01c,k-means,warm,exec,queue,0.06421446800231934,2.384185791015625e-07,0.0,1609702201.8264363,1609702202.2047555,0.37831926345825195,1609702201.922867,1609702201.929411,0.006543874740600586
e3fd2196f04c4b468064f7a71a118b38,k-means,warm,exec,queue,0.02511882781982422,4.76837158203125e-07,2.384185791015625e-07,1609702201.8280675,1609702202.0469327,0.21886515617370605,1609702201.8786476,1609702201.88344,0.004792451858520508
ad44a3ae4a124f19872a25d07952c2a8,k-means,warm,exec,queue,0.014024496078491211,4.76837158203125e-07,2.384185791015625e-07,1609702201.8296165,1609702201.963874,0.13425755500793457,1609702201.8667965,1609702201.8752038,0.008407354354858398
02943de94b464700a297e99729c7d504,k-means,warm,exec,queue,0.01923656463623047,2.384185791015625e-07,2.384185791015625e-07,1609702201.8311043,1609702202.0873241,0.25621986389160156,1609702201.8725438,1609702201.880775,0.008231163024902344
4413fdc43d914ed387cab77551a60d83,k-means,warm,exec,queue,0.06905364990234375,2.384185791015625e-07,0.0,1609702201.8326042,1609702202.0485764,0.2159721851348877,1609702201.92833,1609702201.9348512,0.0065212249755859375
5dde66e9075040938855e131874afa44,k-means,warm,exec,queue,0.07386207580566406,2.384185791015625e-07,0.0,1609702201.8344574,1609702202.1533716,0.31891417503356934,1609702201.9323819,1609702201.936963,0.0045812129974365234
b54b49c7193f4b64bf1998208958f5e9,k-means,warm,exec,queue,0.07873749732971191,4.76837158203125e-07,2.384185791015625e-07,1609702201.8359497,1609702202.149106,0.3131563663482666,1609702201.9374413,1609702201.9432795,0.005838155746459961
133e9c896739477c9826197cfd89725e,k-means,warm,exec,queue,0.08359265327453613,2.384185791015625e-07,2.384185791015625e-07,1609702201.8374577,1609702202.1527777,0.3153200149536133,1609702201.9430223,1609702201.9476845,0.004662275314331055
5fb655f0f51a49e4a4092fcb25acde43,video,warm,exec,queue,0.01654219627380371,2.384185791015625e-07,0.0,1609702201.8390553,1609702202.0859263,0.2468709945678711,1609702201.8799353,1609702201.8975477,0.017612457275390625
5264a803ff6748d9a001edd56e7806a7,k-means,warm,exec,queue,0.005673408508300781,4.76837158203125e-07,2.384185791015625e-07,1609702202.8003948,1609702202.9161322,0.1157374382019043,1609702202.8419416,1609702202.8504214,0.008479833602905273
269472c0afad4b0192d168b16ad4baca,k-means,warm,exec,queue,0.058408498764038086,2.384185791015625e-07,2.384185791015625e-07,1609702202.804578,1609702203.1763337,0.37175559997558594,1609702202.8999841,1609702202.9066107,0.006626605987548828
86c5a6701d124101a7d152d4f1d9d086,k-means,warm,exec,queue,0.05294394493103027,2.384185791015625e-07,0.0,1609702202.8070834,1609702203.1007144,0.29363107681274414,1609702202.8938346,1609702202.898346,0.004511356353759766
64887d63af2c42e4816c36d2b00c39fe,k-means,warm,exec,queue,0.04797959327697754,2.384185791015625e-07,2.384185791015625e-07,1609702202.8096263,1609702203.0565228,0.24689650535583496,1609702202.8902175,1609702202.8970888,0.006871223449707031
221efc5fbccf45029c842a315db96373,k-means,warm,exec,queue,0.042302846908569336,4.76837158203125e-07,2.384185791015625e-07,1609702202.812439,1609702203.0250614,0.21262240409851074,1609702202.88272,1609702202.887024,0.004303932189941406
14520a50b1e34b80b168ccab402e9c14,k-means,warm,exec,queue,0.009932518005371094,2.384185791015625e-07,2.384185791015625e-07,1609702202.8139482,1609702202.914433,0.10048484802246094,1609702202.8450289,1609702202.85322,0.008191108703613281
5bb6d865aaff4eb5b038d0d16b7ad767,k-means,warm,exec,queue,0.014414072036743164,4.76837158203125e-07,0.0,1609702202.8153868,1609702202.9837422,0.16835546493530273,1609702202.8497458,1609702202.857856,0.008110284805297852
0bd85186e9014317b078c284e4162ddb,k-means,warm,exec,queue,0.019695520401000977,2.384185791015625e-07,0.0,1609702202.8168366,1609702202.9424248,0.12558817863464355,1609702202.8570788,1609702202.8652198,0.008141040802001953
3f3edb2ac9e043f7867bb7c7e5eec721,k-means,warm,exec,queue,0.0249631404876709,2.384185791015625e-07,2.384185791015625e-07,1609702202.8182976,1609702202.981371,0.16307330131530762,1609702202.860805,1609702202.865407,0.004601955413818359
ac5b04fee9b649c0ad85001c9951f0a1,k-means,warm,exec,queue,0.029994487762451172,2.384185791015625e-07,2.384185791015625e-07,1609702202.8198457,1609702202.939252,0.11940622329711914,1609702202.866564,1609702202.872815,0.006250858306884766
36b5b2d72c3044ba9b0062b63912f2f3,k-means,warm,exec,queue,0.03513479232788086,4.76837158203125e-07,0.0,1609702202.8212955,1609702202.9418714,0.1205759048461914,1609702202.8724308,1609702202.8768952,0.004464387893676758
2225eddbcb424d64b0bf1c201e5f3928,k-means,warm,exec,queue,0.0394434928894043,2.384185791015625e-07,2.384185791015625e-07,1609702202.8227296,1609702203.101289,0.27855944633483887,1609702202.8781753,1609702202.8846655,0.006490230560302734
d2deba49152c4331b2cd8d13c4bcd1c6,k-means,warm,exec,queue,0.0044155120849609375,4.76837158203125e-07,0.0,1609702203.7977712,1609702203.924947,0.12717580795288086,1609702203.8373792,1609702203.8463001,0.008920907974243164
9d08205ddb274be89f5760fe577509f7,video,warm,exec,queue,0.017244577407836914,2.384185791015625e-07,0.0,1609702203.8020656,1609702203.9969232,0.19485759735107422,1609702203.8588068,1609702203.8767219,0.017915010452270508
02692113e451447a8296e8c1c007e7ee,k-means,warm,exec,queue,0.036346435546875,2.384185791015625e-07,0.0,1609702203.8047633,1609702203.9918184,0.18705511093139648,1609702203.8728175,1609702203.8785963,0.005778789520263672
fa80fad0e8704011b5a92330963c3e0e,k-means,warm,exec,queue,0.031202316284179688,4.76837158203125e-07,2.384185791015625e-07,1609702203.8073614,1609702204.094381,0.2870197296142578,1609702203.8653917,1609702203.8706195,0.005227804183959961
3666c3bb2be3440a9bd0417a38d2adc7,k-means,warm,exec,queue,0.008190155029296875,2.384185791015625e-07,2.384185791015625e-07,1609702203.8099816,1609702203.9276276,0.1176459789276123,1609702203.8382914,1609702203.8464396,0.008148193359375
ed70faa5f5a44c8d82fdd6ecd05ffb0b,k-means,warm,exec,queue,0.01293635368347168,4.76837158203125e-07,2.384185791015625e-07,1609702203.8128185,1609702203.928225,0.11540651321411133,1609702203.8434503,1609702203.8524027,0.00895237922668457
ba3cd7f5bece4715ab130f32bb8d487e,k-means,warm,exec,queue,0.017758846282958984,2.384185791015625e-07,2.384185791015625e-07,1609702203.8144224,1609702203.994799,0.18037652969360352,1609702203.8489234,1609702203.8576946,0.008771181106567383
d4f1b0050c0a4ea1b726a534a97575af,k-means,warm,exec,queue,0.024770021438598633,4.76837158203125e-07,2.384185791015625e-07,1609702203.8160088,1609702203.9953895,0.1793806552886963,1609702203.857867,1609702203.8642907,0.0064237117767333984
63a5de1ce7b54651b6884b2bbb1a0376,k-means,warm,exec,queue,0.029039621353149414,2.384185791015625e-07,2.384185791015625e-07,1609702203.8176231,1609702204.0963867,0.2787635326385498,1609702203.8602045,1609702203.8667116,0.006507158279418945
3de829bba9cf464f9fc2bdfdf08a3fb5,k-means,warm,exec,queue,0.00012421607971191406,4.76837158203125e-07,2.384185791015625e-07,1609702204.8035448,1609702204.983233,0.1796882152557373,1609702204.8471565,1609702204.8553722,0.008215665817260742
33054536094a4d5c95671df68db79ac4,k-means,warm,exec,queue,0.00668644905090332,4.76837158203125e-07,2.384185791015625e-07,1609702204.807671,1609702204.9766326,0.1689615249633789,1609702204.847082,1609702204.8555205,0.008438587188720703
6cbe7d5f292e4fd9a426d43af2b18a28,k-means,warm,exec,queue,0.011548042297363281,2.384185791015625e-07,4.76837158203125e-07,1609702204.810232,1609702204.9793334,0.16910147666931152,1609702204.8520312,1609702204.860233,0.008201837539672852
aa76225169fa45d3a429784c63f139ca,k-means,warm,exec,queue,0.016801118850708008,2.384185791015625e-07,0.0,1609702204.8127866,1609702205.1862893,0.3735027313232422,1609702204.8580155,1609702204.8659825,0.007966995239257812
036e946e9a4647d68e38dfb5192437e8,k-means,warm,exec,queue,0.02138805389404297,2.384185791015625e-07,2.384185791015625e-07,1609702204.815555,1609702204.9837925,0.16823744773864746,1609702204.863421,1609702204.8681078,0.004686832427978516
3dc36a4709734529b07813ee5bcdbca3,k-means,warm,exec,queue,0.02633070945739746,2.384185791015625e-07,2.384185791015625e-07,1609702204.8174808,1609702205.2186568,0.40117597579956055,1609702204.867634,1609702204.8737917,0.006157636642456055
040b447ffb6b47c4b7bd92792f2c00ad,k-means,warm,exec,queue,0.03165078163146973,2.384185791015625e-07,0.0,1609702204.818932,1609702205.1037033,0.284771203994751,1609702204.8739278,1609702204.8783202,0.004392385482788086
213850774604401cab658fb210923624,k-means,warm,exec,queue,0.03648018836975098,2.384185791015625e-07,2.384185791015625e-07,1609702204.820381,1609702205.2204041,0.4000232219696045,1609702204.879348,1609702204.885092,0.005743980407714844
054000bc4f964332b2a0468faf019b5a,k-means,warm,exec,queue,0.04142594337463379,2.384185791015625e-07,2.384185791015625e-07,1609702204.8218498,1609702204.979934,0.15808415412902832,1609702204.8849835,1609702204.8895586,0.004575014114379883
02be25a50d7249848109ac1c94864140,k-means,warm,exec,queue,0.04661417007446289,2.384185791015625e-07,2.384185791015625e-07,1609702204.8233862,1609702205.2806294,0.4572432041168213,1609702204.8903828,1609702204.8960886,0.005705833435058594
9fdf101a8bfe4c73bb3f26e6004efa83,k-means,warm,exec,queue,0.05189871788024902,2.384185791015625e-07,0.0,1609702204.824839,1609702205.27857,0.45373082160949707,1609702204.8961594,1609702204.9004924,0.004333019256591797
a4c9097c43fb45c4a3c027cd0fae9840,k-means,warm,exec,queue,0.05677652359008789,2.384185791015625e-07,4.76837158203125e-07,1609702204.826276,1609702205.1018302,0.27555418014526367,1609702204.9012692,1609702204.9067957,0.005526542663574219
0255fb33c961470cadaf2fb9c46625dc,k-means,warm,exec,queue,8.034706115722656e-05,4.76837158203125e-07,2.384185791015625e-07,1609702205.804686,1609702205.962194,0.15750789642333984,1609702205.868313,1609702205.8761022,0.007789134979248047
461864741bf741e1b18864cdd6702e8f,matmul,warm,exec,queue,0.025643587112426758,2.384185791015625e-07,0.0,1609702205.8089676,1609702206.0084667,0.19949913024902344,1609702205.8923395,1609702205.902649,0.010309457778930664
a0d801173bdf41bf91205af26bc47606,k-means,warm,exec,queue,0.005385875701904297,2.384185791015625e-07,2.384185791015625e-07,1609702205.8115463,1609702206.0369864,0.22544002532958984,1609702205.8689008,1609702205.8774517,0.008550882339477539
29a8fc5e8f944b24ab4c091e269e24eb,k-means,warm,exec,queue,0.009019136428833008,7.152557373046875e-07,2.384185791015625e-07,1609702205.8141081,1609702206.0078998,0.19379162788391113,1609702205.8735847,1609702205.8818467,0.008261919021606445
4bd226d6e6a34c1f8014feef376d2276,k-means,warm,exec,queue,0.014481306076049805,4.76837158203125e-07,2.384185791015625e-07,1609702205.816868,1609702206.005322,0.18845391273498535,1609702205.880358,1609702205.8891842,0.008826255798339844
411538d3f0534661a631582ef05f56ee,k-means,warm,exec,queue,0.019367694854736328,2.384185791015625e-07,2.384185791015625e-07,1609702205.8183837,1609702206.159548,0.34116435050964355,1609702205.8907967,1609702205.8976972,0.0069005489349365234
6c64f934db6c4801a1936cc2595ad2c5,k-means,warm,exec,queue,0.026211977005004883,2.384185791015625e-07,0.0,1609702205.819892,1609702206.1543982,0.3345062732696533,1609702205.8924232,1609702205.8987024,0.0062792301177978516
b1068ee0a3cf471c8d3246d12c946003,k-means,warm,exec,queue,0.03131222724914551,4.76837158203125e-07,0.0,1609702205.8214169,1609702206.0623188,0.24090194702148438,1609702205.8966222,1609702205.9024222,0.005800008773803711
bd46bb6efeca4965a1f07d01b60c17e8,k-means,warm,exec,queue,0.03676748275756836,4.76837158203125e-07,0.0,1609702205.822984,1609702206.157912,0.334928035736084,1609702205.905319,1609702205.9126425,0.007323503494262695
507e0aa67a1f498a81d5a06a5916df3b,k-means,warm,exec,queue,0.04303336143493652,2.384185791015625e-07,0.0,1609702205.8248901,1609702206.0036507,0.17876052856445312,1609702205.9094665,1609702205.914901,0.005434513092041016
2390ea802f284fc484f091fb616e7ca9,video,warm,exec,queue,0.01923656463623047,0.0,0.0,1609702205.8264663,1609702206.3163426,0.48987627029418945,1609702205.8916,1609702205.908777,0.017177104949951172
b6138827c21049f789b79b6d833f25c9,map_reduce,warm,exec,queue,0.027320384979248047,2.384185791015625e-07,2.384185791015625e-07,1609702205.8280454,1609702206.1573243,0.32927894592285156,1609702205.8934598,1609702205.978776,0.08531618118286133
1b617ecf0df5415f9e739640a761f09d,k-means,warm,exec,queue,0.006441593170166016,2.384185791015625e-07,2.384185791015625e-07,1609702206.8027391,1609702206.930507,0.12776780128479004,1609702206.841355,1609702206.8497736,0.008418560028076172
85e2e6a92abd41f6a7f95619aeb19e17,k-means,warm,exec,queue,0.0194857120513916,2.384185791015625e-07,4.76837158203125e-07,1609702206.8070142,1609702207.0751433,0.2681291103363037,1609702206.857856,1609702206.8658829,0.008026838302612305
e68c4b84cf2b4882a96304d41263b7c2,k-means,warm,exec,queue,0.024868488311767578,4.76837158203125e-07,2.384185791015625e-07,1609702206.8096735,1609702207.0734763,0.26380276679992676,1609702206.86138,1609702206.866073,0.004692792892456055
4fac1a790d3a44c8b0fc1bc1b6193afe,k-means,warm,exec,queue,0.030199050903320312,4.76837158203125e-07,2.384185791015625e-07,1609702206.8122804,1609702206.9956079,0.18332743644714355,1609702206.8669894,1609702206.8716674,0.004678010940551758
84cdd448149d434da987cff39f5bbabb,k-means,warm,exec,queue,0.03491640090942383,2.384185791015625e-07,2.384185791015625e-07,1609702206.8148537,1609702206.953385,0.13853144645690918,1609702206.8733454,1609702206.8781471,0.004801750183105469
d975cbd52ff14ef2bb39afc6497c788d,k-means,warm,exec,queue,0.03958415985107422,2.384185791015625e-07,2.384185791015625e-07,1609702206.8172638,1609702207.139983,0.32271909713745117,1609702206.8771908,1609702206.881647,0.004456281661987305
26d62055817e4cb59c48141ee0d92094,k-means,warm,exec,queue,0.04465341567993164,4.76837158203125e-07,2.384185791015625e-07,1609702206.8188336,1609702207.0398462,0.22101259231567383,1609702206.8839648,1609702206.8906574,0.006692647933959961
fe02dfe49e9a406485fc7003a9f1c662,k-means,warm,exec,queue,0.049721479415893555,2.384185791015625e-07,2.384185791015625e-07,1609702206.820414,1609702207.0715346,0.25112056732177734,1609702206.8884604,1609702206.8927417,0.004281282424926758
f8f667fb28a04e1087a3d30ea96de19a,k-means,warm,exec,queue,0.010070562362670898,4.76837158203125e-07,2.384185791015625e-07,1609702206.8219764,1609702206.9286964,0.106719970703125,1609702206.8458436,1609702206.8540819,0.00823831558227539
3f1dca9bcad94f189ee8b5070067fc93,k-means,warm,exec,queue,0.014885425567626953,2.384185791015625e-07,2.384185791015625e-07,1609702206.8236635,1609702206.9973865,0.1737229824066162,1609702206.8512526,1609702206.859868,0.008615493774414062
5f1b87a95b564f1f826b8934fbdb1385,k-means,warm,exec,queue,0.007444143295288086,7.152557373046875e-07,0.0,1609702207.810966,1609702207.944071,0.13310503959655762,1609702207.8637707,1609702207.8723915,0.008620738983154297
24b93c756ce14f09ab6b8c5b006884b7,k-means,warm,exec,queue,0.05449652671813965,2.384185791015625e-07,0.0,1609702207.8154192,1609702208.1097732,0.2943539619445801,1609702207.9142773,1609702207.9210932,0.006815910339355469
a5d0a77e902b48959c93ef28e679bf57,k-means,warm,exec,queue,0.059212684631347656,4.76837158203125e-07,2.384185791015625e-07,1609702207.81807,1609702208.251895,0.4338250160217285,1609702207.9189062,1609702207.9231524,0.004246234893798828
b7dbf26ed2224052b33f5ba0bb08c768,k-means,warm,exec,queue,0.02162909507751465,2.384185791015625e-07,0.0,1609702207.8206356,1609702208.011366,0.19073033332824707,1609702207.875094,1609702207.8843334,0.009239435195922852
4d2b4ab1288b46db866c4cf1690eb1ab,k-means,warm,exec,queue,0.03671550750732422,0.0,0.0,1609702207.8224235,1609702208.2117534,0.3893299102783203,1609702207.8922534,1609702207.8977427,0.005489349365234375
8657f67c83094d198ff376320fcb032f,k-means,warm,exec,queue,0.04199981689453125,2.384185791015625e-07,0.0,1609702207.8239946,1609702208.0762975,0.252302885055542,1609702207.8970275,1609702207.902085,0.005057573318481445
2d4ee8d74a26453f8256631f01298e8d,k-means,warm,exec,queue,0.04696512222290039,4.76837158203125e-07,0.0,1609702207.8255873,1609702208.0094614,0.18387413024902344,1609702207.9050534,1609702207.9118147,0.006761312484741211
0298340e2036437c989fb228f7e54a11,k-means,warm,exec,queue,0.05233597755432129,2.384185791015625e-07,0.0,1609702207.8271623,1609702208.0443342,0.21717190742492676,1609702207.9088993,1609702207.9133184,0.004419088363647461
046aae73930149c882e7fbd3fbf59fae,k-means,warm,exec,queue,0.031296730041503906,2.384185791015625e-07,2.384185791015625e-07,1609702207.8287528,1609702208.042567,0.21381425857543945,1609702207.8850386,1609702207.8898728,0.004834175109863281
f11e64b9e2bd4322a693e8986c36d17e,k-means,warm,exec,queue,0.026260852813720703,2.384185791015625e-07,2.384185791015625e-07,1609702207.8304677,1609702207.9755278,0.14506006240844727,1609702207.8806202,1609702207.8875756,0.006955385208129883
2b8202a495cc41e8bfceb016cb9fc2da,k-means,warm,exec,queue,0.016247987747192383,2.384185791015625e-07,4.76837158203125e-07,1609702207.8320363,1609702208.255529,0.4234926700592041,1609702207.8692188,1609702207.8772464,0.00802755355834961
59ef5d1ec39b481c94fa93ac1a5600e1,k-means,warm,exec,queue,0.011303186416625977,2.384185791015625e-07,4.76837158203125e-07,1609702207.8336434,1609702207.9422932,0.10864973068237305,1609702207.8632903,1609702207.8711302,0.00783991813659668
d8a9874bdade4ef8b15d28591b8c397e,k-means,warm,exec,queue,0.06468725204467773,2.384185791015625e-07,0.0,1609702207.8351905,1609702208.1526487,0.3174581527709961,1609702207.9273977,1609702207.9341588,0.006761074066162109
f87ed448aaf24bd1a6c133f05a6c80e6,k-means,warm,exec,queue,0.06971049308776855,2.384185791015625e-07,0.0,1609702207.8368616,1609702208.210038,0.37317633628845215,1609702207.9305263,1609702207.9347105,0.004184246063232422
bd351a709f0a497ba484defa7a02d08b,video,warm,exec,queue,0.015548467636108398,2.384185791015625e-07,2.384185791015625e-07,1609702207.8384168,1609702208.254919,0.4165022373199463,1609702207.8816626,1609702207.8992102,0.017547607421875
a278cce7899d413fa139745bcd59e4be,k-means,warm,exec,queue,8.106231689453125e-05,4.76837158203125e-07,2.384185791015625e-07,1609702208.8103004,1609702208.9389977,0.12869739532470703,1609702208.8573942,1609702208.8658752,0.008481025695800781
52d811428926462790445712647f9ee2,k-means,warm,exec,queue,0.0067369937896728516,2.384185791015625e-07,2.384185791015625e-07,1609702208.8147097,1609702208.9372375,0.1225278377532959,1609702208.8564706,1609702208.8647072,0.00823664665222168
0aa7aeec7b4d41b7b959809aec2c502d,k-means,warm,exec,queue,0.016362428665161133,2.384185791015625e-07,2.384185791015625e-07,1609702208.8173637,1609702208.9735155,0.15615177154541016,1609702208.867343,1609702208.8758876,0.008544683456420898
23ea9d37a52b44a9948ccdd2175ad712,k-means,warm,exec,queue,0.020946741104125977,2.384185791015625e-07,0.0,1609702208.8199506,1609702208.9718275,0.15187692642211914,1609702208.8725016,1609702208.879119,0.006617307662963867
bbe91dcd95aa40cfbc70c3fa001802df,k-means,warm,exec,queue,0.0254364013671875,2.384185791015625e-07,0.0,1609702208.8219564,1609702208.9701118,0.14815545082092285,1609702208.878627,1609702208.886271,0.007643938064575195
335acb1a035a44839a987aede4721d17,k-means,warm,exec,queue,0.030798912048339844,2.384185791015625e-07,0.0,1609702208.8235376,1609702209.0538538,0.230316162109375,1609702208.8836892,1609702208.8880801,0.0043909549713134766
dac3d921e0934d1291be341f09c38df2,k-means,warm,exec,queue,0.03559756278991699,2.384185791015625e-07,2.384185791015625e-07,1609702208.8251371,1609702209.0555685,0.23043131828308105,1609702208.8876724,1609702208.8944716,0.006799221038818359
9b8320d0ce4c4df883e1a1c1c3259fc7,k-means,warm,exec,queue,0.04015302658081055,2.384185791015625e-07,0.0,1609702208.8267145,1609702209.2320116,0.40529704093933105,1609702208.894411,1609702208.8994417,0.005030632019042969
2a96951c94c446248171486f51cf2780,k-means,warm,exec,queue,0.04483437538146973,2.384185791015625e-07,2.384185791015625e-07,1609702208.8283103,1609702209.1472487,0.3189384937286377,1609702208.8989453,1609702208.9055843,0.006639003753662109
e6bb08e7c3fa42bda9d431a7000717aa,k-means,warm,exec,queue,0.050470590591430664,2.384185791015625e-07,2.384185791015625e-07,1609702208.8300192,1609702209.088762,0.2587428092956543,1609702208.9049928,1609702208.9111495,0.0061566829681396484
df6c96d8836e4ae48ced635759d2e305,k-means,warm,exec,queue,0.05516529083251953,2.384185791015625e-07,4.76837158203125e-07,1609702208.8315935,1609702209.0907946,0.2592010498046875,1609702208.9104288,1609702208.9151917,0.004762887954711914
7e289f176dfb4f8994564b6d669111da,k-means,warm,exec,queue,0.011993408203125,2.384185791015625e-07,2.384185791015625e-07,1609702208.833182,1609702209.0038636,0.17068147659301758,1609702208.8622856,1609702208.8711295,0.00884389877319336
91742e3202f148bb9735655c8433480e,k-means,warm,exec,queue,0.05998516082763672,2.384185791015625e-07,0.0,1609702208.8347547,1609702209.288332,0.45357728004455566,1609702208.915626,1609702208.9216,0.0059740543365478516
a8ab0aabe4e042cc93430de900caf809,k-means,warm,exec,queue,7.700920104980469e-05,4.76837158203125e-07,2.384185791015625e-07,1609702209.811373,1609702209.938821,0.12744808197021484,1609702209.8602955,1609702209.8688593,0.008563756942749023
649cf1030d9548d58981539c3f92814e,k-means,warm,exec,queue,0.05888795852661133,2.384185791015625e-07,0.0,1609702209.815723,1609702210.0392091,0.22348618507385254,1609702209.9167004,1609702209.922632,0.0059316158294677734
a56219c0be8448df9a4e002728e4687d,k-means,warm,exec,queue,0.0073261260986328125,4.76837158203125e-07,0.0,1609702209.8183038,1609702209.9405558,0.12225198745727539,1609702209.8601358,1609702209.8686578,0.00852203369140625
838decad739442d3a0d4fcefeec38a9f,k-means,warm,exec,queue,0.012282371520996094,2.384185791015625e-07,0.0,1609702209.8208654,1609702210.0345824,0.21371698379516602,1609702209.8650477,1609702209.8733869,0.008339166641235352
7a4d420ebb574a818b625b58bb80b5f3,k-means,warm,exec,queue,0.017596006393432617,2.384185791015625e-07,0.0,1609702209.8236868,1609702210.0386386,0.214951753616333,1609702209.8712647,1609702209.879771,0.008506298065185547
41aca311be7748348fc3bb1eeb1a978b,k-means,warm,exec,queue,0.023823261260986328,2.384185791015625e-07,2.384185791015625e-07,1609702209.825549,1609702210.0397253,0.21417641639709473,1609702209.8796618,1609702209.8855853,0.00592350959777832
864e397e78524a7e9ffd476f11c34344,k-means,warm,exec,queue,0.028900146484375,2.384185791015625e-07,2.384185791015625e-07,1609702209.8270247,1609702209.9836388,0.15661406517028809,1609702209.8827834,1609702209.889184,0.006400585174560547
4ab97188d101434b87a25a4f26cf14f1,k-means,warm,exec,queue,0.033997535705566406,2.384185791015625e-07,2.384185791015625e-07,1609702209.828511,1609702210.150439,0.3219280242919922,1609702209.8890042,1609702209.8947642,0.0057599544525146484
1cfea11f239f4aacb9cd49fb6b47aee6,k-means,warm,exec,queue,0.038494110107421875,4.76837158203125e-07,2.384185791015625e-07,1609702209.829998,1609702209.981245,0.1512470245361328,1609702209.8957858,1609702209.9021513,0.006365537643432617
5b3a4dd22eb142d898690cfaa736f6ea,k-means,warm,exec,queue,0.04328560829162598,2.384185791015625e-07,0.0,1609702209.8316274,1609702210.0351825,0.20355510711669922,1609702209.9000108,1609702209.9070067,0.0069959163665771484
2b6d6e0832aa425b9400fdccc822cb2a,k-means,warm,exec,queue,0.04848885536193848,2.384185791015625e-07,2.384185791015625e-07,1609702209.833112,1609702210.1179268,0.28481483459472656,1609702209.9047997,1609702209.9109056,0.006105899810791016
87eab667add548be80e4e1cb69503191,k-means,warm,exec,queue,0.053701162338256836,2.384185791015625e-07,0.0,1609702209.8345792,1609702210.0413396,0.20676040649414062,1609702209.91039,1609702209.9157162,0.005326271057128906
08e146302f3b4d00b53b61e80c018b80,k-means,warm,exec,queue,0.06393313407897949,2.384185791015625e-07,2.384185791015625e-07,1609702209.8360407,1609702210.1487188,0.31267809867858887,1609702209.9211905,1609702209.9255533,0.004362821578979492
394e9b8e0f7f4085997c6dd7c058a541,video,warm,exec,queue,0.017246484756469727,2.384185791015625e-07,2.384185791015625e-07,1609702209.8378594,1609702210.031757,0.19389772415161133,1609702209.8802896,1609702209.8977196,0.01743006706237793
cc5b1a1c16e043a8b9a075b89525aaa3,k-means,warm,exec,queue,0.0030622482299804688,4.76837158203125e-07,2.384185791015625e-07,1609702210.8071253,1609702210.936367,0.1292417049407959,1609702210.8493254,1609702210.8581266,0.00880122184753418
b22a8839c59a49c98b0e962d7291b7f3,matmul,warm,exec,queue,0.017880678176879883,2.384185791015625e-07,2.384185791015625e-07,1609702210.8114986,1609702211.0412967,0.2297980785369873,1609702210.8702877,1609702210.8806841,0.010396480560302734
9da067491a36453c8daf85a7f28faa4d,k-means,warm,exec,queue,0.042743682861328125,2.384185791015625e-07,2.384185791015625e-07,1609702210.814181,1609702211.0271602,0.21297907829284668,1609702210.8898273,1609702210.8962138,0.006386518478393555
ed7fe8dd273642e7b43d8f528ad8f77c,k-means,warm,exec,queue,0.03745770454406738,2.384185791015625e-07,0.0,1609702210.8168116,1609702211.029795,0.2129833698272705,1609702210.8828678,1609702210.8894627,0.00659489631652832
85564794ae2a46c897c05042f0739bdb,k-means,warm,exec,queue,0.03253960609436035,2.384185791015625e-07,0.0,1609702210.8194191,1609702211.1598182,0.34039902687072754,1609702210.877617,1609702210.8843849,0.006767988204956055
ed2acb39dec74dfb9e2ee532aaffe589,k-means,warm,exec,queue,0.028167009353637695,2.384185791015625e-07,2.384185791015625e-07,1609702210.8216133,1609702210.9492328,0.12761950492858887,1609702210.8738267,1609702210.8801026,0.00627589225769043
93d9be1c49df4f3fb60633d16baa9e37,k-means,warm,exec,queue,0.02380514144897461,2.384185791015625e-07,0.0,1609702210.8232143,1609702210.9505923,0.12737798690795898,1609702210.8696218,1609702210.8745594,0.004937648773193359
b2c6c7b0bc754671842a8629633fe520,k-means,warm,exec,queue,0.008912086486816406,4.76837158203125e-07,2.384185791015625e-07,1609702210.8248243,1609702210.9335358,0.10871148109436035,1609702210.8494523,1609702210.8580291,0.00857686996459961
3843c9d0383d46d7a5cfb9f263b1dacc,k-means,warm,exec,queue,0.013910055160522461,2.384185791015625e-07,2.384185791015625e-07,1609702210.8264294,1609702210.9369836,0.11055421829223633,1609702210.8547592,1609702210.863483,0.008723735809326172
2e0a1411ecd24c66ba3d1b8c5d3d37a7,k-means,warm,exec,queue,0.01849055290222168,2.384185791015625e-07,0.0,1609702210.8281446,1609702211.0277686,0.19962406158447266,1609702210.860042,1609702210.8679123,0.007870197296142578
51c83a7a797f4e0d9565e46ea5e061d3,k-means,warm,exec,queue,0.0043675899505615234,7.152557373046875e-07,2.384185791015625e-07,1609702211.8119962,1609702211.9453514,0.13335514068603516,1609702211.860599,1609702211.8691118,0.008512735366821289
06b67656f9e44f18b7b111fd7fd509ba,k-means,warm,exec,queue,0.05898451805114746,2.384185791015625e-07,0.0,1609702211.816281,1609702212.1948116,0.37853050231933594,1609702211.917314,1609702211.9242442,0.006930112838745117
62d781a710a14f88bdf104ed4965c844,k-means,warm,exec,queue,0.053412675857543945,2.384185791015625e-07,2.384185791015625e-07,1609702211.818799,1609702212.1109092,0.2921102046966553,1609702211.909993,1609702211.9143283,0.0043354034423828125
700973cb77ce4d44adc8036626b90a2d,k-means,warm,exec,queue,0.0480341911315918,2.384185791015625e-07,2.384185791015625e-07,1609702211.821309,1609702212.0281098,0.2068006992340088,1609702211.9057367,1609702211.9127834,0.007046699523925781
ff34aaedd7e74f86976ac1959e24b7ac,k-means,warm,exec,queue,0.04262375831604004,2.384185791015625e-07,0.0,1609702211.8240774,1609702212.112842,0.28876471519470215,1609702211.8984423,1609702211.903257,0.004814624786376953
f23f551af7fd46ae992efe78e3891e7a,k-means,warm,exec,queue,0.037516117095947266,2.384185791015625e-07,2.384185791015625e-07,1609702211.8256185,1609702211.979844,0.15422558784484863,1609702211.8940332,1609702211.9006088,0.006575584411621094
3d7d63d301614b82b33396d1bee562f6,k-means,warm,exec,queue,0.03308916091918945,2.384185791015625e-07,2.384185791015625e-07,1609702211.8270674,1609702212.0774515,0.2503840923309326,1609702211.887889,1609702211.8927786,0.004889726638793945
e7925f7d2aa24cd3a296c05d79f8fadc,k-means,warm,exec,queue,0.009526729583740234,4.76837158203125e-07,2.384185791015625e-07,1609702211.8285286,1609702211.9435341,0.1150054931640625,1609702211.8600678,1609702211.8684816,0.00841379165649414
1f41009baa0b448984cce09a4d403512,k-means,warm,exec,queue,0.01446843147277832,4.76837158203125e-07,2.384185791015625e-07,1609702211.829983,1609702212.1389408,0.3089578151702881,1609702211.8648107,1609702211.8726223,0.007811546325683594
04e3c272eea6453c85887e2a596288f5,k-means,warm,exec,queue,0.01971602439880371,2.384185791015625e-07,2.384185791015625e-07,1609702211.831551,1609702212.054303,0.22275185585021973,1609702211.8719842,1609702211.8805466,0.008562326431274414
93ac45a0e0a64628b345bc054a70f215,k-means,warm,exec,queue,0.025608301162719727,2.384185791015625e-07,0.0,1609702211.8330195,1609702211.9766338,0.1436142921447754,1609702211.879268,1609702211.8858523,0.0065844058990478516
bafeebfd1d18433c9099b75001d3d26e,k-means,warm,exec,queue,0.03081798553466797,2.384185791015625e-07,0.0,1609702211.8344755,1609702212.1383476,0.30387210845947266,1609702211.8828547,1609702211.8891103,0.006255626678466797
a1610c36e0e340008014d3bfaa10a297,k-means,warm,exec,queue,0.06448674201965332,2.384185791015625e-07,2.384185791015625e-07,1609702211.8359337,1609702212.0524924,0.21655869483947754,1609702211.9221776,1609702211.9264264,0.004248857498168945
aa49372140594f84b2638472259b7cb2,video,warm,exec,queue,0.016811847686767578,4.76837158203125e-07,2.384185791015625e-07,1609702211.8375132,1609702211.9782393,0.14072608947753906,1609702211.880102,1609702211.8975194,0.017417430877685547
905b6e8f57724f9c8747c06794fb8b01,k-means,warm,exec,queue,0.003824472427368164,7.152557373046875e-07,2.384185791015625e-07,1609702212.8114822,1609702213.1081278,0.2966456413269043,1609702212.8571937,1609702212.8659625,0.008768796920776367
9dec89d7e3ce4aaa881374ed1a59c10f,k-means,warm,exec,queue,0.04882311820983887,2.384185791015625e-07,2.384185791015625e-07,1609702212.8158455,1609702213.1051705,0.2893249988555908,1609702212.902899,1609702212.9089124,0.006013393402099609
df1a0a3317b14430a998e745c51ead59,k-means,warm,exec,queue,0.043868064880371094,2.384185791015625e-07,2.384185791015625e-07,1609702212.8184958,1609702213.0825183,0.2640225887298584,1609702212.8984299,1609702212.904783,0.006353139877319336
8e00d07f04b64395b3b63a0806268cc0,k-means,warm,exec,queue,0.03952145576477051,2.384185791015625e-07,2.384185791015625e-07,1609702212.8211112,1609702213.1299102,0.30879902839660645,1609702212.892334,1609702212.8971887,0.004854679107666016
7dade53b2ff74f8eaa48c2373af30bb5,k-means,warm,exec,queue,0.03486204147338867,2.384185791015625e-07,4.76837158203125e-07,1609702212.8240361,1609702212.9877007,0.1636645793914795,1609702212.8871408,1609702212.8925798,0.005439043045043945
b6747b85f1794d86ba3b5c7cd61e954d,k-means,warm,exec,queue,0.030403614044189453,2.384185791015625e-07,0.0,1609702212.8258593,1609702212.9632394,0.13738012313842773,1609702212.8830566,1609702212.8900597,0.007003068923950195
e0d80a19adb9423ca9193c7861476594,k-means,warm,exec,queue,0.025832176208496094,2.384185791015625e-07,0.0,1609702212.8274655,1609702213.1087363,0.28127074241638184,1609702212.8784819,1609702212.885181,0.006699085235595703
b9ee94a9ed22418fb8f8ea7a01b6ed5b,k-means,warm,exec,queue,0.00960993766784668,4.76837158203125e-07,2.384185791015625e-07,1609702212.82908,1609702212.929476,0.10039591789245605,1609702212.8574286,1609702212.8663363,0.008907794952392578
41f6c56aee7c4d859db7df5c6d56d523,k-means,warm,exec,queue,0.014935731887817383,2.384185791015625e-07,2.384185791015625e-07,1609702212.830681,1609702212.9663036,0.13562250137329102,1609702212.862303,1609702212.8710213,0.008718252182006836
ba68253dd82e4abe874ac7a9530e356a,k-means,warm,exec,queue,0.019352436065673828,2.384185791015625e-07,2.384185791015625e-07,1609702212.8324485,1609702213.0805018,0.24805331230163574,1609702212.8678935,1609702212.8765988,0.008705377578735352
de26792481e24018a05fea82a8cc3eb4,k-means,warm,exec,queue,0.023667335510253906,4.76837158203125e-07,0.0,1609702212.8340483,1609702212.9668887,0.13284039497375488,1609702212.8768013,1609702212.88582,0.009018659591674805
62399671b02b4a5a87dec964299f8ff8,k-means,warm,exec,queue,7.605552673339844e-05,4.76837158203125e-07,2.384185791015625e-07,1609702213.8138797,1609702213.977346,0.163466215133667,1609702213.860418,1609702213.8683822,0.007964134216308594
680baf7aeda747058194ef74df383c9e,k-means,warm,exec,queue,0.006659269332885742,2.384185791015625e-07,2.384185791015625e-07,1609702213.8180857,1609702213.975362,0.15727639198303223,1609702213.8604717,1609702213.868359,0.00788736343383789
60e92cf4f9b647e0b7badd34b6325ecc,k-means,warm,exec,queue,0.011284351348876953,2.384185791015625e-07,2.384185791015625e-07,1609702213.8206532,1609702214.527436,0.7067828178405762,1609702213.8657115,1609702213.8736522,0.00794076919555664
cf95ab2cda2c481fa122701b63a689cb,k-means,warm,exec,queue,0.016534090042114258,2.384185791015625e-07,2.384185791015625e-07,1609702213.8232012,1609702213.9763675,0.1531662940979004,1609702213.8714504,1609702213.8790996,0.00764918327331543
6ab0f4a5eefc406ba49f09c72fe80607,k-means,warm,exec,queue,0.021770954132080078,2.384185791015625e-07,0.0,1609702213.8260195,1609702213.9742682,0.14824867248535156,1609702213.8795455,1609702213.884509,0.00496363639831543
bf5a4d2364a34265b174aedb58a1d925,k-means,warm,exec,queue,0.026144742965698242,2.384185791015625e-07,2.384185791015625e-07,1609702213.8286028,1609702214.533201,0.7045981884002686,1609702213.8816018,1609702213.887467,0.0058650970458984375
ada25152f1c445b68afaf22611c373c3,k-means,warm,exec,queue,0.03151059150695801,4.76837158203125e-07,2.384185791015625e-07,1609702213.8302271,1609702214.531129,0.7009017467498779,1609702213.8873274,1609702213.8921318,0.004804372787475586
6595cba8435949a18a2a1e61b4d5fe11,k-means,warm,exec,queue,0.03711080551147461,2.384185791015625e-07,0.0,1609702213.831764,1609702214.8269033,0.9951393604278564,1609702213.893802,1609702213.899392,0.005589962005615234
13f35c38eb0a497eb6846c993a1a48d9,k-means,warm,exec,queue,0.04211020469665527,4.76837158203125e-07,2.384185791015625e-07,1609702213.8332665,1609702215.0587401,1.2254736423492432,1609702213.898693,1609702213.903459,0.004765987396240234
cd435c8cd70c43e1aeb1cfcfcfcc334c,k-means,warm,exec,queue,0.04679298400878906,2.384185791015625e-07,0.0,1609702213.8350427,1609702214.8920815,1.0570387840270996,1609702213.9055455,1609702213.9120924,0.006546974182128906
305f3e762ff94560926cba817e363187,k-means,warm,exec,queue,0.05141401290893555,2.384185791015625e-07,0.0,1609702213.836547,1609702215.0515869,1.2150399684906006,1609702213.9087033,1609702213.9124882,0.0037848949432373047
f1f62b68a35f4db5b612a40b710c8c9b,k-means,warm,exec,queue,0.05696988105773926,2.384185791015625e-07,2.384185791015625e-07,1609702213.8380342,1609702215.0553353,1.2173011302947998,1609702213.9173336,1609702213.9237545,0.00642085075378418
d3bd0d3b8cff4763ab2c930e67f974aa,video,warm,exec,queue,0.01609325408935547,0.0,4.76837158203125e-07,1609702213.8395295,1609702214.5305018,0.6909723281860352,1609702213.8796322,1609702213.896562,0.01692986488342285
236541029fbe4d15999abde10122d87e,k-means,warm,exec,queue,0.004114866256713867,4.76837158203125e-07,2.384185791015625e-07,1609702214.804898,1609702215.0581155,0.2532174587249756,1609702214.8372123,1609702214.8445432,0.007330894470214844
6ffd46c091074a8b8d5dea939e0b62d6,k-means,warm,exec,queue,0.014008045196533203,2.384185791015625e-07,2.384185791015625e-07,1609702214.809087,1609702215.3599079,0.5508208274841309,1609702214.8488958,1609702214.859336,0.01044011116027832
ec9dcb5546524f57bc8e21fee7623d31,k-means,warm,exec,queue,0.019512414932250977,2.384185791015625e-07,2.384185791015625e-07,1609702214.8117268,1609702215.3350027,0.5232758522033691,1609702214.8541164,1609702214.8604717,0.00635528564453125
51c2e68b631b4e8eaf1cd2ddfaa13471,k-means,warm,exec,queue,0.02479839324951172,2.384185791015625e-07,2.384185791015625e-07,1609702214.8143945,1609702215.2718682,0.4574737548828125,1609702214.8592486,1609702214.8646162,0.0053675174713134766
d94ead10331141aaa174114abbfe2614,k-means,warm,exec,queue,0.029435157775878906,2.384185791015625e-07,2.384185791015625e-07,1609702214.816957,1609702215.2740793,0.4571223258972168,1609702214.8667471,1609702214.8734794,0.00673222541809082
6d0e5dcdbc0949539e64bb34999caa27,k-means,warm,exec,queue,0.0340573787689209,4.76837158203125e-07,0.0,1609702214.8189058,1609702215.2712297,0.45232391357421875,1609702214.8708608,1609702214.877237,0.0063762664794921875
70d6f73142b041e49803205c359efdb6,k-means,warm,exec,queue,0.008893251419067383,4.76837158203125e-07,2.384185791015625e-07,1609702214.8205101,1609702215.0547018,0.2341916561126709,1609702214.8429601,1609702214.85104,0.008079767227172852
7fddb56a558c489b9aa9db55fd1ae785,k-means,warm,exec,queue,0.006128072738647461,4.76837158203125e-07,0.0,1609702215.8191233,1609702215.9568028,0.1376795768737793,1609702215.8709824,1609702215.8796465,0.008664131164550781
c16eb3f7c5b344a48efd38208baf55b4,video,warm,exec,queue,0.019233226776123047,3.5762786865234375e-06,2.384185791015625e-07,1609702215.8235974,1609702216.7577631,0.9341657161712646,1609702215.8971093,1609702215.9142928,0.017183542251586914
d43d2a35ef0f4a40bd32afaecc5187e3,k-means,warm,exec,queue,0.04617571830749512,2.384185791015625e-07,0.0,1609702215.826278,1609702216.752888,0.926609992980957,1609702215.9156845,1609702215.9229114,0.0072269439697265625
eb6f40fb836c4f988e055c10813c350a,k-means,warm,exec,queue,0.05295538902282715,2.384185791015625e-07,2.384185791015625e-07,1609702215.8289273,1609702216.721958,0.8930306434631348,1609702215.9213312,1609702215.927489,0.006157875061035156
e8e265f4a21e43cf95def93012bcedae,k-means,warm,exec,queue,0.025455951690673828,2.384185791015625e-07,2.384185791015625e-07,1609702215.831829,1609702216.1493182,0.3174891471862793,1609702215.8963234,1609702215.903192,0.006868600845336914
151ed78dfa2740d39193ee7d01df020c,k-means,warm,exec,queue,0.030310630798339844,2.384185791015625e-07,2.384185791015625e-07,1609702215.8335476,1609702216.1511707,0.3176231384277344,1609702215.9009151,1609702215.9089386,0.008023500442504883
105a584d472141e2aa84e7b1324429e6,k-means,warm,exec,queue,0.03766965866088867,2.384185791015625e-07,0.0,1609702215.8350866,1609702216.7567778,0.9216911792755127,1609702215.9026191,1609702215.9098125,0.007193326950073242
f7adfe9a40844459a796b8db229a0e38,k-means,warm,exec,queue,0.04319119453430176,4.76837158203125e-07,0.0,1609702215.8366232,1609702217.6101725,1.7735493183135986,1609702215.9126408,1609702215.920521,0.007880210876464844
2e4c0f6667ab46528cc4621c7a9b87cc,k-means,warm,exec,queue,0.018407583236694336,9.5367431640625e-07,2.384185791015625e-07,1609702215.838155,1609702216.63805,0.7998950481414795,1609702215.8827462,1609702215.890892,0.008145809173583984
136b80f546db41ce9e3bc58726267c13,k-means,warm,exec,queue,0.013709545135498047,2.384185791015625e-07,4.76837158203125e-07,1609702215.8398216,1609702215.955166,0.11534452438354492,1609702215.876729,1609702215.884452,0.007723093032836914
13bafffc94334954ad1e3dc87975488e,k-means,warm,exec,queue,0.008722066879272461,2.384185791015625e-07,2.384185791015625e-07,1609702215.8413723,1609702215.938199,0.09682679176330566,1609702215.8707943,1609702215.8792844,0.00849008560180664
a345024209c74c18abdd1ac7fa29333b,matmul,warm,exec,queue,0.0310823917388916,2.384185791015625e-07,2.384185791015625e-07,1609702215.8428974,1609702216.6360626,0.7931652069091797,1609702215.9012506,1609702215.9124527,0.011202096939086914
6642a308fe464f52a094d3e3103c750c,map_reduce,warm,exec,queue,0.028439760208129883,2.384185791015625e-07,2.384185791015625e-07,1609702215.8444436,1609702216.719937,0.8754935264587402,1609702215.9023588,1609702215.9877396,0.08538079261779785
4c3f87b6e5014754989e26fb5715a878,disk,warm,exec,queue,0.03134489059448242,2.384185791015625e-07,0.0,1609702215.8460913,1609702217.6083481,1.7622568607330322,1609702215.9030252,1609702215.911664,0.008638858795166016
910dc782d06a4fb4873d2c02a4154523,image,cold,exec,create,0.041587114334106445,4.495249032974243,2.384185791015625e-07,1609702215.8476207,1609702220.4877725,4.640151739120483,1609702220.4065907,1609702220.4262152,0.01962447166442871
f4dcf61fea12482bb7fa34ce5c8efaa1,k-means,warm,exec,queue,0.00359344482421875,7.152557373046875e-07,0.0,1609702216.8275726,1609702217.9631307,1.1355581283569336,1609702216.8941126,1609702216.9021804,0.008067846298217773
04df998a34084bce95bb5a3882c1de61,k-means,warm,exec,queue,0.0223538875579834,2.384185791015625e-07,0.0,1609702216.8312802,1609702217.9643924,1.1331121921539307,1609702216.9044843,1609702216.912764,0.008279800415039062
0dd4d7d5d1f345a0a3d263e491841b7a,k-means,warm,exec,queue,0.027525663375854492,2.384185791015625e-07,4.76837158203125e-07,1609702216.8335032,1609702218.1652946,1.3317914009094238,1609702216.9102695,1609702216.9149158,0.00464630126953125
4a16136551184b9992686ec0956c55df,k-means,warm,exec,queue,0.03298759460449219,2.384185791015625e-07,0.0,1609702216.8360322,1609702218.3145854,1.478553295135498,1609702216.915113,1609702216.9200547,0.004941701889038086
c9b861453f404a9d8dfeec065f821cdc,k-means,warm,exec,queue,0.03813672065734863,2.384185791015625e-07,0.0,1609702216.8376973,1609702218.1643462,1.3266489505767822,1609702216.9208355,1609702216.9268224,0.005986928939819336
da70d75f6dad47f683f41000907db66c,k-means,warm,exec,queue,0.04282116889953613,2.384185791015625e-07,0.0,1609702216.8391554,1609702218.1601424,1.3209869861602783,1609702216.9258788,1609702216.930299,0.004420280456542969
1b2a8d1000f84ecc9398c78fcdf4ac49,k-means,warm,exec,queue,0.0475163459777832,2.384185791015625e-07,0.0,1609702216.8406336,1609702218.1820757,1.3414421081542969,1609702216.9329698,1609702216.9398322,0.0068624019622802734
66e8a215e1e04ca0b1866a56d839edcd,k-means,warm,exec,queue,0.052926063537597656,2.384185791015625e-07,2.384185791015625e-07,1609702216.8420913,1609702218.151982,1.3098907470703125,1609702216.9371254,1609702216.9415362,0.004410743713378906
bd42f6bfc5c540d18b3046cda858c577,k-means,warm,exec,queue,0.05842232704162598,4.76837158203125e-07,2.384185791015625e-07,1609702216.8436728,1609702218.7889218,1.945249080657959,1609702216.9457977,1609702216.9508872,0.005089521408081055
c0260f81017d40d7b00edde95a085e9d,k-means,warm,exec,queue,0.06357240676879883,0.0,2.384185791015625e-07,1609702216.8451452,1609702218.1526067,1.3074615001678467,1609702216.949117,1609702216.9533446,0.004227638244628906
08f6b32edc5a48ac9566a64f6d742b7e,k-means,warm,exec,queue,0.015006303787231445,2.384185791015625e-07,0.0,1609702216.846603,1609702218.1580837,1.3114807605743408,1609702216.8939152,1609702216.902095,0.008179903030395508
58a02d71c544420ea8ff94d4a52d3748,k-means,warm,exec,queue,0.019805192947387695,2.384185791015625e-07,0.0,1609702216.8480597,1609702218.183541,1.3354814052581787,1609702216.899477,1609702216.9077625,0.0082855224609375
c76a634330224a7883e73c62d0a8b252,k-means,warm,exec,queue,0.06751680374145508,7.152557373046875e-07,2.384185791015625e-07,1609702216.8496363,1609702218.3121276,1.4624912738800049,1609702216.9553776,1609702216.9618335,0.006455898284912109
11b52a7f986e4ba2b6f286163e6ed76f,k-means,warm,exec,queue,0.07203984260559082,2.384185791015625e-07,0.0,1609702216.851105,1609702219.02786,2.176754951477051,1609702216.9593463,1609702216.963563,0.004216670989990234
b65e6b1b9b4841c999a3c4151c506e4a,k-means,warm,exec,queue,0.07745766639709473,4.76837158203125e-07,2.384185791015625e-07,1609702216.8525727,1609702218.2417455,1.3891727924346924,1609702216.9670067,1609702216.9726088,0.005602121353149414
e06cd39888ff4f70a8ec9639e1aecb4d,k-means,warm,exec,queue,0.08211088180541992,2.384185791015625e-07,2.384185791015625e-07,1609702216.8541043,1609702219.0271041,2.172999858856201,1609702216.9705157,1609702216.9747574,0.0042417049407958984
4e85931056b14467b0290cde35fab290,k-means,warm,exec,queue,0.08666682243347168,4.76837158203125e-07,2.384185791015625e-07,1609702216.8555465,1609702218.164664,1.3091175556182861,1609702216.9767442,1609702216.983355,0.006610870361328125
e5b9e27acbb840849e378cd05a510943,k-means,warm,exec,queue,0.09208416938781738,4.76837158203125e-07,2.384185791015625e-07,1609702216.8569992,1609702218.7861452,1.9291460514068604,1609702216.9817307,1609702216.9887006,0.006969928741455078
98538cbbe83b4f38a17baaa2d8c4ba8a,k-means,warm,exec,queue,0.09667420387268066,4.76837158203125e-07,2.384185791015625e-07,1609702216.858454,1609702218.7872941,1.928840160369873,1609702216.9908428,1609702216.9970872,0.0062444210052490234
28413e7c136e4d348c3e640e2cff2c29,k-means,warm,exec,queue,0.10119748115539551,2.384185791015625e-07,2.384185791015625e-07,1609702216.8599846,1609702218.315024,1.4550392627716064,1609702216.9932349,1609702216.9991307,0.005895853042602539
9ed73f801dc24f6fb06c50dd3f727143,k-means,warm,exec,queue,0.10655379295349121,7.152557373046875e-07,2.384185791015625e-07,1609702216.8614602,1609702219.0223722,2.160912036895752,1609702216.998213,1609702217.0043917,0.006178617477416992
bce81f97f0434a18b1cd984a5e2ab8e5,k-means,warm,exec,queue,0.11129045486450195,2.384185791015625e-07,2.384185791015625e-07,1609702216.8629005,1609702218.159352,1.2964515686035156,1609702217.0051935,1609702217.0106757,0.005482196807861328
f98c278961a8451d85e2ae2f811ae37d,k-means,warm,exec,queue,0.002942800521850586,2.384185791015625e-07,2.384185791015625e-07,1609702217.8165984,1609702218.461489,0.644890546798706,1609702217.8632643,1609702217.8719592,0.008694887161254883
68c96bcb4528434cb23d7db3bbd32535,k-means,warm,exec,queue,0.010463714599609375,2.384185791015625e-07,2.384185791015625e-07,1609702217.8206944,1609702218.7838852,0.9631907939910889,1609702217.8628902,1609702217.8700986,0.007208347320556641
87a3fa00124142de81e4a3bd4d3bcd66,k-means,warm,exec,queue,0.03275561332702637,2.384185791015625e-07,4.76837158203125e-07,1609702217.8231647,1609702218.7850702,0.9619054794311523,1609702217.8904152,1609702217.895658,0.005242824554443359
7b2f81d2b4a2447e9474528209ba872e,k-means,warm,exec,queue,0.028157949447631836,2.384185791015625e-07,0.0,1609702217.8256347,1609702219.018583,1.192948341369629,1609702217.8848596,1609702217.8896868,0.004827260971069336
888b2cb613084aaeaaa24a59aa55138c,k-means,warm,exec,queue,0.022890090942382812,2.384185791015625e-07,0.0,1609702217.828498,1609702218.1490955,0.32059764862060547,1609702217.8793414,1609702217.884233,0.004891633987426758
253953b6e93a46489b82260013016823,k-means,warm,exec,queue,0.014853715896606445,2.384185791015625e-07,2.384185791015625e-07,1609702217.8300886,1609702218.5631375,0.7330489158630371,1609702217.8674517,1609702217.875947,0.008495330810546875
359a2524c0a843c98fd4d6813503eda9,k-means,warm,exec,queue,0.019258975982666016,2.384185791015625e-07,2.384185791015625e-07,1609702217.8316739,1609702218.1587164,0.3270425796508789,1609702217.8719237,1609702217.8788002,0.006876468658447266
919e64efade9414fa84b7acbca59989e,k-means,warm,exec,queue,0.0366518497467041,4.76837158203125e-07,2.384185791015625e-07,1609702217.8332624,1609702218.164985,0.3317224979400635,1609702217.8960557,1609702217.9017916,0.005735874176025391
a8efcd51317d44a6a154ad1ff4854ac6,k-means,warm,exec,queue,0.04136490821838379,2.384185791015625e-07,2.384185791015625e-07,1609702217.8349473,1609702218.163973,0.3290257453918457,1609702217.90265,1609702217.909002,0.006351947784423828
c54c53b9bbb340fca07560b32bbb9164,k-means,warm,exec,queue,0.0457761287689209,2.384185791015625e-07,2.384185791015625e-07,1609702217.8365386,1609702218.3437274,0.5071887969970703,1609702217.906105,1609702217.911002,0.004896879196166992
f8275b609eee43a8ab2579233d714c2e,k-means,warm,exec,queue,0.050544023513793945,2.384185791015625e-07,2.384185791015625e-07,1609702217.8381128,1609702218.346003,0.5078902244567871,1609702217.9106529,1609702217.9168053,0.00615239143371582
17c8184ee36c49f793bfe2374ce5590f,video,warm,exec,queue,0.019040584564208984,0.0,2.384185791015625e-07,1609702217.8396976,1609702219.0274334,1.1877357959747314,1609702217.880433,1609702217.8976283,0.01719522476196289
7ac505b3eb81456a98d70f140b426b8f,k-means,warm,exec,queue,7.462501525878906e-05,4.76837158203125e-07,2.384185791015625e-07,1609702218.807897,1609702219.1259766,0.31807947158813477,1609702218.8408468,1609702218.8491883,0.008341550827026367
64b16931a092406d8de81224443d04c4,k-means,warm,exec,queue,0.0059244632720947266,4.76837158203125e-07,2.384185791015625e-07,1609702218.8102672,1609702219.026449,0.21618175506591797,1609702218.8409452,1609702218.8485773,0.007632017135620117
c013a445081940cdbc356d7ecf567b13,k-means,warm,exec,queue,0.011221170425415039,2.384185791015625e-07,0.0,1609702218.8117182,1609702219.1703176,0.3585994243621826,1609702218.845027,1609702218.8519588,0.006931781768798828
fb1ffcaf548e4fe69944f48e3a1dbcda,k-means,warm,exec,queue,0.01602625846862793,4.76837158203125e-07,2.384185791015625e-07,1609702218.813182,1609702219.0267832,0.21360111236572266,1609702218.8518167,1609702218.8593948,0.007578134536743164
4f9a3433679f4d64b3d9ef670d0255a6,k-means,warm,exec,queue,0.021616220474243164,4.76837158203125e-07,2.384185791015625e-07,1609702218.8150349,1609702219.0217323,0.2066974639892578,1609702218.8615487,1609702218.867597,0.006048440933227539
e77878654d9f49ceb1f9d196e1d49fd3,k-means,warm,exec,queue,0.02634429931640625,4.76837158203125e-07,0.0,1609702218.8165054,1609702219.2797644,0.4632589817047119,1609702218.861783,1609702218.866727,0.0049440860748291016
01a194fc63f5467aa1c858db2fb24e59,k-means,warm,exec,queue,0.03151702880859375,2.384185791015625e-07,0.0,1609702218.8179462,1609702219.2304974,0.4125511646270752,1609702218.867481,1609702218.8728054,0.005324363708496094
1cf9531e376b45779a84913bd01ac099,k-means,warm,exec,queue,0.03609323501586914,2.384185791015625e-07,2.384185791015625e-07,1609702218.8193853,1609702219.2780547,0.45866942405700684,1609702218.8738904,1609702218.8800159,0.006125450134277344
42735a861cda48e7996fb3becc73c404,k-means,warm,exec,queue,0.04128861427307129,4.76837158203125e-07,2.384185791015625e-07,1609702218.8208425,1609702219.1170022,0.2961597442626953,1609702218.8786883,1609702218.883111,0.004422664642333984
43b8cc20a629483c91756cacf97476f2,k-means,warm,exec,queue,0.0019338130950927734,4.76837158203125e-07,2.384185791015625e-07,1609702219.8198855,1609702219.984681,0.1647953987121582,1609702219.8732247,1609702219.8799894,0.006764650344848633
bb4a8374e78e47edbb4cbe12db657cd8,k-means,warm,exec,queue,0.0485990047454834,4.76837158203125e-07,2.384185791015625e-07,1609702219.8241243,1609702220.2332325,0.40910816192626953,1609702219.9196715,1609702219.926108,0.006436347961425781
becb423c3b0743bb8b5a7f22aadb724a,k-means,warm,exec,queue,0.0533597469329834,4.76837158203125e-07,2.384185791015625e-07,1609702219.8266928,1609702220.371124,0.544431209564209,1609702219.9251957,1609702219.9323032,0.00710749626159668
48d8b85c939c489eb7e3a15c037de5da,k-means,warm,exec,queue,0.014925718307495117,2.384185791015625e-07,2.384185791015625e-07,1609702219.8292022,1609702219.9868805,0.15767836570739746,1609702219.8794959,1609702219.887017,0.007521152496337891
1f7c657cf33046108aeb814bd280f1f5,k-means,warm,exec,queue,0.02039623260498047,4.76837158203125e-07,0.0,1609702219.832033,1609702220.2359414,0.40390849113464355,1609702219.8931615,1609702219.9008672,0.0077056884765625
1a24d116e43b4562b73c5f974e387fe2,k-means,warm,exec,queue,0.025344371795654297,4.76837158203125e-07,0.0,1609702219.8335934,1609702220.0686922,0.23509883880615234,1609702219.8958488,1609702219.9027772,0.006928443908691406
17535b841faf4a33b9aae53197198fbf,k-means,warm,exec,queue,0.031037569046020508,4.76837158203125e-07,2.384185791015625e-07,1609702219.8350186,1609702220.2346687,0.39965009689331055,1609702219.8968813,1609702219.9011712,0.004289865493774414
a79686e2715e4553bb0cd97339f0ad1f,k-means,warm,exec,queue,0.03617453575134277,2.384185791015625e-07,0.0,1609702219.836454,1609702220.1012263,0.2647724151611328,1609702219.902302,1609702219.9084585,0.006156444549560547
a49f94681de74789bec49e1599860818,k-means,warm,exec,queue,0.041635751724243164,2.384185791015625e-07,2.384185791015625e-07,1609702219.8378751,1609702220.3685224,0.5306472778320312,1609702219.9129603,1609702219.9195712,0.006610870361328125
7a74390be1b543f8b144c7a7194aa338,k-means,warm,exec,queue,0.04628300666809082,4.76837158203125e-07,2.384185791015625e-07,1609702219.8394215,1609702220.1336625,0.29424095153808594,1609702219.9152899,1609702219.9214559,0.006165981292724609
8ad3cfd373f4482191b3d65af8e168b2,k-means,warm,exec,queue,0.009615659713745117,2.384185791015625e-07,0.0,1609702219.8408484,1609702219.9812527,0.14040422439575195,1609702219.8745499,1609702219.8822212,0.007671356201171875
5862446232274dcb9ac34f8298a0be89,k-means,warm,exec,queue,0.00693511962890625,2.384185791015625e-07,2.384185791015625e-07,1609702219.8422785,1609702219.9852674,0.142988920211792,1609702219.874596,1609702219.8823342,0.0077381134033203125
e3dea1800890493a859744d864807401,k-means,warm,exec,queue,0.058507442474365234,4.76837158203125e-07,2.384185791015625e-07,1609702219.8437026,1609702220.2939532,0.45025062561035156,1609702219.930811,1609702219.9359,0.0050890445709228516
0c9dad39f355473d98f44dbc3c233864,k-means,warm,exec,queue,0.06356215476989746,0.0,2.384185791015625e-07,1609702219.8452415,1609702220.3716886,0.526447057723999,1609702219.934584,1609702219.9409113,0.006327390670776367
02920b692f5143c49c56dbb8526b8b77,k-means,warm,exec,queue,0.06888771057128906,2.384185791015625e-07,0.0,1609702219.8466768,1609702220.0694926,0.22281575202941895,1609702219.9419472,1609702219.9484515,0.0065042972564697266
fa4f0eaa41084092bc261bd01783a2f1,video,warm,exec,queue,0.015722274780273438,2.384185791015625e-07,2.384185791015625e-07,1609702219.848106,1609702220.0691264,0.22102046012878418,1609702219.8969395,1609702219.9138105,0.016870975494384766
eac3100268af4004abff1289a7ecb674,k-means,warm,exec,queue,0.0030679702758789062,4.76837158203125e-07,2.384185791015625e-07,1609702220.8153427,1609702220.9475603,0.1322176456451416,1609702220.8584077,1609702220.8660238,0.0076160430908203125
8a06b7a929324d65a5574264a5648958,k-means,warm,exec,queue,0.015596151351928711,4.76837158203125e-07,2.384185791015625e-07,1609702220.819359,1609702220.978977,0.15961790084838867,1609702220.8693175,1609702220.8762937,0.006976127624511719
560e55bef6dd4ebf95efe9dd22fd442f,k-means,warm,exec,queue,0.020029783248901367,2.384185791015625e-07,0.0,1609702220.8218696,1609702221.0238836,0.20201396942138672,1609702220.876246,1609702220.8831751,0.006929159164428711
9f0fbcac798b4f05a13875053059e5ba,k-means,warm,exec,queue,0.025049686431884766,2.384185791015625e-07,2.384185791015625e-07,1609702220.8243518,1609702221.0796459,0.2552940845489502,1609702220.879815,1609702220.8851922,0.005377054214477539
34684f33b65d4abe89b1cbd487dbeacf,k-means,warm,exec,queue,0.02978515625,2.384185791015625e-07,0.0,1609702220.8271163,1609702221.164066,0.33694982528686523,1609702220.8847508,1609702220.8901696,0.0054187774658203125
0b523080fc9c448c9d64cce04e88f675,k-means,warm,exec,queue,0.034587860107421875,7.152557373046875e-07,2.384185791015625e-07,1609702220.8292286,1609702221.021189,0.19196033477783203,1609702220.8920314,1609702220.8972409,0.005209445953369141
bcb0d74dc8b646ebb2554f2c018bd54a,k-means,warm,exec,queue,0.04026651382446289,2.384185791015625e-07,0.0,1609702220.8306518,1609702221.1954153,0.3647634983062744,1609702220.8962293,1609702220.9006343,0.004405021667480469
6188d8ba17924b6b9ce94dcdd663bd50,k-means,warm,exec,queue,0.04507088661193848,4.76837158203125e-07,0.0,1609702220.8320673,1609702221.2208421,0.3887748718261719,1609702220.9022956,1609702220.907299,0.005003452301025391
f784a84b7d294684948cfe4ad9bfde4f,k-means,warm,exec,queue,0.04969525337219238,2.384185791015625e-07,0.0,1609702220.8334992,1609702221.2223809,0.3888816833496094,1609702220.9060793,1609702220.9115903,0.005511045455932617
0916e5203e274b22aba08f9f4e467f1e,k-means,warm,exec,queue,0.008478164672851562,2.384185791015625e-07,0.0,1609702220.835198,1609702220.948038,0.11284017562866211,1609702220.8584654,1609702220.865834,0.007368564605712891
e158dc8144c543c3817fdd8455204ef4,k-means,warm,exec,queue,0.013326644897460938,2.384185791015625e-07,2.384185791015625e-07,1609702220.8366241,1609702220.9452214,0.1085972785949707,1609702220.8634598,1609702220.870153,0.006693124771118164
82f5d4b8b45b470abb73aa54fec165a5,matmul,warm,exec,queue,0.021509408950805664,2.384185791015625e-07,0.0,1609702220.8380468,1609702221.0244782,0.1864314079284668,1609702220.8767438,1609702220.8865204,0.009776592254638672
f70b1de44a534902b5e090443660bc3f,k-means,warm,exec,queue,0.0076482295989990234,4.76837158203125e-07,2.384185791015625e-07,1609702221.8153925,1609702221.9224544,0.10706186294555664,1609702221.8551636,1609702221.8624053,0.007241725921630859
07deb26af0ba4a44aef3e102c0cc05b9,k-means,warm,exec,queue,0.05216360092163086,2.384185791015625e-07,2.384185791015625e-07,1609702221.8194368,1609702222.2232885,0.4038517475128174,1609702221.9047434,1609702221.9106371,0.005893707275390625
86dc2e62ae5d4311a5aca40eace9346e,video,warm,exec,queue,0.01668548583984375,2.384185791015625e-07,4.76837158203125e-07,1609702221.8219678,1609702222.25765,0.4356820583343506,1609702221.8736897,1609702221.8902974,0.01660776138305664
39521d47146e49f2a3ad53cf36e813d7,k-means,warm,exec,queue,0.048174381256103516,2.384185791015625e-07,2.384185791015625e-07,1609702221.8245,1609702222.1761885,0.3516883850097656,1609702221.9009693,1609702221.9070303,0.006061077117919922
8460af5bbfa241d1b15e689fd581dd99,k-means,warm,exec,queue,0.04364180564880371,2.384185791015625e-07,2.384185791015625e-07,1609702221.8272414,1609702221.9893763,0.16213488578796387,1609702221.8987703,1609702221.9059124,0.007142066955566406
ed3d26498c5044ca94e083665c676559,k-means,warm,exec,queue,0.03879094123840332,2.384185791015625e-07,2.384185791015625e-07,1609702221.829245,1609702221.9686358,0.1393907070159912,1609702221.889554,1609702221.895287,0.005733013153076172
92b03d3f065d4e49b3d28ee10531233a,k-means,warm,exec,queue,0.033528804779052734,2.384185791015625e-07,2.384185791015625e-07,1609702221.8306725,1609702222.0915341,0.2608616352081299,1609702221.8836896,1609702221.8892736,0.005584001541137695
164e1f91b6f641029301c08e454fa6a1,k-means,warm,exec,queue,0.028584003448486328,4.76837158203125e-07,2.384185791015625e-07,1609702221.832109,1609702222.0898728,0.2577638626098633,1609702221.879761,1609702221.8850687,0.005307674407958984
19bf5fa016764102ab9fc701c3f60bba,k-means,warm,exec,queue,0.01159811019897461,2.384185791015625e-07,2.384185791015625e-07,1609702221.8335505,1609702222.1767857,0.3432352542877197,1609702221.859492,1609702221.867665,0.008172988891601562
ca9655f6db624a57a396f030a559a8cb,k-means,warm,exec,queue,0.016002655029296875,2.384185791015625e-07,4.76837158203125e-07,1609702221.8350828,1609702221.969114,0.1340312957763672,1609702221.8639922,1609702221.8719273,0.007935047149658203
469e676cda8b4bcdbcc28dd37daf7910,k-means,warm,exec,queue,0.023672819137573242,2.384185791015625e-07,2.384185791015625e-07,1609702221.8365142,1609702221.9657116,0.129197359085083,1609702221.8739753,1609702221.8792248,0.005249500274658203
69d03ab7c45e499d95eba070fd6caa42,k-means,warm,exec,queue,0.009603261947631836,2.384185791015625e-07,2.384185791015625e-07,1609702222.8192806,1609702222.941263,0.12198233604431152,1609702222.8651264,1609702222.872513,0.007386684417724609
48f0d0ef41174e5b80a0a9cf74d2bf66,k-means,warm,exec,queue,0.03241586685180664,2.384185791015625e-07,2.384185791015625e-07,1609702222.8235393,1609702223.0197208,0.1961815357208252,1609702222.891319,1609702222.89616,0.004840850830078125
e52583a236054bc2934f56f40f451e8d,k-means,warm,exec,queue,0.037065982818603516,4.76837158203125e-07,2.384185791015625e-07,1609702222.8261786,1609702222.9859066,0.1597280502319336,1609702222.8964179,1609702222.902562,0.006144046783447266
26a39653c2fa45fe9f3551509f946237,k-means,warm,exec,queue,0.04147815704345703,2.384185791015625e-07,0.0,1609702222.8287199,1609702223.1445236,0.31580376625061035,1609702222.901398,1609702222.9064395,0.005041599273681641
529c3fd057384df49909426f2a888dc7,k-means,warm,exec,queue,0.04680681228637695,2.384185791015625e-07,2.384185791015625e-07,1609702222.830485,1609702223.142739,0.3122539520263672,1609702222.9076743,1609702222.9136336,0.005959272384643555
81886ec996094ee59206635e542781e1,k-means,warm,exec,queue,0.05214214324951172,2.384185791015625e-07,2.384185791015625e-07,1609702222.8320568,1609702223.0589342,0.22687745094299316,1609702222.912419,1609702222.9170315,0.004612445831298828
7df3bf56770244ed909f56e8b8569249,k-means,warm,exec,queue,0.05743837356567383,2.384185791015625e-07,0.0,1609702222.8336425,1609702223.0180447,0.1844022274017334,1609702222.9199479,1609702222.926685,0.006737232208251953
5dcec07d510f475f868d9ad5493ecb82,k-means,warm,exec,queue,0.06216859817504883,2.384185791015625e-07,2.384185791015625e-07,1609702222.835204,1609702223.0885434,0.2533395290374756,1609702222.9235463,1609702222.9276593,0.004112958908081055
3840a34a88f246d48137cb2f85cd220b,k-means,warm,exec,queue,0.027869224548339844,4.76837158203125e-07,2.384185791015625e-07,1609702222.8367798,1609702223.0879705,0.2511906623840332,1609702222.8848593,1609702222.8907382,0.005878925323486328
d7759c262a2f400d84f88284f4162ad2,k-means,warm,exec,queue,0.022857189178466797,2.384185791015625e-07,2.384185791015625e-07,1609702222.8384786,1609702222.9841528,0.1456742286682129,1609702222.8791993,1609702222.8836205,0.004421234130859375
63ae2ed183d54bf48ea490ba10769189,k-means,warm,exec,queue,0.013427734375,4.76837158203125e-07,4.76837158203125e-07,1609702222.840048,1609702222.9426417,0.10259366035461426,1609702222.8695588,1609702222.8777306,0.008171796798706055
d0a9ac56aae3459db35104886cb06362,k-means,warm,exec,queue,0.017985820770263672,2.384185791015625e-07,2.384185791015625e-07,1609702222.8416533,1609702223.0851197,0.24346637725830078,1609702222.8747654,1609702222.8828986,0.008133172988891602
d51ee914b1ff4167bdf23d69c5f57631,k-means,warm,exec,queue,0.06725001335144043,2.384185791015625e-07,0.0,1609702222.8432024,1609702223.060651,0.21744871139526367,1609702222.9298573,1609702222.9356902,0.0058329105377197266
14f17c71901e49a3ba57cce74ff44498,k-means,warm,exec,queue,7.772445678710938e-05,2.384185791015625e-07,2.384185791015625e-07,1609702223.8122425,1609702223.9383936,0.12615108489990234,1609702223.8465474,1609702223.8541045,0.0075571537017822266
4a9a971fe9474dcf9624b7af81f0d198,video,warm,exec,queue,0.01962423324584961,4.76837158203125e-07,2.384185791015625e-07,1609702223.816371,1609702224.1139624,0.2975914478302002,1609702223.8711257,1609702223.8882003,0.0170745849609375
476cb2a9e50d47c59b3db710087f0208,k-means,warm,exec,queue,0.0035970211029052734,4.76837158203125e-07,0.0,1609702223.818969,1609702223.9365633,0.11759424209594727,1609702223.8464155,1609702223.8539827,0.007567167282104492
48df874f6f7f456398357fb62f23b269,k-means,warm,exec,queue,0.008593559265136719,2.384185791015625e-07,2.384185791015625e-07,1609702223.821557,1609702223.977512,0.15595483779907227,1609702223.852304,1609702223.8601413,0.007837295532226562
d28216b245544edcb838ebcf8a5a6854,k-means,warm,exec,queue,0.01324772834777832,4.76837158203125e-07,2.384185791015625e-07,1609702223.824142,1609702224.0026,0.17845797538757324,1609702223.8575099,1609702223.8657982,0.008288383483886719
cae734e431f945dca8226918aad14348,k-means,warm,exec,queue,0.020258665084838867,9.5367431640625e-07,2.384185791015625e-07,1609702223.8260667,1609702224.0061007,0.18003392219543457,1609702223.8706083,1609702223.876631,0.00602269172668457
21e9d02cfc8e4d31969f0365905c69f0,k-means,warm,exec,queue,0.026882410049438477,4.76837158203125e-07,4.76837158203125e-07,1609702223.8276246,1609702224.0282626,0.2006380558013916,1609702223.8730097,1609702223.8790126,0.006002902984619141
14882bd6d94c4e62b35c2ec5f70336bb,k-means,warm,exec,queue,0.032103538513183594,4.76837158203125e-07,2.384185791015625e-07,1609702223.8291972,1609702224.0043888,0.17519164085388184,1609702223.8767307,1609702223.8830705,0.0063397884368896484
97a1ce41ac444008b9ad2e3354add282,k-means,warm,exec,queue,0.0018770694732666016,4.76837158203125e-07,0.0,1609702224.8227117,1609702224.9635851,0.14087343215942383,1609702224.8795197,1609702224.88736,0.007840394973754883
f41428611d6641278c428e1741a1b53b,k-means,warm,exec,queue,0.036615848541259766,2.384185791015625e-07,2.384185791015625e-07,1609702224.826927,1609702225.107349,0.2804219722747803,1609702224.9149,1609702224.9196653,0.00476527214050293
d57804a654b840b7881056c6152320c0,k-means,warm,exec,queue,0.04152560234069824,2.384185791015625e-07,0.0,1609702224.829502,1609702225.122898,0.29339599609375,1609702224.9196618,1609702224.9263146,0.00665283203125
84c14e2a550b436aabd140fbf1e92768,k-means,warm,exec,queue,0.04692339897155762,2.384185791015625e-07,2.384185791015625e-07,1609702224.8320115,1609702225.1660395,0.3340280055999756,1609702224.9253845,1609702224.9308465,0.005461931228637695
b51493b000284198be4f5647c45f657c,k-means,warm,exec,queue,0.05256843566894531,2.384185791015625e-07,2.384185791015625e-07,1609702224.834817,1609702225.1252985,0.2904815673828125,1609702224.9319086,1609702224.9373581,0.005449533462524414
17cb27f512db4847ae1b82456f6b7642,k-means,warm,exec,queue,0.019799470901489258,4.76837158203125e-07,0.0,1609702224.8378484,1609702224.996858,0.15900945663452148,1609702224.8916943,1609702224.8991458,0.007451534271240234
f4af46b3efe249958b878d45b9230894,k-means,warm,exec,queue,0.02422499656677246,2.384185791015625e-07,2.384185791015625e-07,1609702224.8405006,1609702224.9985676,0.158066987991333,1609702224.9003508,1609702224.9067082,0.006357431411743164
9ca426ad46c3419c8bba615f054af340,k-means,warm,exec,queue,0.028792858123779297,4.76837158203125e-07,2.384185791015625e-07,1609702224.8427987,1609702225.0656295,0.22283077239990234,1609702224.9015248,1609702224.9067073,0.005182504653930664
1d9863eb414f410e9b0e83714dc8d47d,k-means,warm,exec,queue,0.03413248062133789,2.384185791015625e-07,2.384185791015625e-07,1609702224.845125,1609702225.1079724,0.2628474235534668,1609702224.9077613,1609702224.914832,0.007070779800415039
707f7f2c1b8148948fcc58cc697f4cef,k-means,warm,exec,queue,0.014386177062988281,2.384185791015625e-07,2.384185791015625e-07,1609702224.8476248,1609702224.966052,0.11842727661132812,1609702224.8856199,1609702224.893968,0.008348226547241211
59019510a6644b30bc1472b478874076,k-means,warm,exec,queue,0.00935673713684082,2.384185791015625e-07,4.76837158203125e-07,1609702224.8495378,1609702225.125829,0.2762911319732666,1609702224.8807511,1609702224.8887873,0.008036136627197266
61e32d8a85194cc382860cc223d877ef,k-means,warm,exec,queue,0.006974220275878906,4.76837158203125e-07,2.384185791015625e-07,1609702224.85114,1609702224.9665675,0.11542749404907227,1609702224.8806994,1609702224.8889515,0.008252143859863281
ccb11123a5a04828a044651f16407fd1,k-means,warm,exec,queue,0.05731821060180664,2.384185791015625e-07,2.384185791015625e-07,1609702224.8527372,1609702225.1213953,0.2686581611633301,1609702224.93713,1609702224.9427178,0.00558781623840332
9497f2f4d83d4e3a831d83579e322d85,matmul,warm,exec,queue,0.015043497085571289,2.384185791015625e-07,0.0,1609702224.854797,1609702225.2222881,0.3674912452697754,1609702224.9010477,1609702224.91094,0.00989222526550293
fd0c2ccefd794a62835d8307d77e7777,k-means,warm,exec,queue,0.0005462169647216797,4.76837158203125e-07,2.384185791015625e-07,1609702225.8219237,1609702226.4009414,0.5790176391601562,1609702225.86793,1609702225.8764405,0.008510589599609375
a770562fcf454df5a990128ecf100bd7,video,warm,exec,queue,0.023706674575805664,2.384185791015625e-07,0.0,1609702225.825662,1609702228.5283911,2.7027292251586914,1609702225.8968673,1609702225.913307,0.01643967628479004
9788e84328a0462f832a1da237461bdf,k-means,warm,exec,queue,0.03842473030090332,2.384185791015625e-07,0.0,1609702225.8278484,1609702226.8841372,1.056288719177246,1609702225.9019766,1609702225.90798,0.006003379821777344
a036c198c9544d61809bfdab0d171e7e,k-means,warm,exec,queue,0.04382038116455078,7.152557373046875e-07,2.384185791015625e-07,1609702225.830063,1609702228.33914,2.5090768337249756,1609702225.9110756,1609702225.918235,0.00715947151184082
b9494ab494574d16aea1a047c0160d87,k-means,warm,exec,queue,1.0045018196105957,4.76837158203125e-07,4.76837158203125e-07,1609702225.8325455,1609702227.2381682,1.4056227207183838,1609702226.8866622,1609702226.8954372,0.008774995803833008
488b6b1ba2af40b39ed2b7e0437fac25,k-means,warm,exec,queue,0.004669189453125,4.76837158203125e-07,2.384185791015625e-07,1609702225.8339987,1609702226.4028618,0.5688631534576416,1609702225.8683293,1609702225.8770866,0.008757352828979492
78f0a27ad54b41b192bab60c4f266faf,k-means,warm,exec,queue,0.009244441986083984,4.76837158203125e-07,2.384185791015625e-07,1609702225.8354259,1609702225.9906123,0.15518641471862793,1609702225.8683395,1609702225.8764992,0.008159637451171875
809b665c17e24271acd65e16a2393b30,k-means,warm,exec,queue,0.014194726943969727,2.384185791015625e-07,0.0,1609702225.8368902,1609702227.238529,1.4016387462615967,1609702225.872573,1609702225.8805768,0.008003950119018555
58d6193b0b0643bd9e6572791f22b187,k-means,warm,exec,queue,0.018630266189575195,2.384185791015625e-07,0.0,1609702225.838331,1609702228.3319323,2.4936013221740723,1609702225.8777204,1609702225.8849025,0.007182121276855469
ecb8e9970d3a4e4f8362dd2f4a1a1370,k-means,warm,exec,queue,0.03246903419494629,2.384185791015625e-07,2.384185791015625e-07,1609702225.839872,1609702228.3396854,2.4998135566711426,1609702225.8975213,1609702225.9047527,0.007231473922729492
c96061d17440456fb5ff196c37460ba0,k-means,warm,exec,queue,0.03693103790283203,2.384185791015625e-07,2.384185791015625e-07,1609702225.8413565,1609702226.8855066,1.0441501140594482,1609702225.8972256,1609702225.90278,0.0055544376373291016
7d7199968aab40728d7d475772a47b44,map_reduce,warm,exec,queue,0.028162479400634766,2.384185791015625e-07,2.384185791015625e-07,1609702225.8427987,1609702227.1734817,1.3306829929351807,1609702225.8976483,1609702225.9834163,0.08576798439025879
e237fa06e56d4475b8ecddb18b1b52f7,k-means,warm,exec,queue,0.014805078506469727,2.384185791015625e-07,0.0,1609702226.8297365,1609702228.8615606,2.0318241119384766,1609702226.8877118,1609702226.896284,0.00857234001159668
c6f57413e31748c18ef9a14346c4ac94,k-means,warm,exec,queue,0.015555143356323242,2.384185791015625e-07,2.384185791015625e-07,1609702226.8343222,1609702227.1215005,0.28717827796936035,1609702226.8903282,1609702226.8975127,0.007184505462646484
f23b9bacde8e4e35b4d75a356549ccbb,k-means,warm,exec,queue,0.020015716552734375,4.76837158203125e-07,2.384185791015625e-07,1609702226.8369992,1609702227.826873,0.9898738861083984,1609702226.8973846,1609702226.9056907,0.008306026458740234
98f9168a8db4433c9ac92c9f1073c989,k-means,warm,exec,queue,0.024534225463867188,4.76837158203125e-07,4.76837158203125e-07,1609702226.8400557,1609702227.1233854,0.28332972526550293,1609702226.909225,1609702226.917255,0.008029937744140625
f3563962bbc9496b81da45728962387e,k-means,warm,exec,queue,0.031304121017456055,2.384185791015625e-07,2.384185791015625e-07,1609702226.8418174,1609702227.2390442,0.39722681045532227,1609702226.9091597,1609702226.9143739,0.005214214324951172
9f7e03290d74493cab895433f1556f9f,k-means,warm,exec,queue,0.036170244216918945,2.384185791015625e-07,2.384185791015625e-07,1609702226.8434212,1609702227.8256671,0.982245922088623,1609702226.913552,1609702226.9200258,0.0064737796783447266
00e4f50598ba4ad2aec7d171aae63b14,k-means,warm,exec,queue,0.04121041297912598,4.76837158203125e-07,4.76837158203125e-07,1609702226.8450463,1609702228.666436,1.8213896751403809,1609702226.9219606,1609702226.9294407,0.007480144500732422
d673062c9791446b8460377ea6279bd3,k-means,warm,exec,queue,0.04592585563659668,2.384185791015625e-07,4.76837158203125e-07,1609702226.8468032,1609702228.5254188,1.6786155700683594,1609702226.9259992,1609702226.930644,0.004644870758056641
41be008199d648e4a6e89b929201d856,k-means,warm,exec,queue,0.05053997039794922,2.384185791015625e-07,2.384185791015625e-07,1609702226.8484797,1609702228.5289478,1.6804680824279785,1609702226.9302874,1609702226.936091,0.005803585052490234
f3dbc919f8e14183b25d52f0428959cd,k-means,warm,exec,queue,0.05553293228149414,2.384185791015625e-07,0.0,1609702226.850149,1609702227.2333722,0.383223295211792,1609702226.937528,1609702226.9439416,0.006413698196411133
01f99266b74c4b52b515fe4ea512d17a,k-means,warm,exec,queue,0.059841156005859375,4.76837158203125e-07,0.0,1609702226.8518589,1609702228.8612287,2.0093698501586914,1609702226.9423957,1609702226.9478362,0.005440473556518555
3fa2eaaeb87a4fc79ac9c73cddb9e59a,k-means,warm,exec,queue,0.06431770324707031,2.384185791015625e-07,2.384185791015625e-07,1609702226.8534544,1609702228.3385615,1.485107183456421,1609702226.9464602,1609702226.9531918,0.006731510162353516
0e105db300a944c494f636881e3c942d,k-means,warm,exec,queue,0.06868457794189453,4.76837158203125e-07,2.384185791015625e-07,1609702226.8550253,1609702228.6646674,1.8096420764923096,1609702226.952783,1609702226.9587688,0.005985736846923828
ba3720db564143f3a0c237e1f7017f40,k-means,warm,exec,queue,0.0731058120727539,4.76837158203125e-07,2.384185791015625e-07,1609702226.856617,1609702227.233977,0.37736010551452637,1609702226.9580076,1609702226.9626415,0.004633903503417969
45f481772d664ea1b5e2dcee1c1dbcfa,k-means,warm,exec,queue,0.9819469451904297,4.76837158203125e-07,2.384185791015625e-07,1609702226.8582973,1609702229.167154,2.308856725692749,1609702227.88062,1609702227.888953,0.008332967758178711
f3c9d287a9b447f2a2d5bd3605f8e5a5,k-means,warm,exec,queue,0.009554147720336914,4.76837158203125e-07,2.384185791015625e-07,1609702227.8305721,1609702228.3800995,0.5495274066925049,1609702227.881367,1609702227.889122,0.0077550411224365234
5e623e3a8ff4407f87a9a650cdb1715d,k-means,warm,exec,queue,0.051976680755615234,2.384185791015625e-07,2.384185791015625e-07,1609702227.832972,1609702228.7181835,0.8852114677429199,1609702227.9281204,1609702227.9345467,0.006426334381103516
98172f72a18b490690a72184991b9dac,k-means,warm,exec,queue,0.0563054084777832,2.384185791015625e-07,0.0,1609702227.8346784,1609702228.7152765,0.8805980682373047,1609702227.9361186,1609702227.9433877,0.007269144058227539
a23f7fc2fadf41f0982b53b4bbdcd51d,k-means,warm,exec,queue,0.061318397521972656,2.384185791015625e-07,2.384185791015625e-07,1609702227.83645,1609702228.8608499,1.024399757385254,1609702227.940268,1609702227.9463654,0.006097316741943359
c0134a9ebe884a34b4d684d9416d77d2,k-means,warm,exec,queue,0.016635417938232422,4.76837158203125e-07,2.384185791015625e-07,1609702227.8383257,1609702228.3326285,0.49430274963378906,1609702227.886723,1609702227.8953505,0.00862741470336914
7ed85bccc1464e95850775994b7ade4a,k-means,warm,exec,queue,0.022096872329711914,4.76837158203125e-07,2.384185791015625e-07,1609702227.8398778,1609702229.1646192,1.3247413635253906,1609702227.9060376,1609702227.9147084,0.008670806884765625
71ac616baf6340d28470409491f3c802,k-means,warm,exec,queue,0.02926325798034668,7.152557373046875e-07,2.384185791015625e-07,1609702227.8414497,1609702228.3782728,0.536823034286499,1609702227.9074614,1609702227.914067,0.006605625152587891
627b5ae8885746f6bc09dc4bdcf21df4,k-means,warm,exec,queue,0.03497195243835449,2.384185791015625e-07,0.0,1609702227.8429923,1609702228.7220492,0.8790569305419922,1609702227.9081118,1609702227.9137394,0.005627632141113281
b379e2285b19408696b74efe953878a8,k-means,warm,exec,queue,0.03941988945007324,2.384185791015625e-07,0.0,1609702227.8446252,1609702228.8622642,1.017638921737671,1609702227.9111893,1609702227.9186702,0.0074808597564697266
c13aa36929ca4833a6996fb7ce6f56ca,k-means,warm,exec,queue,0.04490017890930176,4.76837158203125e-07,2.384185791015625e-07,1609702227.8463387,1609702228.3379364,0.49159765243530273,1609702227.9207485,1609702227.928927,0.008178472518920898
c6fc36724961443c96f105dd12a57611,k-means,warm,exec,queue,0.050241708755493164,2.384185791015625e-07,0.0,1609702227.848028,1609702229.16773,1.3197021484375,1609702227.924204,1609702227.929057,0.004852771759033203
ed0948fc6af3427a94cc5038ee6c0000,k-means,warm,exec,queue,0.01372528076171875,4.76837158203125e-07,0.0,1609702227.8498757,1609702228.721478,0.8716022968292236,1609702227.8818479,1609702227.8904233,0.008575439453125
ede417c2346f4ceda5cec3470170add6,k-means,warm,exec,queue,0.9861345291137695,4.76837158203125e-07,0.0,1609702227.8514287,1609702228.9905062,1.1390774250030518,1609702228.8767939,1609702228.8836226,0.006828784942626953
861bc0467ab14ce8a36b5a609337c633,video,warm,exec,queue,0.016617774963378906,4.76837158203125e-07,2.384185791015625e-07,1609702227.854134,1609702228.7187574,0.8646233081817627,1609702227.9081347,1609702227.9253755,0.01724076271057129
8e909b291bb44151a494079b53bed8b0,k-means,warm,exec,queue,0.01356053352355957,4.76837158203125e-07,0.0,1609702228.825543,1609702228.9884057,0.16286277770996094,1609702228.8779373,1609702228.8855805,0.007643222808837891
2992b05fbac74ac79029099c3a90e385,k-means,warm,exec,queue,0.012258768081665039,4.76837158203125e-07,2.384185791015625e-07,1609702228.8297052,1609702229.1345098,0.30480456352233887,1609702228.8826861,1609702228.8904405,0.007754325866699219
a749a86df340404992cf8fb7a56939ff,k-means,warm,exec,queue,0.017543554306030273,4.76837158203125e-07,2.384185791015625e-07,1609702228.8323245,1609702229.135067,0.30274248123168945,1609702228.8936725,1609702228.9015687,0.007896184921264648
b1c8c35376b34483b07e0e427d75a80e,k-means,warm,exec,queue,0.0231473445892334,7.152557373046875e-07,2.384185791015625e-07,1609702228.8349438,1609702229.198817,0.3638732433319092,1609702228.8943644,1609702228.8991036,0.004739284515380859
12cc3fda566443918ef7645d9ed3350b,k-means,warm,exec,queue,0.028154850006103516,2.384185791015625e-07,2.384185791015625e-07,1609702228.838274,1609702229.1705782,0.3323042392730713,1609702228.8996432,1609702228.9057956,0.00615239143371582
e927560b4f58406eb8829b5716264c80,k-means,warm,exec,queue,0.034058570861816406,2.384185791015625e-07,0.0,1609702228.8406749,1609702229.0455983,0.20492339134216309,1609702228.9069097,1609702228.9127493,0.00583958625793457
981beb8f140145a8a0c173e794322f29,k-means,warm,exec,queue,0.03858613967895508,2.384185791015625e-07,2.384185791015625e-07,1609702228.8421474,1609702229.293306,0.4511587619781494,1609702228.9123652,1609702228.917775,0.005409717559814453
724487683555463cbb39870ba5b65e36,k-means,warm,exec,queue,0.043836355209350586,7.152557373046875e-07,2.384185791015625e-07,1609702228.8436062,1609702229.367285,0.5236787796020508,1609702228.9183083,1609702228.9247916,0.006483316421508789
13099adab3ee4549ab23cb2cf97e59b9,k-means,warm,exec,queue,0.04907941818237305,2.384185791015625e-07,2.384185791015625e-07,1609702228.845079,1609702229.1315265,0.28644752502441406,1609702228.9238,1609702228.9299195,0.006119489669799805
f844815af0824395821392c64ab449ac,k-means,warm,exec,queue,0.054193973541259766,2.384185791015625e-07,0.0,1609702228.8466592,1609702229.323041,0.476381778717041,1609702228.930561,1609702228.9379435,0.007382392883300781
673b0ded83bb4e0eb2c40eb7d2af6a32,k-means,warm,exec,queue,0.058626651763916016,2.384185791015625e-07,0.0,1609702228.8481193,1609702229.2926888,0.44456958770751953,1609702228.9357634,1609702228.9430122,0.007248878479003906
1bca3a63d427402b8981d87e2e080d69,k-means,warm,exec,queue,0.9900102615356445,4.76837158203125e-07,2.384185791015625e-07,1609702228.8495932,1609702229.9695013,1.119908094406128,1609702229.873995,1609702229.8816059,0.007610797882080078
24183a428ffe439480cce0c3f94e8a95,k-means,warm,exec,queue,0.010797500610351562,4.76837158203125e-07,2.384185791015625e-07,1609702229.8290336,1609702229.9701478,0.1411142349243164,1609702229.8742862,1609702229.882242,0.007955789566040039
3a9e1a6ef649428b9dd65708c3365e3f,video,warm,exec,queue,0.017455339431762695,2.384185791015625e-07,4.76837158203125e-07,1609702229.833072,1609702230.2198153,0.38674330711364746,1609702229.8970163,1609702229.9127178,0.0157015323638916
03c14d1f35644bfdabc2a2843bfcdc73,k-means,warm,exec,queue,0.9896297454833984,2.384185791015625e-07,2.384185791015625e-07,1609702229.835614,1609702230.945256,1.1096420288085938,1609702230.8651958,1609702230.8722794,0.0070836544036865234
95a7eb2632f14d62991639291bf016de,k-means,warm,exec,queue,0.049050331115722656,2.384185791015625e-07,0.0,1609702229.8381639,1609702230.1334627,0.29529881477355957,1609702229.9182215,1609702229.924149,0.005927562713623047
5aceb3ba61934f1cadf1e9c2960c227f,k-means,warm,exec,queue,0.04383540153503418,2.384185791015625e-07,0.0,1609702229.8411386,1609702230.059174,0.21803545951843262,1609702229.9147933,1609702229.9209118,0.0061185359954833984
fc05d5bdd93f4d9bb782b4835f8573ef,k-means,warm,exec,queue,0.03905034065246582,4.76837158203125e-07,2.384185791015625e-07,1609702229.843658,1609702230.276572,0.43291401863098145,1609702229.9095373,1609702229.9173172,0.007779836654663086
1fd507b9a0f74282b649566b7e18e025,k-means,warm,exec,queue,0.01505589485168457,2.384185791015625e-07,0.0,1609702229.8453891,1609702229.966387,0.12099790573120117,1609702229.8780332,1609702229.8863208,0.008287668228149414
ac0351bf12954b9c8c4dc5c72529f181,k-means,warm,exec,queue,0.020249128341674805,2.384185791015625e-07,2.384185791015625e-07,1609702229.8468556,1609702230.1022184,0.25536274909973145,1609702229.884492,1609702229.8921208,0.007628917694091797
3ec2dd65956848da9135b8bccdd9c610,k-means,warm,exec,queue,0.02670001983642578,2.384185791015625e-07,2.384185791015625e-07,1609702229.848329,1609702229.9996588,0.15132975578308105,1609702229.896791,1609702229.9036903,0.006899356842041016
457d603d52b44a76be87656e8558b74d,k-means,warm,exec,queue,0.03141951560974121,4.76837158203125e-07,2.384185791015625e-07,1609702229.8499215,1609702230.2206886,0.37076711654663086,1609702229.9029408,1609702229.9091063,0.006165504455566406
075ea268e62048df837edfcce8795f4c,k-means,warm,exec,queue,0.0364832878112793,4.76837158203125e-07,7.152557373046875e-07,1609702229.8513923,1609702230.135339,0.2839467525482178,1609702229.902941,1609702229.9090946,0.006153583526611328
3339469bfade4914bfa5dd0f070c2213,k-means,warm,exec,queue,0.009153604507446289,2.384185791015625e-07,0.0,1609702230.8258564,1609702231.0240235,0.198167085647583,1609702230.8657448,1609702230.873114,0.007369279861450195
23d3352f197b44549b108b92287b7ffb,k-means,cold,exec,create,-4.982570171356201,5.627923250198364,2.384185791015625e-07,1609702230.8292718,1609702231.5739155,0.7446436882019043,1609702231.5107126,1609702231.5189579,0.008245229721069336
88d0b576d63c496cae7f895058312e90,k-means,warm,exec,queue,0.0504305362701416,2.384185791015625e-07,0.0,1609702230.8313432,1609702231.241769,0.41042590141296387,1609702230.915538,1609702230.9241102,0.008572101593017578
cd97a40fb2ec47fd9e754bcc1f1a2784,k-means,warm,exec,queue,0.045911550521850586,2.384185791015625e-07,2.384185791015625e-07,1609702230.8334823,1609702231.2412152,0.4077329635620117,1609702230.9107668,1609702230.9158685,0.005101680755615234
acf869e8a5ce4f379db5249d1a821322,k-means,warm,exec,queue,0.04036736488342285,2.384185791015625e-07,0.0,1609702230.8357804,1609702231.0220962,0.18631577491760254,1609702230.9031556,1609702230.909456,0.006300449371337891
467178ce3c3e488f9d691b4260be7a4e,k-means,warm,exec,queue,0.03579592704772949,2.384185791015625e-07,0.0,1609702230.8374445,1609702231.2386189,0.40117430686950684,1609702230.8993285,1609702230.9050922,0.0057637691497802734
95a6d7c614b64c299ea85492ea747eb8,k-means,warm,exec,queue,0.030536413192749023,4.76837158203125e-07,2.384185791015625e-07,1609702230.8389466,1609702231.0967126,0.2577660083770752,1609702230.8950484,1609702230.9018667,0.006818294525146484
285aeedcfdcb453585b5a3cc5d784c18,k-means,warm,exec,queue,0.012792587280273438,2.384185791015625e-07,0.0,1609702230.840456,1609702231.020401,0.1799449920654297,1609702230.8708956,1609702230.8783236,0.00742793083190918
bbf06cfd5b424ba28ded53735d6fc4c2,k-means,warm,exec,queue,0.018157958984375,2.384185791015625e-07,2.384185791015625e-07,1609702230.8419244,1609702230.9840178,0.14209342002868652,1609702230.8828137,1609702230.889136,0.006322383880615234
ad9a0e9d18f84496bce54c3dc41f19de,k-means,warm,exec,queue,0.022681474685668945,2.384185791015625e-07,2.384185791015625e-07,1609702230.8435316,1609702231.0954309,0.25189924240112305,1609702230.8841486,1609702230.8904169,0.00626826286315918
ad5bc05a0f044140a16fb9268b480a4d,k-means,warm,exec,queue,0.027332305908203125,2.384185791015625e-07,2.384185791015625e-07,1609702230.8450265,1609702230.9833806,0.13835406303405762,1609702230.8870485,1609702230.8940954,0.007046937942504883
5349b6108e8f4388840c0b89659c33a7,matmul,warm,exec,queue,0.019397974014282227,2.384185791015625e-07,4.76837158203125e-07,1609702230.8464916,1609702230.9846702,0.13817858695983887,1609702230.8844144,1609702230.8929114,0.008496999740600586
b3b0df2d94fe49be83c3deb5a03e901e,k-means,warm,exec,queue,0.008679389953613281,4.76837158203125e-07,2.384185791015625e-07,1609702231.8282297,1609702231.9481242,0.11989450454711914,1609702231.8743827,1609702231.8820233,0.0076406002044677734
dedffc9a846246648c60dae2d6e2bc11,k-means,warm,exec,queue,0.03386878967285156,2.384185791015625e-07,2.384185791015625e-07,1609702231.8323138,1609702232.029695,0.19738125801086426,1609702231.902352,1609702231.9081442,0.005792140960693359
ad9b6ce0222f40ad8472f7ab1ef04ad5,k-means,warm,exec,queue,0.03933429718017578,2.384185791015625e-07,2.384185791015625e-07,1609702231.8348248,1609702232.030468,0.19564318656921387,1609702231.9075644,1609702231.9143002,0.006735801696777344
3c6ebb60edad4cb9ac66a0c19586b03a,k-means,warm,exec,queue,0.029242277145385742,7.152557373046875e-07,4.76837158203125e-07,1609702231.8373346,1609702232.0267084,0.18937373161315918,1609702231.8985684,1609702231.9046445,0.00607609748840332
e2c96a4ccc014f4e84c9dbc532c7c765,k-means,warm,exec,queue,0.023859262466430664,7.152557373046875e-07,2.384185791015625e-07,1609702231.8401392,1609702231.9836674,0.14352822303771973,1609702231.8917758,1609702231.8976052,0.005829334259033203
abc90551ade54215b3463a2367806b51,k-means,warm,exec,queue,0.0178070068359375,2.384185791015625e-07,2.384185791015625e-07,1609702231.8418322,1609702232.0235143,0.18168210983276367,1609702231.8842757,1609702231.8919988,0.007723093032836914
2a138d7920b0488faa76d9678eee45b8,k-means,warm,exec,queue,0.012540578842163086,2.384185791015625e-07,2.384185791015625e-07,1609702231.8432689,1609702231.949233,0.10596418380737305,1609702231.8777096,1609702231.8842137,0.006504058837890625
50115fc0e3ba417da05666dbe304eb09,k-means,warm,exec,queue,0.06330704689025879,2.384185791015625e-07,2.384185791015625e-07,1609702231.8447292,1609702232.0261528,0.18142366409301758,1609702231.935496,1609702231.9412155,0.005719423294067383
02e3c3f784cf4d089c8363e416cb6878,k-means,warm,exec,queue,0.05877685546875,2.384185791015625e-07,2.384185791015625e-07,1609702231.8461702,1609702232.1495714,0.30340123176574707,1609702231.9303555,1609702231.9362206,0.0058650970458984375
d163e24f1e9e4dae8e7e158d7057ef03,k-means,warm,exec,queue,0.05422377586364746,2.384185791015625e-07,0.0,1609702231.847721,1609702232.0300853,0.18236422538757324,1609702231.9240944,1609702231.9298928,0.00579833984375
d7e4cbf6d89e4b028a350f6d87f75d8e,k-means,warm,exec,queue,0.048746585845947266,2.384185791015625e-07,2.384185791015625e-07,1609702231.8491848,1609702232.1823752,0.3331904411315918,1609702231.9192798,1609702231.9258344,0.006554603576660156
a6b9008c384a476484ec42f32d0ec47f,k-means,warm,exec,queue,0.04373741149902344,2.384185791015625e-07,2.384185791015625e-07,1609702231.8506203,1609702232.1267378,0.27611756324768066,1609702231.9152648,1609702231.9218297,0.0065648555755615234
6df1d1d443984d559ad8edda64dce924,k-means,warm,exec,queue,0.06786203384399414,4.76837158203125e-07,2.384185791015625e-07,1609702231.8520555,1609702232.124846,0.27279043197631836,1609702231.9404674,1609702231.9460979,0.0056304931640625
33c55b09df2849ce9b28adab186dc282,video,warm,exec,queue,0.0160524845123291,0.0,0.0,1609702231.853913,1609702231.981462,0.1275489330291748,1609702231.8925755,1609702231.909403,0.01682758331298828
d8f98e03455e408d92f176a277d2999b,k-means,warm,exec,queue,8.344650268554688e-05,4.76837158203125e-07,2.384185791015625e-07,1609702232.8206275,1609702232.9979103,0.17728281021118164,1609702232.8573253,1609702232.8652074,0.007882118225097656
b573e4456a04419ba4f59915c459528a,k-means,warm,exec,queue,0.005262851715087891,4.76837158203125e-07,2.384185791015625e-07,1609702232.8246303,1609702232.9349127,0.11028242111206055,1609702232.8568811,1609702232.865005,0.00812387466430664
a6e5dff14c0844b4b470764cd8d6898f,k-means,warm,exec,queue,0.010000944137573242,9.5367431640625e-07,4.76837158203125e-07,1609702232.8271065,1609702232.938289,0.11118245124816895,1609702232.8605168,1609702232.8675594,0.007042646408081055
86cbf6f22a2148548833ee1c4dfd7a93,k-means,warm,exec,queue,0.014837980270385742,4.76837158203125e-07,2.384185791015625e-07,1609702232.8295984,1609702232.9377193,0.10812091827392578,1609702232.8663015,1609702232.874469,0.008167505264282227
0dd4474fa1af4f70a003f767406b9e89,k-means,warm,exec,queue,0.01928400993347168,2.384185791015625e-07,2.384185791015625e-07,1609702232.8320656,1609702233.1113746,0.2793090343475342,1609702232.8776515,1609702232.8856459,0.007994413375854492
481f0377f21047128a6ead9673a585cf,k-means,warm,exec,queue,0.024969816207885742,2.384185791015625e-07,2.384185791015625e-07,1609702232.8339236,1609702232.9929757,0.15905213356018066,1609702232.8774877,1609702232.883874,0.006386280059814453
a24d2cd85b424f189bb8b0d1e1d15534,k-means,warm,exec,queue,0.029627323150634766,2.384185791015625e-07,0.0,1609702232.8353488,1609702232.9956212,0.16027235984802246,1609702232.8822696,1609702232.8870273,0.00475764274597168
20605b8a80ec47d7bf08e371e37fbbf5,k-means,warm,exec,queue,0.03401517868041992,4.76837158203125e-07,0.0,1609702232.8367956,1609702232.9962378,0.15944218635559082,1609702232.8889048,1609702232.8948083,0.005903482437133789
5e163411675d4dde9ade37b369251872,k-means,warm,exec,queue,0.0026862621307373047,7.152557373046875e-07,2.384185791015625e-07,1609702233.834492,1609702233.975199,0.14070701599121094,1609702233.889298,1609702233.897699,0.008401155471801758
66da6f0182494528a73c14d8ccaab494,k-means,warm,exec,queue,0.01946282386779785,2.384185791015625e-07,4.76837158203125e-07,1609702233.8387718,1609702234.0043974,0.16562557220458984,1609702233.8997002,1609702233.907785,0.008084774017333984
7b3533477e09446cbf7a530469c19112,k-means,warm,exec,queue,0.02682209014892578,4.76837158203125e-07,2.384185791015625e-07,1609702233.8413079,1609702234.0960042,0.2546963691711426,1609702233.909412,1609702233.9147809,0.005368947982788086
4b648dba7aaf44fcbdf14ac54745cf36,k-means,warm,exec,queue,0.03124070167541504,2.384185791015625e-07,2.384185791015625e-07,1609702233.8437905,1609702234.0571856,0.2133951187133789,1609702233.9137943,1609702233.9204109,0.0066165924072265625
59ea3b96226b4b8d9b2835361c11e48c,k-means,warm,exec,queue,0.03590798377990723,2.384185791015625e-07,4.76837158203125e-07,1609702233.8455856,1609702234.0603259,0.21474027633666992,1609702233.9172063,1609702233.9235225,0.006316184997558594
3301e925e0284cd2a1134950068d5088,k-means,warm,exec,queue,0.041056156158447266,2.384185791015625e-07,0.0,1609702233.847011,1609702234.350046,0.5030348300933838,1609702233.9233322,1609702233.9288793,0.005547046661376953
3b7f95df4a09409ea56a63802e6f7906,k-means,warm,exec,queue,0.04565262794494629,2.384185791015625e-07,0.0,1609702233.8484542,1609702234.0609062,0.21245193481445312,1609702233.9293544,1609702233.9355133,0.0061588287353515625
16e7703348a44bf7b76f30d9f386c226,k-means,warm,exec,queue,0.050522804260253906,2.384185791015625e-07,2.384185791015625e-07,1609702233.8498838,1609702234.3506837,0.5007998943328857,1609702233.9350786,1609702233.9412134,0.006134748458862305
ee81f239c1d44b9a8e12d1babd385442,k-means,warm,exec,queue,0.05521893501281738,2.384185791015625e-07,2.384185791015625e-07,1609702233.8513155,1609702234.4053226,0.5540070533752441,1609702233.9404128,1609702233.9457026,0.005289793014526367
bdadfbc93b17460d904e4608e624b39b,k-means,warm,exec,queue,0.05993986129760742,2.384185791015625e-07,0.0,1609702233.852876,1609702234.0976865,0.2448105812072754,1609702233.9443917,1609702233.9492803,0.0048885345458984375
7e7f3fe1cf7443f4899c2aaa8b8db4c9,k-means,warm,exec,queue,0.012461662292480469,4.76837158203125e-07,0.0,1609702233.8543007,1609702233.9757664,0.12146568298339844,1609702233.8894417,1609702233.897856,0.008414268493652344
5558b50dd2b843b5b79d906c07f90fd4,k-means,warm,exec,queue,0.01732325553894043,2.384185791015625e-07,2.384185791015625e-07,1609702233.8557289,1609702233.9709616,0.11523270606994629,1609702233.8946536,1609702233.9029918,0.008338212966918945
831cfb5d89f54648979b702748bb4698,k-means,warm,exec,queue,0.06449031829833984,2.384185791015625e-07,2.384185791015625e-07,1609702233.857256,1609702234.4069765,0.5497205257415771,1609702233.950777,1609702233.9567566,0.0059795379638671875
1a180dc37a9347a1a350285e05be0abb,k-means,warm,exec,queue,0.0693972110748291,2.384185791015625e-07,2.384185791015625e-07,1609702233.85869,1609702234.0565562,0.19786620140075684,1609702233.9548666,1609702233.9591134,0.004246711730957031
993e368bbfeb49bd881a525d154c487c,k-means,warm,exec,queue,0.07492899894714355,2.384185791015625e-07,4.76837158203125e-07,1609702233.8601153,1609702234.2590175,0.39890217781066895,1609702233.963406,1609702233.9688058,0.0053997039794921875
8ace14ad4ec940a4b4e6610f7d6eab4d,k-means,warm,exec,queue,0.07986211776733398,4.76837158203125e-07,0.0,1609702233.861546,1609702234.2597094,0.3981633186340332,1609702233.9664009,1609702233.970566,0.004165172576904297
247f035469cb42d7b8d1c3e900f86fba,video,warm,exec,queue,0.017078876495361328,0.0,2.384185791015625e-07,1609702233.8630648,1609702234.1417513,0.2786865234375,1609702233.9102871,1609702233.9273252,0.01703810691833496
4f25a4659a3d4b81abdc52b96ce28eef,k-means,warm,exec,queue,0.005774259567260742,4.76837158203125e-07,0.0,1609702234.8307357,1609702234.9577723,0.12703657150268555,1609702234.8711882,1609702234.8789794,0.007791280746459961
49ac765dc2aa431aa93b5be5e6228c27,k-means,warm,exec,queue,0.04439520835876465,2.384185791015625e-07,0.0,1609702234.8350196,1609702235.118361,0.2833414077758789,1609702234.9143138,1609702234.92012,0.0058062076568603516
e4f7f008bde84ee5b863bcdc40e3353a,k-means,warm,exec,queue,0.04996967315673828,2.384185791015625e-07,0.0,1609702234.8376358,1609702235.0275435,0.18990778923034668,1609702234.9206295,1609702234.9267097,0.006080150604248047
4ac53b35a1084f52b73a63b01248b303,k-means,warm,exec,queue,0.05524015426635742,2.384185791015625e-07,0.0,1609702234.8402107,1609702235.0665932,0.22638249397277832,1609702234.9262912,1609702234.9322073,0.005916118621826172
22e1a3e2449b45829ac39a599cad1adc,k-means,warm,exec,queue,0.025480031967163086,4.76837158203125e-07,2.384185791015625e-07,1609702234.8430932,1609702235.026996,0.18390274047851562,1609702234.892838,1609702234.8978145,0.004976511001586914
97516d1649e045c6bfebe2e572e3603d,k-means,warm,exec,queue,0.03157210350036621,2.384185791015625e-07,2.384185791015625e-07,1609702234.8451889,1609702235.117751,0.27256202697753906,1609702234.8995223,1609702234.9043689,0.0048465728759765625
1d634f01a876485d92df0bf46af985f1,k-means,warm,exec,queue,0.03628730773925781,2.384185791015625e-07,0.0,1609702234.8467429,1609702235.121044,0.27430105209350586,1609702234.9037342,1609702234.9086783,0.0049440860748291016
62b57b60197b4b33944cebac058ee928,k-means,warm,exec,queue,0.0410761833190918,2.384185791015625e-07,2.384185791015625e-07,1609702234.8483167,1609702235.0684,0.22008323669433594,1609702234.9106603,1609702234.9173,0.006639719009399414
a86f8cb7d8e844c6b4270cb890c24c54,k-means,warm,exec,queue,0.01974010467529297,2.384185791015625e-07,2.384185791015625e-07,1609702234.8498654,1609702234.9610274,0.11116194725036621,1609702234.8853278,1609702234.8900626,0.00473475456237793
d1af751c45c7428fb5d26660351fd251,k-means,warm,exec,queue,0.014844894409179688,4.76837158203125e-07,4.76837158203125e-07,1609702234.851539,1609702235.0242825,0.172743558883667,1609702234.8809175,1609702234.8898897,0.00897216796875
74739e89367b48098335caf90b6cdb8c,k-means,warm,exec,queue,0.01000356674194336,2.384185791015625e-07,2.384185791015625e-07,1609702234.8531237,1609702234.9605565,0.10743284225463867,1609702234.8758368,1609702234.8840084,0.008171558380126953
7e738327ef60409793d7264b283cedae,k-means,warm,exec,queue,0.003316164016723633,7.152557373046875e-07,2.384185791015625e-07,1609702235.8338165,1609702235.9845479,0.15073132514953613,1609702235.8822987,1609702235.8905506,0.00825190544128418
c23db7263cad4617834fab3f95faecb1,video,warm,exec,queue,0.02380967140197754,2.384185791015625e-07,0.0,1609702235.838014,1609702236.1929803,0.354966402053833,1609702235.9100752,1609702235.926834,0.01675891876220703
80f668a7022040d297e179d3c4c24db4,k-means,warm,exec,queue,0.02771139144897461,2.384185791015625e-07,0.0,1609702235.8406503,1609702236.2388575,0.3982071876525879,1609702235.9100373,1609702235.9168658,0.0068285465240478516
d59dd8569e6b486d9dce911101f80dda,k-means,warm,exec,queue,0.03366971015930176,2.384185791015625e-07,2.384185791015625e-07,1609702235.8432043,1609702236.2358043,0.39260005950927734,1609702235.9111085,1609702235.9161086,0.005000114440917969
f2764efa20844afebe050c44d7337a41,k-means,warm,exec,queue,0.038855552673339844,2.384185791015625e-07,2.384185791015625e-07,1609702235.8460457,1609702235.9861639,0.14011812210083008,1609702235.9170423,1609702235.924267,0.0072247982025146484
08f0f77a82884491bb1d06df9c2b98ac,k-means,warm,exec,queue,0.04447579383850098,2.384185791015625e-07,0.0,1609702235.848575,1609702236.0289812,0.1804060935974121,1609702235.9245174,1609702235.9322014,0.007683992385864258
4b9c0e95cea74de58c563680af2ad08a,k-means,warm,exec,queue,0.049526214599609375,2.384185791015625e-07,0.0,1609702235.85004,1609702236.0273256,0.17728567123413086,1609702235.9294949,1609702235.9360213,0.006526470184326172
90f3e419ab9e4444b80f5a191395e1d8,k-means,warm,exec,queue,0.020898818969726562,4.76837158203125e-07,0.0,1609702235.851502,1609702236.1946619,0.34315991401672363,1609702235.9070432,1609702235.914472,0.007428884506225586
18e66507bf5f40389c819549e6d8bd96,k-means,warm,exec,queue,0.01634812355041504,4.76837158203125e-07,0.0,1609702235.8529878,1609702235.960319,0.1073312759399414,1609702235.8915448,1609702235.8993318,0.007786989212036133
f74f2762f6804d0496ebf66b99ed0872,k-means,warm,exec,queue,0.00978541374206543,2.384185791015625e-07,2.384185791015625e-07,1609702235.8545449,1609702236.0256772,0.17113232612609863,1609702235.8825843,1609702235.890982,0.008397579193115234
b417e6ce035e4089b28483998fed6ed7,k-means,warm,exec,queue,0.014614343643188477,2.384185791015625e-07,2.384185791015625e-07,1609702235.8560195,1609702235.9585676,0.10254812240600586,1609702235.8865025,1609702235.8943872,0.007884740829467773
a84354a889bf49429107c9a791123285,matmul,warm,exec,queue,0.029082536697387695,2.384185791015625e-07,2.384185791015625e-07,1609702235.8574984,1609702236.2383237,0.3808252811431885,1609702235.9103515,1609702235.9208806,0.010529041290283203
a7765ebf827540379a4c0106f1603f71,map_reduce,warm,exec,queue,0.027310848236083984,2.384185791015625e-07,4.76837158203125e-07,1609702235.8589838,1609702236.1123924,0.25340867042541504,1609702235.911246,1609702235.9967203,0.08547425270080566
f4fa3bb5bcfd486484c3c185d01cfd36,k-means,warm,exec,queue,0.006093740463256836,4.76837158203125e-07,2.384185791015625e-07,1609702236.8330796,1609702236.9711213,0.13804173469543457,1609702236.8817084,1609702236.889976,0.008267641067504883
eac36fd245c046b7a7fa56a0d8e9519f,k-means,warm,exec,queue,0.05867481231689453,4.76837158203125e-07,2.384185791015625e-07,1609702236.8372173,1609702237.272601,0.43538355827331543,1609702236.9369445,1609702236.9417326,0.00478816032409668
e21f4eb8861047da8c7fe13e05d6f60f,k-means,warm,exec,queue,0.05372190475463867,4.76837158203125e-07,2.384185791015625e-07,1609702236.8397143,1609702237.0679228,0.2282085418701172,1609702236.9316332,1609702236.938008,0.006374835968017578
d9a60491639549d88321cc154f46bf12,k-means,warm,exec,queue,0.048360586166381836,2.384185791015625e-07,0.0,1609702236.8422093,1609702237.2032757,0.3610663414001465,1609702236.9251583,1609702236.9291701,0.004011869430541992
8b8bf7e49d554e279236b299a9152adc,k-means,warm,exec,queue,0.043795108795166016,7.152557373046875e-07,2.384185791015625e-07,1609702236.8448818,1609702237.1533294,0.30844759941101074,1609702236.9222033,1609702236.9288316,0.006628274917602539
4a01a8cc90de428e888d833115525c41,k-means,warm,exec,queue,0.011377811431884766,2.384185791015625e-07,0.0,1609702236.846332,1609702236.9716501,0.12531805038452148,1609702236.8820183,1609702236.8904538,0.008435487747192383
d39fe6dc675946589692719c38750202,k-means,warm,exec,queue,0.01654839515686035,4.76837158203125e-07,0.0,1609702236.847762,1609702236.970547,0.12278485298156738,1609702236.8871942,1609702236.895246,0.008051872253417969
a6a68c7dad584e02835b24b1299065af,k-means,warm,exec,queue,0.020975589752197266,2.384185791015625e-07,0.0,1609702236.8491995,1609702236.9669104,0.11771082878112793,1609702236.8925145,1609702236.9005544,0.00803995132446289
9a9d241d027a4804823a10cd55ddd280,k-means,warm,exec,queue,0.026212453842163086,2.384185791015625e-07,2.384185791015625e-07,1609702236.8506727,1609702237.0470603,0.19638752937316895,1609702236.8991446,1609702236.904769,0.005624294281005859
5858ed9a651947fbb35df73eed74fcbb,k-means,warm,exec,queue,0.031359195709228516,2.384185791015625e-07,0.0,1609702236.852308,1609702237.047577,0.19526886940002441,1609702236.9032686,1609702236.9081557,0.004887104034423828
5731dc318f784ab1a5c702a57aeff4a9,k-means,warm,exec,queue,0.03610396385192871,4.76837158203125e-07,4.76837158203125e-07,1609702236.8538003,1609702237.093737,0.23993659019470215,1609702236.9101522,1609702236.9162025,0.0060503482818603516
efb5b47fdb0a4720ac11237ea8b99407,k-means,warm,exec,queue,0.04086661338806152,2.384185791015625e-07,2.384185791015625e-07,1609702236.8552856,1609702237.1279218,0.27263617515563965,1609702236.9138181,1609702236.917998,0.004179954528808594
fae0dec3245b4292bf8e505c27c9bebc,k-means,warm,exec,queue,0.06285524368286133,2.384185791015625e-07,2.384185791015625e-07,1609702236.8567815,1609702237.0463877,0.1896061897277832,1609702236.944493,1609702236.9513295,0.006836414337158203
6ab57e052b5c4bd7a55817a313dbb7b6,k-means,warm,exec,queue,0.0006291866302490234,4.76837158203125e-07,4.76837158203125e-07,1609702237.8381782,1609702238.0449317,0.20675349235534668,1609702237.8949823,1609702237.9037256,0.0087432861328125
30bc9006a9f5411ea6490527fc0db630,k-means,warm,exec,queue,0.046619415283203125,2.384185791015625e-07,0.0,1609702237.8426309,1609702238.1536515,0.3110206127166748,1609702237.9388871,1609702237.945435,0.0065479278564453125
272023acfa8e4d24b1facaa5f74b9cbc,k-means,warm,exec,queue,0.05194568634033203,7.152557373046875e-07,2.384185791015625e-07,1609702237.845265,1609702238.145631,0.3003661632537842,1609702237.9452531,1609702237.9528353,0.007582187652587891
eb994649479d4b74b648dd99d236ffde,k-means,warm,exec,queue,0.05660128593444824,2.384185791015625e-07,2.384185791015625e-07,1609702237.847846,1609702238.2729754,0.42512941360473633,1609702237.9519858,1609702237.9585204,0.006534576416015625
6e6f845a489e49bf98d22beb7fa948a2,k-means,warm,exec,queue,0.062036752700805664,2.384185791015625e-07,2.384185791015625e-07,1609702237.8507621,1609702238.08564,0.2348778247833252,1609702237.9560475,1609702237.9611678,0.005120277404785156
200a9c0493ee408f8b01ead9dfc731b3,k-means,warm,exec,queue,0.06714749336242676,4.76837158203125e-07,2.384185791015625e-07,1609702237.8530264,1609702238.273393,0.4203665256500244,1609702237.960656,1609702237.967257,0.006601095199584961
716deb808f9d496faeaa5311079f94fc,k-means,warm,exec,queue,0.006816387176513672,4.76837158203125e-07,4.76837158203125e-07,1609702237.8545725,1609702238.0484607,0.19388818740844727,1609702237.8958666,1609702237.9044132,0.008546590805053711
f466b5f13bef4caea7f790b7774fe4df,k-means,warm,exec,queue,0.011507749557495117,2.384185791015625e-07,2.384185791015625e-07,1609702237.8561106,1609702238.0477977,0.19168710708618164,1609702237.895839,1609702237.9042928,0.008453845977783203
29364d2ed2914d31af19d06b2ca9ca65,k-means,warm,exec,queue,0.016715526580810547,2.384185791015625e-07,2.384185791015625e-07,1609702237.8576753,1609702238.1493335,0.2916581630706787,1609702237.9004726,1609702237.9088154,0.008342742919921875
9614933be8614b5f9105b30dfee4e2fc,k-means,warm,exec,queue,0.0211031436920166,4.76837158203125e-07,2.384185791015625e-07,1609702237.859353,1609702238.1860738,0.3267207145690918,1609702237.908279,1609702237.9170394,0.008760452270507812
2d97da4817874547ad3416b3af63eeba,k-means,warm,exec,queue,0.02919745445251465,4.76837158203125e-07,2.384185791015625e-07,1609702237.8609204,1609702238.3469915,0.4860711097717285,1609702237.9192579,1609702237.925306,0.0060482025146484375
93b88cbfe4ae42269ae9ff66dc3b99cd,k-means,warm,exec,queue,0.034383535385131836,2.384185791015625e-07,2.384185791015625e-07,1609702237.8624406,1609702238.050129,0.18768835067749023,1609702237.9208834,1609702237.9266863,0.00580286979675293
e6d12729a45b4f58a6e05248a7db9d91,k-means,warm,exec,queue,0.03950905799865723,2.384185791015625e-07,2.384185791015625e-07,1609702237.8639686,1609702238.152555,0.2885863780975342,1609702237.927177,1609702237.9323292,0.005152225494384766
9449a28d462e4aba936ccb7dab29e9fb,k-means,warm,exec,queue,0.04539370536804199,2.384185791015625e-07,4.76837158203125e-07,1609702237.8656106,1609702238.1520848,0.28647422790527344,1609702237.934477,1609702237.9402711,0.005794048309326172
c56ef4f860bd42d8a782eb80c7394d46,video,warm,exec,queue,0.02314138412475586,2.384185791015625e-07,2.384185791015625e-07,1609702237.8671417,1609702238.148743,0.2816011905670166,1609702237.9204977,1609702237.9368322,0.01633453369140625
f382825c9f6b407ebc1c348c0686dd5f,k-means,warm,exec,queue,0.0012438297271728516,4.76837158203125e-07,2.384185791015625e-07,1609702238.8362846,1609702238.9895601,0.1532754898071289,1609702238.886117,1609702238.8944917,0.008374691009521484
4af8b1e0cad7426ca1eb8f5bc5f62a85,k-means,warm,exec,queue,0.045142412185668945,2.384185791015625e-07,0.0,1609702238.8405244,1609702239.1042016,0.26367712020874023,1609702238.9268577,1609702238.931377,0.004519224166870117
a23e96666e36440489c9fa97c82eee15,k-means,warm,exec,queue,0.00868368148803711,4.76837158203125e-07,2.384185791015625e-07,1609702238.8431349,1609702238.991425,0.14829015731811523,1609702238.8853319,1609702238.8941045,0.008772611618041992
546e0540bdae414a8f730aa5e45f2058,k-means,warm,exec,queue,0.05510139465332031,2.384185791015625e-07,2.384185791015625e-07,1609702238.84576,1609702239.132739,0.28697896003723145,1609702238.939594,1609702238.94591,0.006315946578979492
ee6f41fadfa14a9781328f86786212aa,k-means,warm,exec,queue,0.010341882705688477,2.384185791015625e-07,2.384185791015625e-07,1609702238.8485434,1609702239.1309683,0.2824249267578125,1609702238.886258,1609702238.8945777,0.008319854736328125
d7c821c4d74b486abdf6c2a53e09c0e7,k-means,warm,exec,queue,0.015294790267944336,2.384185791015625e-07,2.384185791015625e-07,1609702238.8501072,1609702239.1344438,0.28433656692504883,1609702238.8908975,1609702238.898932,0.008034467697143555
b4bb64a2e847471891ec5e86c6cab2af,k-means,warm,exec,queue,0.020595788955688477,7.152557373046875e-07,2.384185791015625e-07,1609702238.8516703,1609702239.1047697,0.2530994415283203,1609702238.8984773,1609702238.9065955,0.008118152618408203
50d409b694eb42679b7cc50346dde737,k-means,warm,exec,queue,0.028711318969726562,7.152557373046875e-07,2.384185791015625e-07,1609702238.8532434,1609702239.0239568,0.1707134246826172,1609702238.907616,1609702238.9139655,0.0063495635986328125
c90bf4fb429f48fb94194fcccac8a45b,k-means,warm,exec,queue,0.03349494934082031,9.5367431640625e-07,4.76837158203125e-07,1609702238.8548086,1609702239.103595,0.24878644943237305,1609702238.9122422,1609702238.918346,0.0061037540435791016
e520f56cb3794294b8d41ac6b6997dad,k-means,warm,exec,queue,0.03820204734802246,4.76837158203125e-07,2.384185791015625e-07,1609702238.8565137,1609702239.022226,0.1657123565673828,1609702238.9159808,1609702238.9209812,0.00500035285949707
f33221f5dc3c42799a78581f7d4c2f47,k-means,warm,exec,queue,0.042786598205566406,2.384185791015625e-07,2.384185791015625e-07,1609702238.8580682,1609702239.063456,0.20538783073425293,1609702238.9233985,1609702238.930937,0.007538557052612305
459522d26be5429fb3b9a29483a6d8df,k-means,warm,exec,queue,0.05043959617614746,2.384185791015625e-07,2.384185791015625e-07,1609702238.8596296,1609702239.0993483,0.23971867561340332,1609702238.9330833,1609702238.9397385,0.006655216217041016
0b525c84c5c14fd5ad42d4f2c46d05db,k-means,warm,exec,queue,0.005964040756225586,4.76837158203125e-07,2.384185791015625e-07,1609702239.8344376,1609702239.965187,0.13074946403503418,1609702239.8777182,1609702239.8857925,0.008074283599853516
7e0a238b32e44ac0862e06e4765bca61,video,warm,exec,queue,0.01701068878173828,2.384185791015625e-07,2.384185791015625e-07,1609702239.8385408,1609702240.1496115,0.31107068061828613,1609702239.8984764,1609702239.9158063,0.017329931259155273
8ec614f41d7d4b0697ce04f37d63ca6b,k-means,warm,exec,queue,0.047781944274902344,2.384185791015625e-07,2.384185791015625e-07,1609702239.8410873,1609702240.0502408,0.209153413772583,1609702239.9236352,1609702239.9305604,0.006925106048583984
707cfd786b0142219ead71875a06df46,k-means,warm,exec,queue,0.04253983497619629,4.76837158203125e-07,0.0,1609702239.8435717,1609702239.9814277,0.13785600662231445,1609702239.9167273,1609702239.9220881,0.005360841751098633
73840b9f57954745b3667d9ec51759ac,k-means,warm,exec,queue,0.009656906127929688,2.384185791015625e-07,0.0,1609702239.8463662,1609702239.9677472,0.12138104438781738,1609702239.877878,1609702239.8858936,0.008015632629394531
f8d7757943b54ac49fdc5c6a96fcffec,k-means,warm,exec,queue,0.014884471893310547,4.76837158203125e-07,2.384185791015625e-07,1609702239.8486462,1609702239.967306,0.11865973472595215,1609702239.883,1609702239.8908386,0.007838726043701172
24db404a1a5f42bc99e465c852c34d5e,k-means,warm,exec,queue,0.019292116165161133,2.384185791015625e-07,2.384185791015625e-07,1609702239.8500824,1609702239.9838088,0.1337263584136963,1609702239.8887007,1609702239.897192,0.008491277694702148
2931365fe9b54afea8d08501767042a3,k-means,warm,exec,queue,0.025982141494750977,4.76837158203125e-07,2.384185791015625e-07,1609702239.851512,1609702240.082135,0.2306230068206787,1609702239.8974464,1609702239.9039693,0.0065228939056396484
c1dfa5e0434a447eb5817602428c7dde,k-means,warm,exec,queue,0.03059673309326172,2.384185791015625e-07,2.384185791015625e-07,1609702239.8529751,1609702240.0531015,0.20012640953063965,1609702239.9009595,1609702239.9084454,0.007485866546630859
d21a50a08e7b4c2eac8b5232cc7d0227,k-means,warm,exec,queue,0.03500223159790039,4.76837158203125e-07,2.384185791015625e-07,1609702239.8545034,1609702240.1073742,0.2528707981109619,1609702239.90519,1609702239.9100547,0.004864692687988281
de44c01a72de4ebba009c93ca7c28eb1,k-means,warm,exec,queue,0.039485931396484375,2.384185791015625e-07,2.384185791015625e-07,1609702239.8559182,1609702240.0536819,0.19776368141174316,1609702239.9105654,1609702239.9169066,0.006341218948364258
bb1aca8a85bc45de9931555ddce2d214,k-means,warm,exec,queue,0.003364086151123047,4.76837158203125e-07,2.384185791015625e-07,1609702240.840945,1609702240.9701176,0.12917256355285645,1609702240.8910086,1609702240.899818,0.008809328079223633
312091a8bfec49fe865a8665f2c2423b,k-means,warm,exec,queue,0.026704788208007812,4.76837158203125e-07,2.384185791015625e-07,1609702240.8453743,1609702241.1465108,0.30113649368286133,1609702240.9159715,1609702240.9239464,0.007974863052368164
ab5a5866580a4cc2bd0d6b4803d3f822,k-means,warm,exec,queue,0.0316462516784668,4.76837158203125e-07,2.384185791015625e-07,1609702240.8479736,1609702241.0371542,0.18918061256408691,1609702240.9170275,1609702240.9236953,0.0066678524017333984
cfc15546d9b34fba9137f3241b284af3,k-means,warm,exec,queue,0.03647899627685547,2.384185791015625e-07,2.384185791015625e-07,1609702240.8505948,1609702241.0388286,0.1882338523864746,1609702240.9224284,1609702240.9298913,0.007462978363037109
48d5ca16c80343e7a81f3c67f19beda6,k-means,warm,exec,queue,0.041769981384277344,4.76837158203125e-07,2.384185791015625e-07,1609702240.853191,1609702241.2149801,0.3617892265319824,1609702240.9355915,1609702240.9433749,0.007783412933349609
48ef988177d14341bff58376c409c140,k-means,warm,exec,queue,0.04927182197570801,2.384185791015625e-07,4.76837158203125e-07,1609702240.8547807,1609702241.2143843,0.3596036434173584,1609702240.937611,1609702240.944333,0.006721973419189453
55a9c395454e44718084ad4f497dc651,k-means,warm,exec,queue,0.05467033386230469,2.384185791015625e-07,2.384185791015625e-07,1609702240.8563743,1609702241.1127517,0.2563774585723877,1609702240.9414477,1609702240.946622,0.005174160003662109
ac12f3f7117745d889b0f037dddde2ea,k-means,warm,exec,queue,0.0601651668548584,4.76837158203125e-07,2.384185791015625e-07,1609702240.85795,1609702241.1438153,0.28586530685424805,1609702240.9498527,1609702240.9562747,0.0064220428466796875
dbbbf73e12884efe88bf24c157634608,k-means,warm,exec,queue,0.0206301212310791,2.384185791015625e-07,0.0,1609702240.8595223,1609702241.035342,0.17581963539123535,1609702240.914329,1609702240.9225357,0.008206605911254883
18ecea1794ef4408828b3cc740d03a8d,k-means,warm,exec,queue,0.009524822235107422,4.76837158203125e-07,2.384185791015625e-07,1609702240.8612497,1609702240.9677052,0.10645556449890137,1609702240.8914864,1609702240.9003193,0.008832931518554688
2c8d55b824c347629012d452925f185e,k-means,warm,exec,queue,0.013920783996582031,4.76837158203125e-07,0.0,1609702240.8628204,1609702241.2113652,0.3485448360443115,1609702240.8955243,1609702240.9043732,0.008848905563354492
486b95501d7a4967972f8894effbe850,k-means,warm,exec,queue,0.018367528915405273,2.384185791015625e-07,0.0,1609702240.864416,1609702240.9706013,0.1061854362487793,1609702240.9007297,1609702240.909258,0.00852823257446289
f60353a2162342d58d572f86685e2961,k-means,warm,exec,queue,0.06534719467163086,4.76837158203125e-07,2.384185791015625e-07,1609702240.8660114,1609702241.147006,0.2809946537017822,1609702240.9537566,1609702240.9588609,0.0051043033599853516
8395ae11a8ca4d509051ac7a228cc64d,matmul,warm,exec,queue,0.01986384391784668,2.384185791015625e-07,2.384185791015625e-07,1609702240.867689,1609702240.9926543,0.12496542930603027,1609702240.9167366,1609702240.9255764,0.008839845657348633
6a981962a6b740b8ac072da45629d464,k-means,warm,exec,queue,0.006822109222412109,2.384185791015625e-07,2.384185791015625e-07,1609702241.8447464,1609702241.990229,0.14548254013061523,1609702241.8982804,1609702241.907016,0.00873565673828125
896243370214452d811d8a424a5ca649,k-means,warm,exec,queue,0.05549454689025879,2.384185791015625e-07,0.0,1609702241.849158,1609702242.2793806,0.4302225112915039,1609702241.9485388,1609702241.953614,0.005075216293334961
c5b677a0e5f6467d9ac4f5c2934bbed3,k-means,warm,exec,queue,0.0607609748840332,2.384185791015625e-07,0.0,1609702241.8517578,1609702242.1643212,0.312563419342041,1609702241.9545257,1609702241.9598892,0.00536346435546875
ba524eaa345c4831b447c9fb71eef89d,k-means,warm,exec,queue,0.016010284423828125,2.384185791015625e-07,2.384185791015625e-07,1609702241.8543987,1609702241.989638,0.1352393627166748,1609702241.9036756,1609702241.9119573,0.008281707763671875
7c82fdd539cd4d50aebe1c4db009420b,k-means,warm,exec,queue,0.04209637641906738,2.384185791015625e-07,2.384185791015625e-07,1609702241.8570316,1609702242.0785887,0.2215571403503418,1609702241.9313867,1609702241.938993,0.0076062679290771484
3fdb47d2d9984686958aeaeb3194e208,k-means,warm,exec,queue,0.047611236572265625,7.152557373046875e-07,0.0,1609702241.8586025,1609702242.2545915,0.39598894119262695,1609702241.938073,1609702241.9470606,0.008987665176391602
818585dfee4e47fc8be8a8f42f47a96e,k-means,warm,exec,queue,0.0520939826965332,2.384185791015625e-07,4.76837158203125e-07,1609702241.8601851,1609702242.2811425,0.4209573268890381,1609702241.9452324,1609702241.9522805,0.007048130035400391
4d74eba7e6ef486ca90b84986d91e0fb,k-means,warm,exec,queue,0.03714442253112793,4.76837158203125e-07,2.384185791015625e-07,1609702241.8617623,1609702242.0780277,0.21626543998718262,1609702241.929304,1609702241.936695,0.007391214370727539
46444ddc0e2d42c7919146dd68a9c429,k-means,warm,exec,queue,0.031754255294799805,4.76837158203125e-07,2.384185791015625e-07,1609702241.8633409,1609702242.0729902,0.20964932441711426,1609702241.9282606,1609702241.9350178,0.006757259368896484
8fb98f54efc444dfbcb34d68cb06dff8,k-means,warm,exec,queue,0.024988412857055664,2.384185791015625e-07,2.384185791015625e-07,1609702241.8650708,1609702242.0774055,0.21233463287353516,1609702241.926514,1609702241.9347394,0.008225440979003906
158e45995d7f4cd0936be37da02dffa3,k-means,warm,exec,queue,0.02067852020263672,4.76837158203125e-07,2.384185791015625e-07,1609702241.866637,1609702242.2575843,0.3909473419189453,1609702241.9100382,1609702241.9188497,0.008811473846435547
33706b1f40b04116b356cdc1481cd8cf,k-means,warm,exec,queue,0.010793924331665039,2.384185791015625e-07,2.384185791015625e-07,1609702241.8682306,1609702241.9868126,0.11858201026916504,1609702241.8986092,1609702241.907379,0.008769750595092773
cb89478f0f4143fda5ddd630e123900b,k-means,warm,exec,queue,0.06623435020446777,4.76837158203125e-07,2.384185791015625e-07,1609702241.8698206,1609702242.070055,0.20023441314697266,1609702241.960762,1609702241.9654894,0.004727363586425781
c2e2987739814a8eb9e5c52a5392ad1f,k-means,warm,exec,queue,0.07147526741027832,4.76837158203125e-07,2.384185791015625e-07,1609702241.8714871,1609702242.2581913,0.3867042064666748,1609702241.9665847,1609702241.9712021,0.004617452621459961
db4d944564d5401c87e14a67e2c92362,video,warm,exec,queue,0.0212860107421875,4.76837158203125e-07,4.76837158203125e-07,1609702241.8730538,1609702242.0736177,0.20056390762329102,1609702241.9288273,1609702241.9466412,0.017813920974731445
ffd4c3d6e3a74e38a562c44243efb361,k-means,warm,exec,queue,0.01094675064086914,2.384185791015625e-07,0.0,1609702242.8450668,1609702242.9812534,0.1361865997314453,1609702242.898211,1609702242.9070346,0.008823633193969727
d12ba3ec996040d298d23bfa611bd898,k-means,warm,exec,queue,0.02853226661682129,4.76837158203125e-07,2.384185791015625e-07,1609702242.8496425,1609702243.075034,0.22539138793945312,1609702242.9190092,1609702242.9241316,0.00512242317199707
c91c39559c604e7bab44525a4ee32df5,k-means,warm,exec,queue,0.032922983169555664,2.384185791015625e-07,0.0,1609702242.8523235,1609702243.3407214,0.48839783668518066,1609702242.9237735,1609702242.9291577,0.005384206771850586
7ad5197feab54decae731e26d16aa051,k-means,warm,exec,queue,0.03738689422607422,2.384185791015625e-07,0.0,1609702242.854937,1609702243.0226996,0.16776251792907715,1609702242.9302378,1609702242.9372554,0.007017612457275391
eb61bd682d3f4479a408f1bfe58e6c17,k-means,warm,exec,queue,0.04201054573059082,2.384185791015625e-07,0.0,1609702242.8574398,1609702243.0767334,0.21929359436035156,1609702242.9343765,1609702242.941074,0.006697416305541992
0cb46f306f59427e8c4962315e0e91f1,k-means,warm,exec,queue,0.04640555381774902,2.384185791015625e-07,4.76837158203125e-07,1609702242.8590508,1609702243.0731926,0.214141845703125,1609702242.9384773,1609702242.9455297,0.007052421569824219
e6e1f1af574f444b975e629c4a903d07,k-means,warm,exec,queue,0.050946950912475586,2.384185791015625e-07,0.0,1609702242.8606822,1609702243.3012722,0.44058990478515625,1609702242.9436758,1609702242.9485128,0.0048370361328125
82c44e721d3342bf906c70905c4ad171,k-means,warm,exec,queue,0.05588126182556152,2.384185791015625e-07,0.0,1609702242.8622932,1609702243.1567667,0.29447340965270996,1609702242.9502914,1609702242.9552655,0.0049741268157958984
3500d648dab849aca8a25515189e8c84,k-means,warm,exec,queue,0.061130523681640625,4.76837158203125e-07,2.384185791015625e-07,1609702242.8639016,1609702243.1264687,0.26256704330444336,1609702242.9552848,1609702242.9614232,0.006138324737548828
fcb0b04fe1c643588ccbc8a722934c9f,k-means,warm,exec,queue,0.015151500701904297,4.76837158203125e-07,0.0,1609702242.8656666,1609702242.9839106,0.11824393272399902,1609702242.9033415,1609702242.9120226,0.008681058883666992
f895b247d0794d309b7ea870aea667eb,k-means,warm,exec,queue,0.019443511962890625,2.384185791015625e-07,2.384185791015625e-07,1609702242.867276,1609702243.130187,0.2629110813140869,1609702242.9084435,1609702242.9171782,0.008734703063964844
7f972ccd406b4ab99666ba40e61c2492,k-means,warm,exec,queue,0.023944854736328125,2.384185791015625e-07,0.0,1609702242.8688862,1609702243.1270761,0.2581899166107178,1609702242.9151,1609702242.9235442,0.008444070816040039
df1cd22fbc8b41d28d462239cf1fc99e,k-means,warm,exec,queue,0.0652773380279541,2.384185791015625e-07,2.384185791015625e-07,1609702242.870515,1609702243.2350693,0.36455416679382324,1609702242.9621274,1609702242.9692776,0.007150173187255859
430175bc8da94b768b1baa7c55d2b84a,k-means,warm,exec,queue,0.07028436660766602,2.384185791015625e-07,0.0,1609702242.8722959,1609702243.1307714,0.25847554206848145,1609702242.9669793,1609702242.9717553,0.0047760009765625
5347fcd9cd2b4dddb3f8274157bf2755,k-means,warm,exec,queue,0.07513213157653809,4.76837158203125e-07,2.384185791015625e-07,1609702242.8739243,1609702243.4082277,0.5343034267425537,1609702242.9711916,1609702242.9776936,0.006501913070678711
0afe97f5c4bc4125babd3a9e1fc4e68a,k-means,warm,exec,queue,7.843971252441406e-05,4.76837158203125e-07,2.384185791015625e-07,1609702243.8396583,1609702243.952992,0.11333370208740234,1609702243.8804047,1609702243.8890944,0.008689641952514648
75f5628b22894753b651d6a99d017fea,video,warm,exec,queue,0.022065401077270508,2.384185791015625e-07,2.384185791015625e-07,1609702243.844081,1609702244.2031941,0.3591132164001465,1609702243.901748,1609702243.9198723,0.01812434196472168
4d212a58aaff4b509faecf47bdfc2316,k-means,warm,exec,queue,0.0045375823974609375,4.76837158203125e-07,0.0,1609702243.8467398,1609702243.953578,0.10683822631835938,1609702243.8807735,1609702243.8893502,0.008576631546020508
735546ae4bc0470b8676617378a8cdc9,k-means,warm,exec,queue,0.009282112121582031,7.152557373046875e-07,2.384185791015625e-07,1609702243.849382,1609702243.9501932,0.10081124305725098,1609702243.8853118,1609702243.8928888,0.007576942443847656
732064a30975441eb9c75efc242d4fdd,k-means,warm,exec,queue,0.013982295989990234,4.76837158203125e-07,2.384185791015625e-07,1609702243.8520079,1609702243.9748404,0.1228325366973877,1609702243.891526,1609702243.8997247,0.008198738098144531
b1e164f7e3aa4d098d77c6ba14d1445a,k-means,warm,exec,queue,0.021340608596801758,0.0,0.0,1609702243.853992,1609702244.0085447,0.15455269813537598,1609702243.9004226,1609702243.9057071,0.005284547805786133
1a91380e54f644a18f048cf93635e4c3,k-means,warm,exec,queue,0.025844573974609375,2.384185791015625e-07,2.384185791015625e-07,1609702243.855599,1609702244.0527554,0.19715642929077148,1609702243.9029684,1609702243.908223,0.005254507064819336
2838aff8c2ac4024aba1f546d9d5dd63,k-means,warm,exec,queue,0.031174421310424805,2.384185791015625e-07,2.384185791015625e-07,1609702243.857229,1609702244.1351368,0.2779078483581543,1609702243.9086454,1609702243.9139988,0.005353450775146484
b238fda22d2241dcb63f37cdef42622f,k-means,warm,exec,queue,0.036611318588256836,2.384185791015625e-07,2.384185791015625e-07,1609702243.8588405,1609702244.2013054,0.3424649238586426,1609702243.914672,1609702243.9195266,0.004854679107666016
1ca3e0b40e924d1e9c471bc94b7e33c4,k-means,warm,exec,queue,0.04170966148376465,2.384185791015625e-07,2.384185791015625e-07,1609702243.860596,1609702244.0101826,0.14958667755126953,1609702243.9199648,1609702243.9245117,0.0045468807220458984
77c8e8b59b404e1c88e190c71cd97b58,k-means,warm,exec,queue,7.367134094238281e-05,4.76837158203125e-07,2.384185791015625e-07,1609702244.8484395,1609702244.9870617,0.13862228393554688,1609702244.9017847,1609702244.9105709,0.008786201477050781
10666f6a5c704cc5878358741fdd28bd,k-means,warm,exec,queue,0.010255813598632812,7.152557373046875e-07,0.0,1609702244.8528101,1609702244.9888349,0.13602471351623535,1609702244.901096,1609702244.909183,0.008086919784545898
db682f2f537d4410947e49214e14fdbe,k-means,warm,exec,queue,0.015104532241821289,7.152557373046875e-07,2.384185791015625e-07,1609702244.855355,1609702244.9904478,0.13509273529052734,1609702244.9066136,1609702244.9150255,0.008411884307861328
9568eb7a66ab4176b3757c152027b2df,k-means,warm,exec,queue,0.01949310302734375,4.76837158203125e-07,0.0,1609702244.8579204,1609702245.0557473,0.19782686233520508,1609702244.9119885,1609702244.9207253,0.008736848831176758
2338bd40293c4fb28e4e7650061eb209,k-means,warm,exec,queue,0.024563312530517578,2.384185791015625e-07,2.384185791015625e-07,1609702244.860676,1609702245.1214101,0.26073408126831055,1609702244.9179504,1609702244.9244583,0.00650787353515625
70ef4522f2ce4475bdc286b5e21b48d9,k-means,warm,exec,queue,0.029346466064453125,4.76837158203125e-07,0.0,1609702244.8621705,1609702245.0551472,0.192976713180542,1609702244.92208,1609702244.9284132,0.006333112716674805
cbf1d2dea2bf422dad85086e53640a10,k-means,warm,exec,queue,0.034111976623535156,2.384185791015625e-07,2.384185791015625e-07,1609702244.8636694,1609702245.011755,0.1480855941772461,1609702244.9302263,1609702244.9358034,0.00557708740234375
527cc7018a5f4cf5ab70743ecd37bc0d,k-means,warm,exec,queue,0.03861522674560547,2.384185791015625e-07,2.384185791015625e-07,1609702244.8651707,1609702245.1196659,0.25449514389038086,1609702244.9334815,1609702244.9399807,0.006499290466308594
d6d697f26a024b66bfc8ca2aebb993c7,k-means,warm,exec,queue,0.04302406311035156,2.384185791015625e-07,2.384185791015625e-07,1609702244.8666637,1609702245.01032,0.14365625381469727,1609702244.9373858,1609702244.9420304,0.004644632339477539
cccb23857ce744b2babd174eda9aa3ad,k-means,warm,exec,queue,0.047597408294677734,4.76837158203125e-07,9.5367431640625e-07,1609702244.86829,1609702245.0880823,0.21979236602783203,1609702244.948668,1609702244.9543724,0.005704402923583984
2ec45e18f70a4f63a2cdf4edbd106f17,k-means,warm,exec,queue,0.05280709266662598,4.76837158203125e-07,2.384185791015625e-07,1609702244.869778,1609702245.1539197,0.28414177894592285,1609702244.9498332,1609702244.9560683,0.0062351226806640625
d52e32c3678b453ea5acb945165a7121,k-means,warm,exec,queue,0.057187557220458984,2.384185791015625e-07,0.0,1609702244.8712687,1609702245.0524518,0.1811830997467041,1609702244.9542189,1609702244.9613817,0.007162809371948242
dbffa13be2a84e62886faf41034b9549,k-means,warm,exec,queue,0.06158137321472168,2.384185791015625e-07,2.384185791015625e-07,1609702244.872772,1609702245.156861,0.2840890884399414,1609702244.9618127,1609702244.9696167,0.007803916931152344
341301e81bff4b19b4882d2939f00faf,k-means,warm,exec,queue,0.06633758544921875,2.384185791015625e-07,4.76837158203125e-07,1609702244.8743865,1609702245.1881535,0.3137669563293457,1609702244.9645765,1609702244.9711099,0.006533384323120117
952614728eff4f8ab76f43a53beda586,k-means,warm,exec,queue,0.07047414779663086,2.384185791015625e-07,2.384185791015625e-07,1609702244.8758693,1609702245.1573281,0.28145885467529297,1609702244.9694667,1609702244.9759376,0.006470918655395508
ad9fc8d9b60a4b17ab33d364744edb8f,k-means,warm,exec,queue,7.82012939453125e-05,7.152557373046875e-07,4.76837158203125e-07,1609702245.8466785,1609702246.0255072,0.17882871627807617,1609702245.894384,1609702245.9021096,0.007725715637207031
39b84a1064994410966a50e2313d9936,matmul,warm,exec,queue,0.026278018951416016,2.384185791015625e-07,0.0,1609702245.8511424,1609702246.1583338,0.3071913719177246,1609702245.9189713,1609702245.928214,0.009242773056030273
4c02bd5d1bfb4203aa257f5aa96f93c1,k-means,warm,exec,queue,0.005313396453857422,2.384185791015625e-07,2.384185791015625e-07,1609702245.8538375,1609702246.027206,0.1733684539794922,1609702245.8946397,1609702245.9031458,0.008506059646606445
b61d3aad824341c79a25aa26f9a0a2d5,k-means,warm,exec,queue,0.01076817512512207,2.384185791015625e-07,2.384185791015625e-07,1609702245.8564813,1609702246.0219364,0.16545510292053223,1609702245.9001248,1609702245.9084766,0.008351802825927734
a25cd0dc2ec0410db1d3848360090fbc,k-means,warm,exec,queue,0.015406131744384766,2.384185791015625e-07,2.384185791015625e-07,1609702245.8593862,1609702246.024884,0.1654977798461914,1609702245.9050226,1609702245.9136648,0.008642196655273438
f74cfc80a0d04d7ab8e74a38ef7814b1,k-means,warm,exec,queue,0.021573305130004883,4.76837158203125e-07,0.0,1609702245.8614595,1609702246.1617763,0.30031681060791016,1609702245.918334,1609702245.9261258,0.007791757583618164
3ef9d46bf6f1438dac952993f70581da,k-means,warm,exec,queue,0.02859783172607422,2.384185791015625e-07,0.0,1609702245.863048,1609702246.0965614,0.23351335525512695,1609702245.923217,1609702245.9300647,0.0068476200103759766
96542a78d0ef4a6b9f7a4aca8d92ba2d,k-means,warm,exec,queue,0.03336691856384277,2.384185791015625e-07,0.0,1609702245.8646386,1609702246.1577208,0.29308223724365234,1609702245.9248216,1609702245.9321203,0.007298707962036133
2edb70646bb34e50a77e3be1e71a8902,k-means,warm,exec,queue,0.038701534271240234,4.76837158203125e-07,0.0,1609702245.8662205,1609702246.3111322,0.4449117183685303,1609702245.9295418,1609702245.9369848,0.007442951202392578
bf54491cef1f486f81108d0827a0170d,k-means,warm,exec,queue,0.04445838928222656,2.384185791015625e-07,2.384185791015625e-07,1609702245.8679342,1609702246.313356,0.4454216957092285,1609702245.941307,1609702245.9478958,0.00658869743347168
2f110a83e53f40adbb9dc555a7d2c035,video,warm,exec,queue,0.01735663414001465,2.384185791015625e-07,0.0,1609702245.869532,1609702246.223188,0.3536558151245117,1609702245.917971,1609702245.9354088,0.01743793487548828
5366bc14121c44898944a1a018e49464,map_reduce,warm,exec,queue,0.02437591552734375,0.0,2.384185791015625e-07,1609702245.8711255,1609702246.16255,0.2914245128631592,1609702245.9228096,1609702246.0081546,0.08534502983093262
35c164a61113443788f62d45beaf3731,disk,warm,exec,queue,0.02912139892578125,2.384185791015625e-07,2.384185791015625e-07,1609702245.8727307,1609702246.1621647,0.28943395614624023,1609702245.9243402,1609702245.93085,0.0065097808837890625
ec50390792624679a1312452acbaea31,k-means,warm,exec,queue,8.249282836914062e-05,7.152557373046875e-07,4.76837158203125e-07,1609702246.8472302,1609702247.0120087,0.164778470993042,1609702246.9190013,1609702246.9266133,0.007611989974975586
a992e370f8414d7fa93f0a41bc38fbec,k-means,warm,exec,queue,0.009013175964355469,4.76837158203125e-07,2.384185791015625e-07,1609702246.851674,1609702247.012632,0.16095781326293945,1609702246.9197154,1609702246.9280539,0.008338451385498047
b401d8e9a5bd410b91550e82652910a0,k-means,warm,exec,queue,0.013627290725708008,4.76837158203125e-07,4.76837158203125e-07,1609702246.8543334,1609702247.186043,0.331709623336792,1609702246.9238513,1609702246.932803,0.008951663970947266
8d388e0e834b4cfc8e15aa11a0aa9914,k-means,warm,exec,queue,0.01803278923034668,4.76837158203125e-07,2.384185791015625e-07,1609702246.8568344,1609702247.358943,0.5021085739135742,1609702246.9290657,1609702246.9377632,0.008697509765625
43e05715eafa42a5943bba5d0423d38d,k-means,warm,exec,queue,0.0229339599609375,2.384185791015625e-07,2.384185791015625e-07,1609702246.882222,1609702247.1885314,0.30630946159362793,1609702246.9354842,1609702246.9410894,0.005605220794677734
dfaa249fa27448a0a22041fe18720540,k-means,warm,exec,queue,0.02844691276550293,2.384185791015625e-07,0.0,1609702246.883838,1609702247.1118112,0.22797322273254395,1609702246.9397886,1609702246.9446242,0.004835605621337891
8f758f6e0b384b17b84654e7930080a2,k-means,warm,exec,queue,0.033473968505859375,2.384185791015625e-07,0.0,1609702246.8853965,1609702247.2782674,0.3928709030151367,1609702246.9466267,1609702246.9528594,0.006232738494873047
42d4c66b253a48558625e7092bb6f2ff,k-means,warm,exec,queue,0.03776121139526367,2.384185791015625e-07,2.384185791015625e-07,1609702246.8870041,1609702247.0089536,0.12194943428039551,1609702246.9504352,1609702246.9553163,0.004881143569946289
f6bc1b555df14e02806231e31e25e85d,k-means,warm,exec,queue,0.043097496032714844,2.384185791015625e-07,2.384185791015625e-07,1609702246.8885443,1609702247.3595188,0.4709744453430176,1609702246.958523,1609702246.964282,0.005759000778198242
2d879e684d9a4b0c80356b63cacdb3ec,k-means,warm,exec,queue,0.04802227020263672,2.384185791015625e-07,2.384185791015625e-07,1609702246.8900928,1609702247.3055158,0.4154229164123535,1609702246.962232,1609702246.9683166,0.006084442138671875
ad2c94c348ed480b9cbbc7b59ced88e2,k-means,warm,exec,queue,0.05247783660888672,4.76837158203125e-07,2.384185791015625e-07,1609702246.8916829,1609702247.356034,0.46435117721557617,1609702246.9678013,1609702246.9746356,0.006834268569946289
262cb13d5b884059b4df20052fb92447,k-means,warm,exec,queue,0.05723071098327637,2.384185791015625e-07,2.384185791015625e-07,1609702246.8932064,1609702247.1123953,0.21918892860412598,1609702246.9744833,1609702246.9809728,0.00648951530456543
7db793d122934e90aa6207e5e9153cf0,k-means,warm,exec,queue,0.06204938888549805,2.384185791015625e-07,2.384185791015625e-07,1609702246.8947113,1609702247.2291884,0.33447718620300293,1609702246.9799762,1609702246.9871807,0.007204532623291016
7b145ead6c13415997c83c219739e4c4,k-means,warm,exec,queue,7.581710815429688e-05,2.384185791015625e-07,2.384185791015625e-07,1609702247.8509784,1609702247.9663005,0.11532211303710938,1609702247.9021087,1609702247.9105241,0.008415460586547852
9f376b14b573416ebf1c10e4de550cf4,k-means,warm,exec,queue,0.006755828857421875,2.384185791015625e-07,2.384185791015625e-07,1609702247.8554895,1609702247.9675076,0.11201810836791992,1609702247.9027014,1609702247.9108708,0.008169412612915039
bfa7a504a33a42aa9b79d44e75d29bc8,k-means,warm,exec,queue,0.011434078216552734,4.76837158203125e-07,2.384185791015625e-07,1609702247.858117,1609702248.0304558,0.17233872413635254,1609702247.9081502,1609702247.9168906,0.008740425109863281
3186094139ce4c848fe8aababcf062f6,k-means,warm,exec,queue,0.016045093536376953,2.384185791015625e-07,2.384185791015625e-07,1609702247.8607607,1609702247.9935815,0.13282084465026855,1609702247.9133358,1609702247.9219363,0.008600473403930664
5651eee84cf34a38a85dbfafe6bb913e,k-means,warm,exec,queue,0.022579193115234375,2.384185791015625e-07,0.0,1609702247.863654,1609702247.9918287,0.1281747817993164,1609702247.9209151,1609702247.9268942,0.005979061126708984
0702d9338bd944d6b7ad77c1f1e4cf31,k-means,warm,exec,queue,0.028177261352539062,2.384185791015625e-07,0.0,1609702247.8655748,1609702248.0256362,0.16006135940551758,1609702247.9260273,1609702247.9334478,0.007420539855957031
3fb9b708dd11449d88b06918e86bbbbf,k-means,warm,exec,queue,0.03344082832336426,2.384185791015625e-07,2.384185791015625e-07,1609702247.8671567,1609702248.0299113,0.16275453567504883,1609702247.932203,1609702247.9370584,0.00485539436340332
18f074e81a11427ebc3344228c41c6ff,k-means,warm,exec,queue,0.038495540618896484,2.384185791015625e-07,2.384185791015625e-07,1609702247.8687575,1609702248.1939704,0.3252129554748535,1609702247.9366167,1609702247.9427335,0.0061168670654296875
7ff654f039a1416c89b452bfbc1105a9,k-means,warm,exec,queue,0.04365277290344238,7.152557373046875e-07,2.384185791015625e-07,1609702247.8703396,1609702248.0705316,0.20019197463989258,1609702247.947245,1609702247.9539773,0.006732463836669922
79aec02ea28047cfa3e7aa8147861e81,k-means,warm,exec,queue,0.048403263092041016,4.76837158203125e-07,2.384185791015625e-07,1609702247.8720582,1609702248.0735908,0.20153260231018066,1609702247.952234,1609702247.9596965,0.007462501525878906
0ebf5213678849798f515b2c51b75787,k-means,warm,exec,queue,0.05298280715942383,4.76837158203125e-07,2.384185791015625e-07,1609702247.873645,1609702248.073969,0.20032382011413574,1609702247.953838,1609702247.9609683,0.007130146026611328
0ae925f575e54d5092f28932b14feed1,k-means,warm,exec,queue,0.05788016319274902,2.384185791015625e-07,2.384185791015625e-07,1609702247.8752155,1609702248.0711188,0.19590330123901367,1609702247.9598153,1609702247.9676511,0.007835865020751953
93dbd287dc004c8a9a90247ab14bc2fd,k-means,warm,exec,queue,0.06259274482727051,2.384185791015625e-07,2.384185791015625e-07,1609702247.8768048,1609702248.1090968,0.23229193687438965,1609702247.962889,1609702247.9686828,0.00579380989074707
deb2601c54984a61b4059094f3c45cc8,k-means,warm,exec,queue,0.0674288272857666,2.384185791015625e-07,0.0,1609702247.8784916,1609702248.1532028,0.27471113204956055,1609702247.969118,1609702247.9748185,0.005700349807739258
35d42e64e8e348b48c8f098ae428cbb8,video,warm,exec,queue,0.015665769577026367,2.384185791015625e-07,2.384185791015625e-07,1609702247.8800502,1609702248.0273721,0.1473219394683838,1609702247.921823,1609702247.9393947,0.017571687698364258
36b9bfe38f39433b8727efe57b75d4a8,k-means,warm,exec,queue,8.440017700195312e-05,7.152557373046875e-07,2.384185791015625e-07,1609702248.8488302,1609702248.991205,0.14237475395202637,1609702248.896109,1609702248.9051602,0.009051084518432617
1c0543bc9d634dbf812dccdbe330c5de,k-means,warm,exec,queue,0.00838923454284668,2.384185791015625e-07,2.384185791015625e-07,1609702248.8532393,1609702248.9898424,0.13660311698913574,1609702248.8964045,1609702248.905206,0.008801460266113281
b1ba7561b55c48fb8df73e0a759cd1e3,k-means,warm,exec,queue,0.0128936767578125,2.384185791015625e-07,2.384185791015625e-07,1609702248.8558283,1609702248.986911,0.13108277320861816,1609702248.9008162,1609702248.909749,0.008932828903198242
f96619eab278460f801952fe614d36e6,k-means,warm,exec,queue,0.017352819442749023,4.76837158203125e-07,2.384185791015625e-07,1609702248.8584776,1609702248.9893556,0.13087797164916992,1609702248.9059188,1609702248.914797,0.008878231048583984
9d1a9b43d72d4734b1f76b42e4e41c16,k-means,warm,exec,queue,0.02193903923034668,7.152557373046875e-07,2.384185791015625e-07,1609702248.8610022,1609702249.087016,0.2260138988494873,1609702248.9178011,1609702248.9252274,0.007426261901855469
18a345a6e8f240f98e41da54f8424d97,k-means,warm,exec,queue,0.027738094329833984,2.384185791015625e-07,2.384185791015625e-07,1609702248.8625748,1609702249.1361172,0.2735424041748047,1609702248.9184713,1609702248.92549,0.007018566131591797
346726f30d9f454bb96417766c98a67a,k-means,warm,exec,queue,0.03189969062805176,2.384185791015625e-07,0.0,1609702248.8641608,1609702249.1108432,0.24668240547180176,1609702248.9213943,1609702248.9282084,0.006814002990722656
71e754ef4639437c88c18b374da8c460,k-means,warm,exec,queue,0.03723764419555664,2.384185791015625e-07,0.0,1609702248.865744,1609702249.027067,0.16132283210754395,1609702248.9282749,1609702248.9369125,0.008637666702270508
d58e318ab4034c3a9d314373a79f0564,k-means,warm,exec,queue,0.04234576225280762,2.384185791015625e-07,2.384185791015625e-07,1609702248.867325,1609702249.0882626,0.22093749046325684,1609702248.9345937,1609702248.941179,0.006585359573364258
a0f9f54bda2443b3a97ad3a74317b075,k-means,warm,exec,queue,0.04671359062194824,2.384185791015625e-07,2.384185791015625e-07,1609702248.8690414,1609702249.2030442,0.3340027332305908,1609702248.9384894,1609702248.944314,0.005824565887451172
e566f99c9834499db8a813d5909f9c03,k-means,warm,exec,queue,0.05203437805175781,2.384185791015625e-07,2.384185791015625e-07,1609702248.8706095,1609702249.279907,0.40929746627807617,1609702248.9462337,1609702248.9527702,0.0065364837646484375
51abd156bd2947c7a2dc1649dce80e17,video,warm,exec,queue,0.020319223403930664,2.384185791015625e-07,0.0,1609702248.8721921,1609702249.2783148,0.40612268447875977,1609702248.9189732,1609702248.9373465,0.01837325096130371
631d8a472d3e47b7b05f117570b5cfc6,k-means,warm,exec,queue,0.0018124580383300781,7.152557373046875e-07,2.384185791015625e-07,1609702249.8476088,1609702250.0290303,0.18142151832580566,1609702249.8901045,1609702249.8979783,0.007873773574829102
f5e92367467f45e38d6ee467d70e88d2,k-means,warm,exec,queue,0.03448486328125,2.384185791015625e-07,0.0,1609702249.8518934,1609702250.107188,0.2552945613861084,1609702249.924498,1609702249.9323068,0.007808685302734375
7210684b4b124906abc5f7b4c38bc4fe,k-means,warm,exec,queue,0.03911614418029785,7.152557373046875e-07,2.384185791015625e-07,1609702249.8545272,1609702250.2394404,0.38491320610046387,1609702249.9294703,1609702249.9348142,0.005343914031982422
4e1f71da154f40ec962de38c20db0256,k-means,warm,exec,queue,0.043882131576538086,2.384185791015625e-07,0.0,1609702249.8571386,1609702250.105327,0.24818825721740723,1609702249.933524,1609702249.9400005,0.006476640701293945
1d71a6ee198f4e22be122f9230d7b3aa,k-means,warm,exec,queue,0.0495455265045166,2.384185791015625e-07,2.384185791015625e-07,1609702249.8600137,1609702250.1098044,0.24979066848754883,1609702249.9404092,1609702249.9449012,0.004492044448852539
6770de1471544c19877869ad384386f9,k-means,warm,exec,queue,0.018372535705566406,2.384185791015625e-07,2.384185791015625e-07,1609702249.8617191,1609702250.0308838,0.16916465759277344,1609702249.912327,1609702249.9203959,0.00806879997253418
90dc682ffa174f20ac2b5cb00de11890,k-means,warm,exec,queue,0.02606964111328125,4.76837158203125e-07,4.76837158203125e-07,1609702249.863296,1609702250.1116347,0.2483386993408203,1609702249.9145532,1609702249.9214172,0.006864070892333984
686c30b5cf014ed5961ca92d8de9b58c,k-means,warm,exec,queue,0.0311429500579834,2.384185791015625e-07,2.384185791015625e-07,1609702249.8648994,1609702250.0232923,0.15839290618896484,1609702249.917189,1609702249.9237173,0.006528377532958984
a80dfc8da4514f75b689fa49b0c46d9a,k-means,warm,exec,queue,0.013971328735351562,2.384185791015625e-07,0.0,1609702249.8664718,1609702250.1103399,0.24386811256408691,1609702249.8987522,1609702249.905304,0.0065517425537109375
1236dd4572f345d5bfb25667673412b1,k-means,warm,exec,queue,0.008776664733886719,2.384185791015625e-07,2.384185791015625e-07,1609702249.8683615,1609702250.030184,0.16182255744934082,1609702249.8933344,1609702249.9013908,0.008056402206420898
ae7df3db72a14741ad799e8de8c96ab4,k-means,warm,exec,queue,0.0063478946685791016,4.76837158203125e-07,2.384185791015625e-07,1609702249.8699267,1609702250.0296328,0.15970611572265625,1609702249.8902292,1609702249.898044,0.007814884185791016
efb2a986beb14e3b88b2b33d525bddd3,k-means,warm,exec,queue,0.007330179214477539,4.76837158203125e-07,2.384185791015625e-07,1609702250.856732,1609702251.0023098,0.14557790756225586,1609702250.9151337,1609702250.923637,0.008503198623657227
7fc1367693b84d52aadcbb245dcf56c6,k-means,warm,exec,queue,0.05095195770263672,2.384185791015625e-07,0.0,1609702250.861572,1609702251.276598,0.4150259494781494,1609702250.9613757,1609702250.967279,0.0059032440185546875
a737e22b1a0e4e64a32bc232fa5e6375,k-means,warm,exec,queue,0.055388689041137695,2.384185791015625e-07,2.384185791015625e-07,1609702250.8641858,1609702251.2779562,0.4137704372406006,1609702250.9652169,1609702250.9695141,0.0042972564697265625
34203e6f48054ec4b7dbc070d15f7a46,k-means,warm,exec,queue,0.060761213302612305,4.76837158203125e-07,0.0,1609702250.8667715,1609702251.1469617,0.28019022941589355,1609702250.9735076,1609702250.979024,0.0055162906646728516
96669071a6a346b8b4aed46d66da363e,k-means,warm,exec,queue,0.033229827880859375,2.384185791015625e-07,2.384185791015625e-07,1609702250.8693237,1609702251.1465766,0.2772529125213623,1609702250.937419,1609702250.9424794,0.005060434341430664
89df132f7ce5417c80257ddeef6e36f2,k-means,warm,exec,queue,0.037792205810546875,2.384185791015625e-07,2.384185791015625e-07,1609702250.8708649,1609702251.1446176,0.27375268936157227,1609702250.9424632,1609702250.9474423,0.004979133605957031
d3f2a8893a84441bad69539d4b5da851,k-means,warm,exec,queue,0.04298901557922363,4.76837158203125e-07,2.384185791015625e-07,1609702250.8724222,1609702251.0738816,0.20145940780639648,1609702250.9495327,1609702250.955841,0.006308317184448242
8962f6b6505b46a7bfca24c8d2db2172,k-means,warm,exec,queue,0.04816031455993652,2.384185791015625e-07,2.384185791015625e-07,1609702250.873971,1609702251.023143,0.14917206764221191,1609702250.9541855,1609702250.9585614,0.004375934600830078
f241d6b4e61a4f9088091ab52f6000a4,k-means,warm,exec,queue,0.028188467025756836,2.384185791015625e-07,0.0,1609702250.8755186,1609702251.0247953,0.1492767333984375,1609702250.9341006,1609702250.9413142,0.007213592529296875
233ee9d06b604ef1be3337614b496bd1,k-means,warm,exec,queue,0.022159814834594727,4.76837158203125e-07,0.0,1609702250.877211,1609702251.1442273,0.2670161724090576,1609702250.9261816,1609702250.935919,0.009737491607666016
656bb426b3d240bd98aa064d6c02a64d,k-means,warm,exec,queue,0.016968488693237305,2.384185791015625e-07,2.384185791015625e-07,1609702250.8787532,1609702251.001711,0.12295770645141602,1609702250.9201076,1609702250.9287043,0.008596658706665039
f719a471764f41e29ac022a2915c1550,k-means,warm,exec,queue,0.012318134307861328,2.384185791015625e-07,0.0,1609702250.880309,1609702250.9987993,0.11849021911621094,1609702250.9153366,1609702250.9239786,0.008641958236694336
7f670461b0f3438e9eee5f99863d57fe,k-means,warm,exec,queue,0.06522297859191895,4.76837158203125e-07,2.384185791015625e-07,1609702250.881879,1609702251.275028,0.39314889907836914,1609702250.976609,1609702250.980862,0.004252910614013672
ff6e6e55349642b0bb65161e2b34c1a5,k-means,warm,exec,queue,0.06962990760803223,4.76837158203125e-07,2.384185791015625e-07,1609702250.883503,1609702251.3848598,0.501356840133667,1609702250.9831223,1609702250.9897916,0.006669282913208008
003252f756ad4f37af7d57d85a02c7a7,k-means,warm,exec,queue,0.07540488243103027,2.384185791015625e-07,2.384185791015625e-07,1609702250.8850443,1609702251.38658,0.5015356540679932,1609702250.988383,1609702250.9956348,0.007251739501953125
c0ac6d4dbcf84319ae55f90c3a7ef5db,k-means,warm,exec,queue,0.08084702491760254,2.384185791015625e-07,0.0,1609702250.8865662,1609702251.1422997,0.2557334899902344,1609702250.9952831,1609702251.0015213,0.006238222122192383
8ffb6effad884455bb3acd768f034404,matmul,warm,exec,queue,0.01629924774169922,2.384185791015625e-07,2.384185791015625e-07,1609702250.888205,1609702251.1753297,0.2871246337890625,1609702250.935107,1609702250.944626,0.009519100189208984
56df49fe3f59413b901c9271c45d8b81,k-means,warm,exec,queue,0.004523754119873047,2.384185791015625e-07,0.0,1609702251.8538134,1609702251.996775,0.1429615020751953,1609702251.9059174,1609702251.9142797,0.008362293243408203
5844c724e44841cebe995a822117a5ec,k-means,warm,exec,queue,0.0627434253692627,2.384185791015625e-07,2.384185791015625e-07,1609702251.857626,1609702252.9430811,1.0854551792144775,1609702251.966152,1609702251.9727259,0.006573915481567383
a88f35a5f78f41a9985f6b789540fbe2,k-means,warm,exec,queue,0.010224103927612305,2.384185791015625e-07,4.76837158203125e-07,1609702251.8603113,1609702251.9972682,0.13695693016052246,1609702251.9055383,1609702251.91375,0.008211612701416016
03b8a164496748049259226502a2a382,k-means,warm,exec,queue,0.0528559684753418,4.76837158203125e-07,2.384185791015625e-07,1609702251.8628206,1609702252.501092,0.6382713317871094,1609702251.9544773,1609702251.9606194,0.006142139434814453
e488b0b6c14d4b0b92fc9186aba4e7a8,k-means,warm,exec,queue,0.0480039119720459,2.384185791015625e-07,2.384185791015625e-07,1609702251.8656378,1609702252.4994864,0.6338486671447754,1609702251.9494066,1609702251.9558473,0.006440639495849609
5416e772976947628be108ae346b5b04,k-means,warm,exec,queue,0.04309725761413574,2.384185791015625e-07,2.384185791015625e-07,1609702251.868102,1609702252.9407082,1.072606086730957,1609702251.9465508,1609702251.9523528,0.0058019161224365234
8df6746bd3ab4d099c671232e3baa7bf,k-means,warm,exec,queue,0.03761005401611328,2.384185791015625e-07,2.384185791015625e-07,1609702251.8705895,1609702252.4961557,0.6255662441253662,1609702251.9394343,1609702251.9462943,0.006860017776489258
282d7fec2f314d079d3d8063f33a175c,k-means,warm,exec,queue,0.0328216552734375,7.152557373046875e-07,2.384185791015625e-07,1609702251.8729231,1609702253.0722558,1.1993327140808105,1609702251.9331565,1609702251.939379,0.00622248649597168
a54ee491bd544cf09952f69547186e06,k-means,warm,exec,queue,0.014169454574584961,9.5367431640625e-07,2.384185791015625e-07,1609702251.874359,1609702251.9986281,0.12426924705505371,1609702251.910791,1609702251.920247,0.009456157684326172
acabbc5ee9f742eeb81a208c41fdee92,k-means,warm,exec,queue,0.018514394760131836,4.76837158203125e-07,2.384185791015625e-07,1609702251.8759015,1609702251.9943929,0.11849141120910645,1609702251.9151964,1609702251.922634,0.007437467575073242
ef66cb9e66654fd0ab6e74dc9a9505ce,k-means,warm,exec,queue,0.025115013122558594,4.76837158203125e-07,0.0,1609702251.8773296,1609702253.0757015,1.1983718872070312,1609702251.9237359,1609702251.9301193,0.006383419036865234
cb7d3a78ac564bd3b561df46e5a7bcf1,k-means,warm,exec,queue,0.058119773864746094,2.384185791015625e-07,2.384185791015625e-07,1609702251.8787546,1609702253.0770857,1.1983311176300049,1609702251.9618702,1609702251.9680412,0.006170988082885742
ef05588692004c728712a812647c847d,k-means,warm,exec,queue,0.03013300895690918,2.384185791015625e-07,0.0,1609702251.8801832,1609702253.0751078,1.1949245929718018,1609702251.9291615,1609702251.9341755,0.005013942718505859
ccad320747644456bca6ec93e0214eff,k-means,warm,exec,queue,0.06810212135314941,2.384185791015625e-07,0.0,1609702251.8817093,1609702252.9412591,1.0595498085021973,1609702251.9710023,1609702251.977392,0.006389617919921875
c50c0c319489498fae13f4781e8788c0,video,warm,exec,queue,0.016487836837768555,2.384185791015625e-07,0.0,1609702251.8831356,1609702252.4988997,0.6157641410827637,1609702251.9248888,1609702251.9414647,0.01657581329345703
884d76534d0d4f579570a64f4d8521fb,k-means,warm,exec,queue,0.005818605422973633,4.76837158203125e-07,2.384185791015625e-07,1609702252.8441124,1609702253.1432586,0.2991461753845215,1609702252.8792982,1609702252.8872602,0.00796198844909668
05f9954725ca4ec5b8334235b49e12e7,k-means,warm,exec,queue,0.01910543441772461,2.384185791015625e-07,2.384185791015625e-07,1609702252.8481164,1609702253.1413774,0.2932610511779785,1609702252.8951197,1609702252.9031837,0.008064031600952148
e367605ff6fa4a07849f169dac3c1cb1,k-means,warm,exec,queue,0.024243831634521484,7.152557373046875e-07,2.384185791015625e-07,1609702252.8504431,1609702253.347344,0.4969007968902588,1609702252.898892,1609702252.903709,0.004817008972167969
5105a8c8791e4578aed8b4139c2f3e9c,k-means,warm,exec,queue,0.029064416885375977,2.384185791015625e-07,0.0,1609702252.8527353,1609702253.2500446,0.3973093032836914,1609702252.904525,1609702252.910493,0.005967855453491211
fe55561d6fa2465bb1830717a7c00720,k-means,warm,exec,queue,0.033983469009399414,2.384185791015625e-07,2.384185791015625e-07,1609702252.855004,1609702253.3467371,0.4917330741882324,1609702252.9111285,1609702252.9181845,0.007055997848510742
0e73fd90718642989052289afe7f679c,k-means,warm,exec,queue,0.038408517837524414,4.76837158203125e-07,2.384185791015625e-07,1609702252.8577235,1609702253.394781,0.537057638168335,1609702252.916072,1609702252.9207447,0.0046727657318115234
4e1aca4525754b9f8cc8f76073b0f3bf,k-means,warm,exec,queue,0.010088205337524414,2.384185791015625e-07,2.384185791015625e-07,1609702252.859987,1609702253.3478618,0.48787474632263184,1609702252.883524,1609702252.8911593,0.007635354995727539
4b70a13513df46fda9a39dab0218d7d0,k-means,warm,exec,queue,0.014575958251953125,2.384185791015625e-07,2.384185791015625e-07,1609702252.8616412,1609702253.5029716,0.6413304805755615,1609702252.8886995,1609702252.8958561,0.0071566104888916016
8531bcf6dcd949e7b153e99137bf23b7,k-means,warm,exec,queue,7.557868957519531e-05,7.152557373046875e-07,2.384185791015625e-07,1609702253.8535259,1609702253.9911718,0.13764595985412598,1609702253.904122,1609702253.9119387,0.007816553115844727
f8ae5c1ea0a34e7d99a56b4ea1730ce0,k-means,warm,exec,queue,0.009012699127197266,4.76837158203125e-07,2.384185791015625e-07,1609702253.8577409,1609702253.987989,0.1302480697631836,1609702253.9048033,1609702253.913389,0.008585691452026367
17e715670fdb443380b06a0f2a5a9d37,k-means,warm,exec,queue,0.013875961303710938,2.384185791015625e-07,2.384185791015625e-07,1609702253.8603299,1609702254.0626829,0.20235300064086914,1609702253.9095047,1609702253.9178822,0.008377552032470703
5ee2fb590ffd4e69a4727871b897b237,k-means,warm,exec,queue,0.01926255226135254,4.76837158203125e-07,2.384185791015625e-07,1609702253.862871,1609702253.9915586,0.12868762016296387,1609702253.9160252,1609702253.924689,0.00866389274597168
a2f977bbd459456cbc456ea68a7b4ffc,k-means,warm,exec,queue,0.024747371673583984,4.76837158203125e-07,0.0,1609702253.8657255,1609702254.3566499,0.4909243583679199,1609702253.9259686,1609702253.9337754,0.0078067779541015625
d0267d44698d40e48037c7fb1ed90a12,k-means,warm,exec,queue,0.029392480850219727,2.384185791015625e-07,0.0,1609702253.8683152,1609702254.247494,0.3791787624359131,1609702253.926701,1609702253.9317434,0.005042314529418945
8e59c54463f448568e859081cd340414,k-means,warm,exec,queue,0.03418993949890137,2.384185791015625e-07,2.384185791015625e-07,1609702253.869958,1609702254.012078,0.1421201229095459,1609702253.931323,1609702253.9378266,0.006503582000732422
ffad6bd2ef0f4e59a760ea272d034b08,k-means,warm,exec,queue,0.038543701171875,4.76837158203125e-07,2.384185791015625e-07,1609702253.8714716,1609702254.1160915,0.24461984634399414,1609702253.9387953,1609702253.945303,0.0065076351165771484
729a0ff391fd489ab5e38c75567907d5,k-means,warm,exec,queue,0.043335676193237305,4.76837158203125e-07,0.0,1609702253.8729758,1609702254.1167235,0.24374771118164062,1609702253.9429245,1609702253.9494584,0.00653386116027832
fa937a601dbc49c49eb202d7a62d1185,k-means,warm,exec,queue,0.047776222229003906,2.384185791015625e-07,0.0,1609702253.874585,1609702254.120865,0.24628019332885742,1609702253.9481328,1609702253.9549055,0.006772756576538086
264ccbe7ed5642bbb9641ec315399f58,k-means,warm,exec,queue,0.05274319648742676,2.384185791015625e-07,2.384185791015625e-07,1609702253.87608,1609702254.3548827,0.4788026809692383,1609702253.9536712,1609702253.9582453,0.0045740604400634766
40e00693c9f5447cadfbb23a93df523a,k-means,warm,exec,queue,0.05813479423522949,2.384185791015625e-07,2.384185791015625e-07,1609702253.8775966,1609702254.1202793,0.24268269538879395,1609702253.9599,1609702253.9662833,0.006383419036865234
79ce649e21bf418f8bfec006b3839af1,k-means,warm,exec,queue,0.06282496452331543,2.384185791015625e-07,2.384185791015625e-07,1609702253.879096,1609702254.2495234,0.37042737007141113,1609702253.964055,1609702253.96867,0.004614830017089844
5910bca4cb894c9c805871ce8b32d90c,video,warm,exec,queue,0.016276121139526367,4.76837158203125e-07,2.384185791015625e-07,1609702253.8807228,1609702254.0140123,0.13328957557678223,1609702253.9256904,1609702253.9421525,0.016462087631225586
f7b848217b2e462eb29e457d65158805,k-means,warm,exec,queue,0.0027189254760742188,4.76837158203125e-07,2.384185791015625e-07,1609702254.854395,1609702255.001524,0.14712905883789062,1609702254.9051087,1609702254.9132364,0.008127689361572266
d194a8dacccd433489105b931750ede1,k-means,warm,exec,queue,0.021357297897338867,4.76837158203125e-07,0.0,1609702254.8585062,1609702255.0915182,0.23301196098327637,1609702254.9270372,1609702254.934634,0.007596731185913086
4549359ccc45405bace65a02f199528a,k-means,warm,exec,queue,0.025919675827026367,4.76837158203125e-07,2.384185791015625e-07,1609702254.8611066,1609702255.2349272,0.37382054328918457,1609702254.9285183,1609702254.935401,0.006882667541503906
c4e66ae69c3a4b99a99abebafdfd52f1,k-means,warm,exec,queue,0.030390024185180664,2.384185791015625e-07,2.384185791015625e-07,1609702254.8636603,1609702255.1773577,0.31369733810424805,1609702254.9304433,1609702254.93629,0.005846738815307617
baa72a88d79f44d2bfcf26e616ae5fde,k-means,warm,exec,queue,0.035291194915771484,2.384185791015625e-07,2.384185791015625e-07,1609702254.866522,1609702255.2333875,0.3668653964996338,1609702254.9342623,1609702254.940202,0.0059397220611572266
8930e63c4c694c20ae6a3c814b28197b,k-means,warm,exec,queue,0.04033088684082031,2.384185791015625e-07,0.0,1609702254.8688002,1609702255.0311873,0.16238713264465332,1609702254.9451702,1609702254.9531069,0.007936716079711914
b5bdd31bb0044bc3aa9beea99b46b6c0,k-means,warm,exec,queue,0.04488110542297363,2.384185791015625e-07,2.384185791015625e-07,1609702254.8703265,1609702255.0932617,0.22293519973754883,1609702254.946551,1609702254.953406,0.006855010986328125
82422b0d7d464f7ba93bacd74cfb6617,k-means,warm,exec,queue,0.0499267578125,2.384185791015625e-07,2.384185791015625e-07,1609702254.8718767,1609702255.1766956,0.30481886863708496,1609702254.9516485,1609702254.9573495,0.0057010650634765625
9c514c21cf7444c0b0704789e878bb64,k-means,warm,exec,queue,0.05543994903564453,2.384185791015625e-07,2.384185791015625e-07,1609702254.8734288,1609702255.141052,0.2676231861114502,1609702254.9570146,1609702254.9634838,0.006469249725341797
26b9f7dfa74845f3bb2ba4dc1a9aee83,k-means,warm,exec,queue,0.01687312126159668,4.76837158203125e-07,2.384185791015625e-07,1609702254.875101,1609702255.0897548,0.21465373039245605,1609702254.914852,1609702254.9233828,0.008530855178833008
fdf640855a834e11967a38c9b0b2d7a4,k-means,warm,exec,queue,0.009890317916870117,2.384185791015625e-07,0.0,1609702254.8766685,1609702255.0021064,0.12543797492980957,1609702254.9054565,1609702254.9141793,0.008722782135009766
6be4f59044224beba9a2af13f3ec2b81,k-means,warm,exec,queue,0.014446735382080078,2.384185791015625e-07,0.0,1609702254.878204,1609702254.998741,0.12053680419921875,1609702254.9094813,1609702254.918173,0.008691787719726562
af2a662e3d824ce7986b12c3698dcb69,k-means,warm,exec,queue,0.060011863708496094,2.384185791015625e-07,2.384185791015625e-07,1609702254.879746,1609702255.2317436,0.35199761390686035,1609702254.9631987,1609702254.968774,0.005575418472290039
252faebdaf054a0ab37abcf9f0b69f4a,video,warm,exec,queue,0.018993139266967773,2.384185791015625e-07,2.384185791015625e-07,1609702254.8814435,1609702255.1808681,0.2994246482849121,1609702254.9286447,1609702254.9458575,0.017212867736816406
f50e333981104bd4a385793c9cba1950,k-means,warm,exec,queue,0.008745431900024414,4.76837158203125e-07,4.76837158203125e-07,1609702255.8659062,1609702255.9847023,0.11879611015319824,1609702255.9136071,1609702255.9221325,0.008525371551513672
08f20c88f6ce481999f37f78eabe2259,k-means,warm,exec,queue,0.055234670639038086,2.384185791015625e-07,2.384185791015625e-07,1609702255.8701115,1609702256.2910938,0.42098236083984375,1609702255.9688537,1609702255.9750023,0.006148576736450195
504fd9c08da64044ad41ace9683635b7,k-means,warm,exec,queue,0.06061983108520508,2.384185791015625e-07,2.384185791015625e-07,1609702255.8726718,1609702256.1262295,0.2535576820373535,1609702255.9751565,1609702255.9809887,0.005832195281982422
a31e04b09d8f4ec1831d6c133cefcad9,k-means,warm,exec,queue,0.044162750244140625,2.384185791015625e-07,0.0,1609702255.8751845,1609702256.260322,0.38513755798339844,1609702255.95157,1609702255.9579546,0.006384611129760742
43c6c446466c43ce94018efafd0a0bb7,k-means,warm,exec,queue,0.04954409599304199,2.384185791015625e-07,2.384185791015625e-07,1609702255.877973,1609702256.101452,0.2234790325164795,1609702255.9576612,1609702255.96312,0.005458831787109375
4b8fe677a60d4c63bf360a6d17c4e445,k-means,warm,exec,queue,0.03965640068054199,2.384185791015625e-07,2.384185791015625e-07,1609702255.8804567,1609702256.0524585,0.17200183868408203,1609702255.9490983,1609702255.9565027,0.007404327392578125
1ad3a56dac9d4412953636e5dc99442e,k-means,warm,exec,queue,0.034438133239746094,2.384185791015625e-07,0.0,1609702255.8819048,1609702256.2884502,0.40654540061950684,1609702255.94151,1609702255.9489362,0.007426261901855469
de4c4ba24c3e491c8bb1c8dac18d888d,k-means,warm,exec,queue,0.029319286346435547,2.384185791015625e-07,4.76837158203125e-07,1609702255.8833551,1609702256.0082414,0.12488627433776855,1609702255.9365742,1609702255.9429872,0.006412982940673828
41ccbf467537429c8c412fc31909aca4,k-means,warm,exec,queue,0.02254962921142578,2.384185791015625e-07,2.384185791015625e-07,1609702255.8848197,1609702256.128081,0.24326133728027344,1609702255.9348378,1609702255.9432423,0.00840449333190918
727688b776fa43feb18298ab2906add1,k-means,warm,exec,queue,0.017168283462524414,2.384185791015625e-07,0.0,1609702255.8863733,1609702256.293399,0.4070258140563965,1609702255.9226038,1609702255.9307725,0.008168697357177734
32cdddff8d4b412f8575ca63dc6617e5,k-means,warm,exec,queue,0.012952804565429688,7.152557373046875e-07,2.384185791015625e-07,1609702255.8878198,1609702256.2917101,0.40389037132263184,1609702255.917685,1609702255.9262023,0.008517265319824219
2471e54d3ba84b7f81f590af5015bed1,k-means,warm,exec,queue,0.053670644760131836,2.384185791015625e-07,2.384185791015625e-07,1609702255.8892798,1609702256.0508144,0.16153454780578613,1609702255.9637656,1609702255.9691136,0.0053479671478271484
9666ca8a0a2a4d1a9ca57895b4dc6592,matmul,warm,exec,queue,0.02017664909362793,2.384185791015625e-07,2.384185791015625e-07,1609702255.8907316,1609702256.0093493,0.11861777305603027,1609702255.9357703,1609702255.9460812,0.010310888290405273
e7e1ddada83446bf9c2ff4b7fc6092be,map_reduce,warm,exec,queue,0.022529125213623047,4.76837158203125e-07,2.384185791015625e-07,1609702255.8923006,1609702256.2867043,0.39440369606018066,1609702255.936856,1609702256.0221949,0.08533883094787598
42c7f4e2019d4a698c1b3c5d4cea1c1e,k-means,warm,exec,queue,0.0029859542846679688,7.152557373046875e-07,2.384185791015625e-07,1609702256.8501136,1609702256.9765148,0.12640118598937988,1609702256.8938975,1609702256.9027507,0.00885319709777832
bfb65f6ffb62468cae55aa453f32d94b,k-means,warm,exec,queue,0.026528596878051758,2.384185791015625e-07,0.0,1609702256.8540645,1609702257.0180714,0.16400694847106934,1609702256.9137912,1609702256.9186556,0.00486445426940918
19ef6d3e5c3542c9a71202fc36073fb3,k-means,warm,exec,queue,0.0318293571472168,2.384185791015625e-07,0.0,1609702256.8565972,1609702257.0196915,0.16309428215026855,1609702256.919217,1609702256.9258077,0.006590604782104492
854805e064df4a9ab624510ce51904a7,k-means,warm,exec,queue,0.036284685134887695,2.384185791015625e-07,0.0,1609702256.859067,1609702257.2135375,0.35447049140930176,1609702256.9245253,1609702256.9291687,0.004643440246582031
57ffb7eb4ee741ee96b73efcbdda540c,k-means,warm,exec,queue,0.04074406623840332,2.384185791015625e-07,0.0,1609702256.8618681,1609702257.2175133,0.35564517974853516,1609702256.930813,1609702256.9359732,0.005160093307495117
f3dfe007a098443e82aef1b10f7a0927,k-means,warm,exec,queue,0.045456647872924805,2.384185791015625e-07,2.384185791015625e-07,1609702256.8643963,1609702257.214986,0.3505897521972656,1609702256.9350977,1609702256.939546,0.004448413848876953
4a950d1ded3b4707a155fd8342c10564,k-means,warm,exec,queue,0.05058550834655762,2.384185791015625e-07,2.384185791015625e-07,1609702256.8658996,1609702257.144827,0.2789273262023926,1609702256.9418519,1609702256.9487777,0.006925821304321289
18f8329cfecc4712995fd20333cf7a25,k-means,warm,exec,queue,0.021554231643676758,4.76837158203125e-07,2.384185791015625e-07,1609702256.8673456,1609702257.0701175,0.20277190208435059,1609702256.9134877,1609702256.9216297,0.00814199447631836
df05522caf134fa4b02b4bbb83be70a0,k-means,warm,exec,queue,0.009177446365356445,7.152557373046875e-07,2.384185791015625e-07,1609702256.86879,1609702256.9775934,0.10880351066589355,1609702256.8937147,1609702256.9022853,0.008570671081542969
baa4fb59d9804bcbb0c033cf8653d0b5,k-means,warm,exec,queue,0.014119386672973633,4.76837158203125e-07,2.384185791015625e-07,1609702256.8703673,1609702257.0690336,0.19866633415222168,1609702256.8979797,1609702256.9062264,0.008246660232543945
0aba79da49a3416b950bf3abd940aa63,k-means,warm,exec,queue,0.018543720245361328,2.384185791015625e-07,2.384185791015625e-07,1609702256.871798,1609702257.2170713,0.3452732563018799,1609702256.9028604,1609702256.9108322,0.007971763610839844
c10b00f60c6049d2bd60a9f5d848d068,k-means,warm,exec,queue,0.0021605491638183594,4.76837158203125e-07,0.0,1609702257.8563375,1609702257.9917424,0.1354048252105713,1609702257.9096026,1609702257.9183755,0.008772850036621094
fb615cd1cd8c46ae9ca37ed492cb8099,k-means,warm,exec,queue,0.03446555137634277,4.76837158203125e-07,0.0,1609702257.860546,1609702258.031022,0.17047595977783203,1609702257.9385128,1609702257.9454777,0.006964921951293945
169263e816a94fa29ba55708173ff9c8,k-means,warm,exec,queue,0.039110422134399414,2.384185791015625e-07,0.0,1609702257.8631606,1609702258.259523,0.3963623046875,1609702257.944996,1609702257.9501762,0.0051801204681396484
5eb090f0afc0462b8466ec7a32d5283a,k-means,warm,exec,queue,0.04454779624938965,4.76837158203125e-07,2.384185791015625e-07,1609702257.8660135,1609702258.344602,0.4785885810852051,1609702257.9515054,1609702257.9574327,0.005927324295043945
ee6a0919ef46483493ac2b3083ba2649,k-means,warm,exec,queue,0.04957270622253418,2.384185791015625e-07,2.384185791015625e-07,1609702257.868788,1609702258.3571937,0.488405704498291,1609702257.9559257,1609702257.9605026,0.004576921463012695
3427a775b88945d9b5f2659d19a5ac2d,k-means,warm,exec,queue,0.05475115776062012,4.76837158203125e-07,2.384185791015625e-07,1609702257.87037,1609702258.342872,0.4725019931793213,1609702257.963567,1609702257.9708538,0.007286787033081055
987cd8c94fbb4236a20576143f79f3e1,k-means,warm,exec,queue,0.010669708251953125,2.384185791015625e-07,2.384185791015625e-07,1609702257.871957,1609702258.2615821,0.38962507247924805,1609702257.9105618,1609702257.9193752,0.00881338119506836
b0521d82ea86492483f612b4df03b058,k-means,warm,exec,queue,0.015564918518066406,2.384185791015625e-07,4.76837158203125e-07,1609702257.8735583,1609702258.108085,0.2345266342163086,1609702257.9154155,1609702257.9242918,0.008876323699951172
749513bf09804dc186ec46eed43aa2c9,k-means,warm,exec,queue,0.02092123031616211,2.384185791015625e-07,2.384185791015625e-07,1609702257.8751523,1609702258.156707,0.2815546989440918,1609702257.921856,1609702257.9313838,0.009527921676635742
9831b7e98f93468fbe549fb5cb9ca03c,k-means,warm,exec,queue,0.02668285369873047,4.76837158203125e-07,2.384185791015625e-07,1609702257.876885,1609702258.1101623,0.2332773208618164,1609702257.9319577,1609702257.9397721,0.007814407348632812
adf92c0ab5a342fe88918987b4ef7f3c,k-means,warm,exec,queue,0.03184390068054199,2.384185791015625e-07,2.384185791015625e-07,1609702257.878515,1609702258.122998,0.24448299407958984,1609702257.9329638,1609702257.9378064,0.004842519760131836
946a9791e7184c309571a256a3204ac3,k-means,warm,exec,queue,0.005918741226196289,4.76837158203125e-07,2.384185791015625e-07,1609702257.8801472,1609702257.9899693,0.10982203483581543,1609702257.910457,1609702257.9193597,0.008902788162231445
b132c2875346452188df5581f40eba12,k-means,warm,exec,queue,0.05958199501037598,2.384185791015625e-07,2.384185791015625e-07,1609702257.8817735,1609702258.3409824,0.45920896530151367,1609702257.9677885,1609702257.9721453,0.004356861114501953
2d636e9ab1e949f4adc7b6b29a552ec5,video,warm,exec,queue,0.016064882278442383,2.384185791015625e-07,2.384185791015625e-07,1609702257.8834596,1609702258.1584551,0.2749955654144287,1609702257.9319158,1609702257.9482453,0.016329526901245117
121a98f36410454c8e770062ebe5142d,k-means,warm,exec,queue,0.00045108795166015625,7.152557373046875e-07,2.384185791015625e-07,1609702258.8522432,1609702258.985037,0.13279390335083008,1609702258.895774,1609702258.9043665,0.008592605590820312
6f9503ea35444838b26455902c0d9ef5,k-means,warm,exec,queue,0.03707742691040039,2.384185791015625e-07,2.384185791015625e-07,1609702258.856398,1609702259.168536,0.3121378421783447,1609702258.9303997,1609702258.9365358,0.006136178970336914
80feb5e832ab473f864d6fb40b88ed8d,k-means,warm,exec,queue,0.03491950035095215,2.384185791015625e-07,2.384185791015625e-07,1609702258.85898,1609702259.027353,0.16837310791015625,1609702258.9257293,1609702258.9306185,0.004889249801635742
45a98c94927c4ef6a5246eeb118aaf69,k-means,warm,exec,queue,0.042617082595825195,2.384185791015625e-07,2.384185791015625e-07,1609702258.8611834,1609702259.1704214,0.3092379570007324,1609702258.9363384,1609702258.9406624,0.0043239593505859375
5ac97868c9084b04a035aa170080540d,k-means,warm,exec,queue,0.029636859893798828,2.384185791015625e-07,2.384185791015625e-07,1609702258.862918,1609702259.0758476,0.21292972564697266,1609702258.9189386,1609702258.9243186,0.005379915237426758
9e3f751bb9a24db3b402b7a5b5ff1bf8,k-means,warm,exec,queue,0.047595977783203125,2.384185791015625e-07,2.384185791015625e-07,1609702258.864493,1609702259.1159577,0.25146484375,1609702258.9423442,1609702258.9483786,0.006034374237060547
8b7187e8760343d9b1b36c53bddbba15,k-means,warm,exec,queue,0.00529170036315918,4.76837158203125e-07,0.0,1609702258.8660557,1609702259.1165326,0.2504768371582031,1609702258.8971012,1609702258.9061446,0.009043455123901367
bf4accfa0de543db99565ab5ca2e9b7d,k-means,warm,exec,queue,0.009697437286376953,2.384185791015625e-07,0.0,1609702258.8676236,1609702259.1153698,0.24774622917175293,1609702258.8979301,1609702258.906637,0.008706808090209961
9f8e3149762743308c48152d8297c3ab,k-means,warm,exec,queue,0.01486515998840332,4.76837158203125e-07,0.0,1609702258.869205,1609702258.9868693,0.11766433715820312,1609702258.9040594,1609702258.9122877,0.008228302001953125
3070cf1b6c324847b9934a403422c337,k-means,warm,exec,queue,0.020200490951538086,4.76837158203125e-07,0.0,1609702258.8708913,1609702259.1112812,0.24038982391357422,1609702258.9094293,1609702258.918489,0.009059667587280273
b2a6310866944c03a2a6a76c0e2b49e3,k-means,warm,exec,queue,0.024854421615600586,4.76837158203125e-07,0.0,1609702258.8724728,1609702259.0259662,0.15349340438842773,1609702258.9153492,1609702258.920381,0.0050318241119384766
01ffc4543b9e45a582e394ec043dc378,k-means,warm,exec,queue,0.0024161338806152344,7.152557373046875e-07,2.384185791015625e-07,1609702259.8569143,1609702260.0214028,0.1644885540008545,1609702259.9017935,1609702259.9100804,0.00828695297241211
f4ff18668561403eb3b9d5bd56062a56,k-means,warm,exec,queue,0.03871488571166992,2.384185791015625e-07,2.384185791015625e-07,1609702259.8601964,1609702261.1428704,1.2826740741729736,1609702259.939199,1609702259.948061,0.008862018585205078
8f8a6cceb83b492bac4631b9a4ed8b0e,k-means,warm,exec,queue,0.04328417778015137,2.384185791015625e-07,2.384185791015625e-07,1609702259.8616235,1609702260.723931,0.8623075485229492,1609702259.9407651,1609702259.9459953,0.0052301883697509766
952a96ffc4d64786ad6816b751102824,k-means,warm,exec,queue,0.048658132553100586,2.384185791015625e-07,2.384185791015625e-07,1609702259.8630488,1609702260.046651,0.18360209465026855,1609702259.9451413,1609702259.951679,0.006537675857543945
d34f8aee91f44b638f6ff6954cb92652,k-means,warm,exec,queue,0.05333709716796875,2.384185791015625e-07,2.384185791015625e-07,1609702259.8646538,1609702260.5909262,0.7262723445892334,1609702259.952551,1609702259.9595528,0.0070018768310546875
14567b12b8ee4226a2c7b8252f2d1862,k-means,warm,exec,queue,0.05781197547912598,2.384185791015625e-07,2.384185791015625e-07,1609702259.866075,1609702261.1403208,1.2742457389831543,1609702259.9571614,1609702259.9627163,0.005554914474487305
869972d67e164ddd8dd76500cbec32ce,k-means,warm,exec,queue,0.03363990783691406,2.384185791015625e-07,0.0,1609702259.8675144,1609702260.083911,0.21639657020568848,1609702259.9281511,1609702259.9345026,0.006351470947265625
af57e126d9dc40e69f4ebe105706b04c,k-means,warm,exec,queue,0.029274463653564453,2.384185791015625e-07,0.0,1609702259.8689551,1609702260.083324,0.2143688201904297,1609702259.9232984,1609702259.9300056,0.006707191467285156
70f061e2a5754d21a4793d961ffb66a8,k-means,warm,exec,queue,0.024876117706298828,2.384185791015625e-07,0.0,1609702259.8703825,1609702260.0244246,0.15404200553894043,1609702259.9217122,1609702259.9288986,0.007186412811279297
8b812f6f273846b3a506efa8deba47c2,k-means,warm,exec,queue,0.019019365310668945,2.384185791015625e-07,0.0,1609702259.8720443,1609702260.7219,0.8498556613922119,1609702259.9134457,1609702259.9222023,0.008756637573242188
3d0718134f8e4161a86fef4b092abeba,k-means,warm,exec,queue,0.011044502258300781,2.384185791015625e-07,2.384185791015625e-07,1609702259.8734746,1609702260.0238945,0.1504199504852295,1609702259.9018064,1609702259.9100819,0.008275508880615234
4a03e18135a2425db95064b7e1f26f63,k-means,warm,exec,queue,0.015868425369262695,4.76837158203125e-07,2.384185791015625e-07,1609702259.8748999,1609702260.0804982,0.2055983543395996,1609702259.9062834,1609702259.9135613,0.007277965545654297
76faef6af7474a219c96de4608d94d76,k-means,warm,exec,queue,0.06199765205383301,2.384185791015625e-07,2.384185791015625e-07,1609702259.8763893,1609702260.7228913,0.8465020656585693,1609702259.960802,1609702259.9673374,0.00653529167175293
1dcda705e9f24718a0f013a9b335ed3f,video,warm,exec,queue,0.01650691032409668,4.76837158203125e-07,0.0,1609702259.8779607,1609702261.1424556,1.2644948959350586,1609702259.9215975,1609702259.9382172,0.01661968231201172
08dc3b87f9364f73b2edf5b4d84a4d4a,k-means,warm,exec,queue,0.009125709533691406,2.384185791015625e-07,0.0,1609702260.8584018,1609702261.5525537,0.6941518783569336,1609702260.923731,1609702260.9313798,0.0076487064361572266
d08abdbcb7a9466984daeb244c0206e3,k-means,warm,exec,queue,0.058348894119262695,4.76837158203125e-07,2.384185791015625e-07,1609702260.8619945,1609702261.3996513,0.5376567840576172,1609702260.9614747,1609702260.9675622,0.006087541580200195
80ff75d0d6a34689bdda58b70807b038,k-means,warm,exec,queue,0.06323981285095215,2.384185791015625e-07,4.76837158203125e-07,1609702260.864148,1609702261.9079518,1.0438039302825928,1609702260.96317,1609702260.9675105,0.004340410232543945
81e8f31db5e242849dafb37ca66a11b8,k-means,warm,exec,queue,0.06773185729980469,4.76837158203125e-07,2.384185791015625e-07,1609702260.865751,1609702261.497734,0.6319830417633057,1609702260.9696136,1609702260.9764357,0.006822109222412109
198b0f58de2445de851c5c44f10722db,k-means,warm,exec,queue,0.07245445251464844,2.384185791015625e-07,0.0,1609702260.86758,1609702261.9056616,1.0380816459655762,1609702260.974517,1609702260.9808881,0.006371021270751953
e410b033bdee4f23994232d367b86c28,k-means,warm,exec,queue,0.0781259536743164,4.76837158203125e-07,2.384185791015625e-07,1609702260.8691723,1609702261.4992204,0.6300480365753174,1609702260.9788718,1609702260.986099,0.007227182388305664
0666f2ee4b3a4fc8999fe4d8fd8ce19f,k-means,warm,exec,queue,0.05304884910583496,2.384185791015625e-07,2.384185791015625e-07,1609702260.8707242,1609702261.9075387,1.0368144512176514,1609702260.9502711,1609702260.95571,0.005438804626464844
022cd29e2e8f4ec19989349d05d725da,k-means,warm,exec,queue,0.04795193672180176,4.76837158203125e-07,0.0,1609702260.8722804,1609702261.6402931,0.7680127620697021,1609702260.9464154,1609702260.9516613,0.00524592399597168
627c345884da4eaca1dbbb16a25c5bb2,k-means,warm,exec,queue,0.04355978965759277,2.384185791015625e-07,0.0,1609702260.8739333,1609702261.4023883,0.5284550189971924,1609702260.9458025,1609702260.951708,0.005905628204345703
e5946a96a0f54c9e9ee6a325d8f70413,k-means,warm,exec,queue,0.038530588150024414,2.384185791015625e-07,2.384185791015625e-07,1609702260.8755038,1609702261.2638042,0.38830041885375977,1609702260.9353328,1609702260.942833,0.007500171661376953
6bcde369527a4e56bf15c97305fda3dc,k-means,warm,exec,queue,0.028481245040893555,2.384185791015625e-07,0.0,1609702260.8770237,1609702261.4019408,0.5249171257019043,1609702260.9242864,1609702260.932243,0.007956743240356445
e5a4232eaa474b578d2bf81459673870,k-means,warm,exec,queue,0.03334927558898926,2.384185791015625e-07,0.0,1609702260.8784912,1609702261.551044,0.6725528240203857,1609702260.9290283,1609702260.9360182,0.006989955902099609
0f38540a9f3c4441bb1ca00bd3e61c49,k-means,warm,exec,queue,0.08268189430236816,2.384185791015625e-07,0.0,1609702260.879999,1609702261.8018334,0.9218344688415527,1609702260.9847631,1609702260.99069,0.005926847457885742
d11179b8397043bc8dbdb45caec40342,video,warm,exec,queue,0.036109209060668945,2.384185791015625e-07,2.384185791015625e-07,1609702260.8814335,1609702261.9091482,1.027714729309082,1609702260.9463656,1609702260.9627638,0.016398191452026367
3c5363b619954bcfa732e72fcb3d1602,matmul,warm,exec,queue,0.04072380065917969,2.384185791015625e-07,2.384185791015625e-07,1609702260.8828518,1609702261.6242394,0.7413876056671143,1609702260.947238,1609702260.9568963,0.009658336639404297
615c416651f245b4a92c36d76f582950,k-means,warm,exec,queue,6.818771362304688e-05,4.76837158203125e-07,2.384185791015625e-07,1609702261.857165,1609702262.0962536,0.2390885353088379,1609702261.9104383,1609702261.9192204,0.008782148361206055
fea90b5c7ea94b79b2b1a9848e613b5a,k-means,warm,exec,queue,0.008820295333862305,7.152557373046875e-07,2.384185791015625e-07,1609702261.8612509,1609702261.9973667,0.13611578941345215,1609702261.9121184,1609702261.9204834,0.00836491584777832
6a2f134157cd4d64b29d977ff86e6225,k-means,warm,exec,queue,0.013326883316040039,2.384185791015625e-07,0.0,1609702261.8638196,1609702261.9946012,0.1307816505432129,1609702261.911659,1609702261.9188025,0.007143497467041016
4c63f9a423ab4f189f4b3f4e82238230,k-means,warm,exec,queue,0.01850128173828125,4.76837158203125e-07,0.0,1609702261.866391,1609702261.9968328,0.13044190406799316,1609702261.9174016,1609702261.9261246,0.008723020553588867
61d22c68e90c48c4acf11a9aba3c38f4,k-means,warm,exec,queue,0.02379894256591797,2.384185791015625e-07,2.384185791015625e-07,1609702261.8689208,1609702262.0278282,0.15890741348266602,1609702261.9254134,1609702261.9334924,0.008079051971435547
a3c0a486f6bd484786a4796334044853,k-means,warm,exec,queue,0.028660058975219727,2.384185791015625e-07,4.76837158203125e-07,1609702261.8703184,1609702262.2316074,0.36128902435302734,1609702261.9276617,1609702261.9341152,0.006453514099121094
7fab6c6883ec44c282a596c94f7fa61e,k-means,warm,exec,queue,0.03301692008972168,2.384185791015625e-07,0.0,1609702261.871702,1609702262.2297137,0.35801172256469727,1609702261.9328542,1609702261.9376786,0.004824399948120117
8aa44183de244b7fbaf31a2c625e82c4,k-means,warm,exec,queue,0.0380864143371582,2.384185791015625e-07,0.0,1609702261.8731842,1609702262.2348957,0.3617115020751953,1609702261.9414763,1609702261.9486196,0.007143259048461914
f0d43e6ae56d4eadaf2162949bc123e1,k-means,warm,exec,queue,0.04308581352233887,4.76837158203125e-07,2.384185791015625e-07,1609702261.8746722,1609702262.0290227,0.15435051918029785,1609702261.9445415,1609702261.948895,0.004353523254394531
1d310866c7b8456091eb6295704da53c,k-means,warm,exec,queue,0.0475611686706543,4.76837158203125e-07,2.384185791015625e-07,1609702261.8761976,1609702262.1378512,0.2616536617279053,1609702261.9500508,1609702261.957668,0.00761723518371582
d41e350eafb7471597ee1d39684b127e,k-means,warm,exec,queue,0.05204319953918457,2.384185791015625e-07,0.0,1609702261.8776178,1609702262.0616324,0.18401455879211426,1609702261.955659,1609702261.9603267,0.004667758941650391
b90d924813274659b8d8ccaf6c43f32b,k-means,warm,exec,queue,0.05717134475708008,2.384185791015625e-07,2.384185791015625e-07,1609702261.8790233,1609702262.234313,0.3552896976470947,1609702261.960913,1609702261.9670744,0.00616145133972168
5f916109026a45a785960b41760aad26,k-means,warm,exec,queue,0.06190800666809082,2.384185791015625e-07,2.384185791015625e-07,1609702261.8804336,1609702262.094801,0.21436738967895508,1609702261.966178,1609702261.9707417,0.004563808441162109
26e127d5224a4d93baf45b7f6cba251e,k-means,warm,exec,queue,0.06689715385437012,2.384185791015625e-07,0.0,1609702261.8819146,1609702262.2058141,0.323899507522583,1609702261.973095,1609702261.9791849,0.006089925765991211
0e6d0fd083554e199c837458580991f3,k-means,warm,exec,queue,0.0008919239044189453,4.76837158203125e-07,2.384185791015625e-07,1609702262.8538895,1609702262.9830763,0.12918686866760254,1609702262.9008727,1609702262.9095755,0.008702754974365234
a47b44546e584f5daa67bfab00fd146b,k-means,warm,exec,queue,0.01459956169128418,2.384185791015625e-07,2.384185791015625e-07,1609702262.8576982,1609702263.191111,0.33341288566589355,1609702262.9126751,1609702262.921221,0.008545875549316406
a94220cdd3e4431080eca0309a0750e4,k-means,warm,exec,queue,0.019414424896240234,2.384185791015625e-07,2.384185791015625e-07,1609702262.860097,1609702263.356383,0.49628615379333496,1609702262.9186406,1609702262.9255219,0.006881237030029297
039710a70d3f42f480473adb268a5824,k-means,warm,exec,queue,0.024818897247314453,2.384185791015625e-07,2.384185791015625e-07,1609702262.8625517,1609702263.0905988,0.22804713249206543,1609702262.9225056,1609702262.9280334,0.0055277347564697266
600da3287aa14f75b9eec70aaa21a0f2,k-means,warm,exec,queue,0.030385732650756836,2.384185791015625e-07,0.0,1609702262.865276,1609702263.0320387,0.1667625904083252,1609702262.9285393,1609702262.9350247,0.006485462188720703
bd7fe5b6fba2475aae984e2a3379aca1,k-means,warm,exec,queue,0.03550982475280762,2.384185791015625e-07,2.384185791015625e-07,1609702262.867698,1609702263.3149164,0.4472184181213379,1609702262.9338253,1609702262.9384615,0.004636287689208984
0f5e8cdc34e04e22a51db4da5aefaec6,k-means,warm,exec,queue,0.04099869728088379,2.384185791015625e-07,2.384185791015625e-07,1609702262.86935,1609702263.094937,0.2255871295928955,1609702262.9410768,1609702262.9469602,0.005883455276489258
cbf2c1a49a9c469e8e2dc235cd12c0cc,k-means,warm,exec,queue,0.04608511924743652,4.76837158203125e-07,0.0,1609702262.8713431,1609702263.2768052,0.40546202659606934,1609702262.9453437,1609702262.9500167,0.004673004150390625
eac1aa7cb42444f3b195a6016ca85c5b,k-means,warm,exec,queue,0.051685333251953125,2.384185791015625e-07,2.384185791015625e-07,1609702262.873414,1609702263.4163163,0.5429022312164307,1609702262.9531271,1609702262.960207,0.0070798397064208984
9ac265b54d6c4f41aabeb518fcab5ccf,k-means,warm,exec,queue,0.0050694942474365234,2.384185791015625e-07,4.76837158203125e-07,1609702262.875961,1609702262.980777,0.10481595993041992,1609702262.9015863,1609702262.909964,0.008377790451049805
33fafd64101c4c839c216544867f4e7a,k-means,warm,exec,queue,0.009913206100463867,2.384185791015625e-07,0.0,1609702262.8783598,1609702263.095781,0.217421293258667,1609702262.9065256,1609702262.9152937,0.008768081665039062
5de2e8c6b8444663ba8fb77a8f73f15e,k-means,warm,exec,queue,0.0020990371704101562,4.76837158203125e-07,2.384185791015625e-07,1609702263.8593595,1609702264.0194726,0.16011309623718262,1609702263.9087799,1609702263.917517,0.00873708724975586
2952f5d5d4bf41939bf81cf90f6cbf6c,k-means,warm,exec,queue,0.04364800453186035,2.384185791015625e-07,0.0,1609702263.8637886,1609702264.1188662,0.255077600479126,1609702263.950306,1609702263.9558742,0.005568265914916992
86498cfc43a44006afdbc7e7c458b8f6,k-means,warm,exec,queue,0.04800748825073242,2.384185791015625e-07,2.384185791015625e-07,1609702263.8664212,1609702264.2002964,0.3338751792907715,1609702263.9560928,1609702263.962188,0.006095170974731445
c022caeefc0340ce83dce17582c7592f,k-means,warm,exec,queue,0.05347585678100586,4.76837158203125e-07,2.384185791015625e-07,1609702263.8690705,1609702264.2052782,0.33620762825012207,1609702263.9644892,1609702263.9713244,0.006835222244262695
1d739a54aa6644d2922f95c8bb9551a4,k-means,warm,exec,queue,0.020285844802856445,4.76837158203125e-07,2.384185791015625e-07,1609702263.8719692,1609702264.0447307,0.1727614402770996,1609702263.9296818,1609702263.9379392,0.008257389068603516
35d300e575354791b6a515fb352d629c,k-means,warm,exec,queue,0.025348663330078125,2.384185791015625e-07,2.384185791015625e-07,1609702263.87384,1609702264.043119,0.16927886009216309,1609702263.931322,1609702263.9390433,0.0077211856842041016
df871d7e5921418dbfb8e3cec7d58fe7,k-means,warm,exec,queue,0.029693126678466797,2.384185791015625e-07,2.384185791015625e-07,1609702263.8754177,1609702264.0414898,0.16607213020324707,1609702263.932907,1609702263.9396226,0.006715536117553711
63449b3c057b4017a0f4e7096ba3df70,k-means,warm,exec,queue,0.03508806228637695,4.76837158203125e-07,2.384185791015625e-07,1609702263.8770113,1609702264.2046945,0.3276832103729248,1609702263.9398546,1609702263.9474373,0.007582664489746094
4e6e9e60f9924dcfb22d8c59e610f455,k-means,warm,exec,queue,0.04070568084716797,4.76837158203125e-07,2.384185791015625e-07,1609702263.878593,1609702264.201979,0.32338595390319824,1609702263.9475067,1609702263.9546335,0.007126808166503906
ffaae0b182314d22a365d48e169a1888,k-means,warm,exec,queue,0.01491093635559082,2.384185791015625e-07,2.384185791015625e-07,1609702263.880314,1609702264.2069461,0.326632022857666,1609702263.918046,1609702263.9255419,0.007495880126953125
9c30802acf504880a3c42f1ae8b90eb2,k-means,warm,exec,queue,0.010446310043334961,2.384185791015625e-07,4.76837158203125e-07,1609702263.8818977,1609702264.1169484,0.23505067825317383,1609702263.912034,1609702263.9205205,0.008486509323120117
71444e1c1b7940cbad28d209c73afb95,k-means,warm,exec,queue,0.007569551467895508,2.384185791015625e-07,0.0,1609702263.8834777,1609702264.0175545,0.13407683372497559,1609702263.909124,1609702263.9180143,0.008890390396118164
d3a7d8c59ff546e09ce581de2530d291,video,warm,exec,queue,0.016993999481201172,2.384185791015625e-07,2.384185791015625e-07,1609702263.8850827,1609702264.1607983,0.27571558952331543,1609702263.9313204,1609702263.948777,0.017456531524658203
9794ca07d5984e4c8399390f04c50946,k-means,warm,exec,queue,0.010562658309936523,4.76837158203125e-07,2.384185791015625e-07,1609702264.8647046,1609702264.9872167,0.1225121021270752,1609702264.9154575,1609702264.924381,0.008923530578613281
6689384913a24930bd3c457b758b9153,k-means,warm,exec,queue,0.06880736351013184,7.152557373046875e-07,2.384185791015625e-07,1609702264.8689485,1609702265.1852612,0.3163127899169922,1609702264.9843316,1609702264.9904268,0.006095170974731445
3eea1a80432844cc8de466cd89876d42,k-means,warm,exec,queue,0.0749204158782959,4.76837158203125e-07,2.384185791015625e-07,1609702264.8713908,1609702265.2385342,0.3671433925628662,1609702264.9928772,1609702265.0003798,0.007502555847167969
fd54f62822c9427fa55601b2933c3f71,k-means,warm,exec,queue,0.036634206771850586,2.384185791015625e-07,2.384185791015625e-07,1609702264.8733644,1609702265.1848612,0.3114967346191406,1609702264.945477,1609702264.9518876,0.0064105987548828125
3260d3f9df824068ba98124b0ec0bd40,k-means,warm,exec,queue,0.04139280319213867,2.384185791015625e-07,2.384185791015625e-07,1609702264.8751612,1609702265.1856418,0.31048059463500977,1609702264.949764,1609702264.9546263,0.004862308502197266
7e52ffd180934038ad70f80b102287ff,k-means,warm,exec,queue,0.04655194282531738,2.384185791015625e-07,0.0,1609702264.8767512,1609702265.0939887,0.2172374725341797,1609702264.9568698,1609702264.9633303,0.006460428237915039
fb16772732af49b2a29be2c31a38812e,k-means,warm,exec,queue,0.03215789794921875,2.384185791015625e-07,0.0,1609702264.8783383,1609702265.127593,0.24925470352172852,1609702264.9396887,1609702264.947274,0.007585287094116211
d4c7d2027d004f67af142feb90b17e67,k-means,warm,exec,queue,0.027646303176879883,2.384185791015625e-07,0.0,1609702264.8799143,1609702265.1808746,0.3009603023529053,1609702264.9344869,1609702264.9405425,0.006055593490600586
b550790abee04b1caf03d9090d299e45,k-means,warm,exec,queue,0.022414445877075195,2.384185791015625e-07,0.0,1609702264.8815143,1609702265.0101345,0.12862014770507812,1609702264.929162,1609702264.9379582,0.008796215057373047
7ea63459e3e24164b83619a0f8aa9678,k-means,warm,exec,queue,0.017951488494873047,2.384185791015625e-07,2.384185791015625e-07,1609702264.8832438,1609702265.0433214,0.16007757186889648,1609702264.9238615,1609702264.9322112,0.00834965705871582
ca0c3ebecc804246a3ee4d05b54bf782,k-means,warm,exec,queue,0.013457775115966797,2.384185791015625e-07,2.384185791015625e-07,1609702264.8848026,1609702264.989083,0.10428047180175781,1609702264.918468,1609702264.9265575,0.008089542388916016
9c99265b554b460280f4e936b01a69d7,k-means,warm,exec,queue,0.05083107948303223,2.384185791015625e-07,2.384185791015625e-07,1609702264.8863568,1609702265.180439,0.2940821647644043,1609702264.9609122,1609702264.9672933,0.006381034851074219
a6269373839d487498d9fba66b2a56fe,k-means,warm,exec,queue,0.05608654022216797,2.384185791015625e-07,2.384185791015625e-07,1609702264.887912,1609702265.1776931,0.2897810935974121,1609702264.968724,1609702264.9756129,0.006888866424560547
9522783ffb6f463e95da233c39fc4b0b,k-means,warm,exec,queue,0.06038403511047363,2.384185791015625e-07,4.76837158203125e-07,1609702264.8895948,1609702265.236673,0.3470783233642578,1609702264.9734807,1609702264.980086,0.006605386734008789
a7bec912a65a4a04bbc310f08a562d7d,k-means,warm,exec,queue,0.06534433364868164,2.384185791015625e-07,2.384185791015625e-07,1609702264.8911486,1609702265.186031,0.29488253593444824,1609702264.977837,1609702264.9844208,0.006583690643310547
fcfd35c7c2a14824a6e3734f3645b60b,k-means,warm,exec,queue,0.009980440139770508,4.76837158203125e-07,0.0,1609702265.8639708,1609702265.9983768,0.13440608978271484,1609702265.9126163,1609702265.920716,0.008099794387817383
51f39a5ff8ae4a9cbe7e95fa87d5e26f,k-means,warm,exec,queue,0.057271718978881836,2.384185791015625e-07,2.384185791015625e-07,1609702265.8678582,1609702266.1103897,0.24253153800964355,1609702265.969459,1609702265.9768426,0.007383584976196289
2badacee77a449e1a9cf3126c64e500c,k-means,warm,exec,queue,0.052054643630981445,2.384185791015625e-07,2.384185791015625e-07,1609702265.8701417,1609702266.0630708,0.19292902946472168,1609702265.960579,1609702265.966139,0.005560159683227539
5466fb58243345e0bd9c3dadda1a6fc1,k-means,warm,exec,queue,0.04761862754821777,4.76837158203125e-07,2.384185791015625e-07,1609702265.8724236,1609702266.4782925,0.6058688163757324,1609702265.9553275,1609702265.963115,0.007787466049194336
331ad64b76824f669b660c566ef20ec7,k-means,warm,exec,queue,0.04327583312988281,2.384185791015625e-07,2.384185791015625e-07,1609702265.8749406,1609702266.2190125,0.3440718650817871,1609702265.9543235,1609702265.9610806,0.006757020950317383
f1bb135310224438ac4ef5b3d7da6f0b,k-means,warm,exec,queue,0.038847923278808594,2.384185791015625e-07,2.384185791015625e-07,1609702265.8770404,1609702266.1109633,0.23392295837402344,1609702265.9451115,1609702265.9514322,0.0063207149505615234
f4fc3cd2c7c94ee7a6255d655cfc7053,k-means,warm,exec,queue,0.034413814544677734,2.384185791015625e-07,0.0,1609702265.8785925,1609702266.1098194,0.23122692108154297,1609702265.9397714,1609702265.9461093,0.006337881088256836
bdd0a6507d4d48e682296c0e528fa64e,k-means,warm,exec,queue,0.029848575592041016,2.384185791015625e-07,0.0,1609702265.8801436,1609702266.1064346,0.22629094123840332,1609702265.9380643,1609702265.9453287,0.007264375686645508
6690024a1a87457fba34aff4e3b1c32a,k-means,warm,exec,queue,0.01363062858581543,2.384185791015625e-07,0.0,1609702265.8817072,1609702265.997907,0.11619973182678223,1609702265.916391,1609702265.9247196,0.008328676223754883
8d1a98b0ec834deab0d8bfdeb66e12fe,k-means,warm,exec,queue,0.01886129379272461,2.384185791015625e-07,2.384185791015625e-07,1609702265.8833933,1609702265.9958239,0.11243057250976562,1609702265.9222858,1609702265.9302247,0.007938861846923828
d5afe164a7624cdba318319991045c9f,k-means,warm,exec,queue,0.026111841201782227,2.384185791015625e-07,0.0,1609702265.8849568,1609702266.0210824,0.1361255645751953,1609702265.9336674,1609702265.9386334,0.004966020584106445
ed9a5c615c4e4939bdf3e24b203bd1ab,video,warm,exec,queue,0.023259401321411133,2.384185791015625e-07,2.384185791015625e-07,1609702265.8865106,1609702266.221768,0.33525729179382324,1609702265.9345865,1609702265.9520774,0.017490863800048828
b0eddadbea544ec390bce3668f6e4c51,matmul,warm,exec,queue,0.02241206169128418,2.384185791015625e-07,2.384185791015625e-07,1609702265.8880773,1609702266.1126888,0.22461152076721191,1609702265.9353642,1609702265.9452848,0.009920597076416016
1dd1b1cd54bf4dd191d7fc5bde7f7e80,map_reduce,warm,exec,queue,0.02725529670715332,2.384185791015625e-07,0.0,1609702265.8897479,1609702266.3763804,0.4866325855255127,1609702265.939631,1609702266.0252976,0.08566665649414062
ccc52ab935804791bcf3cbc1b9d474a3,k-means,warm,exec,queue,0.002334117889404297,2.384185791015625e-07,0.0,1609702266.8658755,1609702267.0315526,0.16567707061767578,1609702266.92262,1609702266.9306688,0.008048772811889648
c01ab2b8a4444c1bbe9d8f61b8d86495,k-means,warm,exec,queue,0.03819608688354492,2.384185791015625e-07,2.384185791015625e-07,1609702266.8701081,1609702267.3525174,0.4824092388153076,1609702266.9575605,1609702266.9626799,0.00511932373046875
abac05920740463591c2463e0be953c7,k-means,warm,exec,queue,0.04294466972351074,2.384185791015625e-07,2.384185791015625e-07,1609702266.8727517,1609702267.1061003,0.23334860801696777,1609702266.9615047,1609702266.9666414,0.005136728286743164
749c27a6d3ce4e38b84a9ef5a4211884,k-means,warm,exec,queue,0.046903371810913086,2.384185791015625e-07,2.384185791015625e-07,1609702266.8753374,1609702267.3500247,0.4746873378753662,1609702266.968631,1609702266.9748347,0.006203651428222656
c63631732a494a58a783c46d840847bf,k-means,warm,exec,queue,0.05226469039916992,2.384185791015625e-07,0.0,1609702266.8782809,1609702267.3010163,0.42273545265197754,1609702266.9723804,1609702266.978599,0.006218671798706055
27a2f2e3c74847a9a8eb19b75c105365,k-means,warm,exec,queue,0.02096867561340332,4.76837158203125e-07,2.384185791015625e-07,1609702266.8807504,1609702267.030603,0.14985251426696777,1609702266.9347582,1609702266.9434612,0.008702993392944336
333fedbef5834f5ea7d4429c36896b8c,k-means,warm,exec,queue,0.026598215103149414,2.384185791015625e-07,0.0,1609702266.882361,1609702267.0300019,0.14764094352722168,1609702266.9445877,1609702266.9500475,0.005459785461425781
8bf1755d93f5448e95aa7b28f748c013,k-means,warm,exec,queue,0.031589508056640625,2.384185791015625e-07,2.384185791015625e-07,1609702266.8839638,1609702267.1420333,0.2580695152282715,1609702266.9458785,1609702266.950598,0.00471949577331543
6bf54258803a429a8a0623a04d6c1ad9,k-means,warm,exec,queue,0.03665471076965332,2.384185791015625e-07,2.384185791015625e-07,1609702266.8855903,1609702267.1012812,0.21569085121154785,1609702266.9510117,1609702266.9559524,0.00494074821472168
b07aeebf6d854a3386c5a1e68f811fcc,k-means,warm,exec,queue,0.01573657989501953,2.384185791015625e-07,2.384185791015625e-07,1609702266.8873234,1609702267.0294008,0.14207744598388672,1609702266.9284663,1609702266.9367309,0.008264541625976562
51bf43e7f6204ce29ad16d6e1db2dea8,k-means,warm,exec,queue,0.010793924331665039,2.384185791015625e-07,2.384185791015625e-07,1609702266.8889227,1609702267.106508,0.21758532524108887,1609702266.9235551,1609702266.931811,0.008255958557128906
621817b3a14d4d938ce7fc63d068dbbe,k-means,warm,exec,queue,0.0070650577545166016,4.76837158203125e-07,4.76837158203125e-07,1609702266.8905163,1609702267.0244575,0.1339411735534668,1609702266.923611,1609702266.9322357,0.008624792098999023
e7f51872623a453b973e87216ca2850d,k-means,warm,exec,queue,0.057760000228881836,2.384185791015625e-07,0.0,1609702266.8921185,1609702267.1019118,0.2097933292388916,1609702266.9797816,1609702266.9872694,0.007487773895263672
1833908254174dbdb556e03c6da85f31,k-means,warm,exec,queue,0.06334877014160156,2.384185791015625e-07,2.384185791015625e-07,1609702266.8938212,1609702267.324278,0.43045687675476074,1609702266.9862275,1609702266.9923003,0.0060727596282958984
550b07d889e441deb18039ac216fe67b,video,warm,exec,queue,0.016100406646728516,2.384185791015625e-07,2.384185791015625e-07,1609702266.895398,1609702267.216011,0.32061314582824707,1609702266.9452784,1609702266.9620035,0.01672506332397461
6e1917408d9048f4b14789d2c6510269,k-means,warm,exec,queue,0.004140138626098633,7.152557373046875e-07,2.384185791015625e-07,1609702267.855301,1609702267.9689488,0.1136479377746582,1609702267.8872235,1609702267.896029,0.008805513381958008
158a1864308941388195a400a230897e,k-means,warm,exec,queue,0.02941727638244629,2.384185791015625e-07,2.384185791015625e-07,1609702267.8597214,1609702268.0680234,0.20830202102661133,1609702267.9161398,1609702267.9209867,0.004846811294555664
1dc9f2bff9264c88b0017a9bc5f443cb,k-means,warm,exec,queue,0.008270978927612305,2.384185791015625e-07,2.384185791015625e-07,1609702267.8624012,1609702267.9712923,0.10889101028442383,1609702267.89041,1609702267.8993518,0.008941888809204102
dd8f813df8d5496e8a2610a0af5f1da0,k-means,warm,exec,queue,0.012743473052978516,2.384185791015625e-07,2.384185791015625e-07,1609702267.8650448,1609702268.0701675,0.205122709274292,1609702267.895489,1609702267.9043245,0.008835554122924805
a1964733e39040e0988991a2b6740a3c,k-means,warm,exec,queue,0.017418384552001953,4.76837158203125e-07,2.384185791015625e-07,1609702267.8676662,1609702268.228322,0.3606557846069336,1609702267.9013333,1609702267.9095843,0.008250951766967773
756789aa0fad481ea5fd08f92fda61b8,k-means,warm,exec,queue,0.021696090698242188,7.152557373046875e-07,4.76837158203125e-07,1609702267.8698235,1609702268.0092688,0.13944530487060547,1609702267.9127443,1609702267.920445,0.007700681686401367
d9dae641259c49af8f0e79881c04034f,k-means,warm,exec,queue,0.026487112045288086,4.76837158203125e-07,2.384185791015625e-07,1609702267.8714387,1609702268.1437397,0.27230095863342285,1609702267.912923,1609702267.9197211,0.0067980289459228516
44e46b2445c846d0a21a5d780a0de1c3,k-means,warm,exec,queue,0.006439685821533203,2.384185791015625e-07,2.384185791015625e-07,1609702268.8662825,1609702268.978091,0.11180853843688965,1609702268.9129088,1609702268.9216282,0.008719444274902344
5ab8f590e4cd44119b87be70c82eda75,k-means,warm,exec,queue,0.04784059524536133,2.384185791015625e-07,2.384185791015625e-07,1609702268.870715,1609702269.0449727,0.17425775527954102,1609702268.9604201,1609702268.9669216,0.006501436233520508
8c7a463eaa5146d486baf35830ae9c41,k-means,warm,exec,queue,0.05239534378051758,0.0,2.384185791015625e-07,1609702268.8733766,1609702269.194243,0.32086634635925293,1609702268.963475,1609702268.9678612,0.004386186599731445
fc88b1f80b554b0594df26149a994933,k-means,warm,exec,queue,0.057938337326049805,4.76837158203125e-07,2.384185791015625e-07,1609702268.8759947,1609702269.1546512,0.2786564826965332,1609702268.9701746,1609702268.9769473,0.006772756576538086
0bc58b5a5f3f455a90127c594c694dd9,k-means,warm,exec,queue,0.028586149215698242,4.76837158203125e-07,2.384185791015625e-07,1609702268.8789113,1609702269.1906462,0.3117349147796631,1609702268.9374456,1609702268.9426959,0.005250215530395508
adc43365a0f7460da3ad7d9740b06cb6,k-means,warm,exec,queue,0.033757925033569336,2.384185791015625e-07,2.384185791015625e-07,1609702268.8812242,1609702269.0474486,0.16622447967529297,1609702268.9415936,1609702268.9465728,0.004979133605957031
f6b8a6d95adf4eaaa40461567fb75d4e,k-means,warm,exec,queue,0.03839898109436035,2.384185791015625e-07,2.384185791015625e-07,1609702268.8828063,1609702269.105155,0.22234869003295898,1609702268.9488628,1609702268.9539313,0.005068540573120117
393693de26a441dcbcb77934c31cd973,k-means,warm,exec,queue,0.04393410682678223,2.384185791015625e-07,2.384185791015625e-07,1609702268.884402,1609702269.157561,0.2731590270996094,1609702268.9527082,1609702268.9577339,0.005025625228881836
0b65b4a7c7c243c0a9108018907257c5,k-means,warm,exec,queue,0.024020910263061523,4.76837158203125e-07,2.384185791015625e-07,1609702268.886003,1609702269.0022192,0.11621618270874023,1609702268.9328709,1609702268.9402902,0.0074193477630615234
975c7c0769d74a9cbb7f1677c4f838bf,k-means,warm,exec,queue,0.01969623565673828,4.76837158203125e-07,2.384185791015625e-07,1609702268.887722,1609702269.1046503,0.21692824363708496,1609702268.9310026,1609702268.9395366,0.008533954620361328
44aa3188a1854eebac71fede6f8c3076,k-means,warm,exec,queue,0.015224695205688477,2.384185791015625e-07,2.384185791015625e-07,1609702268.8893228,1609702269.1911197,0.30179691314697266,1609702268.9217644,1609702268.930516,0.008751630783081055
6b8c1ffc41db46a98aec603dab9f693a,k-means,warm,exec,queue,0.010339736938476562,4.76837158203125e-07,7.152557373046875e-07,1609702268.8909004,1609702269.1938348,0.3029344081878662,1609702268.9163198,1609702268.924972,0.008652210235595703
8ed33ebc7a9240d7a7dd658d4a6bae4a,k-means,warm,exec,queue,0.06285953521728516,2.384185791015625e-07,0.0,1609702268.8924928,1609702269.1076214,0.21512866020202637,1609702268.9749634,1609702268.9794798,0.0045163631439208984
4b1f7171ed7145fd9ccb36c54fc43bf1,k-means,warm,exec,queue,0.00963735580444336,2.384185791015625e-07,2.384185791015625e-07,1609702269.8666768,1609702270.0068467,0.14016985893249512,1609702269.9143784,1609702269.9230738,0.008695363998413086
b5b886711e034d99b20542286d2922bb,k-means,warm,exec,queue,0.03944969177246094,2.384185791015625e-07,0.0,1609702269.8710394,1609702270.2301905,0.35915112495422363,1609702269.9489133,1609702269.956055,0.007141590118408203
7b4a8414a0e44f38a9dc4be6fbc414c5,k-means,warm,exec,queue,0.04397749900817871,4.76837158203125e-07,2.384185791015625e-07,1609702269.8737066,1609702270.3411899,0.4674832820892334,1609702269.9529712,1609702269.958203,0.0052318572998046875
100c6dda0b8449b3a73f35ef30c22ae1,k-means,warm,exec,queue,0.04841756820678711,0.0,4.76837158203125e-07,1609702269.8763494,1609702270.0378811,0.16153168678283691,1609702269.9579997,1609702269.9647214,0.0067217350006103516
59505a01e5a14b888967897a8c4fe803,k-means,warm,exec,queue,0.052960872650146484,4.76837158203125e-07,2.384185791015625e-07,1609702269.879247,1609702270.3394377,0.4601907730102539,1609702269.9645786,1609702269.9708984,0.006319761276245117
81700472172649e1b9c77d34c1f545d7,k-means,warm,exec,queue,0.057555198669433594,2.384185791015625e-07,4.76837158203125e-07,1609702269.8813028,1609702270.2555697,0.3742668628692627,1609702269.9698923,1609702269.9753811,0.005488872528076172
1cb5710531ef45cca17c42bbb064608d,k-means,warm,exec,queue,0.062161922454833984,4.76837158203125e-07,2.384185791015625e-07,1609702269.8828936,1609702270.3426914,0.45979785919189453,1609702269.9737384,1609702269.9785516,0.004813194274902344
a94b3dc4d8f04d77aeabc4c9f9931b63,k-means,warm,exec,queue,0.03475069999694824,4.76837158203125e-07,2.384185791015625e-07,1609702269.884497,1609702270.1718495,0.2873525619506836,1609702269.9436786,1609702269.9507315,0.007052898406982422
a25b534bf5304ab2b94a4ae1a1102c5b,k-means,warm,exec,queue,0.02990126609802246,2.384185791015625e-07,2.384185791015625e-07,1609702269.8860843,1609702270.1163905,0.23030614852905273,1609702269.936731,1609702269.9434433,0.006712198257446289
01fe67dec8124587852201c485f0f0bd,k-means,warm,exec,queue,0.025470972061157227,2.384185791015625e-07,4.76837158203125e-07,1609702269.8877957,1609702270.2313986,0.34360289573669434,1609702269.9329154,1609702269.9389112,0.005995750427246094
1c8ecd35616a49ddb287c85b858fa62d,k-means,warm,exec,queue,0.013558387756347656,4.76837158203125e-07,2.384185791015625e-07,1609702269.8893938,1609702270.2325304,0.3431365489959717,1609702269.9196963,1609702269.928399,0.008702754974365234
25aaeca13a88414392425eddcddb1a9b,k-means,warm,exec,queue,0.01825261116027832,4.76837158203125e-07,2.384185791015625e-07,1609702269.8909886,1609702270.0053456,0.11435699462890625,1609702269.9251287,1609702269.9340909,0.008962154388427734
2be31cf4b1a742d894eaf6bc93b0bd88,video,warm,exec,queue,0.016945362091064453,4.76837158203125e-07,2.384185791015625e-07,1609702269.892602,1609702270.0391622,0.1465601921081543,1609702269.9330654,1609702269.95077,0.017704486846923828
9913aefff0d84af3be2fe7d9e8ab8e3b,k-means,warm,exec,queue,0.003898143768310547,4.76837158203125e-07,2.384185791015625e-07,1609702270.8668296,1609702271.040988,0.17415833473205566,1609702270.9131386,1609702270.9216,0.008461475372314453
1f16f841aa034ce98e5865129605bbc1,k-means,warm,exec,queue,0.009342432022094727,2.384185791015625e-07,2.384185791015625e-07,1609702270.8708746,1609702270.9742217,0.1033470630645752,1609702270.9127815,1609702270.9210997,0.008318185806274414
a430a1c350c7413ebd1be94f1e5eeeb6,k-means,warm,exec,queue,0.0535128116607666,2.384185791015625e-07,2.384185791015625e-07,1609702270.8733273,1609702271.3923151,0.5189878940582275,1609702270.9630451,1609702270.9691298,0.0060846805572509766
115f94cef7924f488adbcc0ff660bcfb,k-means,warm,exec,queue,0.04869389533996582,2.384185791015625e-07,2.384185791015625e-07,1609702270.875736,1609702271.0808363,0.20510029792785645,1609702270.9578204,1609702270.9630752,0.0052547454833984375
f54288764e3b4f1ea05b08c82f300852,k-means,warm,exec,queue,0.043363332748413086,2.384185791015625e-07,2.384185791015625e-07,1609702270.8776631,1609702271.396761,0.5190978050231934,1609702270.9517126,1609702270.9562867,0.0045740604400634766
4e3cd4255d8f48f982f30f9c03296fae,k-means,warm,exec,queue,0.037664175033569336,4.76837158203125e-07,2.384185791015625e-07,1609702270.8792274,1609702271.0797558,0.20052838325500488,1609702270.9487395,1609702270.9563003,0.00756072998046875
1f55d377988e4a658c93deed8e8924aa,k-means,warm,exec,queue,0.03232407569885254,2.384185791015625e-07,2.384185791015625e-07,1609702270.8807971,1609702270.9989924,0.1181952953338623,1609702270.9396996,1609702270.9447398,0.005040168762207031
9190e7ba93514ad29e083c92bba095e7,k-means,warm,exec,queue,0.02772045135498047,2.384185791015625e-07,0.0,1609702270.8823678,1609702271.3973482,0.5149803161621094,1609702270.9367893,1609702270.9413757,0.004586458206176758
f57f2725b8a946cb8e661f85f0d608e9,k-means,warm,exec,queue,0.023145675659179688,2.384185791015625e-07,2.384185791015625e-07,1609702270.8839386,1609702271.394051,0.5101125240325928,1609702270.9346836,1609702270.941183,0.006499528884887695
7ba782cd4a74408ab745a9ebef61388b,k-means,warm,exec,queue,0.013150691986083984,2.384185791015625e-07,0.0,1609702270.8858366,1609702270.9757738,0.08993721008300781,1609702270.91686,1609702270.9247024,0.007842302322387695
c6a8118322064a64985a8ccdde4486c1,k-means,warm,exec,queue,0.018334627151489258,2.384185791015625e-07,0.0,1609702270.8873975,1609702271.0994956,0.2120981216430664,1609702270.9229279,1609702270.9307418,0.00781393051147461
e3f0d5d113254ae580e3792eeab12d7e,k-means,warm,exec,queue,0.05888104438781738,2.384185791015625e-07,2.384185791015625e-07,1609702270.8889537,1609702271.0758448,0.1868910789489746,1609702270.9689274,1609702270.974936,0.006008625030517578
3888516e23a54123a4e1f44c4fe89a21,matmul,warm,exec,queue,0.023237943649291992,4.76837158203125e-07,0.0,1609702270.8904965,1609702271.0803492,0.18985271453857422,1609702270.934582,1609702270.9448683,0.010286331176757812
428c8577bbb84caea84c3cc599aa384f,k-means,warm,exec,queue,0.0001049041748046875,7.152557373046875e-07,2.384185791015625e-07,1609702271.8681107,1609702272.0044284,0.13631772994995117,1609702271.9171603,1609702271.9256322,0.008471965789794922
53fa98931e7b4681b15fa912d9a95c68,k-means,warm,exec,queue,0.007962942123413086,2.384185791015625e-07,2.384185791015625e-07,1609702271.8726354,1609702272.00263,0.12999463081359863,1609702271.9180534,1609702271.9267657,0.008712291717529297
45cf36c1ddbc46b1a800e96a46e77369,k-means,warm,exec,queue,0.012941360473632812,2.384185791015625e-07,2.384185791015625e-07,1609702271.8752534,1609702272.0890439,0.2137904167175293,1609702271.9226105,1609702271.9302146,0.007604122161865234
1f5e5429917f4405a8c6be53c0bd867c,k-means,warm,exec,queue,0.017263412475585938,2.384185791015625e-07,2.384185791015625e-07,1609702271.8778613,1609702272.0446885,0.16682720184326172,1609702271.9286408,1609702271.9367344,0.008093595504760742
346b62dadc1040259e4d9fe0362b75dc,k-means,warm,exec,queue,0.024728775024414062,4.76837158203125e-07,2.384185791015625e-07,1609702271.8807588,1609702272.0434716,0.16271281242370605,1609702271.9419162,1609702271.9496121,0.007695913314819336
d685b5480d9f4fa0af5baf8ee368144c,k-means,warm,exec,queue,0.02982616424560547,4.76837158203125e-07,2.384185791015625e-07,1609702271.8823373,1609702272.1951728,0.3128354549407959,1609702271.9439216,1609702271.9491026,0.005181074142456055
2d4328366c334a6fb2636904b489621a,k-means,warm,exec,queue,0.034881591796875,2.384185791015625e-07,4.76837158203125e-07,1609702271.8839102,1609702272.1286411,0.24473094940185547,1609702271.9469686,1609702271.9531705,0.006201982498168945
3a4042b2220d4b8c97b947032ab9ede9,k-means,warm,exec,queue,0.03942275047302246,7.152557373046875e-07,2.384185791015625e-07,1609702271.8855069,1609702272.1300247,0.24451780319213867,1609702271.952554,1609702271.9595828,0.007028818130493164
eb9650329fa74fa2a38f77dee3a77294,k-means,warm,exec,queue,0.04462862014770508,2.384185791015625e-07,2.384185791015625e-07,1609702271.88709,1609702272.0894227,0.2023327350616455,1609702271.9607584,1609702271.9660668,0.005308389663696289
8d878228fc3a4ff1b57e613a718333cf,k-means,warm,exec,queue,0.04917192459106445,4.76837158203125e-07,2.384185791015625e-07,1609702271.88881,1609702272.2620413,0.3732314109802246,1609702271.9665396,1609702271.9735878,0.007048130035400391
270bfccf662b4514b9d2a61823f12762,k-means,warm,exec,queue,0.053481340408325195,7.152557373046875e-07,2.384185791015625e-07,1609702271.8903828,1609702272.127177,0.23679423332214355,1609702271.9692523,1609702271.9745796,0.0053272247314453125
b2a648b8f935449d867b5d5862a210b1,k-means,warm,exec,queue,0.05866551399230957,2.384185791015625e-07,2.384185791015625e-07,1609702271.8919659,1609702272.0860455,0.19407963752746582,1609702271.9740322,1609702271.9801297,0.006097555160522461
5a32bda9ace44d5bab45684bb462f8e9,video,warm,exec,queue,0.016506433486938477,2.384185791015625e-07,0.0,1609702271.8935814,1609702272.087253,0.19367170333862305,1609702271.9417505,1609702271.9583967,0.016646146774291992
958167bd6eb7472ba731ebe17d12e966,k-means,warm,exec,queue,0.01048731803894043,4.76837158203125e-07,2.384185791015625e-07,1609702272.870622,1609702273.0046308,0.13400888442993164,1609702272.9177322,1609702272.9267035,0.008971214294433594
bd0075a5bff048e79e47ed13be9b5a7c,k-means,warm,exec,queue,0.023512840270996094,4.76837158203125e-07,0.0,1609702272.8750978,1609702273.0397265,0.1646287441253662,1609702272.9406981,1609702272.948812,0.008113861083984375
0ed4d5f845e84526b1ab5f96201937cf,k-means,warm,exec,queue,0.028259754180908203,2.384185791015625e-07,2.384185791015625e-07,1609702272.8777313,1609702273.081944,0.20421266555786133,1609702272.9400594,1609702272.9455984,0.0055389404296875
88056d85f1104dc6bf2945f21b4f7a19,k-means,warm,exec,queue,0.032552242279052734,0.0,0.0,1609702272.8803678,1609702273.1406145,0.26024675369262695,1609702272.9444122,1609702272.949906,0.005493879318237305
697ad2b1cd4c47e9873e577be3914040,k-means,warm,exec,queue,0.03742194175720215,0.0,2.384185791015625e-07,1609702272.8822172,1609702273.0862708,0.20405364036560059,1609702272.948856,1609702272.9554064,0.006550312042236328
69816d84013347c6a40585665a195032,k-means,warm,exec,queue,0.04227280616760254,4.76837158203125e-07,2.384185791015625e-07,1609702272.8837967,1609702273.0796998,0.19590306282043457,1609702272.9569764,1609702272.9647498,0.007773399353027344
b8dbae640c66414fae6fa1d7b1224059,k-means,warm,exec,queue,0.047121524810791016,2.384185791015625e-07,0.0,1609702272.8854053,1609702273.1426861,0.2572808265686035,1609702272.960965,1609702272.9669156,0.0059506893157958984
11a331e51e92450baf90af1f568ba3b0,k-means,warm,exec,queue,0.051639556884765625,2.384185791015625e-07,0.0,1609702272.887,1609702273.1400166,0.25301647186279297,1609702272.9656348,1609702272.9722795,0.006644725799560547
a816e0f1f6ac4bc4a71b251d6a23c118,k-means,warm,exec,queue,0.056120872497558594,2.384185791015625e-07,2.384185791015625e-07,1609702272.8886027,1609702273.2971938,0.40859103202819824,1609702272.9727597,1609702272.9809692,0.008209466934204102
76635b714c7a47c8949e4a460a1a262f,k-means,warm,exec,queue,0.06094694137573242,4.76837158203125e-07,2.384185791015625e-07,1609702272.8903213,1609702273.1835673,0.2932460308074951,1609702272.976769,1609702272.9829297,0.006160736083984375
3b6f14dc44e44cd8898d611ff0da00b0,k-means,warm,exec,queue,0.014223575592041016,2.384185791015625e-07,2.384185791015625e-07,1609702272.891901,1609702273.0062184,0.11431741714477539,1609702272.9229896,1609702272.9316998,0.008710145950317383
9fa7aca341e147298f410804bf0232a7,k-means,warm,exec,queue,0.018863677978515625,2.384185791015625e-07,2.384185791015625e-07,1609702272.8934946,1609702273.0379844,0.14448976516723633,1609702272.9286532,1609702272.9372177,0.008564472198486328
b7c79116b9564180b15cba2e9fa23ff3,video,warm,exec,queue,0.01980304718017578,2.384185791015625e-07,2.384185791015625e-07,1609702272.8950708,1609702273.0856097,0.19053888320922852,1609702272.9408784,1609702272.9585857,0.017707347869873047
b21019743588468886a9fba8ced969f4,k-means,warm,exec,queue,7.486343383789062e-05,2.384185791015625e-07,0.0,1609702273.8722696,1609702274.0002956,0.12802600860595703,1609702273.9213142,1609702273.9287255,0.00741124153137207
a36feb82b3584de0b87a4389dc14442b,k-means,warm,exec,queue,0.008151769638061523,2.384185791015625e-07,2.384185791015625e-07,1609702273.8761978,1609702273.9984329,0.12223505973815918,1609702273.9218223,1609702273.929657,0.007834672927856445
ca5228be86604f5e94a04cc971c65b57,k-means,warm,exec,queue,0.012949943542480469,2.384185791015625e-07,4.76837158203125e-07,1609702273.8784823,1609702274.150962,0.272479772567749,1609702273.927136,1609702273.9382312,0.011095285415649414
d589a39c4adc4fd8970da6cf9a95187c,k-means,warm,exec,queue,0.017340898513793945,4.76837158203125e-07,0.0,1609702273.8807738,1609702274.033578,0.15280413627624512,1609702273.9322584,1609702273.9402568,0.007998466491699219
a7c438b06a364db095688e303d5c9517,k-means,warm,exec,queue,0.022006988525390625,2.384185791015625e-07,0.0,1609702273.8833046,1609702274.0772398,0.19393515586853027,1609702273.9365153,1609702273.9427419,0.006226539611816406
f27d555c99ce4c7b815b7c56915bf514,k-means,warm,exec,queue,0.02645397186279297,4.76837158203125e-07,0.0,1609702273.8853343,1609702274.1490767,0.26374244689941406,1609702273.9415865,1609702273.9485984,0.007011890411376953
5df8b5c47fed4d288f85768f5f7654c7,k-means,warm,exec,queue,0.031085968017578125,2.384185791015625e-07,2.384185791015625e-07,1609702273.8868883,1609702274.031848,0.1449596881866455,1609702273.9476974,1609702273.9538012,0.0061037540435791016
c98f14b1f35c4fa28131bd6b42215a67,k-means,warm,exec,queue,0.036287546157836914,2.384185791015625e-07,0.0,1609702273.888452,1609702274.282507,0.3940548896789551,1609702273.9536011,1609702273.9589036,0.00530242919921875
f8570c19e0454b79aa223198d63f0c6e,k-means,warm,exec,queue,0.041364192962646484,2.384185791015625e-07,2.384185791015625e-07,1609702273.8900108,1609702274.076638,0.18662714958190918,1609702273.9601393,1609702273.9660382,0.005898952484130859
62316f951c514c11abcd4e31648dcea8,k-means,warm,exec,queue,0.04587292671203613,4.76837158203125e-07,2.384185791015625e-07,1609702273.891683,1609702274.0788953,0.18721222877502441,1609702273.9647925,1609702273.9714417,0.0066492557525634766
3c4b9b3869eb40e28b7ffa5e819309f2,k-means,warm,exec,queue,0.05034589767456055,4.76837158203125e-07,2.384185791015625e-07,1609702273.893241,1609702274.1261966,0.2329556941986084,1609702273.969166,1609702273.9748168,0.005650758743286133
44ae7349c57f40b9bb1d2b63c2c04d40,k-means,warm,exec,queue,0.05484938621520996,4.76837158203125e-07,2.384185791015625e-07,1609702273.8947856,1609702274.199136,0.3043503761291504,1609702273.9740026,1609702273.9790754,0.005072832107543945
f0a1e841e68b4ec8a944a965b0b7a4fe,k-means,warm,exec,queue,0.059699058532714844,4.76837158203125e-07,4.76837158203125e-07,1609702273.896345,1609702274.073828,0.17748308181762695,1609702273.980666,1609702273.9883697,0.0077037811279296875
43d5977bfd6a420da1cb193c19968f19,k-means,warm,exec,queue,0.06449317932128906,2.384185791015625e-07,2.384185791015625e-07,1609702273.8979745,1609702274.124294,0.2263195514678955,1609702273.9867582,1609702273.9916675,0.0049092769622802734
a12e552c8cc84fec8ad2157c344783b8,k-means,warm,exec,queue,0.00644993782043457,2.384185791015625e-07,2.384185791015625e-07,1609702274.8732352,1609702275.0013168,0.1280815601348877,1609702274.9229975,1609702274.9316888,0.00869131088256836
26206fc4093940c3a89c88cb253a1f83,k-means,warm,exec,queue,0.04728221893310547,4.76837158203125e-07,2.384185791015625e-07,1609702274.8777928,1609702275.0935378,0.2157449722290039,1609702274.9686213,1609702274.974612,0.005990743637084961
f2dce652d38847f1a3f25688f2e1e4d4,k-means,warm,exec,queue,0.0524439811706543,2.384185791015625e-07,0.0,1609702274.880442,1609702275.3611963,0.48075437545776367,1609702274.9717112,1609702274.9783359,0.006624698638916016
e12e42e2d4e24b90b4f049ea130f4500,k-means,warm,exec,queue,0.05733942985534668,2.384185791015625e-07,2.384185791015625e-07,1609702274.8830392,1609702275.0949888,0.21194958686828613,1609702274.979348,1609702274.9868295,0.007481575012207031
0ed6e21f02d840b386ca3b5c6524af42,k-means,warm,exec,queue,0.028310775756835938,4.76837158203125e-07,2.384185791015625e-07,1609702274.8853936,1609702275.15286,0.26746630668640137,1609702274.9496317,1609702274.9565358,0.006904125213623047
7500b72ecba246c297c30ab24847919f,k-means,warm,exec,queue,0.03285813331604004,2.384185791015625e-07,0.0,1609702274.8869762,1609702275.1095266,0.2225503921508789,1609702274.9511178,1609702274.9597275,0.008609771728515625
5bf9241bb05f4087a4e9fbc49befd036,k-means,warm,exec,queue,0.0383000373840332,4.76837158203125e-07,2.384185791015625e-07,1609702274.8885946,1609702275.3111124,0.4225177764892578,1609702274.9551485,1609702274.9632492,0.008100748062133789
a5c14e22949d4b2aadd215abb27e07a1,k-means,warm,exec,queue,0.04385733604431152,4.76837158203125e-07,2.384185791015625e-07,1609702274.8901794,1609702275.151432,0.26125264167785645,1609702274.9654722,1609702274.9722815,0.006809234619140625
6e3fd420bd474990936773dfc0723baf,k-means,warm,exec,queue,0.023438453674316406,7.152557373046875e-07,2.384185791015625e-07,1609702274.8917499,1609702275.2521093,0.36035943031311035,1609702274.948281,1609702274.95688,0.008599042892456055
9953214cdd5f43caa523e2a295398001,k-means,warm,exec,queue,0.018616914749145508,2.384185791015625e-07,2.384185791015625e-07,1609702274.8934588,1609702275.0340137,0.14055490493774414,1609702274.9331837,1609702274.9414895,0.008305788040161133
0156bcd6173449f19c073d588282b527,k-means,warm,exec,queue,0.014063835144042969,7.152557373046875e-07,2.384185791015625e-07,1609702274.8950326,1609702275.0030868,0.10805416107177734,1609702274.9280732,1609702274.9367473,0.008674144744873047
4b03a025c12b4a3caddbdced3f5bfcd7,k-means,warm,exec,queue,0.009714126586914062,2.384185791015625e-07,0.0,1609702274.8966131,1609702275.003464,0.10685086250305176,1609702274.923954,1609702274.9329007,0.008946657180786133
da5e122d1c394044a9d460c42ded9622,k-means,warm,exec,queue,0.06195974349975586,2.384185791015625e-07,2.384185791015625e-07,1609702274.8981957,1609702275.1688497,0.27065396308898926,1609702274.9844322,1609702274.9909003,0.006468057632446289
8427be5cc9bb4bd19a8942a03f59aa16,matmul,warm,exec,queue,0.019584178924560547,2.384185791015625e-07,4.76837158203125e-07,1609702274.8998618,1609702275.154236,0.25437426567077637,1609702274.9499402,1609702274.9587996,0.008859395980834961
